-7.699542054658577328e+00
-3.023776186731286231e+01
-2.366300276024248461e+01
-3.054783834068874171e+01
-2.764358058473206015e+01
-2.759144420531004371e+01
-2.523325743215916361e+01
-3.282301092381089802e+01
-3.002059817711153400e+01
-3.382400003353950524e+01
-2.549735043884014019e+01
-2.969678400293580367e+01
-2.936766525176596687e+01
-2.980957508146547852e+01
-3.291084509948736070e+01
-4.325379177851175427e+01
-2.930363219223716342e+01
-3.458932898752755136e+01
-3.337880892146799994e+01
-3.274779996819850680e+01
-3.739386176619324686e+01
-3.327333008310880302e+01
-3.686816519497310196e+01
-3.618608213527104311e+01
-2.959671362399019756e+01
-2.568212563060298237e+01
-3.761927443589360109e+01
-4.763026738328088072e+01
-4.186785892045217139e+01
-4.099018741353442863e+01
-3.958378182301722603e+01
-4.468288320408596093e+01
-3.055178711085875776e+01
-4.217242379913381711e+01
-3.657776910082687749e+01
-3.277391737360786550e+01
-3.872193276115289962e+01
-3.424014890326804306e+01
-3.575447840065776006e+01
-4.296860881792292730e+01
-2.880216980894132206e+01
-2.692582915065837312e+01
-3.016615156807112896e+01
-3.951185477151266667e+01
-3.687306455182860532e+01
-3.652798813203192196e+01
-2.174120063872399911e+01
-2.101608315419598227e+01
-1.898493228453892812e+01
-2.291877964203144913e+01
-4.188197858338974733e+00
-2.102580314576126952e+01
-3.277496206818592217e+00
-1.598368078720177365e+01
-1.555748586998322658e+01
-2.021637656563547480e+01
-4.337693396980044191e+00
-1.229261451346560818e+01
-2.141282897497394799e+01
-1.985916455078097087e+01
-1.816694568152832545e+01
-3.439483099934128596e+00
-4.934183925071742749e+00
-2.056379376596036579e+01
-2.522242998710980899e+00
-3.584974081943637980e+00
-1.165282549808434176e+01
-1.095706507023040999e+01
-3.336624504754528431e+00
-2.041585375154108206e+01
-1.950043196640725673e+00
-2.238213918505258704e+01
-3.139225910841392420e+01
-2.372563004841239831e+01
-2.598634437138796827e+01
-2.174089835604390331e+01
-2.024629341051127795e+01
-1.861559009142698073e+01
-1.947645611351608963e+01
-2.247966105991196173e+01
-7.848316164098093850e+00
-4.785740068905482758e+00
-2.334369694438353182e+00
-4.771075308515023927e+00
-4.927903597341211750e+00
-4.965580234385866376e+00
-6.515910194928415500e+00
-1.811234324135185503e+01
-1.872318128664960568e+01
-2.014672085175635630e+01
-7.728013480695888227e+00
-1.754540605406215548e+01
-2.357362367947826698e+01
-2.017113882052449725e+01
-2.197789821848578740e+01
-1.981067092816978459e+01
-2.490506929422496185e+01
-2.485968022806382294e+01
-2.248872260491281239e+01
-2.334148229538751096e+01
-4.178878822729637399e+00
-2.076023854190271578e+01
-1.373794609531227806e+01
-1.168695270527035390e+01
-8.304553337253221201e+00
-1.476419256127289970e+01
-1.836203655088728226e+01
-1.451191413175716249e+01
-2.024468606729150366e+01
-1.913326167000814237e+01
-2.081935762869276729e+01
-2.036268644764312796e+01
-2.192668086966592256e+01
-2.062564191536288760e+01
-1.361711462487700253e+01
-2.134830290574518585e+01
-2.065802083869486339e+01
-2.483270831218927199e+01
-2.565925561949376288e+01
-2.556127103184395821e+01
-2.560509425570257491e+01
-2.617973042256022254e+01
-1.944612405382011744e+01
-2.392617384741479825e+01
-1.770867501127841237e+01
-1.339147615265394542e+01
-1.953662328254083391e+01
-4.124069090315558128e+00
-3.296109436895143574e+00
-3.792612697592680160e+00
-7.038117682787756735e+00
-2.554590030192003702e+00
-2.286231922175871123e+00
-2.900997101375047738e+00
-2.550634231811898633e+00
-3.730958119902647585e+00
-9.001421723598891589e+00
-5.402383600644314221e+00
-2.354407513551590725e+00
-3.117392293346221699e+00
-1.719309195946497226e+01
-1.956182559491556461e+01
-1.281110742408556114e+01
-1.789944368026634791e+01
-1.322766176218105194e+01
-7.462047690992315019e+00
-1.907972568330690422e+01
-1.230220480434310204e+01
-1.804732542786571514e+01
-8.502028120013699564e+00
-1.256483694366421489e+01
-3.793896395469017246e+00
-2.087857375401877036e+01
-2.153148007902691674e+01
-2.080294894799837735e+01
-2.249712955673414072e+01
-2.247617493301401126e+01
-2.198907924412230841e+01
-1.940396803304873075e+01
-1.981473264558796998e+01
-2.289930783600474484e+01
-2.602353758049592614e+01
-2.480267995985027341e+01
-1.982955100092612710e+01
-2.292320522229858426e+01
-2.507251797947277794e+01
-1.635915877051262868e+01
-1.875245406425207406e+01
-2.459236270724344919e+01
-2.302880611380289722e+01
-2.511224975758432620e+01
-2.313478495664575618e+01
-2.349344691511863203e+01
-2.239047045925313029e+01
-2.352825082703215998e+01
-1.476564485539724636e+01
-2.876709641288861263e+01
-2.257003415934220669e+01
-2.702769227049966361e+01
-2.121758873245700627e+01
-1.101610719848531872e+01
-2.289254065089243895e+01
-2.599832113572885817e+01
-1.981108908277629510e+01
-2.169585863198182452e+01
-2.257159055816283200e+01
-1.980233932229036498e+01
-1.740000112183158620e+01
-3.103990691959515491e+00
-1.874436175128731819e+01
-2.929015609883523830e+00
-2.375563458526664817e+01
-1.756009860907868259e+01
-2.539293829309548833e+00
-1.841768371083280087e+01
-3.169267181127697786e+00
-1.720706992312960537e+01
-1.298563365047923668e+01
-2.015077970346514746e+01
-8.199379855991853816e+00
-2.005974460769126111e+01
-1.916752052948516649e+01
-2.027258517941210769e+01
-3.934947290920269847e+00
-1.926515019210128088e+01
-4.232624813547579024e+00
-1.780114187728884190e+01
-2.037875829248493531e+01
-3.869779351101949594e+00
-1.957049628336535818e+01
-2.261356078800876190e+01
-2.282893953040073143e+01
-1.558488112423825989e+01
-2.566282502931632070e+00
-3.184108929079590311e+00
-1.211978679343079257e+01
-3.118037972011749481e+00
-6.402947945380086381e+00
-1.515704195648096508e+01
-9.165070479247480861e+00
-2.016256254865484721e+01
-2.641019207025465665e+00
-1.759459349905396763e+01
-2.667300825470756198e+00
-3.394484391578324711e+00
-1.049100743976294936e+01
-9.362253528318483120e+00
-2.869803412834285528e+00
-1.600964582563513261e+01
-6.148344542365316023e+00
-3.217535096645648185e+00
-3.494983134727818630e+00
-1.316866287658331558e+01
-9.735363003634285306e+00
-8.170679319963431553e+00
-2.053115330332181543e+01
-2.071867534214591799e+01
-2.407104154956049058e+01
-2.779199962054392259e+01
-1.909551565042461618e+01
-2.807319646204670605e+01
-2.390533746663077963e+01
-1.688133109391995745e+01
-1.502762926514528274e+01
-9.516658672212031433e+00
-5.068399994666768826e+00
-1.818227311757825504e+01
-4.485105231869988884e+00
-1.449668865829611697e+01
-1.063100061927873519e+01
-1.934886535769182903e+00
-3.997999742622041719e+00
-1.078931806594554388e+01
-5.358892948516798427e+00
-3.919394877168507207e+00
-1.249095355197815671e+01
-2.797082325528395863e+00
-2.161248328540827490e+00
-3.586988556462460398e+00
-4.475575734628149505e+00
-3.446396171576559198e+00
-4.206186303300507134e+00
-2.112869783590038963e+00
-7.623460235930708428e+00
-1.942471597024112651e+00
-2.486052518934253275e+00
-3.128828566196310668e+00
-2.971268941593148583e+00
-1.750708238402329808e+00
-3.661368106010862711e+00
-2.422591605010360194e+00
-1.228373175808753892e+01
-1.670360611892410807e+00
-7.147645690115161266e+00
-3.052663545894305219e+00
-2.837726477036938810e+00
-2.883508337025825430e+00
-2.516553291539594284e+00
-2.924974346925977464e+00
-2.911347105346788311e+00
-2.502449534482840132e+00
-3.381634927815234004e+00
-2.755970444092499694e+00
-3.795281772202613535e+00
-4.723610503085558854e+00
-2.177422595905392910e+01
-1.761647289384192661e+01
-6.827316243171740240e+00
-5.963595155366261835e+00
-8.053950260874813694e+00
-4.060526860799063442e+00
-2.108873530974556587e+01
-1.496159973468417981e+01
-1.992287245325240264e+00
-3.019411165866161095e+00
-3.041876631885130244e+00
-5.422187738994217021e+00
-1.327909002443535380e+00
-1.100958566458377774e+01
-1.526369347225141837e+01
-5.160104467734004885e+00
-1.490192479624865340e+00
-2.468189118455585529e+00
-2.829948346206561993e+00
-3.544271654985659215e+00
-3.165642424019056822e+00
-2.764763936584216264e+00
-2.876163776231607017e+00
-2.565062185325962307e+00
-2.628630245633681639e+00
-3.101120184026670223e+00
-3.123402918770910919e+00
-2.134573381066666720e+00
-2.671328780007265813e+00
-2.685096756002737450e+00
-3.104420350465286305e+00
-1.409117533005258771e+00
-2.877143853424063646e+00
-2.172799642382843288e+00
-2.643111756242750410e+00
-2.946246290043688099e+00
-3.051665231294796499e+00
-2.494504217879227159e+00
-2.388554063445583076e+00
-1.776825297450941088e+00
-2.384962583138130476e+00
-3.854282698585473899e+00
-2.424265936015971512e+00
-3.115706444216732596e+00
-3.698146815419646849e+00
-2.128778227882214935e+00
-2.288827924165274919e+00
-1.995232764940157111e+00
-2.070376805198281822e+00
-1.789390391526673341e+00
-2.841902427632053918e+00
-2.596738245914375298e+00
-1.990011941329024703e+00
-1.803652480668940461e+00
-2.636527953512751044e+00
-3.426071183469737047e+00
-1.722976145512282065e+00
-2.265533710195417161e+00
-2.167839610624566316e+00
-2.354941860670466625e+00
-2.790063964880464820e+00
-1.564461941597021344e+00
-1.663482270002556662e+00
-9.663459182426599625e+00
-3.692970925038139285e+00
-2.942490798321062861e+00
-2.946831253459587519e+00
-3.581844326827992919e+00
-1.875464450094346480e+00
-3.370730393275171100e+00
-2.975598323114695631e+00
-2.491175653981570370e+00
-2.112270659015028862e+00
-2.885643275777989736e+00
-3.121743241357211041e+00
-2.453443659387852804e+00
-2.718658778404455578e+00
-3.075966276095936980e+00
-2.770366441531740165e+00
-2.595160816198526010e+00
-2.810300105880763510e+00
-3.304939600290239810e+00
-3.042696976642023543e+00
-2.312743527836139457e+00
-1.167243898037269823e+01
-3.469261542421408606e+00
-4.968432125356882167e+00
-4.006521734300286575e+00
-2.702983807593300369e+00
-2.484081908414775608e+00
-4.879348744465710652e+00
-2.572485945973204124e+00
-3.544793535865621070e+00
-3.300933320696485040e+00
-4.298548504559018824e+00
-3.272179355687820035e+00
-2.162712355477547810e+00
-3.326641543394671885e+00
-3.126927853281538550e+00
-1.182458561880477710e+01
-2.504509096391139167e+00
-1.315753572633459934e+00
-1.937520576320431065e+00
-2.568638921574394107e+00
-2.361498825994496897e+00
-1.700618834319118866e+00
-2.977999579338222347e+00
-3.148947198021983862e+00
-2.286149826150078113e+00
-2.014470007702093390e+00
-2.566570949354467057e+00
-3.573803793715990551e+00
-1.853245868164476340e+00
-2.603583744008461487e+00
-2.117024845114841458e+00
-2.976737209416563612e+00
-2.516741974154416805e+00
-2.571564497827355300e+00
-2.529428432001274540e+00
-2.388997217132993178e+00
-2.036724028333663838e+00
-2.333589450341456040e+00
-3.024181050009085325e+00
-2.388521078919358942e+00
-4.160724056113020985e+00
-3.243197971047680372e+00
-3.641474502091852194e+00
-2.549747879686476537e+00
-2.839441060218445667e+00
-3.324787614574906236e+00
-3.809492477074500449e+00
-3.681705968099154624e+00
-2.355497467642122977e+00
-3.338977852253585787e+00
-3.052316360437710596e+00
-2.577652236068260105e+00
-2.842742184673990646e+00
-3.110950233052046876e+00
-1.410011916612623040e+00
-1.901050674520904593e+00
-2.390397618545735625e+00
-1.388752427741750850e+01
-2.855537223584160511e+00
-2.832095457002040018e+00
-3.822621606171123787e+00
-2.936108226291175072e+00
-1.912719171972520371e+01
-8.728088561266199363e+00
-2.010011030754675687e+01
-2.162078677624414169e+01
-2.002563575343224755e+01
-1.414234908864869134e+00
-3.674047119893951496e+00
-2.103028863564651729e+01
-1.495577889785965908e+01
-7.525137356630102303e+00
-7.464811257948438694e+00
-9.520189131485109257e+00
-3.756693924381163008e+00
-2.699075358290736748e+00
-4.802367017084230305e+00
-2.170155642940815977e+00
-2.325251331426087198e+00
-2.834722761357112653e+00
-3.533042859104655875e+00
-3.049127915940776479e+00
-2.642294206466357931e+00
-2.966622172110085387e+00
-3.188867377791705593e+00
-2.566179557061980976e+00
-1.752921071460828539e+00
-3.185577458493535019e+00
-3.710861694982690029e+00
-2.832589833586720562e+00
-1.957642831802120620e+00
-2.817677684406384664e+00
-2.659801258274854252e+00
-2.402904576723362773e+00
-3.746128275244019701e+00
-3.852028262143543103e+00
-1.848567507141456900e+01
-9.191667480051032513e+00
-1.927413936242633241e+01
-1.802812827362862969e+00
-1.964362129140815982e+00
-3.413284642968775096e+00
-3.461254278225098346e+00
-6.340473893231053815e+00
-3.839927418791631464e+00
-2.223118415987779706e+00
-1.153306642140336891e+01
-1.167119630526718055e+01
-2.515572708409349545e+00
-1.892301143860998680e+00
-2.495825676988310260e+00
-3.349686086641314731e+00
-2.305597246176644965e+00
-3.127597502913904481e+00
-2.703784309053473223e+00
-2.338656616630598428e+00
-2.607137708964010425e+00
-3.144553431695810808e+00
-2.099445144424031184e+00
-1.571473357857000597e+00
-2.705791318831856973e+00
-2.437468353068482863e+00
-2.584136393418394739e+00
-1.910298392012219892e+01
-5.637109399808398535e+00
-2.172226292953546523e+00
-8.924762091080323145e+00
-1.539586816591244300e+01
-4.399984332040597579e+00
-3.345099245588261994e+00
-3.139954547239379057e+00
-3.005456975849045254e+00
-2.921858599295556136e+00
-1.301126179192759302e+01
-3.110321832402188402e+00
-3.170482666291783769e+00
-1.352216251386064050e+00
-2.497348100313901753e+00
-3.061788896678700578e+00
-3.075498489638585298e+00
-2.515354783256974258e+00
-2.485929096028689944e+00
-2.769490337566880900e+00
-2.849080674121105883e+00
-1.794711540143983486e+00
-3.355449389101439195e+00
-2.288792221153027828e+00
-2.472757791185179244e+00
-2.016440617025948789e+00
-8.047752023846419078e+00
-3.492385875513757565e+00
-3.222928200304501445e+00
-1.509131927267125528e+00
-2.570606411263321345e+00
-2.313563557280132077e+00
-3.260009966453493835e+00
-1.917717903592941031e+00
-3.316605261146375216e+00
-2.938522454385158245e+00
-2.665991833703001301e+00
-2.877865872724068907e+00
-6.098762182064383808e+00
-3.445446329229687965e+00
-2.247016037875603001e+00
-8.047661639601281891e+00
-3.801005318840278147e+00
-3.954043149753534880e+00
-2.994566352676340859e+00
-3.773040236254939117e+00
-3.918104531868011442e+00
-3.311174007767711203e+00
-3.226216234076187739e+00
-9.192370706935815150e+00
-3.827253513137161445e+00
-2.594224435231006431e+00
-1.938711292571515754e+00
-3.275700812696701103e+00
-2.885366438688443669e+00
-1.457390149178363625e+00
-2.027281607690401444e+00
-3.954138623948773912e+00
-2.668933076436083685e+00
-2.331789897625986985e+00
-2.325086947633448808e+00
-3.654576262095024841e+00
-3.406356557077057090e+00
-2.902767884436595835e+00
-2.406521674107909625e+00
-3.693280790836285910e+00
-1.890057443634234779e+00
-2.020361567412617632e+00
-2.701203158605688159e+00
-2.535296229839946403e+00
-8.747903119613191336e+00
-2.095301461778104724e+00
-2.347613067707738033e+00
-3.439992344858073814e+00
-2.992061061981299730e+00
-2.567993929768980443e+00
-2.538602270001340422e+00
-2.902342755693369192e+00
-3.448893705584151981e+00
-3.092100323458065958e+00
-3.241062802423277045e+00
-1.944992053213429495e+00
-2.525999084487449142e+00
-3.527874050146466267e+00
-2.480005455523235813e+00
-2.979186206073316079e+00
-2.957692660649697824e+00
-2.385059745060046144e+00
-2.819276003065732006e+00
-2.661445644505678221e+00
-2.880319776634169049e+00
-3.996692445792179971e+00
-3.349919973798711315e+00
-2.904503498180002197e+00
-1.986725074762067056e+00
-2.348531589802188790e+00
-2.525076220140577643e+00
-2.374905247126187557e+00
-2.323837025965030723e+00
-2.482048576321890465e+00
-2.424802304889005722e+00
-2.098619366812937592e+00
-9.538578495640587240e-01
-1.833142733037131489e+00
-2.160846174672498510e+00
-1.083744093210969339e+01
-2.649011078540346897e+00
-3.533644755412419514e+00
-2.340781881070844506e+00
-2.288897627151690095e+00
-1.874470391644300182e+00
-3.322445468731372920e+00
-2.049534591367133896e+00
-2.860373425509456169e+00
-1.960346275348744616e+00
-2.449062619426261023e+00
-3.294759799155114965e+00
-2.355419528352158842e+00
-2.213494871564976041e+00
-1.673225905429898130e+00
-2.240022337983024414e+00
-2.474728469895563165e+00
-1.065978764367067910e+01
-2.323525522164593404e+00
-5.079749172129888635e+00
-3.649653022963773363e+00
-3.100941976932935606e+00
-2.435959774672793010e+00
-2.701783197211025112e+00
-2.329697967657322621e+00
-3.453830168876907081e+00
-4.776781750422060213e+00
-3.453893399412788945e+00
-2.360675158789766304e+00
-6.268817623678596185e+00
-2.545587566519096345e+00
-2.679037309430329916e+00
-1.541573585834308036e+00
-1.659547971830489743e+00
-2.107153304042715725e+00
-3.850264405442214599e+00
-3.050741570916892353e+00
-2.856282895697923152e+00
-3.627095681821152162e+00
-1.601720330769714984e+00
-2.849652051633084326e+00
-2.254539775004312574e+00
-2.547062508054654284e+00
-2.778566615633749848e+00
-2.893069225133656719e+00
-1.593861131001228415e+01
-2.274495304787462402e+01
-2.401212761382452854e+01
-2.650871980901730041e+01
-2.607689909476112788e+01
-2.832518212149182801e+01
-2.582139960301754655e+01
-2.644804700749632076e+01
-3.684749850076596545e+01
-3.385071691136253946e+01
-3.743429590877148172e+01
-4.096269108230703182e+01
-3.462052442788239404e+01
-2.974815156309467312e+01
-3.437420730774614697e+01
-3.208160544081334109e+01
-3.275453888327502483e+01
-2.957398703167423193e+01
-2.875180809954051497e+01
-2.999767960263734778e+01
-3.179177876807739977e+01
-2.813140364902374202e+01
-2.661036217493142431e+01
-2.842132499157334991e+01
-2.360367513343154755e+01
-2.090554031013230940e+01
-7.673084013412077020e+00
-1.690700870474492845e+01
-1.303690539112254321e+01
-1.823500889197567787e+01
-9.461242959557953469e+00
-2.460815796430490643e+00
-7.367169950638352560e+00
-2.316685367058463729e+00
-3.424995776663993130e+00
-4.646084277625345926e+00
-1.878383413629810406e+01
-4.484694183669189371e+00
-2.500927072772058057e+00
-3.837537379881947874e+00
-2.135524586861049290e+00
-1.174504414407584285e+01
-2.499283459171970811e+00
-6.645060996738135550e+00
-3.343866673854054561e+00
-2.533192425697357031e+00
-3.447492497279950996e+00
-2.413432663541054346e+00
-2.162573056635481272e+00
-3.001675014554613607e+00
-4.353316889297942360e+00
-3.367890209712214311e+00
-2.115505472019604039e+00
-7.248990038228348531e+00
-2.988415881987509959e+00
-3.382891320882993380e+00
-3.048294221708641061e+00
-3.617965122099982889e+00
-9.275946875991664342e+00
-3.156542218557557344e+00
-2.695794169242215599e+00
-3.312533039806091040e+00
-2.591736129522509646e+00
-3.898161047418098768e+00
-2.405903563250543442e+00
-3.461611272878725831e+00
-4.153655225405532114e+00
-4.066487921710278286e+00
-3.247287237689766570e+00
-3.763390913948067684e+00
-1.839437483946390017e+01
-2.642760506116733410e+00
-2.704822790777643871e+00
-2.855676753358973752e+00
-1.082712673771695755e+01
-2.499851266121332127e+00
-8.314182346519613631e+00
-6.103580002015378092e+00
-2.582816659213277077e+00
-1.813855886111846560e+00
-2.738363382281825853e+00
-2.186867816750682536e+00
-2.525342085069734122e+00
-2.149930252278380749e+00
-1.638188253331020583e+00
-3.119303185554671121e+00
-2.822634356071375805e+00
-1.506152666163827014e+01
-3.135267792114397878e+00
-3.082718072361259942e+00
-3.181891513815557904e+00
-1.870850701521139969e+00
-1.464748592401781346e+00
-2.812221047599274826e+00
-1.988660238881113873e+00
-1.445991822316485376e+00
-2.665051402980585404e+00
-2.276748188744690982e+00
-1.874079161916194947e+00
-2.589133756330901814e+00
-2.915955206018346679e+00
-2.292052613406592609e+00
-2.311526596799533095e+00
-1.645260323676776659e+00
-1.403776146930250102e+00
-2.485047074533007105e+00
-3.027365000402751249e+00
-1.667820602183510914e+00
-1.298628186571634924e+00
-2.623929987060772184e+00
-2.040930559243468334e+00
-2.994326343956743575e+00
-4.307084022307623883e+00
-6.681788394717507629e+00
-1.659178472801568383e+00
-2.105324508211933399e+00
-2.335286106424694363e+00
-1.701891558427223616e+00
-2.075347024933642093e+00
-1.819315715567943803e+00
-1.885388809262917631e+00
-2.650268578026840682e+00
-2.048750122361257198e+00
-2.229471571437418920e+00
-1.906694356392403478e+00
-2.413556791120531120e+00
-2.427347505460685451e+00
-1.658607132601081169e+00
-2.473872901838342742e+00
-2.931761200495199393e+00
-3.060775202198517952e+00
-2.357659550678504523e+00
-2.437002042048170392e+00
-2.141606754043976046e+00
-1.947493619368898976e+00
-2.967908773618650020e+00
-2.598559345117161801e+00
-3.256073453060785994e+00
-1.771451644896902211e+00
-2.685566700147507646e+00
-2.900053235565674736e+00
-2.957159060739924961e+00
-2.048003258013965322e+00
-1.658930051541045669e+00
-2.317250329580895940e+00
-2.022401791711736951e+00
-1.849017220603454303e+00
-3.118163562074562467e+00
-2.745085012279550707e+00
-1.991621927018631943e+00
-2.948553212943967328e+00
-1.644269734333853483e+00
-2.252849663563720739e+00
-1.985189704386637777e+00
-2.719647850015581181e+00
-8.753608160135197380e+00
-7.170161679805313604e+00
-2.857362313145467514e+00
-2.967910192068016872e+00
-2.010490582172662855e+00
-1.373712951582178210e+00
-2.248623657844442736e+00
-2.102493889315793396e+00
-2.072414864979275517e+00
-1.883429292364888541e+00
-1.976134128279182223e+00
-1.935775441070643810e+00
-1.654472454656589875e+00
-2.746227907162231308e+00
-1.782005209049560168e+00
-2.142067198884650470e+00
-1.363456862338104481e+00
-1.495764940109490126e+00
-2.735972906966317009e+00
-2.241591695630077208e+00
-1.079992275289666903e+00
-3.449130516010095793e+00
-3.422074425914162443e+00
-2.149984472324998563e+00
-1.452044225556128332e+00
-2.146172613085321590e+00
-2.013984530637044745e+00
-1.921941387903331844e+01
-2.086396775612441523e+00
-2.960404613417876529e+00
-1.973259883710809293e+00
-2.427110172599161508e+00
-2.974957804466195732e+00
-3.883171795976414931e+00
-3.434987889372719039e+00
-2.360061242601001918e+00
-2.632448133095136367e+00
-1.358235328773872652e+00
-1.382885288203298035e+00
-3.215097789082945745e+00
-2.251525317089857925e+00
-2.303152466490011374e+00
-1.828653401502086551e+00
-2.119998066733319586e+00
-3.180894683024690472e+00
-1.494196316105930400e+00
-3.518240926693896320e+00
-2.596757826692150051e+00
-1.197315354402815224e+01
-2.336391240882687903e+00
-1.456738238659244900e+01
-1.901435012593686835e+01
-2.339357653044893848e+00
-1.548065075300606175e+01
-2.051284317030154725e+01
-4.639795263381348178e+00
-2.800928255975924763e+00
-2.647707385994741980e+00
-6.346737715863826068e+00
-1.421697223165500068e+00
-2.590601351242115324e+00
-1.971059612160346086e+00
-1.460979728196046379e+00
-3.973398128547874553e+00
-5.572689213962154220e+00
-1.100850415501210833e+01
-1.698053583227202878e+01
-3.890643688304602055e+00
-2.146564568854058663e+00
-2.042377101294416075e+00
-2.191935117309502079e+00
-2.600159104202700799e+00
-3.152336052621257600e+00
-1.774190263080220209e+00
-1.571332237274356558e+00
-2.035064967925786839e+00
-2.153539998466652339e+00
-2.635212935077986707e+00
-1.747142953497798690e+00
-1.931812169776820687e+00
-2.141246290480622427e+00
-1.418687814013663173e+00
-2.307579768177801416e+00
-2.721843507203216994e+00
-1.899922538431404107e+01
-6.504449535823131789e+00
-1.415005808071447291e+01
-1.176178216635130802e+01
-1.920021154399399421e+01
-6.310171648070056705e+00
-2.355496921764018925e+00
-2.645218580212722603e+00
-4.095253425867418251e+00
-1.794822651304968764e+00
-1.727476911034525831e+00
-2.807100930821341489e+00
-1.664376625854192771e+00
-3.876091852698778428e+00
-4.852281892247849449e+00
-1.317209550728868628e+01
-1.786965252260666759e+01
-1.911990303584867590e+01
-1.869682139325306380e+01
-1.952322463575746880e+01
-1.953242491806726022e+01
-1.873303837211670597e+01
-1.858390615591889272e+01
-1.061219468639965946e+01
-2.071444666644647015e+01
-1.194389753865716486e+01
-9.487966211284920348e+00
-3.366021098274964984e+00
-2.382483968217285586e+00
-2.187550673984437477e+00
-2.685666307722514912e+00
-2.769166787736731195e+00
-2.135496699555461397e+00
-2.340454401857702926e+00
-2.616455733384558169e+00
-1.470490266301426319e+00
-8.131004230887858952e+00
-4.893824212740358170e+00
-2.961628494127119371e+00
-2.126365871720466316e+00
-2.098369458398537279e+00
-3.168549980957112044e+00
-1.864649510442080427e+01
-1.763832621393673961e+01
-1.924296539250267202e+01
-1.948618723729028446e+01
-3.035572986164407183e+00
-9.810859012851658179e+00
-2.762499321434302324e+00
-6.248660392206583758e+00
-2.029426628388711240e+00
-1.935947507526508238e+00
-2.312366311215382719e+00
-1.300466573865855180e+00
-1.373297363869713683e+00
-1.153694124530846521e+00
-1.729884172571075629e+00
-1.591747354750397747e+00
-2.237368986437549001e+00
-1.581058110592535870e+00
-1.189308611965738338e+00
-1.438864729759215200e+00
-2.321348844668246869e+00
-1.950672986438908740e+00
-3.034900243656466046e+00
-2.434376692477114634e+00
-2.721896769035695218e+00
-1.638394122712251377e+00
-1.086828918512378062e+00
-2.351847220269576599e+00
-1.732000774096658979e+00
-1.927609786586019336e+00
-1.588048261219754176e+00
-2.673166852108890268e+00
-2.136827772658108415e+00
-2.745281155311416477e+00
-3.954299682975392471e+00
-2.548108772410535572e+00
-2.008470302293681176e+00
-2.001919829215409674e+00
-1.372849744249556636e+00
-9.770545239269743831e+00
-1.802457229820006557e+00
-1.613404357726737848e+00
-1.474614492508834251e+00
-2.035867718946465121e+00
-1.721932304426253113e+00
-1.794409261565212743e+00
-1.865526658029196483e+00
-2.148869985556943529e+00
-2.301794489724609871e+00
-2.334098021076935314e+00
-1.674333398324777011e+00
-1.946992374468357045e+00
-1.450970218773324216e+00
-2.933534548444608703e+00
-8.448004432766364147e+00
-1.136916123291827674e+00
-3.595966466012634477e+00
-2.188431215507593564e+00
-1.210915745744600702e+00
-1.138069641984396307e+00
-3.101321984031425671e+00
-2.160813130181754360e+00
-2.093318616992472680e+00
-2.734769651280564595e+00
-4.520707568994557057e+00
-3.909474576839072402e+00
-8.288707738271865466e+00
-2.848977038567596765e+00
-2.235001251981764803e+00
-2.790997259867529223e+00
-3.010121065517663563e+00
-2.981714066882819036e+00
-3.083351636764545489e+00
-1.366898555197974208e+00
-1.793135648396969151e+00
-3.910868657756807920e+00
-1.661480109178275155e+00
