-5.175882704602837059e+00
-3.942642787863507969e+00
-1.621105629238367030e+01
-1.703747393344924532e+01
-1.065618555624038422e+01
-3.727193873350113762e+01
-1.162480289428865632e+01
-1.084982328124718443e+01
-6.564445826088567415e+00
-5.714819989784508003e+00
-7.447425207967424576e+00
-4.105395507540913869e+00
-1.056911856031825714e+01
-1.279974111513301160e+01
-1.709253825591107301e+01
-8.968012292319016865e+00
-5.940815299172759190e+00
-5.882752564579763366e+00
-9.268068560721282267e+00
-9.415857422200396343e+00
-1.842881340556635905e+01
-1.860168883732521650e+01
-1.207488628380904139e+01
-1.334846849317319162e+01
-1.576600600202927893e+01
-1.429796538518519178e+01
-1.026674247829057407e+01
-1.567277527136018556e+01
-1.120901024173273441e+01
-7.008020270691976528e+00
-1.596874424215714150e+01
-1.376779209146185856e+01
-1.859535596340918673e+01
-1.243879756775593215e+01
-6.747490968679278112e+00
-1.155635011790080036e+01
-1.060130228439551203e+01
-7.471242241722777955e+00
-6.449785368177513689e+00
-2.801310026604275905e+01
-2.328709810922521939e+01
-2.490841538418306556e+01
-2.427781727823537494e+01
-2.075803718508456441e+01
-2.366203202113750947e+01
-2.651179706235001632e+01
-2.258277927887979786e+01
-1.962614845312534939e+01
-2.533997619511278643e+01
-1.566868263816776619e+01
-1.785278798276647549e+01
-1.211384509960636002e+01
-5.122135955838817978e+00
-7.599488007041479420e+00
-1.647973238732910062e+01
-1.801353957817935125e+01
-1.067087994752080249e+01
-1.223189047891409942e+01
-3.983294660383208452e+00
-3.820265977984944161e+00
-9.288714553642813954e+00
-5.186150645324239861e+00
-6.493557467907311143e+00
-5.132816638936450460e+00
-6.243302654492741688e+00
-8.901226243293349327e+00
-7.703549421121515195e+00
-9.214160346888155217e+00
-4.984314626636988876e+00
-5.000348399702054358e+00
-8.820488041730094153e+00
-4.580152495773644361e+00
-5.691386068564410650e+00
-6.586280898191327005e+00
-1.732795003593011751e+00
-5.549616479463259644e+00
-7.318291952242891973e+00
-9.283931692527977120e+00
-4.092640369636953324e+00
-4.731938133385405365e+00
-5.903566194194856287e+00
-1.314759090505244110e+01
-1.207308015705801019e+01
-1.328568276211877119e+01
-1.041761173970406595e+01
-2.214997388478091978e+01
-2.048768702020217702e+01
-1.545951895414818367e+01
-9.207695907967957893e+00
-1.079110900270361206e+01
-6.075095959253926203e+00
-7.785734334200735240e+00
-6.811614670331448629e+00
-7.355917272852686040e+00
-6.591480417089190524e+00
-6.263385792146207720e+00
-6.816105406434227909e+00
-7.523385085108672321e+00
-1.154544563608716956e+01
-4.815971255588051392e+00
-6.327843182916437215e+00
-1.178369624041819996e+01
-8.602355159290668851e+00
-8.231167002363555696e+00
-1.143849465085352435e+01
-1.414171149597780897e+01
-3.919940935169816676e+00
-7.747492205567785284e+00
-4.463849334321031037e+00
-8.099678632228629382e+00
-5.703426096713167581e+00
-1.161324108673837152e+01
-2.612655544080256131e+00
-3.265550725868699988e+00
-6.133450222147214248e+00
-5.040705360409933888e+00
-2.745563458632855891e+00
-5.498891764470000609e+00
-2.463134880966606044e+00
-3.655746557905044547e+00
-4.763666138315611143e+00
-4.608326399834385967e+00
-3.018712781052531380e+00
-2.960108365190128321e+00
-2.399196485708221083e+00
-9.384152987153587588e+00
-8.898277352819246033e+00
-2.301055798615631698e+00
-3.269919712290296765e+00
-4.374863327547833691e+00
-2.606521198304389664e+00
-4.157950201080468311e+00
-4.452673641206461141e+00
-2.491779862204277052e+00
-6.584490169389652259e+00
-4.316396173752792720e+00
-4.339618694814889821e+00
-4.763773088235965680e+00
-4.655844449759609205e+00
-7.175984592403029438e+00
-2.417456811617743284e+00
-5.041033286327285090e+00
-5.395589176248092755e+00
-3.905552181896585040e+00
-2.864907700847549421e+00
-2.832027139833988461e+00
-1.932857539235515176e+00
-1.767425041992664925e+00
-3.171674717831626467e+00
-8.559748626320409670e+00
-3.709027822256821594e+00
-2.684123530898887999e+00
-2.396381494421042646e+00
-5.364464665937559218e+00
-3.678151692760141867e+00
-2.122919326556978348e+00
-1.462237115995687953e+00
-4.225766189211729973e+00
-8.516071482111774671e+00
-4.280624374232474771e+00
-6.454967291020168751e+00
-5.226577818403075781e+00
-4.532521937422274938e+00
-2.302274683910577657e+00
-7.244436198377450786e+00
-5.528741940414570344e+00
-5.495571959392849593e+00
-3.929001916756304169e+00
-3.728004126281556196e+00
-2.191367535329020733e+00
-2.650906427175172997e+00
-2.177571252073681851e+00
-3.097742763000828958e+00
-2.151588128375208075e+00
-2.041552971127111427e+00
-2.961005429190500582e+00
-2.097606964930523787e+00
-2.097601791428188367e+00
-2.743528310457056030e+00
-2.291944755026774416e+00
-1.668290158933229739e+00
-2.784673588526903831e+00
-3.088173572152073110e+00
-2.279941215102957219e+00
-2.376540513022522561e+00
-1.951029102051576647e+00
-2.434814272995514006e+00
-2.304601669894670746e+00
-1.383386957161031328e+00
-1.684557014477061854e+00
-1.513079449897916096e+00
-1.320027707745195400e+00
-1.243826692481588614e+00
-1.836362775038361983e+00
-1.689323192495470360e+00
-2.122519226293803740e+00
-2.794211260263837371e+00
-3.657128015897752160e+00
-2.548702477766140451e+00
-2.549645768443994598e+00
-1.332295968417698262e+00
-4.044973258440204056e+00
-1.851184711382507064e+00
-4.463416586221007343e+00
-7.009496249892125164e+00
-6.551706034159362702e+00
-8.883126573058627073e+00
-5.368379471362086264e+00
-4.790792998644908707e+00
-7.749328057074971632e+00
-3.701025356599865646e+00
-4.042384308377557467e+00
-1.543864602765123273e+00
-3.601235503651691872e+00
-4.102933947243151636e+00
-3.365587234832014829e+00
-1.769329887187690575e+00
-1.587638602249043629e+00
-2.495513384675941637e+00
-9.209882280454653625e+00
-9.694015438232485238e+00
-9.826960710250046915e+00
-8.017767372799648129e+00
-3.030900484952768537e+00
-2.274745843563217740e+00
-3.501563802742697629e+00
-4.539928574709989562e+00
-3.372940565562056126e+00
-2.540637931908986680e+00
-2.531419145117214331e+00
-2.479655040223970097e+00
-3.383766897853424993e+00
-3.928810684823173194e+00
-7.045844914867059217e+00
-1.131176162609665070e+01
-1.653563425598158076e+01
-1.250404620214467144e+01
-8.471933739150323106e+00
-7.700052528215855396e+00
-7.103601867936697900e+00
-3.129100192624812316e+00
-2.860961845588347874e+00
-8.072362133205221113e+00
-5.856920343413708707e+00
-4.004360095970960209e+00
-1.079845515316797666e+01
-1.960282554089973539e+00
-9.691407056619071980e+00
-6.672732189768363575e+00
-6.074730189737391761e+00
-2.899737499947493635e+00
-2.708789533100490310e+00
-4.812860407699921517e+00
-2.374550416215574167e+00
-4.731428902572888617e+00
-8.177396961951817644e+00
-6.628620876381388527e+00
-3.460630981593724620e+00
-7.138036045396822793e+00
-1.078838146363965045e+01
-5.654281892535376386e+00
-6.625696710663807387e+00
-1.192713045000203564e+01
-2.683816428386920805e+00
-4.529144355327880511e+00
-3.325824194946350065e+00
-2.273466685725868075e+00
-3.049871751856540580e+00
-4.922824087290053718e+00
-1.780263164378758312e+00
-1.584218352098023530e+00
-1.641330153071946407e+00
-1.368708390901672622e+00
-1.959951872581332077e+00
-2.034631611104934734e+00
-1.413729788811797894e+00
-1.084974994408341775e+00
-1.110188500050288241e+00
-1.140318891827878378e+00
-1.679684016152772630e+00
-1.105143047010311630e+00
-1.536184764402137137e+00
-1.633793813081443558e+00
-1.245337645154231954e+00
-1.525661474264654149e+00
-1.419139011978268972e+00
-8.667893563261973577e-01
-2.422492954572781354e+00
-1.990426608504615391e+00
-1.236574460206366632e+00
-1.239335171812720793e+00
-1.452585592216966814e+00
-1.552187718245216841e+00
-1.992410972011581682e+00
-1.260192828397681986e+00
-1.474063499537352717e+00
-1.779283959359655887e+00
-1.625506397816552040e+00
-1.268286255091277237e+00
-1.125368453267544977e+00
-1.960458713199829894e+00
-1.553420548096199560e+00
-1.413751179669832769e+00
-1.246849153575706914e+00
-1.343873597270741405e+00
-1.438261087618859513e+00
-1.078377648873989569e+00
-1.771296569033286694e+00
-1.227647399258868566e+00
-1.502416798039087897e+00
-1.782595358652535822e+00
-1.706876407222813752e+00
-1.572124359839377705e+00
-7.886610347373285146e-01
-9.406202033146652264e-01
-9.745171881318615004e-01
-1.079449582819693942e+00
-1.299336055825374148e+00
-1.457364421959647993e+00
-2.081828091039299444e+00
-2.563087830867896599e+00
-1.771403735989869332e+00
-1.920612983072706337e+00
-1.470553187944666274e+00
-1.658017398819040089e+00
-1.122516690830222430e+00
-1.002887413380136650e+00
-1.662875482240858904e+00
-1.111051724588016487e+00
-2.593201660107217865e+00
-1.626974024640080341e+00
-1.225692040649467796e+00
-1.600878451771602373e+00
-3.140236895787906324e+00
-2.563102543156510649e+00
-3.900751349765937182e+00
-2.438059807823109715e+00
-1.372148402058959382e+00
-2.318610057577686234e+00
-3.641751134061251172e+00
-2.786763780740956431e+00
-3.641421253062784746e+00
-2.977344149088148484e+00
-4.437854931202276809e+00
-3.266514673718934780e+00
-2.567866624536477183e+00
-1.239657068931416806e+00
-1.234895019987178655e+00
-1.591428341521985645e+00
-1.822161849943156220e+00
-4.290248187940017388e+00
-2.613995197608223187e+00
-2.288799797044097861e+00
-1.362321259012670094e+00
-2.245212609664777315e+00
-2.626184556063214437e+00
-3.930494172215178050e+00
-4.364563575638806370e+00
-5.362266751598546044e+00
-6.118437574560974035e+00
-2.435261977011700996e+00
-3.651977114826087334e+00
-3.675060997880896352e+00
-5.443773601586962663e+00
-3.320233564771906565e+00
-2.132165477751835514e+00
-9.746512753037482879e-01
-9.827730028736101353e-01
-1.855539117481054268e+00
-1.429199265606927005e+00
-1.054882067607409324e+00
-1.214754907839039166e+00
-1.255896685895255160e+00
-1.915524093217557677e+00
-1.741406857534853803e+00
-8.748312554687821541e-01
-1.547129787744108143e+00
-1.089916591008398106e+00
-1.197321908499259679e+00
-1.626315635015573857e+00
-1.470033886994420280e+00
-2.271012161026300546e+00
-2.550732800546071211e+00
-2.202289733143715456e+00
-1.662872123177163486e+00
-1.777353222423195600e+00
-1.476705014096452606e+00
-1.603856511048201039e+00
-8.029470596647588776e-01
-1.354589764554078313e+00
-7.279482353663823124e-01
-1.209836257783588165e+00
-1.197164315953840541e+00
-1.051596759004186143e+00
-9.893708592919048250e-01
-1.151755557692283993e+00
-1.292619182799271904e+00
-1.372288260598548471e+00
-1.036095952561706390e+00
-2.583456369602683100e+00
-7.155348446516662797e-01
-1.186758595605174493e+00
-9.093101238066387815e-01
-1.285656162109674927e+00
-1.311313894006911784e+00
-9.206221480678674629e-01
-1.248341375951701471e+00
-2.147859657029374425e+00
-7.376706691061799548e-01
-1.049234864697840663e+00
-1.328287166870040892e+00
-1.209717522294489367e+00
-7.871553249261228347e-01
-1.857017907568266235e+00
-9.770191645251846690e-01
-1.389251923866772653e+00
-9.988530023561290605e-01
-9.610578354940448875e-01
-1.457785612094328442e+00
-1.288729710170099851e+00
-1.622959152847786690e+00
-1.757422760298267939e+00
-1.368541576960406347e+00
-1.255553124146588040e+00
-1.398169256067708810e+00
-1.457599733384914664e+00
-4.638719549309029411e+00
-3.902573322277670620e+00
-3.825511104433806153e+00
-2.602942893441532402e+00
-2.428103813713935466e+00
-2.917259318002023871e+00
-1.843623368209229563e+00
-1.704796760025407476e+00
-2.344777031178987059e+00
-4.846253019716862731e+00
-3.605459203511999000e+00
-2.181380170826369369e+00
-1.808942058755305560e+00
-1.883327842770771365e+00
-2.022324287517507813e+00
-1.378863496804050293e+00
-2.097626887024353071e+00
-8.782100308584392945e-01
-1.050422546932785028e+00
-2.332838761737919153e+00
-1.790187356487094483e+00
-1.883058163063737522e+00
-2.030796033893994323e+00
-2.184203008886002717e+00
-3.105375892016235095e+00
-3.013127459563985422e+00
-1.097088302927221815e+00
-1.359007315062554566e+00
-3.044763184574273751e+00
-1.827610660681737720e+00
-1.969601156940236519e+00
-1.936470577516480107e+00
-2.696758315308058762e+00
-1.607657339901844340e+00
-2.151591530480648551e+00
-1.479960075008414089e+00
-1.772595464899232587e+00
-2.269883446043059472e+00
-1.201721581084471691e+00
-1.487305900047936946e+00
-2.132666835566804142e+00
-7.948532241206736071e-01
-1.081094611696950647e+00
-6.516431197808929543e-01
-1.877072975768669272e+00
-2.459733590922681401e+00
-2.047052961619934663e+00
-1.157111263420201430e+00
-1.897308619680055264e+00
-2.347943593886635760e+00
-1.571140402607965614e+00
-1.665812784501765398e+00
-1.371399827192907761e+00
-1.021128374438554420e+00
-1.720038471431114768e+00
-1.551867771700828458e+00
-1.262316899882423904e+00
-1.203333722056463273e+00
-1.316485441431478831e+00
-2.058654008357088561e+00
-1.760124252584624571e+00
-1.410116592873840835e+00
-2.015941380654333592e+00
-8.463661783566839292e-01
-1.141704728423763360e+00
-1.346879746415141410e+00
-1.740009884667468310e+00
-9.493581816882955549e-01
-8.147362957668818906e-01
-1.648578463980413078e+00
-1.278881601125468004e+00
-1.615710008402583941e+00
-8.924055660608549712e-01
-1.509016880638493374e+00
-1.401999509611596917e+00
-8.236296436597247972e-01
-1.291841822927049410e+00
-8.707336179092877160e-01
-1.549080950551966485e+00
-1.113032593328684206e+00
-5.338919861410843515e-01
-1.230458549127681156e+00
-1.243439876232123487e+00
-1.599260227091918507e+00
-1.440209686638967090e+00
-9.343837841859051752e-01
-1.338501996078045542e+00
-1.179331897085473813e+00
-1.560528069359537362e+00
-1.560353481177098711e+00
-1.066218522960239667e+00
-1.846860098910233949e+00
-1.747055948039112794e+00
-1.374974241486033977e+00
-8.370350112027515888e-01
-2.062700195416436788e+00
-2.258169998601720518e+00
-1.914028687794152805e+00
-2.302314889425535416e+00
-2.558233378511778344e+00
-2.145751930948962105e+00
-2.206293255640470630e+00
-1.045658895100042063e+00
-2.279018380334492111e+00
-2.654730125686018738e+00
-9.793076115271682758e-01
-5.192615307071171138e+00
-6.639935328161544525e+00
-4.402235329263434416e+00
-6.462777122539282715e+00
-2.859432217657029707e+00
-2.074159861998483567e+00
-2.776212520703758901e+00
-2.804435015184108870e+00
-1.709195940587974860e+00
-1.540278272117920677e+00
-2.048863950267111100e+00
-1.385315322778313041e+00
-1.633162824648627165e+00
-1.186943374358748082e+00
-6.012521257297829269e-01
-1.555194547658399484e+00
-3.571467927998392078e+00
-3.822995431442359759e+00
-3.664583651823978272e+00
-3.594753545260779504e+00
-3.023381735452564278e+00
-3.620227327565737951e+00
-2.129331412727117012e+00
-1.507166546841119503e+00
-1.632213612873954833e+00
-1.684175301037156958e+00
-2.100052871666447274e+00
-1.428922884062969523e+00
-1.500287501578808635e+00
-8.166664918894508407e-01
-1.858081741756018701e+00
-7.565130580075326572e-01
-1.301861808271532528e+00
-1.084798537015615905e+00
-1.564917251996650549e+00
-1.299382676006831216e+00
-1.065143198883142794e+00
-1.123762460240707028e+00
-1.009065385121668434e+00
-1.416723340192287850e+00
-1.335913948909964732e+00
-1.399619051215953425e+00
-1.581069344809748145e+00
-1.365615281042585449e+00
-1.562596898614836638e+00
-1.686304048701982028e+00
-1.215089390291561156e+00
-1.089218981126487185e+00
-1.051158394296386245e+00
-1.403487031784893979e+00
-6.608335953598291068e-01
-1.027109493226859183e+00
-1.900618858774874687e+00
-1.130599494458382148e+00
-1.859468574874836966e+00
-7.833843672619301701e-01
-7.511084275037913649e-01
-1.051219244704690636e+00
-9.528267765634992337e-01
-1.522143605523833765e+00
-1.983060566894010668e+00
-8.149139705450036963e-01
-2.005381415197022399e+00
-2.407698368808294020e+00
-1.307672292788955470e+00
-1.621525810889391073e+00
-2.015271357577063771e+00
-1.451724887015902521e+00
-1.968548501008502205e+00
-1.777470614431627682e+00
-8.149375839978308944e-01
-1.217371102358337787e+00
-1.282218017833803181e+00
-1.259565714922668445e+00
-1.648109457558782021e+00
-1.693455128734111304e+00
-2.212630811926276753e+00
-8.181340222008330887e-01
-1.563281862456068039e+00
-2.199303729968959065e+00
-2.754790620509237176e+00
-1.887196235101561648e+00
-3.402288293730873381e+00
-2.119559415655941415e+00
-2.876367854570474947e+00
-1.923168317925508575e+00
-1.867169041956298514e+00
-2.327530736690927249e+00
-2.972826869766165725e+00
-4.870487909867268428e+00
-3.812405270001308466e+00
-4.925384183621790868e+00
-1.758454480383480067e+00
-6.272323148779348045e+00
-5.126600957964724259e+00
-4.498382841128885090e+00
-4.107654407741338609e+00
-5.621574163478157082e+00
-4.690150694882921911e+00
-4.403258941307821139e+00
-2.728444178012089605e+00
-2.024570987408335743e+00
-2.683814223817650557e+00
-2.284903016373179163e+00
-2.875829997813499350e+00
-4.369739383147764222e+00
-4.348715894456977260e+00
-3.843542647428914272e+00
-2.985247108042842878e+00
-2.472555025846311594e+00
-3.489283494524495932e+00
-6.229159664689316145e+00
-4.015311506255857310e+00
-1.709114872027035048e+00
-1.129958085118108579e+00
-3.469014730803800628e+00
-4.867475946067417958e+00
-4.257324479764334590e+00
-3.955508132445996861e+00
-3.505657639958489113e+00
-4.019176186305191578e+00
-3.706143168017591361e+00
-3.572962601974538188e+00
-2.560464800441489608e+00
-4.263879727609364956e+00
-5.234229810797005555e+00
-3.485290233682032390e+00
-2.194808365890233759e+00
-6.141687464285641163e+00
-5.023433682175822312e+00
-4.819362018458568819e+00
-3.926952979713357994e+00
-3.658819362612436343e+00
-3.380059262889823835e+00
-2.177410089524378645e+00
-1.921157849803934559e+00
-2.083073619190865866e+00
-4.703368802355416989e+00
-4.667743067291771020e+00
-3.154123715583554866e+00
-2.521725269268774383e+00
-3.171298224340639571e+00
-6.919664065769589811e+00
-3.399754858497644250e+00
-2.697800451223924423e+00
-1.918008122038723062e+00
-9.408244485662803358e-01
-1.673005619643317177e+00
-1.916098317128649420e+00
-2.657682477542755439e+00
-2.724803194791231231e+00
-1.845817291404336258e+00
-1.663803722840966781e+00
-1.013000229458543844e+00
-1.212587941704255545e+00
-1.417533940373367551e+00
-2.180497139484024238e+00
-2.361646284421849984e+00
-1.238851022240741395e+00
-1.361275438816982986e+00
-1.406258980177152784e+00
-2.939102033655155211e+00
-2.764295875835602878e+00
-2.362517448160303513e+00
-7.408934833850597812e-01
-1.120449593223363349e+00
-1.108234726949301363e+00
-1.271162623475579068e+00
-2.387520611667956150e+00
-3.086205100648431898e+00
-2.541808928988121163e+00
-2.839944590419089199e+00
-1.951005414140934757e+00
-1.425553456730724644e+00
-1.147901754783607897e+00
-2.221048489968436179e+00
-1.056299515446367909e+00
-9.899535787559980982e-01
-1.110063535045660466e+00
-1.414451068173510295e+00
-1.885571418843076330e+00
-2.075779850975471241e+00
-9.722937171626496733e-01
-1.048298959636959848e+00
-2.613057027728722392e+00
-1.685220833769245363e+00
-2.176545415594009381e+00
-1.570639306624612264e+00
-1.078335990359202912e+00
-1.351231126881365707e+00
-1.336241871485271959e+00
-3.651760324862263651e+00
-2.359968356851219973e+00
-1.652317163983836545e+00
-2.116432859515085863e+00
-1.873329163209489501e+00
-3.109318656814413995e+00
-3.207315465693620915e+00
-3.141560141279537977e+00
-2.174881096423562088e+00
-1.828408882688258297e+00
-1.902808590531769983e+00
-1.895831307971660884e+00
-2.394291223439474425e+00
-3.872231323937887826e+00
-2.602942050059599222e+00
-2.874277135952755469e+00
-2.070102759466505571e+00
-3.756015834910486628e+00
-2.870998362795023073e+00
-1.070440625702655080e+00
-1.909773570308933355e+00
-2.007322027371734929e+00
-2.549015954940045070e+00
-2.334606320005585101e+00
-2.725319033976405514e+00
-1.092866233256507114e+00
-1.263908534311199094e+00
-1.778860365243345676e+00
-3.674874532443107800e+00
-1.382929351262964568e+00
-1.823278082201771344e+00
-2.220676205850262264e+00
-1.349521701484025504e+00
-1.228728587971646968e+00
-1.296056471427919465e+00
-2.236048807004318295e+00
-1.892829032582665105e+00
-1.282981984939351561e+00
-1.199063984449487474e+00
-1.096983559748827552e+00
-8.068808557894525668e-01
-8.997855702801113020e-01
-8.677128725713267876e-01
-1.041082822726616897e+00
-1.076827714454010376e+00
-1.367143607761249102e+00
-1.216207264520477782e+00
-2.712051863280137365e+00
-2.873968162646729496e+00
-2.884223938274046439e+00
-2.651812834988817702e+00
-3.359890434970308704e+00
-2.185492298554978063e+00
-1.046789726938985865e+00
-9.057263991030362060e-01
-1.316294637133718526e+00
-1.167124006514830725e+00
-1.830680351807425499e+00
-1.357835228348653223e+00
-1.088189034667898625e+00
-2.007280447245643806e+00
-1.190417238001945988e+00
-9.068208355678671895e-01
-8.540829241726792809e-01
-1.022367621092472589e+00
-7.478482450271570769e-01
-1.813246464683134107e+00
-1.437951258768209950e+00
-1.125104156837384961e+00
-1.211566771035494261e+00
-1.304027895027932704e+00
-1.063414055783817425e+00
-6.391978012835722867e-01
-7.816454180360243864e-01
-6.296902778141266754e-01
-7.961240800983488963e-01
-1.279888589743326088e+00
-1.452326044338868360e+00
-1.103718720898099637e+00
-8.844292000156432909e-01
-7.440669044300732837e-01
-9.251144021003058215e-01
-9.391657017750723035e-01
-8.709637028552313920e-01
-1.186634038984168971e+00
-1.098523415395303182e+00
-7.205390391368354797e-01
-8.344940401704326050e-01
-1.736731954121489174e+00
-8.359363726525859128e-01
-8.761508976224062772e-01
-1.055586081307773538e+00
-1.417101831425225944e+00
-1.305013556814258457e+00
-8.255489070612040958e-01
-1.479563397301413952e+00
-8.516543013191815170e-01
-6.540946120215951343e-01
-2.179705872137024159e+00
-9.674883219609790030e-01
-9.993122120641493300e-01
-8.629241844137273132e-01
-8.423111480582045063e-01
-1.136809055992248574e+00
-8.965163054550671085e-01
-1.050148856538368092e+00
-1.079852079196675030e+00
-8.934993683944955079e-01
-6.679568963041324636e-01
-8.222785856468539656e-01
-7.257669788337639538e-01
-1.036361611155715678e+00
-1.402041586574674925e+00
-1.016881178377717632e+00
-1.064330178456805109e+00
-6.601998165124235429e-01
-9.438413775138198014e-01
-1.311298614598314982e+00
-1.607887796733085795e+00
-9.765885006485052200e-01
-9.641286107216117118e-01
-5.487642141899097270e-01
-1.282775167133783700e+00
-1.107122253543678658e+00
-1.588282465684305533e+00
-1.973942946863283643e+00
-1.091379012304258378e+00
-1.678731086667115235e+00
-1.050712941047143412e+00
-1.135249614440077659e+00
-1.186603174112671244e+00
-1.331216489992077978e+00
-8.465621344268561277e-01
-8.200591227554440144e-01
-9.431662389547996739e-01
-1.262591617914729181e+00
-1.283565196983878831e+00
-1.090848058228844009e+00
-7.779675574578828190e-01
-1.327639250372079305e+00
-9.252750918774383937e-01
-9.549381609215685796e-01
-9.562972510375991053e-01
-1.401139011793283595e+00
-1.133711376463280018e+00
-1.552444388539133691e+00
-1.418601947074763281e+00
-1.302663323264912076e+00
-1.107300801966893289e+00
-1.244116824503450847e+00
-1.354477765498701469e+00
-1.000146669400799881e+00
-1.506268277479813733e+00
-1.081803948072650012e+00
-1.657226351789186980e+00
-1.505789301980569928e+00
-1.560008921389302028e+00
-1.551006610271077557e+00
-1.653841876709067682e+00
-3.394441404157647835e+00
-1.598894989831263658e+00
-1.351635865525536939e+00
-3.857293324991429628e+00
-2.111733566353524161e+00
-1.377083577050883356e+00
-3.720890993025374627e+00
-3.744247765940818429e+00
-1.707696933435536746e+00
-1.007049087296459255e+00
-2.443821897957118239e+00
-1.616855184404970336e+00
-1.906885994547936836e+00
-1.172521530026418235e+00
-1.411891376019907440e+00
-1.982580402993108892e+00
-2.676375087951861964e+00
-1.448718874511969457e+00
-1.273304128584137107e+00
-1.547577287095511567e+00
-1.333139073997103186e+00
-8.969756587934445413e-01
-1.276790501165868230e+00
-3.529606368623937396e+00
-1.520796072672328636e+00
-9.796350317953695930e-01
-1.901514424823038674e+00
-1.153089868662069417e+00
-1.729195376943066798e+00
-1.104663317194112038e+00
-3.191333904348485628e+00
-8.470780473236200203e-01
-1.912289777785672662e+00
-2.643822097887112754e+00
-2.848652428440317852e+00
-2.714334553145576479e+00
-1.637213147075365471e+00
-2.863778049447685881e+00
-1.033479465854871604e+00
-2.091366452732183578e+00
-3.553482981723509404e+00
-2.865096075796740305e+00
-3.627791292783106858e+00
-2.053922966622474533e+00
-2.827898071904793031e+00
-2.459601354462298772e+00
-9.537150081937694202e-01
-2.414975075574021357e+00
-1.564173966347403244e+00
-1.470505345893893923e+00
-1.802898663949277669e+00
-1.954410098807148222e+00
-2.545457392529868024e+00
-2.401755507452377980e+00
-8.522573910200432756e-01
-2.164418304566241513e+00
-6.930495612054028420e-01
-1.697271358423724230e+00
-1.406802508071914426e+00
-1.244080018474065685e+00
-2.641888443031735090e+00
-1.078855518509364897e+00
-1.012045520640312057e+00
-2.064036546770670721e+00
-1.360876815416689256e+00
-2.343018337701885834e+00
-1.377114373001502301e+00
-1.095777682925925145e+00
-1.837736612702274286e+00
-1.418449229691489233e+00
-1.945160820765468923e+00
-1.394695063849932914e+00
-2.298636607602649207e+00
-1.453873496190162262e+00
-8.941973884062163203e-01
-1.553005919955502412e+00
-1.716265021871596685e+00
-5.180835457278201162e-01
-1.460259356291156552e+00
-1.298984957570886944e+00
-1.148529866093490392e+00
-1.968475327157447996e+00
-5.246194389981138073e-01
-1.254295081134287670e+00
-1.473848580949463027e+00
-1.664993405576130403e+00
-1.594892690314202888e+00
-1.135882646559445375e+00
-9.997114879529276354e-01
-1.193935503624075078e+00
-1.888277888189460185e+00
-1.479087877579134735e+00
-1.353071247119332021e+00
-1.136189408531826039e+00
-1.084875528567300851e+00
-1.279205510997251771e+00
-1.187222379093047397e+00
-1.274538981808065907e+00
-1.108186805358496896e+00
-1.412772521544738202e+00
-1.065803164797554103e+00
-1.699558042656398982e+00
-1.687529753565142787e+00
-2.087163128462356187e+00
-1.893479770493465386e+00
-1.292397278970302654e+00
-1.171671082789192964e+00
-1.329233156517630965e+00
-1.453834290560575226e+00
-1.658528772323987655e+00
-1.007231525342035194e+00
-1.121800271997801968e+00
-1.171777764025782709e+00
-7.927951542521113337e-01
-9.461078924995462991e-01
-9.903661225614938113e-01
-1.056344174588833340e+00
-1.289382574453581176e+00
-1.038822568992524786e+00
-1.123958915817716786e+00
-1.146412053531788988e+00
-1.494843113027635395e+00
-1.415904611546088043e+00
-9.700394720219269740e-01
-1.522808377177739425e+00
-9.541687492693077255e-01
-1.661609852535026688e+00
-1.558355492706559708e+00
-9.511164593005227985e-01
-1.262395270567140626e+00
-1.214259084834898639e+00
-1.341613448552238630e+00
-1.031371850312553073e+00
-1.051745481094626289e+00
-1.074987142909729076e+00
-9.168675996656431293e-01
-9.417626157737762904e-01
-5.924513173920574749e-01
-1.057416122004419812e+00
-2.225540583747295909e+00
-1.398478141032622357e+00
-1.743711009612298524e+00
-1.042579421379439264e+00
-1.039605117820519231e+00
-1.080119725054371038e+00
-1.160856732972918914e+00
-1.087547912255790061e+00
-1.248131708459919498e+00
-7.280692509438072557e-01
-1.304767993509512003e+00
-1.313400553481979705e+00
-1.146934032054809816e+00
-1.189451600459557445e+00
-1.573937764241417403e+00
-1.564847074285944606e+00
-1.585249461029569096e+00
-1.598544855268088538e+00
-1.245473091909022445e+00
-8.333412961013032527e-01
-6.962161271862333800e-01
-6.831720369845333263e-01
-1.000371510453790247e+00
-1.047092925691214926e+00
-9.255342609050059011e-01
-1.105005396793431460e+00
-2.974651311792303243e+00
-1.193692945825741702e+00
-1.390833742280276786e+00
-8.787796693020810679e-01
-6.387021496796321252e-01
-1.187448615065433533e+00
-9.903793242274423481e-01
-9.669539626832500678e-01
-1.548196001847750969e+00
-8.507753366683408203e-01
-7.982252537556842054e-01
-1.230347033447224625e+00
-8.368782490745350078e-01
-8.149894210613181089e-01
-1.019586825369778182e+00
-7.934837524987656820e-01
-2.071119220676965078e+00
-8.398801182936882492e-01
-1.150734005750912337e+00
-6.228698301141765148e-01
-7.632336402618425941e-01
-1.829560372181079586e+00
-5.835475206584069818e-01
-1.663504600427017754e+00
-9.306103095743460951e-01
-6.213435903824868767e-01
-7.558343837371318541e-01
-6.928481970343375318e-01
-7.893636429152122158e-01
-6.427466298098289954e-01
-6.776804790877056783e-01
-6.939415654205804973e-01
-5.643816024667438480e-01
-1.394898201851310748e+00
-8.582486392695605204e-01
-8.080695822973610332e-01
-1.151006143750798572e+00
-1.554878580423821210e+00
-1.498874706768092979e+00
-6.274199808285073621e-01
-7.912589464289507823e-01
-7.639773437928756294e-01
-5.236415998912630210e-01
-6.425753183687310521e-01
-6.981653096177462547e-01
-6.758510200009923974e-01
-1.289902356061100708e+00
-8.201587889905503914e-01
-7.637003096603268704e-01
-6.690094162334743189e-01
-5.910446514401312967e-01
-1.103056555302882380e+00
-1.211139054915965074e+00
-1.118770146249044029e+00
-1.331076811171192142e+00
-9.220450633303428623e-01
-8.135803727570380950e-01
-1.495610088238283009e+00
-8.696327335836420147e-01
-1.639785885095825568e+00
-7.712758948351030597e-01
-2.000007902890467815e+00
-1.330872265142655442e+00
-1.180449959202294563e+00
-1.146161747726367919e+00
-1.218616924711590999e+00
-1.032743897490624230e+00
-9.513482049227758308e-01
-1.303570189347464714e+00
-1.821820343511083351e+00
-1.414322340545315138e+00
-1.523555536187306991e+00
-1.461669114268917768e+00
-1.247705068410832618e+00
-8.469861425375811992e-01
-1.324747133366914076e+00
-8.170596040232125379e-01
-6.981107976787580549e-01
-9.598012155209886265e-01
-9.565664474046108312e-01
-7.985914767392775504e-01
-1.057732699218826733e+00
-1.674835383193577609e+00
-7.312580396013300676e-01
-6.368101165525632545e-01
-5.514354315371188253e-01
-7.126177946184490963e-01
-7.434494614813734747e-01
-8.068649966419474406e-01
-6.046288609671180980e-01
-1.036058179360668907e+00
-6.584038868332324768e-01
-7.288332346826097430e-01
-1.449770244100926142e+00
-6.803570677095525099e-01
-8.330763301750587768e-01
-8.056449530932563441e-01
-5.193521901974177402e-01
-4.687424777904124484e-01
-9.900374523190971221e-01
-3.627223790450221919e-01
-1.258809313709972511e+00
-7.263027278174174484e-01
-7.958758430002805806e-01
-7.564957091028776670e-01
-8.717449092017121037e-01
-1.412898951114029522e+00
-5.321388897263539253e-01
-6.301785469599822109e-01
-6.690397313252293143e-01
-8.009672540322553269e-01
-5.236703721805284761e-01
-1.141204145540987369e+00
-5.004716886873983306e-01
-7.636702770397184592e-01
-5.996963960609954514e-01
-1.551131162917905870e+00
-6.192809159367087535e-01
-6.473849944430432046e-01
-1.013507125784653073e+00
-7.125532507951383154e-01
-5.915022022102746080e-01
-4.615360625639733927e-01
-7.235342591571801707e-01
-1.125250568216551228e+00
-7.439247535707238512e-01
-6.296081152730852448e-01
-5.644949232325886523e-01
-4.740823409499265728e-01
-6.060266306683450566e-01
-5.338816884410444441e-01
-6.951391214182367495e-01
-1.251847512405379614e+00
-5.479443571755572284e-01
-8.327914879618719679e-01
-4.738089240784068568e-01
-7.736204588691419914e-01
-6.092460352905207932e-01
-6.909291964248892581e-01
-7.598674133466788438e-01
-4.228006191253417811e-01
-9.065668410851958070e-01
-7.824962512538926607e-01
-7.870294496835114062e-01
-4.467405575577639842e-01
-5.645602028600287259e-01
-4.955813138511982463e-01
-5.368449100419631081e-01
-4.308548603854394643e-01
-6.778685546235897474e-01
-7.433564678771240608e-01
-5.836352438579562873e-01
-4.878560164847918212e-01
-5.978868078095990191e-01
-6.421596447574390298e-01
-7.189434390793024710e-01
-3.644076056408496189e-01
-1.054451330258010966e+00
-7.545395258476345068e-01
-8.239194555803459608e-01
-1.047612765917644184e+00
-6.716643293453434804e-01
-1.110663943180009383e+00
-1.447211139769691179e+00
-7.588252550065384128e-01
-8.721900530407102892e-01
-7.085556024240243778e-01
-8.315667425895653109e-01
-4.903026667927728455e-01
-5.163280767429778706e-01
-6.375063783495059644e-01
-7.010235962341024862e-01
-8.589420596629627758e-01
-7.623748579354888699e-01
-1.718928123868311841e+00
-8.859374371568429218e-01
-7.335407323365646937e-01
-1.048501244979870961e+00
-5.807432408275801095e-01
-7.621483136472249065e-01
-1.004709542495789698e+00
-8.152843789249741846e-01
-8.454266210460190667e-01
-6.179866928238416657e-01
-7.307068804180305577e-01
-5.350135453534283769e-01
-6.221862552682188019e-01
-6.527818256684579934e-01
-6.480767239610912833e-01
-5.392785766321669394e-01
-6.793427993343639226e-01
-7.226960362371104285e-01
-1.745346102983147185e+00
-1.092692456296563197e+00
-5.202481927957104402e-01
-6.456550260695205212e-01
-9.737276322355468139e-01
-7.970259273833030234e-01
-1.071916239246717417e+00
-1.714125467809554770e+00
-1.240750378988514813e+00
-6.740696780451908010e-01
-6.683810786177397656e-01
-5.227082534207752040e-01
-8.633670321768722733e-01
-8.333125421347917783e-01
-7.705207827949647204e-01
-7.165718584663482993e-01
-9.592072826555591014e-01
-1.113164279798634526e+00
-8.658454493529553764e-01
-6.662145667023355866e-01
-8.788720584860260088e-01
-7.002639435927615619e-01
-7.353054950410599089e-01
-7.312995261141856940e-01
-1.461461196785665662e+00
-8.554424229925415846e-01
-1.006486569716039892e+00
-5.730973560671867029e-01
-7.367055294553591649e-01
-5.947827078106254772e-01
-1.030517375104960776e+00
-1.316582283453561875e+00
-1.017214920954286672e+00
-1.039629280686309443e+00
-9.424442246698807590e-01
-5.242796186750096066e-01
-5.828323905201602262e-01
-5.642502114014253944e-01
-4.055608597356167855e-01
-7.888142542873889385e-01
-6.307241151982535543e-01
-8.372202421721035570e-01
-6.402440923793490946e-01
-7.777541433267175508e-01
-7.510219619840643457e-01
-4.717790809034914656e-01
-6.245617449538599653e-01
-1.045818068185633720e+00
-7.337294251503407860e-01
-4.965633839090091706e-01
-8.651940673272238147e-01
-1.052407117671929182e+00
-1.656047650184913733e+00
-8.056935862722974795e-01
-7.874913623124563111e-01
-8.148470325163381656e-01
-1.552697813489289036e+00
-7.911857966870172731e-01
-1.129487168887090665e+00
-7.631624965188252840e-01
-6.031724793572492693e-01
-6.322326324743421377e-01
-7.162689318790541604e-01
-7.171928348380816054e-01
-5.912109331238669663e-01
-6.675529228102753398e-01
-8.354743784334232037e-01
-8.939817659171044317e-01
-5.493389778368525933e-01
-7.860751730427502082e-01
-1.268753082782774211e+00
-6.074777581308806740e-01
-7.164223011695508569e-01
-7.897130184371605743e-01
-7.973400406462231027e-01
-5.794640485398127039e-01
-7.575695274966576243e-01
-6.950164071729717508e-01
-6.573587768108460905e-01
-6.601748319698026446e-01
-1.165934843703879675e+00
-7.361702579990484496e-01
-7.384341772078939492e-01
-5.403170833608677004e-01
-4.746006112309980596e-01
-6.976661738189576800e-01
-7.541218496849799724e-01
-5.861506400031040176e-01
-6.175318095898978399e-01
-8.191290800843981090e-01
-5.056887720025370347e-01
-9.446190342617863944e-01
-1.359334617106518150e+00
-1.385983811712410363e+00
-7.346129954728828348e-01
-1.099901403039319936e+00
-9.653959295564603638e-01
-6.639991715813579054e-01
-8.743212732640216478e-01
-5.143337612488838584e-01
-6.852518331335903934e-01
-9.471051637356540098e-01
-5.507005774871779336e-01
-9.124767614311795061e-01
-1.007255204809772042e+00
-6.048390350790930903e-01
-1.213658510616976827e+00
-8.946840351506275546e-01
-7.345046501773820902e-01
-1.048211924143502616e+00
-7.345364928807947003e-01
-8.689393869592040298e-01
-6.790716618884971023e-01
-1.105288777901118236e+00
-7.089328031624362314e-01
-5.533707647753199899e-01
-8.680675534167905383e-01
-5.979790247425484928e-01
-6.109271622926699674e-01
-6.677273307889570741e-01
-5.164887387237182548e-01
-5.782347660590614336e-01
-6.481870366280633178e-01
-4.912730575602041738e-01
-7.851189457893974488e-01
-1.953826560779465371e+00
-8.738012804788179988e-01
-9.995559663724769006e-01
-5.248506711799341140e-01
-8.529563563081216104e-01
-8.362797847100664761e-01
-7.504060581741734959e-01
-4.853131905754443642e-01
-7.206264907349210214e-01
-7.482824477836169663e-01
-7.214795095082865428e-01
-6.078753684688383840e-01
-6.140133311851329045e-01
-4.011615536098467882e-01
-4.437633039933402412e-01
-6.466970911036586944e-01
-7.600280535284649197e-01
-9.970141615093899290e-01
-5.576507722579031601e-01
-7.387788397478171065e-01
-6.221927990034969991e-01
-1.018036109176915227e+00
-4.695251703387172681e-01
-6.679167988125281896e-01
-1.300122631682920860e+00
-7.837475723310229903e-01
-6.703610393290004854e-01
-1.104834980884063400e+00
-4.251829412825373633e-01
-4.645931105663266836e-01
-7.750714715619024808e-01
-4.058005049807353326e-01
-6.516726851737061343e-01
-9.211671421687325223e-01
-7.247452614852943897e-01
-5.655541370415977376e-01
-6.637346125993771606e-01
-1.698699573279657704e+00
-7.589633720773171222e-01
-4.536045539992356046e-01
-8.483628258776267916e-01
-5.650360350288118338e-01
-7.458464833548664741e-01
-6.743120792046132239e-01
-9.734996595384458606e-01
-8.074311163287697379e-01
-5.909284852277272293e-01
-6.411745677418446698e-01
-1.090663715613987339e+00
-5.916106550641148099e-01
-5.783811856974190313e-01
-1.009748500417352091e+00
-5.629561613167388678e-01
-7.938117869081358080e-01
-9.002879346633231306e-01
-3.838298058426571346e-01
-5.086629563996825087e-01
-5.176273749589122009e-01
-7.038634703113100244e-01
-4.473752122984769319e-01
-7.062344487757357125e-01
-8.097339085056999286e-01
-7.804103073771654353e-01
-8.890495571360202964e-01
-5.912355802197406529e-01
-6.453909960010972835e-01
-8.644221979035252579e-01
-1.008414468101934247e+00
-6.784202347989919391e-01
-5.054030313442949840e-01
-8.316775873748142311e-01
-1.681584432717176503e+00
-5.464376934817603004e-01
-5.753280815812398252e-01
-7.320283664059387130e-01
-4.912133663124438887e-01
-8.492374826057191850e-01
-7.827271417117638297e-01
-6.079777707831356404e-01
-6.213495952529324295e-01
-8.507657107016527442e-01
-1.178103802195547223e+00
-4.599189082144906071e-01
-6.687069524325478520e-01
-7.968987402862174330e-01
-8.486793211000477344e-01
-8.410719028270422504e-01
-8.213930761671981440e-01
-6.706722802909726999e-01
-6.836066808578847853e-01
-8.287021706107116081e-01
-7.369976652998383448e-01
-9.855722935116217887e-01
-1.233130576035261106e+00
-6.560659604624605734e-01
-1.857457466122814038e+00
-7.165459418503727917e-01
-7.462004561718710294e-01
-4.900396157292754573e-01
-5.881482959001811395e-01
-8.773670053997341123e-01
-5.280760523453996713e-01
-6.462360376560614128e-01
-1.046322191577664595e+00
-8.064178234372785248e-01
-6.318039189621872387e-01
-1.063867285391560724e+00
-7.379237389917628898e-01
-1.386015225402800644e+00
-5.233533851938630965e-01
-7.506594240836323984e-01
-1.605444531139748499e+00
-1.488827343124459857e+00
-8.840485477082887789e-01
-4.576407336140675408e-01
-1.372619676452502935e+00
-4.958334403268467860e-01
-1.143341373823885565e+00
-7.310192917650658595e-01
-1.171018115299198081e+00
-1.817212508445256613e+00
-1.116270382759692703e+00
-6.106417170529245819e-01
-6.272407638158771226e-01
-1.770359776871539559e+00
-1.380298336158620298e+00
-7.701179592272182628e-01
-1.405264293355482197e+00
-6.714306635718874094e-01
-5.418178982462671378e-01
-1.709985619346160890e+00
-1.394559639616186564e+00
-5.315397814559831291e-01
-9.334642127422942970e-01
-4.244669056606895086e-01
-7.193205912698322768e-01
-5.018143302828588226e-01
-1.983931195881742049e+00
-8.043284835591377746e-01
-8.150596077444531851e-01
-4.869758192985437217e-01
-4.219288471786528660e-01
-4.596893920604555595e-01
-5.528845764695401455e-01
-4.925321803278934207e-01
-1.362791902419093093e+00
-1.475312024392814614e+00
-1.176845595050628468e+00
-8.447042232682874241e-01
-1.422955499451979300e+00
-6.673996189613394803e-01
-8.104096677288096240e-01
-9.468598107714174539e-01
-4.861036858753859380e-01
-5.689219043691987610e-01
-6.818672147548840989e-01
-4.634983897387101592e-01
-7.925207822950494085e-01
-7.870164109381007078e-01
-7.213631399915368947e-01
-1.158436011527517184e+00
-7.927906546039191760e-01
-4.992435454611286461e-01
-1.176872666538528733e+00
-7.426401440735878046e-01
-6.561778915797014111e-01
-6.947825936578313488e-01
-5.868381597585380360e-01
-9.484811962633703519e-01
-8.032777410109495086e-01
-1.611347059053847230e+00
-8.472481312057031921e-01
-5.217956069801414909e-01
-1.067643254488253257e+00
-6.166229270468467361e-01
-5.393172399492046631e-01
-1.210499224298501764e+00
-9.023934565893111381e-01
-8.618710033069008070e-01
-8.568553054029378613e-01
-1.215381843202691048e+00
-8.251276341367672629e-01
-6.317658359698046233e-01
-6.113236030865819570e-01
-5.358361528165160870e-01
-7.919354610281432727e-01
-5.745961105952961390e-01
-8.703438127693049475e-01
-8.489409258557154558e-01
-7.342092113747520354e-01
-7.234655092335762205e-01
-7.107770660527348294e-01
-9.566367844376210128e-01
-1.542555351770894090e+00
-6.906654776092987502e-01
-7.004009424962127639e-01
-6.805089735990549338e-01
-7.387223793734198907e-01
-7.034331212741797845e-01
-9.486111818975857535e-01
-5.352641351073967879e-01
-8.213689146033603672e-01
-5.633998553177832491e-01
-4.271254096078335727e-01
-5.780489821902966563e-01
-1.047590736861159666e+00
-7.525766749183870896e-01
-5.451646191712536949e-01
-7.498262051618590496e-01
-3.755553964707370462e-01
-5.895083869711816860e-01
-6.087258616310590176e-01
-6.833854410974350424e-01
-7.198232146570475720e-01
-6.044655589147041042e-01
-1.656377602085058021e+00
-1.008828547185507185e+00
-5.309022756094599060e-01
-1.701218036824283963e+00
-6.694514505046539332e-01
-6.005792337479614051e-01
-1.022704597218137890e+00
-4.675254171462130959e-01
-7.263471694209927554e-01
-1.184329438646692045e+00
-1.722198432511307331e+00
-3.440060309695681107e-01
-5.631324330704041703e-01
-8.939343611674052115e-01
-8.101211649699531225e-01
-7.251866919064561268e-01
-1.410155927717188895e+00
-5.310377879996500683e-01
-5.270746547006905924e-01
-5.256253398533495824e-01
-6.566707991299685077e-01
-6.197241938434638886e-01
-7.152959074300925257e-01
-6.116553925602341568e-01
-7.487774538035049110e-01
-7.821338091168954509e-01
-1.259853474753582336e+00
-1.085562713001847035e+00
-4.976703924706367133e-01
-5.655999902809468738e-01
-8.799279228070693293e-01
-7.465258918317585479e-01
-3.777940861057257904e-01
-5.981669294205481657e-01
-4.161298893143313693e-01
-2.852833965755869894e-01
-4.649768547556246689e-01
-5.866460194153192420e-01
-8.383985437125536233e-01
-5.776112928386881729e-01
-7.740790728368214246e-01
-7.573929161232211271e-01
-7.777774430930133320e-01
-5.421728512987942228e-01
-1.321043857769850671e+00
-5.792658891367160612e-01
-5.963770978395550593e-01
-6.635318325546233353e-01
-5.248568423946695649e-01
-6.418970380178803392e-01
-8.907458660969188591e-01
-5.722936887638775394e-01
-7.517856001953966416e-01
-3.897719089284963911e-01
-6.992982953634586663e-01
-8.836933169269683974e-01
-7.103034153777101345e-01
-7.683426519581513237e-01
-6.052555665148497965e-01
-6.844111944793163094e-01
-8.698127179038068757e-01
-3.857905655391857813e-01
-9.327578393887234753e-01
-8.029010667468875484e-01
-4.503204312200497217e-01
-5.604390604719744484e-01
-5.295175698899567962e-01
-8.141750888225203209e-01
-5.830557333083151716e-01
-2.243882776147609448e+00
-1.150390431498581556e+00
-5.881432099282513093e-01
-9.308856129563833903e-01
-4.679539474763259599e-01
-5.445876480824072274e-01
-4.339183136379747840e-01
-4.175933816264296716e-01
-5.526242071664702049e-01
-6.068480036395584865e-01
-7.660199779491889682e-01
-1.366043586743157512e+00
-2.249407406981638768e+00
-5.013106265028491881e-01
-8.448415674669105258e-01
-5.412245866340156253e-01
-6.034510741087110164e-01
-6.540429217373843196e-01
-5.267316928991006009e-01
-1.104538234964157706e+00
-6.371905148768128857e-01
-7.573580528422196867e-01
-4.083752728510507413e-01
-7.180459239938399296e-01
-8.093464551339163426e-01
-5.046801607987202454e-01
-5.289509513546510888e-01
-4.927697449368389493e-01
-3.898583741712851602e-01
-5.806836079954922347e-01
-4.920526025080231292e-01
-6.979734311462539864e-01
-1.193952520460538347e+00
-2.584284250382778314e+00
-6.266707822360635394e-01
-7.645140987803671351e-01
-8.058226049236046906e-01
-1.001258557094358848e+00
-6.628881979067200447e-01
-4.742601570668290023e-01
-7.033089889720763876e-01
-4.918266397912408605e-01
-8.022508903052584239e-01
-6.505503623878914343e-01
-6.771429539528268648e-01
-4.802823006794149641e-01
-6.247833922509876681e-01
-4.806761048953303028e-01
-8.379082674503595118e-01
-1.376427202162495034e+00
-3.543565338794151254e-01
-5.703798621261821911e-01
-7.685030930652918535e-01
-6.237063915869872632e-01
-6.407327740581811870e-01
-6.044381841559050006e-01
-5.804411862610246997e-01
-1.365899911057389282e+00
-5.348391802437996168e-01
-6.708671071061038660e-01
-4.383839176681220695e-01
-7.682163802609266456e-01
-9.718644447249159546e-01
-7.520423840805022797e-01
-1.093573863127541790e+00
-6.573611861312298466e-01
-5.516912056294365208e-01
-5.704914579497595284e-01
-8.304546419327597517e-01
-5.239341712419710584e-01
-3.808685956285017826e-01
-5.611287188307924056e-01
-1.614346850160010671e+00
-9.519555628850426832e-01
-6.344667957245765377e-01
-4.186903373430090891e-01
-6.176425565681464835e-01
-7.687464671908960101e-01
-8.454560306500039646e-01
-6.533526799033754218e-01
-9.732066841489053211e-01
-8.378259815776090136e-01
-5.638391408449604514e-01
-7.429685507777126219e-01
-6.982253901563584275e-01
-6.998804886764993238e-01
-6.092494548711578917e-01
-6.124611568026346875e-01
-5.394525504687747164e-01
-8.744859336670774974e-01
-6.783075810333124567e-01
-6.130280789905937500e-01
-7.627975387855853162e-01
-9.388041020698660866e-01
-8.771152316831231088e-01
-3.893459908761404131e-01
-1.238593964768816669e+00
-6.105538914654710103e-01
-9.519908941962895721e-01
-9.186494741801258801e-01
-1.269881867038625600e+00
-9.045672019776901385e-01
-5.983831169941314920e-01
-1.766767085654473934e+00
-7.025221145184752380e-01
-5.970225867008032150e-01
-6.048883535977724879e-01
-7.932349156770855947e-01
-6.951395640853649249e-01
-3.720426021500756741e-01
-6.626588012878034117e-01
-5.660249738953000431e-01
-6.207220878972280476e-01
-4.663383578416870900e-01
-5.254507884748031987e-01
-7.065479528734646131e-01
-9.562132980389573822e-01
-5.856119728668562896e-01
-7.775954935713684790e-01
-7.537882461593830019e-01
-7.521764161727710896e-01
-6.212177378847867359e-01
-1.098312500647134149e+00
-1.239705308833450426e+00
-1.747051249300891840e+00
-1.827049759201357038e+00
-6.478435716861719040e-01
-7.648808107457729655e-01
-7.585079004179838824e-01
-7.564944462881374454e-01
-6.117260852841939212e-01
-5.664160750657362131e-01
-7.185551621587880078e-01
-7.868223571236153679e-01
-6.356893249227808518e-01
-3.885277116337824688e-01
-7.709372818369418789e-01
-5.362629201992280548e-01
-8.226663398855111886e-01
-8.271359632205251833e-01
-9.050112393590693527e-01
-1.216107402367099022e+00
-7.963460432965477898e-01
-6.420565732258209923e-01
-6.381281705293245787e-01
-4.884293748738076091e-01
-6.743654760698517547e-01
-4.442452169939837270e-01
-3.517852224796013116e-01
-4.570785581214337201e-01
-9.469508162162871834e-01
-8.621440029550109241e-01
-9.651238087546725186e-01
-6.445718730933097662e-01
-5.433252071361892588e-01
-1.092859788827447609e+00
-7.022630181192994758e-01
-8.215241761294935774e-01
-5.003067863450361141e-01
-7.553127598182560742e-01
-5.840492046075413946e-01
-6.039971069494204370e-01
-1.335424830259382745e+00
-1.652676754109674739e+00
-9.461701294665670892e-01
-5.892682463298666296e-01
-1.734617890556122477e+00
-8.351176418085564102e-01
-4.601914359163788437e-01
-1.245282481239222694e+00
-5.965237545612646075e-01
-6.027222389592624685e-01
-7.779623231695246277e-01
-7.384737286628102471e-01
-1.156280242975195272e+00
-1.020759592480781741e+00
-8.683951479578382315e-01
-1.036907837355845352e+00
-1.668366534196435103e+00
-5.573465089678185658e-01
-4.053725052906042015e-01
-4.216499930672525376e-01
-1.497463780370589470e+00
-5.791188124395272308e-01
-1.786638926387091653e+00
-1.422411533884129442e+00
-6.028065007402483300e-01
-1.114887741437408319e+00
-1.283717859907079983e+00
-1.436459345027919721e+00
-6.482515610081460711e-01
-1.066864074221730574e+00
-1.564402088669994750e+00
-3.890559992851684856e-01
-8.318658230764803818e-01
-9.382438408655854323e-01
-4.571270401125828720e-01
-4.373130476671914235e-01
-6.285048198655593943e-01
-8.974163330230908731e-01
-7.462592264346956661e-01
-5.251302417363351571e-01
-6.231923902417162431e-01
-8.016936128078436807e-01
-1.236878276934488374e+00
-1.024799549186838021e+00
-1.113509845542813848e+00
-6.363467545168808304e-01
-8.879123847283842963e-01
-1.531293663893353640e+00
-1.356187174518090677e+00
-3.778742535706293149e-01
-6.261130914813211046e-01
-1.103611657495409792e+00
-9.790573432303166790e-01
-1.484643229753291438e+00
-6.937638068696381222e-01
-7.027399528102390436e-01
-1.032260311730933244e+00
-7.665866937153823502e-01
-1.042277092620817580e+00
-1.226855039336108399e+00
-4.682722635511181730e-01
-8.301359802262454624e-01
-5.415054823717430077e-01
-1.008734212057411872e+00
-5.653925997046982399e-01
-6.746929242948986882e-01
-1.071938879869213768e+00
-6.819867907975618593e-01
-4.986838398362823943e-01
-7.072765672190234332e-01
-1.750872706394002831e+00
-1.110181361853487259e+00
-9.665652959657484722e-01
-7.169738008328429002e-01
-6.570362330125930628e-01
-1.031688707145754336e+00
-6.963505291956109122e-01
-6.569464802196935960e-01
-8.178829597036604282e-01
-8.047117890061403767e-01
-1.207515993456506509e+00
-5.274748684722784242e-01
-7.018920823709291490e-01
-8.277810712461867171e-01
-5.425093567060991218e-01
-1.534972006820713775e+00
-1.180677174694616527e+00
-8.004026447556349400e-01
-5.178392948028440745e-01
-1.841521179880157622e+00
-8.378143470262328085e-01
-9.056560298085221117e-01
-7.081702229815848293e-01
-6.345963604156034110e-01
-7.920579034687051934e-01
-8.215027804712508042e-01
-6.520266201832637387e-01
-6.158709431780140520e-01
-7.706436635750666397e-01
-1.465363950753494571e+00
-9.340197912178658246e-01
-1.255302723677610643e+00
-1.234583585452972532e+00
-1.029372758439560664e+00
-6.372702279584070428e-01
-7.453757688556872374e-01
-6.017846470812516779e-01
-8.751743403890287487e-01
-8.800600890459662207e-01
-1.470341698645282857e+00
-6.644777739573360931e-01
-5.239988804828915603e-01
-7.977566420958046578e-01
-8.187417169638567804e-01
-7.910943980835526412e-01
-5.183411205522395759e-01
-1.279070040711605349e+00
-9.931117199424721598e-01
-6.499836565442814740e-01
-8.480636844335768254e-01
-6.425096329091853908e-01
-7.672309797755193506e-01
-4.873821363762225189e-01
-5.530553707584603407e-01
-6.913940389682365906e-01
-8.892426516784175394e-01
-1.195394560825914665e+00
-8.670404230264475709e-01
-2.356549346062185357e+00
-4.277305625823192292e-01
-6.878457193769108580e-01
-7.959684022991213581e-01
-5.813337412414982808e-01
-2.251309981237849644e+00
-8.691966837429068171e-01
-5.241896282206653934e-01
-5.868808857992999783e-01
-6.803991039630712390e-01
-9.339990897397286718e-01
-6.648547593333187233e-01
-9.543572927249870386e-01
-6.506208280608472005e-01
-5.875244004377604412e-01
-1.071489804719848893e+00
-1.082087037991776635e+00
-1.636724979254478463e+00
-8.612103327674025532e-01
-8.784677701617071843e-01
-7.876481046151583287e-01
-1.695002142209667939e+00
-8.376182594226319056e-01
-6.973055959767463508e-01
-7.923105488400502550e-01
-1.147182936503132966e+00
-7.391321280501074176e-01
-6.548546874868496070e-01
-7.483287217391322299e-01
-6.358335602459588287e-01
-8.161031854616878078e-01
-6.467417479079222709e-01
-7.853551244502999795e-01
-6.066071241954872351e-01
-1.283558539521554520e+00
-8.457703053857578146e-01
-8.169489685948253532e-01
-8.984227609803199233e-01
-7.820725220284359125e-01
-1.411688717372949320e+00
-1.729230002229040553e+00
-8.417445639384331102e-01
-1.319011698861969561e+00
-1.307562522130294669e+00
-1.614181704516195470e+00
-6.048237109459866367e-01
-1.389253239735030565e+00
-7.097764074834410630e-01
-6.108253736161369796e-01
-9.826131188346310941e-01
-9.543385680169684804e-01
-1.087353722767744113e+00
-7.006626913175635352e-01
-4.760809240502893447e-01
-1.123899120290147824e+00
-1.027441656548523374e+00
-6.857929280837439245e-01
-8.735329827143170078e-01
-1.149195516903942949e+00
-1.273845873858954203e+00
-7.503099613567821846e-01
-9.265832190831764237e-01
-3.487355634714026653e-01
-9.822216177850313645e-01
-7.974065335483682126e-01
-2.237320008757762935e+00
-2.103883272660800774e+00
-1.014138229774058209e+00
-8.172633726296251178e-01
-6.437845311826307926e-01
-6.100924881235190167e-01
-1.188811131306869440e+00
-6.857974414172434141e-01
-1.066909890876981626e+00
-1.120325655298014311e+00
-1.194044381846588454e+00
-2.556673211780928767e+00
-1.630699163610447977e+00
-1.347951669280378129e+00
-8.028374222979742791e-01
-7.952013159570752165e-01
-4.273172576937462885e-01
-9.183979401329243064e-01
-3.826838217874603543e-01
-5.996720998910989309e-01
-7.314227167207230096e-01
-1.302578216068182693e+00
-5.617930098459898991e-01
-1.091842152922124498e+00
-6.067458423055902550e-01
-1.471237716658652328e+00
-8.100134162552187211e-01
-7.515492992345101930e-01
-4.647813072205703722e-01
-8.969625042772914059e-01
-8.251239395654766939e-01
-1.102891961127527409e+00
-7.888267028088727928e-01
-1.337650422227109948e+00
-5.191847837468048787e-01
-1.873511874695165114e+00
-6.533877526147930936e-01
-6.246284616967249237e-01
-7.445108667037574346e-01
-5.420596760069844589e-01
-5.460666052393357006e-01
-9.264442636309224710e-01
-9.625467104289199272e-01
-1.299773734093566668e+00
-6.658623865873736225e-01
-4.823421496345645099e-01
-8.846072497665823375e-01
-2.338276604500558520e+00
-2.012558919511668876e+00
-6.476246371541247715e-01
-5.681638847628946998e-01
-1.243399485363889667e+00
-8.022409460637494050e-01
-7.111078799543757434e-01
-8.469474711016868884e-01
-1.737751951658130567e+00
-7.832296238771137009e-01
-4.506877421753619495e-01
-6.270798309203997611e-01
-1.636733862348594082e+00
-1.146540071769428515e+00
-1.016015424189834482e+00
-6.466738761552863757e-01
-5.158616214079049245e-01
-5.693823545024637722e-01
-1.774471697992014541e+00
-5.968412902192929970e-01
-1.260023124158079710e+00
-9.822509618588216584e-01
-5.328029514124794641e-01
-1.677163843456031200e+00
-1.334449622035764449e+00
-8.812518192534666284e-01
-1.936379796215975668e+00
-5.501584954132122673e-01
-7.071152786128833689e-01
-1.023543791550755699e+00
-6.707278667836394925e-01
-6.621773993446905537e-01
-1.736631311000933264e+00
-6.463621043249404563e-01
-8.460842187499598710e-01
-5.984983164088317764e-01
-8.742607718048606147e-01
-6.395565062131350897e-01
-6.058467145482130389e-01
-1.404269529229571711e+00
-1.378106295281912086e+00
-1.600089381988589521e+00
-1.064791583838637701e+00
-1.938807247192305683e+00
-1.056804418935427536e+00
-7.523572268812557251e-01
-8.249349561718021251e-01
-1.245556309983052667e+00
-7.776304139491865275e-01
-1.168228185390881357e+00
-1.176914793610569498e+00
-6.047607894802193851e-01
-8.263241869656681171e-01
-9.317117767445723953e-01
-6.222902117945764422e-01
-7.605375975863194471e-01
-8.898314310752249989e-01
-3.302375358277356732e+00
-2.087754695460958043e+00
-1.156995627995116571e+00
-9.225077447577524348e-01
-9.751012530121150323e-01
-1.618194651976321286e+00
-1.351066581478332029e+00
-1.095767307668362722e+00
-2.764356666389491846e+00
-1.089053809201245393e+00
-6.971204251070691749e-01
-1.288263770914978901e+00
-4.938842660724655498e-01
-8.085579721394120511e-01
-1.102860936196404795e+00
-8.450811931230283180e-01
-5.171339079996311039e-01
-5.973762441316015082e-01
-5.008422953176242531e-01
-1.437953694912646352e+00
-1.180245563825340183e+00
-1.777169485406051797e+00
-5.180006883299960174e-01
-9.051969035783423712e-01
-9.545629268458013517e-01
-1.039713001387232660e+00
-8.055639928582736253e-01
-8.115679273034515084e-01
-1.957456463084467524e+00
-1.209514666397919491e+00
-9.046213375139737778e-01
-6.621435459822623271e-01
-9.167401139697646251e-01
-1.035260835409458791e+00
-1.146844442408992304e+00
-4.339866579158088156e-01
-5.933615407445934631e-01
-5.463678773987863391e-01
-1.776990369614436904e+00
-5.109434765258310529e-01
-1.449451585873875237e+00
-5.081864788803013289e-01
-7.504015423461469769e-01
-1.437596171879327533e+00
-7.553915207166834733e-01
-8.657176895457197041e-01
-1.151289081293944694e+00
-1.318554945303898274e+00
-7.714615757115700356e-01
-6.918883647100643186e-01
-1.701647166937290567e+00
-6.551723572968483067e-01
-7.692636947811765102e-01
-6.595753543067270908e-01
-6.523730335813614500e-01
-7.380242299143446871e-01
-9.812726775328994844e-01
-6.663669645737291258e-01
-1.780992598525893644e+00
-6.060714188983956641e-01
-7.762567597505529715e-01
-1.009632198660660674e+00
-7.301412532241883246e-01
-9.993702279639848918e-01
-7.974663235599620537e-01
-9.289316355311199036e-01
-6.692444856992202373e-01
-6.284297022765309437e-01
-4.821657922326006984e-01
-4.468903908485526988e-01
-1.595128877218751295e+00
-1.239323550467914981e+00
-7.568335198689687404e-01
-6.968828470246546392e-01
-1.353911150156050125e+00
-7.470695203986809085e-01
-9.028303146773642984e-01
-3.963338188864910516e-01
-1.170459028313090455e+00
-1.185867625670192105e+00
-7.337673299208650191e-01
-1.066731889898605790e+00
-7.603465864382819017e-01
-7.816065324936201097e-01
-8.605056553422922860e-01
-5.348671112018219542e-01
-7.037667077585386677e-01
-6.620942608438284971e-01
-5.439911365764502627e-01
-4.632160859384726881e-01
-5.976048641485764978e-01
-1.118363779516387213e+00
-5.835293872011607652e-01
-8.668554422861753928e-01
-3.785105032367984124e-01
-6.151101835213369506e-01
-7.944423376288990424e-01
-5.796927256939262696e-01
-4.806083020480192980e-01
-5.997443446016949009e-01
-4.172593142120821219e-01
-1.231993524268875984e+00
-6.286763564902378976e-01
-6.237468849839687968e-01
-7.955287884292290279e-01
-6.893127595611088232e-01
-1.048699002272159841e+00
-1.302746005971261001e+00
-8.209865828584846925e-01
-7.057764507787723796e-01
-1.311638284915648045e+00
-7.512592639619296575e-01
-7.720163389010851196e-01
-5.232666539769422753e-01
-5.995019992180147250e-01
-7.579388586583176712e-01
-6.349828047367079842e-01
-8.588101183030681929e-01
-5.944000662200359386e-01
-7.294068682719127006e-01
-5.333173290559842794e-01
-1.322255500061553901e+00
-1.027836346244760390e+00
-7.625938613904529317e-01
-1.079563760769375991e+00
-4.149781438145818124e-01
-1.667225580115120342e+00
-7.270351652915174601e-01
-6.703213297969293771e-01
-9.527039086695248127e-01
-6.867730710910251446e-01
-7.586349593584090778e-01
-8.926061581721446148e-01
-6.381168758456455814e-01
-6.992733663915492448e-01
-7.356679939259043177e-01
-8.720363380028275380e-01
-4.628509258948709792e-01
-3.698833181104689283e-01
-7.576798072427234354e-01
-1.085289967490687513e+00
-2.398345909955871491e+00
-6.890275254494735435e-01
-7.600869422254873387e-01
-5.793492411861862479e-01
-8.226147058630632891e-01
-6.410500302578623355e-01
-8.536158750061985101e-01
-1.241961902865290401e+00
-6.320006191036893206e-01
-8.972387757657925844e-01
-4.214472520647865594e-01
-8.548514838361196411e-01
-1.907745358241493605e+00
-4.629869419963493771e-01
-5.224065738587329033e-01
-1.615983672458157772e+00
-4.943461138029849322e-01
-4.140372258179534914e-01
-5.567420489434754538e-01
-7.014018654634072147e-01
-9.417526221867333902e-01
-1.261409569348812765e+00
-7.615538459970468965e-01
-6.306211316963842295e-01
-8.638685464111865997e-01
-5.851666138994169319e-01
-7.504466089881267621e-01
-7.613308409494622397e-01
-1.446231704974640042e+00
-4.309332098071549488e+00
-1.709118680382136102e+00
-7.363581158643781599e-01
-6.112314257815849583e-01
-5.927284347418964039e-01
-9.052429932544657776e-01
-7.481965036030066019e-01
-8.035304137816214887e-01
-5.554445456841522466e-01
-1.217244912241362442e+00
-7.085461206034191495e-01
-5.977516028918991031e-01
-7.569244680779806389e-01
-4.896825629442629890e-01
-5.920537886687008422e-01
-7.610812533934306900e-01
-7.694535128291504211e-01
-4.889409425139232823e-01
-1.302060496057820815e+00
-4.521353020939657408e-01
-5.583226681263800950e-01
-6.981360011839826685e-01
-8.082051814042490179e-01
-6.101360320266390191e-01
-6.783263661020719759e-01
-8.910295837839325994e-01
-6.586403943228597013e-01
-9.026472931373632491e-01
-6.158002926322575510e-01
-7.883864669031165340e-01
-2.323611662670141964e+00
-6.633272566255213887e-01
-5.620408640715476301e-01
-1.068513009418583515e+00
-8.048537303873660731e-01
-1.067256544749789704e+00
-8.944883040987812173e-01
-6.647520568419088560e-01
-1.110533308670440977e+00
-6.303344223060490803e-01
-3.041594340164879284e-01
-4.804890257121007813e-01
-4.210499757814220034e-01
-7.243920280087046137e-01
-6.312743064231672863e-01
-8.086640986867376091e-01
-1.556693604758343064e+00
-1.108613314335411104e+00
-7.661080818645999990e-01
-6.620420104515609694e-01
-6.045834153288296431e-01
-2.436466330584288187e+00
-3.705949374528491047e-01
-9.374910167269092653e-01
-6.142760938141755833e-01
-6.862114360695583670e-01
-6.720645743626941782e-01
-5.745958262851365017e-01
-4.906609947920443915e-01
-4.434904498660698358e-01
-6.804585264987075277e-01
-6.096659768446119898e-01
-9.615034249834741864e-01
-6.699231581736160290e-01
-3.281647239460063759e-01
-8.507323945123889120e-01
-5.393379570452155880e-01
-7.656713029770816359e-01
-1.983349426676363159e+00
-5.738558658917808364e-01
-7.063630970629268813e-01
-9.600167318417459628e-01
-6.904617358610640743e-01
-4.731487801489323020e-01
-5.445646921374612814e-01
-5.986576959724287939e-01
-3.760783008728851851e-01
-6.745214039508882209e-01
-6.727897486445002517e-01
-7.374228646688076871e-01
-5.359815624565340553e-01
-6.912903210707733725e-01
-8.402376196223004801e-01
-7.686648937278557359e-01
-9.009885359249630854e-01
-4.743958433665684260e-01
-3.632126354787397204e-01
-7.295397161878311998e-01
-1.071766026319931786e+00
-7.515721099917753723e-01
-6.232566137439947695e-01
-7.176446007887887779e-01
-7.126507965090398411e-01
-7.429667514417052088e-01
-7.183264394355388660e-01
-5.140159765575054163e-01
-6.527542414994479403e-01
-4.197466074436424499e-01
-1.519049361155954125e+00
-6.359938444631844101e-01
-6.630841206200521754e-01
-7.379721222456903096e-01
-4.426745360743395974e-01
-7.816925541648792608e-01
-8.766385426733951380e-01
-7.405938130667895081e-01
-5.293247033539120183e-01
-5.900318679176635994e-01
-8.765254822924590794e-01
-9.808388072207566699e-01
-6.285389779530258236e-01
-1.423877297109610751e+00
-1.908948104216989350e+00
-6.437776827249039879e-01
-7.824394245528005776e-01
-6.913829380640924560e-01
-8.534004924394898994e-01
-5.545511332257134773e-01
-8.139639499956894397e-01
-5.161205563994065715e-01
-9.338529248451065135e-01
-6.953915367314590368e-01
-9.623120046852600140e-01
-9.471975035377142582e-01
-1.694463927264616032e+00
-9.769240646196991618e-01
-6.366839373173723837e-01
-3.738630781583673346e-01
-9.466466931016030983e-01
-7.536732183638262805e-01
-6.364381692502565357e-01
-5.764730148575054614e-01
-1.537876706243446634e+00
-6.930255070373242399e-01
-8.335331310683053996e-01
-1.532466624517533571e+00
-8.958062819168115531e-01
-4.689646624777841777e-01
-6.935045228393618144e-01
-1.379730625054977455e+00
-9.189334413469943952e-01
-3.806184416896405409e-01
-5.662306350651301612e-01
-8.795469536762131613e-01
-1.336213334218623094e+00
-5.007842569294793655e-01
-5.204425896468977131e-01
-5.333905394225798569e-01
-5.452760822992023249e-01
-7.127567634830073162e-01
-4.501657919775597372e-01
-1.728817436966425980e+00
-8.406511910883941452e-01
-7.868837309065658259e-01
-6.846302220293225549e-01
-6.997445872296307323e-01
-5.902177883871022601e-01
-6.365942523288898869e-01
-1.485932783931850798e+00
-6.967180958012941794e-01
-6.119326952400770958e-01
-7.110114305164786375e-01
-6.581560778878611240e-01
-1.083225741978159684e+00
-8.812529917234426247e-01
-7.567474366274345998e-01
-4.982062913866355247e-01
-3.962667606986202684e-01
-6.756211305699757474e-01
-8.533538115843614102e-01
-7.867659711176145931e-01
-5.748846774973601637e-01
-8.718218567219090387e-01
-8.307560449279600689e-01
-5.177942612839445680e-01
-5.316658323671132891e-01
-6.132060666624132850e-01
-5.829809433055238577e-01
-7.403213771683329059e-01
-5.605177930459249724e-01
-1.139291589602555499e+00
-4.660428742241511380e-01
-8.399542748674883041e-01
-8.159302602444703512e-01
-7.266017316924081593e-01
-7.629515678077396501e-01
-5.932209314400858080e-01
-6.102280576044327720e-01
-1.176186623042540846e+00
-4.300820358558151701e-01
-4.344033474989804633e-01
-1.226855263262806472e+00
-7.107134906725328660e-01
-3.766464079963532385e-01
-1.586294367689210283e+00
-8.076960769999452783e-01
-1.059518930090786570e+00
-1.039518703680444078e+00
-6.064381748786048520e-01
-1.034590999575563552e+00
-6.296416665535696788e-01
-1.174560566500483461e+00
-8.006693519897005729e-01
-7.634128971905244088e-01
-5.975143126292153939e-01
-5.341417317940946319e-01
-5.674907659883702271e-01
-8.820380625233555927e-01
-1.468684032020674213e+00
-7.039499975912992813e-01
-8.673791293051118512e-01
-4.259663980652214632e-01
-5.782894478486503287e-01
-4.677468990462363418e-01
-5.611378579646716380e-01
-5.843821374444893024e-01
-8.700187192469907016e-01
-6.595369108107331790e-01
-7.541079984373149081e-01
-8.995065055484017247e-01
-5.996456822127314013e-01
-4.638370627688492842e-01
-3.746760978305659906e-01
-4.828315530619238238e-01
-7.707702990735374460e-01
-6.519610011186052212e-01
-5.745588881322173380e-01
-5.491992805190184512e-01
-8.444368255114609312e-01
-8.166054706769703131e-01
-7.031074303135054215e-01
-7.657570809690920077e-01
-5.860415188567189571e-01
-7.541400929886639126e-01
-7.961898028293977747e-01
-6.076574766040931941e-01
-3.942820737066884407e-01
-6.796858121035049827e-01
-1.156433465164074414e+00
-7.510760614076452679e-01
-5.269442220736978433e-01
-5.556785186013361022e-01
-9.790838008577135154e-01
-7.578460109572950909e-01
-7.132856772644113885e-01
-7.428096702804969365e-01
-6.984791660353995013e-01
-5.366081607670496467e-01
-8.699453806372149378e-01
-5.668044776206541124e-01
-7.741983624868248315e-01
-7.452544059113375141e-01
-6.068702157786985962e-01
-5.495139650610371129e-01
-5.262048832419291555e-01
-7.913709168369478242e-01
-7.119451612815203001e-01
-9.369049758145406859e-01
-6.818712894703876648e-01
-4.061054695361816513e-01
-5.576195134281499710e-01
-6.845733037234755791e-01
-6.901827968396899715e-01
-5.394653747046128656e-01
-8.355669846716659022e-01
-4.130753402111245753e-01
-7.051492540118103891e-01
-6.008233289064538463e-01
-3.828913374429263605e-01
-1.249739278376016394e+00
-7.404108125351133163e-01
-5.978166033986512806e-01
-1.198810250635542918e+00
-7.801658883225565111e-01
-5.354193270905412971e-01
-6.443772603468771454e-01
-9.058509358391182431e-01
-5.634153615440125051e-01
-9.994257434131793572e-01
-5.836454746533750182e-01
-4.226653707151045714e-01
-3.521496454884376348e-01
-4.653994157867709092e-01
-5.789722243183985650e-01
-1.588347785734477213e+00
-8.148365031595043995e-01
-6.457004239467741824e-01
-1.235728624435674661e+00
-4.005900486248612502e-01
-4.581239700517076852e-01
-6.035047020033668108e-01
-4.349844158575328357e-01
-6.908195119434225040e-01
-5.933706027602545507e-01
-9.524245668291488887e-01
-1.029658450039756090e+00
-6.841452067130773251e-01
-1.430936712350125095e+00
-6.353664310078765975e-01
-4.879568743068806724e-01
-7.287013985585851783e-01
-4.416821423635319821e-01
-6.170605769691885900e-01
-3.658602964430364146e-01
-8.234835780417300022e-01
-7.337052825603644912e-01
-7.138334119208077366e-01
-6.653785211722271775e-01
-5.560027195488039808e-01
-1.757185508924693051e+00
-3.798217954350218695e-01
-3.919626347504417407e-01
-4.930675041888963328e-01
-6.233621874437049737e-01
-7.918832412401541898e-01
-8.330427065235311845e-01
-7.551767749041510269e-01
-6.894904887045075759e-01
-6.180605634090355904e-01
-5.770963412410814453e-01
-5.580609148552838628e-01
-3.926067559860295098e-01
-6.292463089697591938e-01
-5.010614199630631926e-01
-1.413371273958252017e+00
-4.731248258122290329e-01
-5.865196021888836597e-01
-3.769477739541208239e-01
-6.349470142622997137e-01
-6.835261248444642890e-01
-7.134422726430103001e-01
-6.969371352697004696e-01
-8.865912182909900796e-01
-3.794096458463902533e-01
-6.204725378947897330e-01
-1.155562840011366887e+00
-4.385956740471654847e-01
-3.385795176348719848e-01
-9.785909272246177126e-01
-7.140883060459353171e-01
-1.034347972410089023e+00
-1.908011123506552220e+00
-3.942771541185051132e-01
-1.205060790144015126e+00
-5.567992513913894159e-01
-6.753469352148177007e-01
-9.720960736926824719e-01
-5.439207025627476044e-01
-9.006994057510636642e-01
-4.917439640444323801e-01
-4.450158664510079909e-01
-6.564248966673676966e-01
-6.210565269175644110e-01
-8.847483777584818077e-01
-6.017750311462685131e-01
-6.970170951463817710e-01
-7.855330682538411713e-01
-6.819309023844932760e-01
-6.508002660664705674e-01
-8.697801144639626392e-01
-8.201824727587933017e-01
-8.334364403476371974e-01
-9.797034052257971304e-01
-6.881951170856352995e-01
-6.574632549928752789e-01
-1.271478454887292164e+00
-2.007133833272135348e+00
-7.296373891314594795e-01
-3.779411730201078790e-01
-5.648177422291151828e-01
-5.334818887507574159e-01
-6.640896592071859894e-01
-5.205034349628671064e-01
-5.173509010412795650e-01
-6.728465615144408885e-01
-6.107110716488567403e-01
-4.518326294418520406e-01
-5.349406382004663341e-01
-7.523691921203859989e-01
-8.361589580890563811e-01
-5.323900622212357492e-01
-8.702159253127906835e-01
-7.330662345585725603e-01
-4.190163946883676549e-01
-5.873375181635488440e-01
-6.364864200021963514e-01
-8.208930021206362060e-01
-5.475146869960959561e-01
-8.944423397100477180e-01
-8.660431711671382482e-01
-8.380396515181028905e-01
-9.464767347763216598e-01
-6.515869228721700157e-01
-5.051857589563983897e-01
-7.506921595665850822e-01
-1.710337807757429163e+00
-6.184260485724233369e-01
-4.823464516564752169e-01
-7.207015113012094076e-01
-7.175972345600745150e-01
-7.731310680534686508e-01
-5.068913836774397996e-01
-4.218742689345564845e-01
-7.239663237261003692e-01
-6.179812486156344153e-01
-5.802805732183233811e-01
-4.827553023731307458e-01
-3.910476441283624038e-01
-4.184004227680393484e-01
-5.665295055442852723e-01
-5.707873768305024020e-01
-4.944158081760159362e-01
-5.418135830578004741e-01
-6.630112804209715716e-01
-8.016073867616343440e-01
-4.740582922858928572e-01
-6.084968576807572305e-01
-4.879753099076714062e-01
-5.499879708172246140e-01
-7.953376071181643692e-01
-5.646864259270157893e-01
-5.203500568529473291e-01
-6.126196496110545286e-01
-4.717229233825641077e-01
-4.967646487779401321e-01
-4.145712014474273177e-01
-5.777032641116679468e-01
-5.577565671565732908e-01
-4.396832039050647123e-01
-3.990437391688152480e-01
-5.391400603641457456e-01
-6.413461862178133632e-01
-4.977033535408643683e-01
-7.468243410992324582e-01
-6.655707100202866711e-01
-7.404220392684387475e-01
-8.283705458269502442e-01
-4.481536010241851109e-01
-6.629239433702761586e-01
-5.775408904106810182e-01
-4.998483090528649253e-01
-3.794225147868754977e-01
-6.224912831488109699e-01
-5.793498562501609994e-01
-4.565711634481793846e-01
-7.938845279920161424e-01
-5.253991947592191458e-01
-7.997361773566173948e-01
-5.794939098009040945e-01
-5.604628321075084685e-01
-8.108100332272941690e-01
-4.335587759557149590e-01
-4.952338698288983321e-01
-6.282993889667679577e-01
-9.733923676758607924e-01
-4.935082694628123989e-01
-3.559516943343371542e-01
-6.029286661051127538e-01
-3.980386743560411222e-01
-7.951393653347890167e-01
-8.162872671327106033e-01
-7.281458482592665371e-01
-6.085399694568403017e-01
-6.182063950002952835e-01
-6.019385657285328817e-01
-6.625965479485855791e-01
-7.451622138559200748e-01
-6.564317364204041994e-01
-9.741104995414882062e-01
-3.786129616423667410e-01
-6.641149870743493500e-01
-8.316558879431859008e-01
-8.456752270197681609e-01
-6.416076375981317748e-01
-3.269937072535476497e-01
-4.780987182723195339e-01
-5.252245682583676079e-01
-3.409109534071992909e-01
-5.147654106369952132e-01
-5.440318951705448436e-01
-7.655154647535994394e-01
-1.445177006468255421e+00
-5.388010011069358507e-01
-6.716416948388216346e-01
-3.883124570046585511e-01
-4.841978959614293698e-01
-5.019793090831080606e-01
-8.397394167162890444e-01
-5.676979428196481381e-01
-1.370804280348674631e+00
-4.978003636133305765e-01
-7.908324819752373669e-01
-4.035035908463496801e-01
-8.203732803023565667e-01
-9.057450048170819779e-01
-6.717261517138574112e-01
-6.758074860922909100e-01
-1.719429951529914069e+00
-6.447111848972616466e-01
-4.599837342281151154e-01
-4.432184853771691802e-01
-5.406101488225334428e-01
-8.448987444909205058e-01
-6.585637511386600584e-01
-5.667118514459666967e-01
-4.606932890743122844e-01
-5.504622654288378047e-01
-4.684885388548112317e-01
-6.231013388441742906e-01
-7.493374467052019705e-01
-5.904471346134375631e-01
-4.603791990189268213e-01
-4.508406063097395444e-01
-6.197629260059768219e-01
-4.349777495508322933e-01
-7.186782808274094769e-01
-6.330283283660431692e-01
-7.478540888169082912e-01
-3.706571139640560397e-01
-3.874881078643555021e-01
-5.104322545868852368e-01
-7.666655465032885530e-01
-6.433678452974234130e-01
-5.407836395506853133e-01
-1.003050251653837988e+00
-4.880599963196151636e-01
-3.562380782861675477e-01
-5.045148925835856168e-01
-4.512163568957706650e-01
-5.223266230535565935e-01
-3.628731323755858829e-01
-5.301300934263463160e-01
-3.736608204117232157e-01
-5.733473185048709730e-01
-5.873695440170176862e-01
-5.553469686076646372e-01
-6.422508446285040140e-01
-4.866548633355731179e-01
-6.182852900140279884e-01
-5.289002013221895115e-01
-8.109612288259691049e-01
-5.759381324224098764e-01
-8.163375782956019400e-01
-6.183038062444858873e-01
-8.723721654710477891e-01
-6.438526573647551654e-01
-6.960953701245544689e-01
-5.630362324440919553e-01
-5.181368152656977699e-01
-7.747566903953984063e-01
-7.339543125657337352e-01
-5.694652844038542439e-01
-5.922968502181852335e-01
-7.533880109319752716e-01
-1.341666235987187594e+00
-7.050979707981590572e-01
-6.999161496852169817e-01
-6.820520604919253493e-01
-7.003400490783253662e-01
-6.609677812347259929e-01
-6.920231158626298784e-01
-5.465025338700485458e-01
-3.709833867534279572e-01
-7.408946326536322013e-01
-5.639730358004739763e-01
-4.940400601866919983e-01
-6.946951820950264533e-01
-5.252167368858161600e-01
-6.660510975531822586e-01
-6.479022538022548572e-01
-5.616438442351815441e-01
-7.259934613088470101e-01
-7.884390831925778276e-01
-7.350778350139204331e-01
-5.553143734769254714e-01
-5.982346463342456122e-01
-4.641586389786152567e-01
-6.863365873637866654e-01
-5.667069292265302094e-01
-1.315239416668856798e+00
-3.820623009452169261e-01
-4.742201663757060759e-01
-5.509064557284253372e-01
-6.120470622112074155e-01
-6.836378639688700520e-01
-3.889172539359496694e-01
-4.566266295943289810e-01
-5.679795572283995453e-01
-5.418496397658911778e-01
-5.677959216240681117e-01
-8.019263584893525643e-01
-7.957998721560985977e-01
-8.835434798517388666e-01
-4.699375250977529395e-01
-6.461714562137291784e-01
-5.014985954884376707e-01
-4.677541872632576814e-01
-5.345006828947221900e-01
-1.883336330386918611e+00
-3.543575610863121117e-01
-7.398856035466860881e-01
-4.691881724601243420e-01
-8.800837358556182766e-01
-5.518636303854368430e-01
-6.088546794095246462e-01
-6.252622866127207635e-01
-6.100801837155770402e-01
-5.793871654760390788e-01
-6.718375500372332221e-01
-8.704620895427028771e-01
-3.430884094839656284e-01
-6.174429496545508211e-01
-5.450468500469511923e-01
-5.532108013193967055e-01
-5.447946716080066532e-01
-6.304379694048137805e-01
-5.551917371546578606e-01
-4.759303080394154950e-01
-3.448518116877755113e-01
-3.963877135146504083e-01
-5.202682866290968544e-01
-4.641530614554021383e-01
-8.645646855595010560e-01
-5.889124842782588187e-01
-4.635965050479942118e-01
-5.047484615233760463e-01
-4.799871173525231405e-01
-6.929993526816532468e-01
-4.821515737244105315e-01
-6.590028559128269237e-01
-6.070916660528867803e-01
-5.100140694277847109e-01
-7.234754172296015140e-01
-7.276561438658299963e-01
-7.871101662625790141e-01
-5.156746996259993221e-01
-5.368488730946829879e-01
-8.858847910498697242e-01
-6.108980794568451556e-01
-4.812141875898888199e-01
-4.438884228707404844e-01
-5.045435511795083316e-01
-3.692940296275938894e-01
-6.309487594704613622e-01
-9.010134446219248971e-01
-4.093056216593285446e-01
-5.988271817536428010e-01
-4.260332138833713422e-01
-1.078858954453624230e+00
-1.146930731226499800e+00
-3.889366275287053365e-01
-4.455440008325879386e-01
-6.510694294309569141e-01
-4.505270621598224667e-01
-5.243248271216720546e-01
-1.470050411398851287e+00
-3.920657473012614247e-01
-5.340755024652135141e-01
-5.231356969791383094e-01
-7.028675812460789540e-01
-3.391314023657910348e-01
-2.875982901344272258e-01
-4.857621893414230119e-01
-5.929094514256314508e-01
-4.651807857395299228e-01
-9.045175236171945077e-01
-4.932173129323001448e-01
-5.340187940736269567e-01
-4.900944025520322378e-01
-5.035842551864758709e-01
-7.290815328224790060e-01
-5.613746619712812747e-01
-3.839487826982531660e-01
-6.122356414671603630e-01
-7.371667894515517849e-01
-9.043715102050259302e-01
-6.296910690027452961e-01
-5.652963417290182147e-01
-6.418010160556812949e-01
-5.981344725992542299e-01
-4.043713952288826019e-01
-4.352736250680575569e-01
-5.718655747608579754e-01
-5.090704183508942826e-01
-3.124526612910177303e-01
-9.091366354650883830e-01
-1.563899053504417713e+00
-6.286335125042793459e-01
-4.045087413278126709e-01
-6.508156450107275282e-01
-5.500291515929115471e-01
-7.199441879512340492e-01
-3.552073536511314300e-01
-5.130578113683512687e-01
-5.221944489718270965e-01
-4.576697428042120763e-01
-7.150854400655427545e-01
-4.892687840252891163e-01
-4.517154297621225334e-01
-4.691377935898499718e-01
-9.294009539272374276e-01
-4.544297102870373806e-01
-1.423958763112554537e+00
-6.051161712847851204e-01
-8.424980882996284670e-01
-7.936315161858843448e-01
-6.019889408798616559e-01
-1.742881692056626131e+00
-3.590258387647345395e-01
-5.339262951462216966e-01
-5.227842701836217243e-01
-5.515435464608064997e-01
-3.596634164900122110e-01
-1.664177881666939252e+00
-6.285336375072132498e-01
-1.592630355115403518e+00
-4.204318210202299122e-01
-7.611076642905343359e-01
-4.005614204658460853e-01
-5.999278317066913946e-01
-6.550983001941842465e-01
-5.317488466761979282e-01
-4.290183259622479817e-01
