-9.842402229658432589e+00
-1.117115808290109413e+01
-6.186343653308623125e+00
-7.873442248908570917e+00
-1.126827903336362091e+01
-1.047947874364680843e+01
-7.128681468809128674e+00
-3.381394813562293766e+00
-1.509589055695762916e+01
-8.413012159282242663e+00
-1.222392753362544582e+01
-9.129578536593927041e+00
-1.199871425510497680e+01
-1.265603002783765696e+01
-8.296712661878892447e+00
-7.630108843706391752e+00
-7.533814011304383662e+00
-1.599066651185794719e+01
-4.006921149936062854e+00
-1.062860775962449544e+01
-1.512483067943485260e+01
-1.762065698775180422e+01
-1.085034248126534528e+01
-4.976004056275230347e+00
-6.759596622503051044e+00
-7.393922535304930932e+00
-1.381663400031878375e+01
-7.097732509754079544e+00
-8.460035407356340187e+00
-8.580675253788387025e+00
-1.193094977166448345e+01
-1.061298422009430453e+01
-1.477610679174137687e+01
-1.003514375452325424e+01
-1.441105144431678120e+01
-8.270053611703449548e+00
-1.358949319469745909e+01
-9.868467045812369776e+00
-1.142723062485074692e+01
-9.364133933510965235e+00
-7.969083830687750059e+00
-1.334576662279469694e+01
-1.038410607074342806e+01
-1.335900886094128026e+01
-1.755912050447371442e+01
-1.118215091984905740e+01
-9.467929023936290989e+00
-1.528379294547703005e+01
-8.102572767041126056e+00
-1.531248492537050510e+01
-1.059013655388627839e+01
-1.478519146261026940e+01
-6.192026904415294020e+00
-1.473663483180181899e+01
-1.212298334226917618e+01
-1.587646042786070133e+01
-1.850225475353103377e+01
-7.045060160802588456e+00
-1.238368543143386802e+01
-1.367311209612317136e+01
-1.777504102343694470e+01
-1.342545799549658803e+01
-1.714778338477260888e+01
-1.025465353475151353e+01
-1.629331922557972590e+01
-8.378177242127614832e+00
-1.281187972584010915e+01
-1.548336422334004325e+01
-1.628449375299785018e+01
-2.560372502935790706e+01
-2.157591795563874371e+01
-1.054181685744607933e+01
-1.374034369106077769e+01
-1.933158505294608531e+01
-1.093996055150967450e+01
-1.931029031742757240e+01
-1.021508784315718721e+01
-1.572832780063636271e+01
-1.206305205818085646e+01
-1.203242396129260783e+01
-1.108550927348782800e+01
-1.100623430034923800e+01
-1.583721442108572042e+01
-1.058894281715447327e+01
-1.333499722872806004e+01
-1.454741729476027068e+01
-1.035236461098911320e+01
-5.866260506787158491e+00
-1.283386571709799640e+01
-8.709743375922647246e+00
-2.145090611209808706e+00
-7.486644178623692802e+00
-6.818301496097459058e+00
-8.193898354733274658e+00
-9.369975813985819357e+00
-7.222703111914373864e+00
-1.116781575911899616e+01
-1.084085915410804901e+01
-6.929141708004872058e+00
-1.527570208828383613e+01
-1.319906220490841875e+01
-1.335061259429757285e+01
-1.301370142055829504e+01
-1.330893625477996700e+01
-6.518596539966014625e+00
-7.443365178680648953e+00
-1.610134489276489589e+01
-2.101513323753315987e+01
-1.871085730252298163e+01
-1.180769397323821757e+01
-1.121490339935486880e+01
-1.555638054556540339e+01
-1.290481485265731365e+01
-1.246097741319016805e+01
-1.489183410213194136e+01
-8.979014691923977054e+00
-1.020524093769723883e+01
-1.088458254693919436e+01
-1.482983153113547736e+01
-1.673772344738519635e+01
-1.500998256694820476e+01
-2.129834180632785845e+01
-6.251510723326646257e+00
-1.483743525189496104e+01
-1.746479127832904510e+01
-1.385472847484698278e+01
-2.235883115300996948e+01
-1.698829758302740700e+01
-1.735229046457505930e+01
-1.757391263446621821e+01
-1.454165815387188943e+01
-2.209132290028887979e+01
-2.056977780349508933e+01
-9.401503903677282281e+00
-2.209237646155846591e+01
-1.518246016813246868e+01
-1.786315414127605905e+01
-1.506569024027914594e+01
-1.186951570533570077e+01
-2.252405031272884273e+01
-1.921660732412102135e+01
-1.628652877036826396e+01
-1.926032764378109974e+01
-2.270096593022389442e+01
-1.484511525110618102e+01
-1.984958709832057266e+01
-2.345837487886107908e+01
-1.606718611655972495e+01
-1.831708302385692022e+01
-1.744501805511329806e+01
-1.085602576902501326e+01
-9.011402503865950209e+00
-3.126721498577134106e+00
-8.271032956712428330e+00
-8.688048445482140281e+00
-1.323838666867823122e+01
-1.056270753342285573e+01
-1.253557629332482648e+01
-8.624615354808222278e+00
-1.225747807278320600e+01
-9.823843364826974067e+00
-1.861544427076314889e+01
-6.116743451505738172e+00
-1.281143729327224534e+01
-9.751220855777841479e+00
-1.304761450010494706e+01
-1.527683077306753567e+01
-1.171374981548293626e+01
-1.255742417217245155e+01
-6.817194300927925887e+00
