-1.270873407248612175e+01
-1.867605958648983489e+01
-2.023900589941129979e+01
-1.319260271415273422e+01
-1.890790163634377663e+01
-3.417718659638502032e+01
-2.850482409355862856e+01
-1.161338496089052619e+01
-1.466565301868035931e+01
-2.228983845376988171e+01
-1.701321267270919080e+01
-1.587339271410374586e+01
-8.851106791969263199e+00
-4.411984562901793971e+00
-1.184661921885951941e+01
-5.442256028393598122e+00
-6.238967745698311695e+00
-1.005300726425379310e+01
-1.324927433967433110e+01
-6.532916070549016574e+00
-1.459496836134587738e+01
-1.393790291987630425e+01
-1.617266447449134148e+01
-5.377718779579748976e+00
-2.432927322269829773e+00
-1.000448360480046084e+01
-1.494551303833486600e+01
-1.578466868032510639e+01
-1.134121685011788472e+01
-1.438192903802323031e+01
-9.461049196450893817e+00
-1.118554049712797749e+01
-6.663699648093760253e+00
-6.174220105390714863e+00
-1.233708189521401977e+01
-6.619838925227858439e+00
-1.576567721242595432e+01
-9.206338202113872882e+00
-7.817317070695662728e+00
-9.522334281177801785e+00
-1.135737860863334170e+01
-7.832026016790647915e+00
-6.422839894626985568e+00
-4.647527775090843249e+00
-1.025010205627000559e+01
-5.105584501124833530e+00
-6.319917644449729366e+00
-6.250131333389082222e+00
-5.844211119124301135e+00
-6.643375724288312689e+00
-5.177773554524096156e+00
-7.114912441362466033e+00
-1.757196781458078760e+01
-1.011526366856866943e+01
-8.213427872182416323e+00
-5.973264104214776715e+00
-6.622563046096688666e+00
-1.044009754710202298e+00
-1.189364557462678107e+00
-3.637069363930585553e+00
-4.429040422587986470e+00
-2.861552847964543567e+00
-2.314424638346689544e+00
-1.767433990836657642e+00
-6.364955514518518598e+00
-3.072772473451845787e+00
-5.217818292626946963e+00
-3.716939522888430325e+00
-1.584023878306729305e+00
-2.662713953938573574e+00
-5.188399613671589528e+00
-6.662718672537503828e+00
-9.562662959258648954e+00
-3.069916464381890364e+00
-2.726850344952350014e+00
-1.625759921753169746e+00
-2.722262815641859124e+00
-1.888251568639853328e+00
-2.473102886767638342e+00
-1.592275727325038526e+00
-3.312279253608260809e+00
-2.031338025505264877e+00
-3.033672053906812494e+00
-2.537223738276075391e+00
-2.084404910536898026e+00
-3.550669789475123572e+00
-2.516269809536512803e+00
-1.765786067223534372e+00
-2.291767392884383803e+00
-3.328063281771065807e+00
-1.959598415944681982e+00
-2.439317496937121632e+00
-4.334071978797306102e+00
-3.292308803856254684e+00
-2.557824501416585239e+00
-2.396869473556477281e+00
-1.522749657539037793e+00
-1.687963108844697357e+00
-3.604816723089214303e+00
-1.847548716875497821e+00
-2.455970037252460880e+00
-1.988204995610991732e+00
-4.715356204572217713e+00
-4.298967879870718711e+00
-5.239359640734429391e+00
-6.526236391103734213e+00
-1.159433418520624492e+01
-8.880798696621734933e+00
-1.199755622601447946e+01
-6.845809725980449123e+00
-9.233629639928006227e+00
-6.070092556847903609e+00
-3.947002418462805196e+00
-4.723698672855255687e+00
-2.430744646791448638e+00
-2.204972594213660653e+00
-2.998044168959957734e+00
-5.895338847781989244e+00
-7.548908233888031560e+00
-5.275128892905512679e+00
-5.165745927260102732e+00
-4.030961385114877338e+00
-2.208885546699523861e+00
-1.917488442444350127e+00
-2.360259620704116656e+00
-2.492052621800386447e+00
-4.305061761592923197e+00
-2.661224581127763500e+00
-3.450758965806415723e+00
-2.257590390097679922e+00
-4.076611081523680014e+00
-2.668384276583792403e+00
-3.029236962792676735e+00
-2.738419049629095436e+00
-3.411044153198617757e+00
-3.777161599539007319e+00
-3.692917105474315953e+00
-4.787373076635390134e+00
-3.199679469772605422e+00
-3.028566275399152463e+00
-2.522266100459265470e+00
-4.604490175920682660e+00
-5.442012375940599611e+00
-2.513975318555389471e+00
-4.155510487141454767e+00
-2.865595981390623770e+00
-3.404184083554084861e+00
-2.954866974518659539e+00
-8.326457757006767935e+00
-7.658637072526397027e+00
-4.148867119256245850e+00
-3.992932641101849089e+00
-2.986065880302215536e+00
-5.524753113876886168e+00
-3.675907427771655911e+00
-3.414622042992944362e+00
-2.763006254941958506e+00
-2.145960719321332366e+00
-2.326846444766475841e+00
-1.950756353102857110e+00
-5.167878381036195456e+00
-3.344581660672741652e+00
-4.230289267486029736e+00
-5.185141303294890314e+00
-4.026939009878746312e+00
-3.067528507805196369e+00
-2.520178607278348526e+00
-3.926626730072828586e+00
-3.907089502098477940e+00
-3.095589131848663911e+00
-2.549549556340561463e+00
-2.991574957673318380e+00
-3.067030384903352669e+00
-2.564665875225514036e+00
-2.859031320176989244e+00
-5.229831323214981786e+00
-3.753675225804843141e+00
-3.626329277253966143e+00
-2.397191420566016973e+00
-1.773296951850528824e+00
-3.727341759945202782e+00
-3.419064226015546826e+00
-2.605174032766501835e+00
-1.714336170503318657e+00
-3.056453335085343781e+00
-2.983428217977311725e+00
-1.067818230089934595e+01
-1.105729237004632992e+01
-1.093420953415091645e+01
-2.575963590263522285e+00
-6.678504053097483961e+00
-6.316159039552906584e+00
-5.325619052904079886e+00
-3.358320910226114453e+00
-2.052155368872058627e+00
-5.289152173383343758e+00
-4.847652976730057794e+00
-2.132145967661995378e+00
-6.277013666216625154e+00
-3.580046406758421895e+00
-4.277719008650167964e+00
-1.789520723620190878e+00
-3.005624799698987992e+00
-3.263373590755931808e+00
-1.952289797056674603e+00
-3.362153449978672715e+00
-4.193981814413598741e+00
-6.573337804645746019e+00
-4.329615292988576059e+00
-3.308585079821093178e+00
-3.143263944328277937e+00
-4.929738990693248724e+00
-2.288443927213072548e+00
-5.159490181357481831e+00
-2.621460062893106180e+00
-3.175523616741027233e+00
-2.286716985874383212e+00
-3.496709866809514011e+00
-3.929189504755388196e+00
-3.962803576207313938e+00
-6.416638070345536349e+00
-7.021554245680878381e+00
-6.605137732751916069e+00
-2.225587946486155655e+00
-2.523405056335502827e+00
-2.269337895254592397e+00
-3.201586072139429362e+00
-2.031915016571786303e+00
-2.415698285080645213e+00
-1.712791348418774229e+00
-3.303422197503624869e+00
-2.333688151355233220e+00
-1.753949500601774014e+00
-2.048257442838889997e+00
-2.105082217640176001e+00
-1.561268732520262770e+00
-2.227881064899575492e+00
-1.280223002363797491e+00
-4.046987156525827523e+00
-1.772444930604518909e+00
-1.589346520910420946e+00
-1.037703385178470272e+00
-1.646810334345340632e+00
-3.709445751846477179e+00
-3.204576891532767480e+00
-1.695577335638414285e+00
-1.696234007119212572e+00
-1.907513099875222107e+00
-1.151616504305994049e+00
-1.681397074285073900e+00
-2.173358665425024761e+00
-1.883226547575183041e+00
-4.423171353682612050e+00
-2.404819095373850413e+00
-1.486225278483890300e+00
-1.976991995072236552e+00
-3.393555289479690096e+00
-3.481848589359240354e+00
-2.574816520834632971e+00
-2.705404121281650198e+00
-2.952428100777009234e+00
-2.955382371577554235e+00
-1.334756126265295384e+00
-1.694467008300155841e+00
-2.253051750716829282e+00
-2.091404087843882209e+00
-1.683924872026088870e+00
-2.880338901772380833e+00
-3.117565364257987248e+00
-2.170621218756627613e+00
-3.690628723867692251e+00
-2.164619631486770501e+00
-2.275820683636757380e+00
-1.266442050946317677e+00
-2.441947094705376298e+00
-2.970335951902196570e+00
-3.140162468067610568e+00
-3.549352647842133113e+00
-3.288521087686148370e+00
-2.626849067493829626e+00
-3.691598201871084228e+00
-2.777273075279445003e+00
-4.174785147733862445e+00
-3.754857490674332610e+00
-3.602151903314146253e+00
-3.042889121510330863e+00
-2.391595252835362562e+00
-6.469322237836992784e+00
-9.334293351282967777e+00
-5.524099229865690575e+00
-6.723506165549275160e+00
-4.701498772015131777e+00
-2.815375479723707830e+00
-3.210343866588688755e+00
-7.090173278957100145e+00
-7.555366235386409279e+00
-7.696173385128938449e+00
-3.783731526338203643e+00
-6.820038077183425251e+00
-7.452294233876573415e+00
-3.056441174482132705e+00
-2.531759331332165353e+00
-1.925106932786602609e+00
-1.022501431650785220e+00
-1.301026867073605153e+00
-4.362783773079235594e+00
-3.571292091836340443e+00
-6.017796122595714614e+00
-4.682475817805393348e+00
-2.660853222793162054e+00
-6.331979975866726562e+00
-3.400420833697290757e+00
-2.631656460660981800e+00
-3.327497162231190853e+00
-3.760746104366567977e+00
-4.026865604949020572e+00
-2.623386601290274900e+00
-2.877542000171447789e+00
-5.512203254887437787e+00
-6.687058043299669130e+00
-3.864180417507603771e+00
-4.562422696806330613e+00
-2.750916971791371068e+00
-4.723416205191803385e+00
-6.961704702036812797e+00
-6.055024762454922715e+00
-2.780129692784246043e+00
-2.357725258137625790e+00
-6.593535048335999349e+00
-6.024441665351477404e+00
-5.105428766451904465e+00
-3.345964509473369208e+00
-2.462691702876254052e+00
-3.646075981479100392e+00
-5.125720230558266977e+00
-5.403229046007767877e+00
-5.036379316314572030e+00
-1.646035880589969524e+00
-2.026869149793402602e+00
-3.024570267279456548e+00
-2.080249815147946268e+00
-2.274819547397173736e+00
-1.477216757359693489e+00
-4.296825881949317250e+00
-2.481933329271809541e+00
-2.581539649224022792e+00
-1.851798621547828372e+00
-3.792106985759153837e+00
-3.230474406349034933e+00
-1.839755277028247704e+00
-2.085558578552243247e+00
-3.352936711055672259e+00
-5.133564137042643694e+00
-4.175514004943233104e+00
-4.005059651891621719e+00
-2.873746674794583900e+00
-1.356774949417587139e+00
-3.766622179428594563e+00
-3.010981027378071939e+00
-3.633931506635635245e+00
-6.019411166905260124e+00
-4.688347937853878378e+00
-6.767490011412180095e+00
-1.122745720973149020e+01
-1.251638167256301237e+01
-1.664974086319525526e+01
-1.469911843039541743e+01
-1.623826066446093108e+01
-1.672606693088948049e+01
-1.360156523402415552e+01
-1.116174653140919126e+01
-4.972201659733866741e+00
-7.055096846830647195e+00
-8.160402410674644003e+00
-8.733796617671954365e+00
-1.177220186449812900e+01
-8.205892997683669421e+00
-1.169942531650359641e+01
-1.112354466803179420e+01
-7.691057637463593721e+00
-4.479539529513767881e+00
-5.521031229792199291e+00
-4.935957800112416471e+00
-3.598788183004022923e+00
-5.863864798199703188e+00
-5.931709409635153918e+00
-5.799198215852386262e+00
-5.436376353552223151e+00
-5.797323974873336283e+00
-5.032621636819346378e+00
-4.798609616223288299e+00
-4.391281627726693948e+00
-3.632607158678011317e+00
-4.197088154546073646e+00
-6.184160659866656751e+00
-6.233299428930816788e+00
-6.161043115504303280e+00
-5.862522250004357005e+00
-6.613103881202133216e+00
-2.209015459774791967e+00
-3.032345472075729020e+00
-3.013782288894019334e+00
-4.021703904152717612e+00
-2.065652384204007763e+00
-1.637616695634368513e+00
-3.614151019559572298e+00
-4.255147146883991205e+00
-4.484346686416647465e+00
-3.334684516300448820e+00
-3.787397996312159787e+00
-5.373479115129299544e+00
-5.056271392223761652e+00
-6.111292624489609082e+00
-3.236633980285794188e+00
-3.610992097344294827e+00
-4.726425094493331258e+00
-6.379311753371387894e+00
-4.094687554948715835e+00
-2.014353739132413779e+00
-1.917136897922259386e+00
-2.314676691536170505e+00
-1.851443847243433805e+00
-3.762899060285269659e+00
-1.114181442958360524e+00
-1.590576025647605585e+00
-2.006995180587822780e+00
-2.313179546176002077e+00
-3.194364722495067532e+00
-1.876707822483919985e+00
-3.247233639659020010e+00
-2.602599793464815292e+00
-3.225372319399358201e+00
-2.795206714697920258e+00
-2.227349928452778460e+00
-1.961103348946691360e+00
-4.195086011748008659e+00
-2.514497383493206506e+00
-3.496036402078612326e+00
-3.009715432973759430e+00
-1.765260053393487683e+00
-2.268252124029054961e+00
-1.799835489540147160e+00
-1.662969533825342960e+00
-2.361308776734386328e+00
-2.238312544483145317e+00
-2.978565826507783232e+00
-1.819620935928950134e+00
-2.923925248728350024e+00
-1.798656417930091678e+00
-1.073336042623076247e+00
-1.777295255324540468e+00
-1.537675219874425458e+00
-9.373986088553113438e-01
-1.829588076328644952e+00
-1.930132027678667095e+00
-2.243425016275136574e+00
-1.488473959021726412e+00
-1.455212746250118094e+00
-2.279240055667648868e+00
-1.222267477387267265e+00
-1.404296186061719354e+00
-2.113336888949262082e+00
-6.813824652694484563e-01
-1.443193476083389770e+00
-2.976246217941341587e+00
-1.651123246162125913e+00
-2.605440944336491427e+00
-3.317705533527273598e+00
-2.151855221417266151e+00
-2.147625951153716350e+00
-4.141359591240265203e+00
-2.215177628568229640e+00
-2.666390464653029202e+00
-2.552485230757250534e+00
-2.159101769731024412e+00
-3.371289944975195407e+00
-2.103982153854927262e+00
-2.321154854081565411e+00
-2.979397975099331575e+00
-2.478747382501237162e+00
-3.809154799698473148e+00
-1.748884389684798757e+00
-2.279303143876042270e+00
-1.327747387649570898e+00
-2.037590029586309193e+00
-1.673870908769814703e+00
-2.544918904248576474e+00
-1.453802526025771202e+00
-1.801662299999194250e+00
-1.251605464000280721e+00
-1.180674445907482051e+00
-1.828127404294233260e+00
-1.684010217339606541e+00
-1.066427702968378854e+00
-2.498499644021825006e+00
-1.558089119672595890e+00
-2.481519710158207381e+00
-3.780480728666611334e+00
-1.804328779954071482e+00
-1.815587391264153139e+00
-2.021744202203815899e+00
-2.038452549148757953e+00
-1.551831601403415029e+00
-2.076770152819852999e+00
-2.499428584175910295e+00
-2.385356073381748043e+00
-1.126363133181114584e+00
-2.194994409136167501e+00
-1.920558780227351159e+00
-1.553880478835084178e+00
-2.325699019681284341e+00
-2.737910188845767312e+00
-2.182937562710674406e+00
-2.654837956992472492e+00
-2.395300953973270364e+00
-1.690131053232680980e+00
-1.390876828989833225e+00
-1.917507197924537055e+00
-1.686816353188921314e+00
-8.724288695650226355e-01
-1.348608772152589896e+00
-1.152488405243635050e+00
-1.551699010795988265e+00
-2.775867340730322042e+00
-1.478767822058654646e+00
-1.463937684663474403e+00
-1.522858940099999003e+00
-1.009933041614311966e+00
-1.350559865839792151e+00
-1.447444882417725953e+00
-2.159413643089485024e+00
-1.804645147922363968e+00
-1.699525765392516652e+00
-9.986488225495553372e-01
-1.779371910025549175e+00
-1.584163837858784785e+00
-1.188144082948179303e+00
-1.622762134869956574e+00
-1.491805337278914401e+00
-1.994288515343752399e+00
-1.876981289977991407e+00
-1.405828403981566943e+00
-1.131184908973851266e+00
-1.814340602596855812e+00
-1.688141159999151153e+00
-1.198670295553744936e+00
-1.607063573134739132e+00
-2.378777153127357380e+00
-2.584833170129890334e+00
-1.237082356604103595e+00
-1.257402406365270453e+00
-1.201638517287815455e+00
-1.981317947345568875e+00
-1.296936857382876784e+00
-1.729137056409280948e+00
-1.336266823117646219e+00
-2.012369224917028632e+00
-1.313853440910762060e+00
-1.536428314961726826e+00
-1.276725386870345424e+00
-1.298603811779458272e+00
-1.877219113519917881e+00
-1.829421377066002163e+00
-1.641395986269439389e+00
-2.267198122988237863e+00
-2.230675348774649791e+00
-2.622351696948932886e+00
-2.359998497566820674e+00
-1.678294717140039083e+00
-1.007469169585107460e+00
-1.305793484552825845e+00
-3.468833485847104825e+00
-2.255559405475314971e+00
-1.596194492111732366e+00
-2.735288329980257949e+00
-2.785038714263457393e+00
-1.627788444897763309e+00
-2.305228067709896855e+00
-3.645434323779697117e+00
-1.395903733776124644e+00
-1.523046494328765377e+00
-1.478349218907975215e+00
-1.485383724754578694e+00
-2.092247794471649769e+00
-2.619326323941685075e+00
-2.221608439675637925e+00
-1.023738887613366622e+00
-2.521959586725870839e+00
-1.441853831920732798e+00
-1.790704424531804895e+00
-3.262903766803801897e+00
-3.181431116681790794e+00
-1.477675734060077017e+00
-1.391539334570309538e+00
-1.928464241964909842e+00
-3.330577833575938396e+00
-1.065275143403893843e+00
-2.402095289066385142e+00
-1.623445781553863876e+00
-1.252403106816640355e+00
-1.363586029521668630e+00
-2.518975112715578391e+00
-2.629701392736006227e+00
-1.698243760499973165e+00
-1.814278421436270161e+00
-1.669532387506020177e+00
-1.444238430324424449e+00
-3.043608504784668156e+00
-3.280404835043774892e+00
-1.109214837290354305e+00
-1.531396048283532263e+00
-2.476851312516942905e+00
-3.233343508523903065e+00
-1.563802308299649502e+00
-3.611330483771644673e+00
-2.443051380784190041e+00
-1.044380781630881216e+00
-1.660544108531050389e+00
-1.467822493584166166e+00
-1.634251603052688573e+00
-1.157553720111953233e+00
-9.646883413285974873e-01
-2.030213457428920787e+00
-1.528940480786010081e+00
-1.782781749823642903e+00
-1.468742016360217617e+00
-1.362057304518623946e+00
-3.101364817722995770e+00
-2.565470419626404208e+00
-2.086192250825853911e+00
-1.534131382415204747e+00
-2.459323526929826365e+00
-1.498096318480627742e+00
-1.493750170199756200e+00
-1.838735090442015663e+00
-2.887858142076907164e+00
-2.918143603362957972e+00
-1.732047272206291844e+00
-2.184482675684267683e+00
-2.200862945965678996e+00
-2.375197637237740800e+00
-1.972805422751117588e+00
-2.067259930604846918e+00
-2.034838890444051973e+00
-1.886283392577821516e+00
-2.198498023804475565e+00
-1.661912619399351421e+00
-2.007117035723172904e+00
-2.566368639515177019e+00
-3.236064954512268166e+00
-3.021314239543557267e+00
-1.860819299464830046e+00
-1.836079456369004159e+00
-2.056360660490208048e+00
-3.897333805354053382e+00
-4.484456578955019701e+00
-3.721237788041259709e+00
-3.895694990004028302e+00
-2.766513538484730805e+00
-1.715360633272651869e+00
-1.400606662811747505e+00
-1.956390101469799303e+00
-2.090256991645274454e+00
-1.074690735023476451e+00
-1.928370576649928392e+00
-1.551633579449740008e+00
-2.246773724731728095e+00
-1.844131238880207357e+00
-1.382401591278104913e+00
-2.456141455286657838e+00
-1.430816715461267430e+00
-1.968551001532879541e+00
-2.348610398570762925e+00
-1.459411027779215386e+00
-1.426866386440830192e+00
-1.187053726050441016e+00
-2.113394894291467541e+00
-1.412341900098846859e+00
-2.170210587317376483e+00
-6.802027164687853844e-01
-1.531913571381845918e+00
-1.474875524746084965e+00
-1.075930412432341221e+00
-1.218687582509326184e+00
-1.890848158368261478e+00
-1.681077885951911544e+00
-1.240825521341824000e+00
-1.342354274289028426e+00
-1.090471304072308856e+00
-8.330565247673625828e-01
-1.102445455799480056e+00
-1.126948007665872886e+00
-1.365232153102471591e+00
-8.212354111804275325e-01
-1.797952759278203416e+00
-1.225946951521177608e+00
-1.127550458053609539e+00
-1.528972310278299718e+00
-2.128396199267940769e+00
-3.001268469572303310e+00
-1.430609284804172487e+00
-3.279665984605401263e+00
-3.063232680765492155e+00
-1.757777791925610122e+00
-3.161499847561804799e+00
-1.972135840732608836e+00
-1.266183830917195774e+00
-8.457820359549882427e-01
-1.102422567539031339e+00
-2.555699207199946699e+00
-2.459747604924048758e+00
-2.026886770576715957e+00
-1.242994676579406654e+00
-1.778467108793186702e+00
-1.383827287925601723e+00
-1.747183870875154810e+00
-1.723877008219478313e+00
-1.699856217499485567e+00
-2.514224775403538725e+00
-1.627163331684553071e+00
-1.244953296740685778e+00
-1.264734211561530097e+00
-1.512656884221264875e+00
-1.602596583034136657e+00
-1.418160928062700776e+00
-9.498660018665079363e-01
-1.036427269246202210e+00
-1.228066858381601456e+00
-1.051186209078485367e+00
-1.358892464630760966e+00
-1.446899074890681147e+00
-1.415711998788870218e+00
-1.012379547897572118e+00
-1.823549325096529783e+00
-1.377050142314637071e+00
-1.145168438737032446e+00
-1.568731071955206335e+00
-1.530519429565297740e+00
-1.417107253303077741e+00
-1.345622981075085933e+00
-8.637124567880524184e-01
-1.040272890019230845e+00
-2.049380192955916780e+00
-1.495227477657663506e+00
-2.563573635942683282e+00
-2.489505633025546949e+00
-1.715533315515787027e+00
-1.609979940652563446e+00
-1.505295064455799414e+00
-8.037587578932555710e-01
-8.927248224916115582e-01
-9.177717047266428230e-01
-1.472573568978682301e+00
-1.619382841684914753e+00
-2.290784394811847591e+00
-1.453984831948871070e+00
-1.553669002903240948e+00
-2.524163058565682682e+00
-2.650895704921929941e+00
-1.575285462743434062e+00
-1.037542615147510228e+00
-1.398206213176691026e+00
-1.780057170207992590e+00
-1.251871685514015731e+00
-2.123501459218504639e+00
-1.019669121291184588e+00
-1.664423277667033796e+00
-2.014632599875129770e+00
-1.004744940769355166e+00
-1.141386823312717125e+00
-1.069485862714382840e+00
-1.571892729041234782e+00
-1.348750994608055143e+00
-2.197525379009780622e+00
-1.957113879046952887e+00
-1.517027236837219073e+00
-1.203274989992503929e+00
-1.617516946679065315e+00
-1.332967126218683074e+00
-1.294753026504689375e+00
-9.275476771802703135e-01
-1.084934941063033564e+00
-1.247205963127794304e+00
-1.434906327527806225e+00
-1.841895178825427415e+00
-1.775230316642458339e+00
-1.140452929923975178e+00
-1.535500212634343331e+00
-1.111159365153846057e+00
-1.383737693877818531e+00
-1.706555566505095767e+00
-9.190036216839755356e-01
-1.364609404334841569e+00
-1.897204995409080608e+00
-1.781248751674934905e+00
-2.221211808693687839e+00
-1.832016359908542613e+00
-1.532577133785032686e+00
-1.679463820715641376e+00
-7.954754097786835842e-01
-9.786311834358587536e-01
-1.741340937183471382e+00
-2.978633563934517170e+00
-2.833754256359869661e+00
-1.836250161794178215e+00
-1.952814504688375807e+00
-1.153300319358993242e+00
-1.494988795088408207e+00
-1.678698307638654352e+00
-9.152140640249095682e-01
-1.122762625694325722e+00
-1.412116966395029483e+00
-1.043437286656512697e+00
-1.018245665043781223e+00
-9.616447369984071347e-01
-2.060692230465943187e+00
-1.918240491491951083e+00
-1.010365251953387000e+00
-1.252432860368054568e+00
-1.143122140075471860e+00
-8.380716068936142626e-01
-1.075109862262855209e+00
-1.032995826003459516e+00
-1.042583337962782464e+00
-7.627526147592549322e-01
-9.998990190891076102e-01
-1.543132165353094942e+00
-1.031496626943003703e+00
-1.408166143197059350e+00
-1.116554293954362453e+00
-8.372451644403552384e-01
-9.459078528986939460e-01
-1.611877109415379428e+00
-1.047329674968387581e+00
-1.469687787439479809e+00
-8.926188648925061919e-01
-1.818806149972121977e+00
-2.199256468935742781e+00
-1.151024512229028351e+00
-9.087941213476075086e-01
-1.661714461735397608e+00
-9.253615142621658407e-01
-9.670955039846019785e-01
-6.198011058760775072e-01
-1.042096801212340829e+00
-8.693064699778622062e-01
-1.433383331010549933e+00
-1.152482324218915721e+00
-1.164290675299356037e+00
-1.996818537033442142e+00
-2.265252190648683772e+00
-2.057881839838255456e+00
-1.338386097643133210e+00
-1.902066244814452745e+00
-1.813610132100184513e+00
-1.608271712952362709e+00
-1.220377993639968128e+00
-2.592116574371708282e+00
-1.195941764957121567e+00
-1.205186838828232965e+00
-1.224874544149789690e+00
-1.961619928390221146e+00
-1.410443240060056169e+00
-1.419581377846901526e+00
-3.235803420351313520e+00
-2.144386175459123578e+00
-8.980949552946545511e-01
-1.514097927383242004e+00
-2.317488471720841936e+00
-9.346400068382724191e-01
-7.846706043407672970e-01
-6.001671644802466510e-01
-8.557088778138819407e-01
-1.047144359003626457e+00
-1.779628344657646188e+00
-7.888297417515361953e-01
-1.305034858116407515e+00
-6.952379787398168531e-01
-6.685437796604801752e-01
-7.570679104139909077e-01
-1.677133507979151394e+00
-1.236103134348025989e+00
-9.194571652244598603e-01
-1.866292159267115336e+00
-5.667378748780468323e-01
-1.297284311523427602e+00
-1.423469179822061115e+00
-1.053019380811629713e+00
-8.656121270108210197e-01
-1.027639384799001077e+00
-1.363700390388694395e+00
-9.400544643555862612e-01
-7.951126058347128822e-01
-7.224900307257509091e-01
-9.721984435156055815e-01
-8.612684272166895028e-01
-1.055102309987952403e+00
-1.065878721238427751e+00
-9.967737339524066487e-01
-1.216998572608667395e+00
-1.037761644882125855e+00
-1.030860250489617380e+00
-1.213748924742029223e+00
-1.193788200157731350e+00
-1.092680430418935256e+00
-9.327122548392604573e-01
-1.369541028394912541e+00
-5.906903480996106293e-01
-1.248958215399733396e+00
-8.695294438358527334e-01
-7.106027952450256757e-01
-9.058708430590100003e-01
-1.263671763187492081e+00
-9.033700011070118219e-01
-6.819306037397517839e-01
-5.709212370101589551e-01
-8.772705554849865583e-01
-7.285702872380761530e-01
-9.539764322482038317e-01
-1.132698231210147233e+00
-1.017497952702774322e+00
-9.159162209290452328e-01
-1.657649329447096642e+00
-8.683938106493569453e-01
-6.997532676051189116e-01
-1.046359181188079246e+00
-1.037560305258858451e+00
-8.155343630018608847e-01
-9.071166179145436770e-01
-6.178289192945799480e-01
-1.401856264433367638e+00
-1.824694995357373006e+00
-1.006862535471928055e+00
-4.019627820759461567e-01
-6.987337602040694096e-01
-8.124845782468174127e-01
-5.933899084391044410e-01
-8.410758351270444244e-01
-6.212202127896340187e-01
-1.091956366448106452e+00
-8.296204673065170621e-01
-1.172370998368397865e+00
-9.566351187740396167e-01
-2.162734855424071956e+00
-1.232122166391471652e+00
-9.502666007259045200e-01
-1.541630513281180059e+00
-1.266979892455999179e+00
-2.984748659941277360e+00
-1.043754594758495857e+00
-1.882299018831937509e+00
-7.545765426361885631e-01
-1.139910993155189622e+00
-8.661119994901604890e-01
-7.529196707055794135e-01
-1.135835605032455842e+00
-1.135486207693472860e+00
-1.089537508616453598e+00
-6.878267095509618123e-01
-1.204217347164246110e+00
-1.162933771368001912e+00
-9.789470369111999970e-01
-9.326391915989542536e-01
-8.611032555225605067e-01
-1.875159254501369999e+00
-8.085535123709425287e-01
-6.644068318864074785e-01
-9.999245994969957474e-01
-2.940009754122519414e+00
-9.351555068700025952e-01
-1.739130208951932044e+00
-1.102028031241328865e+00
-1.105210964315438638e+00
-8.713543811391897265e-01
-7.755430986876010735e-01
-1.068300204428841660e+00
-2.785105125579362628e+00
-1.872657065549745425e+00
-1.106922618655715285e+00
-4.834935830166303683e-01
-8.959620975403249643e-01
-1.436128481908283128e+00
-8.404899058582235849e-01
-1.684741222076377776e+00
-1.107014560805529513e+00
-3.249773724855613555e+00
-2.117197967402546510e+00
-2.432130669186805871e+00
-2.060054234070572310e+00
-1.056168542759597040e+00
-1.240248817893899957e+00
-1.219808086932576252e+00
-1.668220088638373122e+00
-1.336562586934593622e+00
-1.086612620824827014e+00
-1.698278275595891618e+00
-1.294389022246043908e+00
-1.286363757829410703e+00
-1.454453358407819419e+00
-1.230771992852063956e+00
-9.044133338361142194e-01
-1.351735902304398884e+00
-1.316421185966373697e+00
-1.315624024522217717e+00
-1.176138889185677883e+00
-7.368553590335141790e-01
-1.440811106259404895e+00
-1.196841891488806153e+00
-8.997993511633224362e-01
-8.038950832928969392e-01
-8.299741912244205100e-01
-7.543153534344280153e-01
-9.230153658920029480e-01
-9.055477048186959532e-01
-6.966336401005646106e-01
-7.209419972626132100e-01
-1.036432614567558197e+00
-8.154382727281066501e-01
-8.835746875010181967e-01
-7.127347305604507799e-01
-1.170139132505047419e+00
-1.664922397735265180e+00
-1.551711600963695536e+00
-1.075666181248201791e+00
-1.621174394901572002e+00
-1.189943072662230428e+00
-7.649267848050762542e-01
-8.625004262946136535e-01
-1.189554896558967956e+00
-8.046066493923067497e-01
-8.908591839995205763e-01
-4.799039744862117485e-01
-7.807029143247571357e-01
-9.959368646977574402e-01
-8.760495970221129358e-01
-1.146517663667368403e+00
-1.808730071687243424e+00
-1.156028392706247576e+00
-1.659068052768599255e+00
-1.030807162109275810e+00
-9.729082778794788666e-01
-1.070833397676608678e+00
-1.802459585189686520e+00
-1.373663770690459529e+00
-1.374546329996290561e+00
-7.436176089254544763e-01
-8.484015823503886500e-01
-8.295733687331722228e-01
-1.117088412089693339e+00
-8.725203263284847521e-01
-1.494737495663074567e+00
-1.882317434763790542e+00
-1.264586775251492989e+00
-1.012690475637788579e+00
-1.204184987583615252e+00
-2.030826699331860219e+00
-1.276541854104202178e+00
-1.811481802271752706e+00
-2.036815436198892382e+00
-2.026587036137265763e+00
-1.386282680579044468e+00
-1.194131860523339750e+00
-9.475079462858313484e-01
-8.695051267468544287e-01
-1.232495322578383234e+00
-1.058377500643857605e+00
-2.904054147479775416e+00
-6.712845045450220871e-01
-9.442424858694025147e-01
-1.507777738997037043e+00
-2.201373484057826069e+00
-3.949706513760297355e+00
-1.943821017720775757e+00
-1.672016480526425930e+00
-1.119151516624868448e+00
-1.497421871648355607e+00
-1.713154848887923132e+00
-7.071879792543203092e-01
-7.679698724356501804e-01
-1.162714168630606615e+00
-9.624687009302338447e-01
-1.097360192080229613e+00
-1.012085387595248021e+00
-1.051231303725735700e+00
-7.315717578765401630e-01
-6.493153611060077379e-01
-9.717641982032920733e-01
-1.057564034236943007e+00
-6.470761529762609765e-01
-1.143111285569287983e+00
-7.324201432753446595e-01
-5.834047644639879238e-01
-5.660397039984607082e-01
-6.043374058235103652e-01
-8.792537034681624508e-01
-9.469323603384973698e-01
-7.762069105167195282e-01
-1.266517979805495520e+00
-1.071504493712752026e+00
-1.542009713815506444e+00
-3.127887393961618301e+00
-1.403237545172577594e+00
-1.110570360517225241e+00
-8.964935697079157162e-01
-6.738184639289336308e-01
-6.155487549209521791e-01
-9.225257694761350713e-01
-7.551255002485128820e-01
-5.856535258909040254e-01
-4.976119026783529797e-01
-6.096781154427938221e-01
-1.807002884874824744e+00
-8.078362835454050428e-01
-9.870712066990234845e-01
-1.115372800416281507e+00
-8.836227402408213250e-01
-7.745647882932856776e-01
-1.032306446396892508e+00
-6.180572213761638123e-01
-8.410256664470104893e-01
-8.023166498810068159e-01
-8.368369350047172306e-01
-8.732635151149160668e-01
-8.434941619653119060e-01
-5.426744089371248192e-01
-1.049961347858695104e+00
-6.363665407777554517e-01
-1.317354693566187729e+00
-8.589057636638061100e-01
-1.027542246829047157e+00
-1.224257126186171885e+00
-6.722583631328001852e-01
-9.475978749861271311e-01
-8.275564478661080470e-01
-5.199084346843512172e-01
-9.663593096303566554e-01
-1.326324396773500114e+00
-6.470141167247251968e-01
-1.159500897948425591e+00
-9.726148602583419844e-01
-7.470901620557707234e-01
-1.266938559077265269e+00
-8.676383013832594804e-01
-5.840511577198568283e-01
-1.062969834065170760e+00
-6.721525818343621062e-01
-8.109643139614425289e-01
-7.661767028706883975e-01
-9.293717967725995122e-01
-7.036056380522962561e-01
-1.481156081866960683e+00
-1.087452152443271425e+00
-1.348138940309752565e+00
-1.333781648379987139e+00
-1.327366906938638902e+00
-7.246715957957667875e-01
-8.443306382169653013e-01
-8.453702137704963704e-01
-1.311361823250936753e+00
-1.123771970952388122e+00
-1.277177897170713505e+00
-1.468686550559900494e+00
-7.488249569010433371e-01
-9.232461311950845850e-01
-6.459273295222993649e-01
-7.876430348575729212e-01
-2.131601580851322009e+00
-1.090179602422266081e+00
-8.520829744987549192e-01
-7.643859570218666244e-01
-6.166295382214564968e-01
-1.717481436834633612e+00
-7.608246018754339923e-01
-7.171268063455429331e-01
-7.890279557335273530e-01
-8.166899044328218560e-01
-5.996846317354507239e-01
-7.738886662505582992e-01
-7.656488556553390223e-01
-9.047183182393067069e-01
-1.015475170172473796e+00
-5.023540319833577072e-01
-9.495537600091231711e-01
-6.691843629766898172e-01
-8.381077142834589822e-01
-7.686198568338367121e-01
-5.939196077082945502e-01
-7.535980319051228671e-01
-7.289814137550056916e-01
-5.668415150223569121e-01
-1.155289540230834744e+00
-7.422930720157042694e-01
-6.878249394453834764e-01
-1.575480196247217579e+00
-7.017454142041781306e-01
-9.860304749311080696e-01
-1.869301576630759243e+00
-1.369931765732287587e+00
-1.128812107327313186e+00
-8.179273660443686644e-01
-8.315439406305410452e-01
-6.286691597960381017e-01
-1.146656357750068134e+00
-5.878959705617819997e-01
-1.092207384426990613e+00
-1.057062067773692160e+00
-9.953855861086418066e-01
-9.688849073297073344e-01
-1.279765297471106233e+00
-7.869858178870761112e-01
-6.696264792279056355e-01
-6.758124809153576162e-01
-6.677959952505149177e-01
-7.657284557867189978e-01
-9.769125432744653059e-01
-5.267110927823824840e-01
-9.707092120496326748e-01
-1.233893328701511249e+00
-1.227940857458265755e+00
-9.334648552620415929e-01
-6.428120142949365068e-01
-8.265063933880673064e-01
-1.040079523625597302e+00
-9.685375761212342560e-01
-7.120018997269640382e-01
-7.039473842878286591e-01
-6.974400235043907159e-01
-8.688697637926756645e-01
-6.475677054233786034e-01
-6.711586970482212866e-01
-8.619909103697263042e-01
-7.682384696490667242e-01
-8.073697319974971753e-01
-1.198581479381992443e+00
-8.339602114223132467e-01
-9.451607815245810507e-01
-1.037976716300253122e+00
-8.247799766798895593e-01
-9.091405786992976523e-01
-6.770439192970764131e-01
-6.549005516663058968e-01
-6.630653828506912761e-01
-1.119709569864216103e+00
-9.795309188705110248e-01
-9.202472951261910783e-01
-1.622161853581035373e+00
-1.333232738118228067e+00
-1.784459441742569652e+00
-1.305961551592334846e+00
-1.113342212947778798e+00
-8.966925933355951450e-01
-8.489212248612592049e-01
-1.140487730559067270e+00
-1.940635052110972980e+00
-7.356632584754848603e-01
-9.130888892227878584e-01
-6.527391745965783754e-01
-1.071036146049135107e+00
-8.873690341224823586e-01
-9.397551547045323028e-01
-5.303210431384949297e-01
-6.121661539889394765e-01
-1.057565685588675031e+00
-1.374447971673060653e+00
-5.746464679114678953e-01
-8.995867991776829165e-01
-1.028627172631567888e+00
-1.120251459702421570e+00
-8.017930660427756706e-01
-6.644492046428770449e-01
-6.893617474039021031e-01
-7.899704637331302903e-01
-8.854822656180854068e-01
-7.695385011996106472e-01
-1.561811529091705619e+00
-1.043182672300179137e+00
-9.164545763735352235e-01
-9.452462646872866747e-01
-8.542831747853929514e-01
-8.082016784073206006e-01
-6.350480508270888169e-01
-9.453865624401142087e-01
-9.874077023522211949e-01
-8.238789571245547227e-01
-9.128918391068073790e-01
-1.056845205628482498e+00
-6.298846200312554489e-01
-9.757480869472602292e-01
-6.735475918247056937e-01
-1.724646395750098815e+00
-1.061525218767422896e+00
-1.265418879424191845e+00
-8.280717400210744206e-01
-1.005503843067430347e+00
-9.380664185763754048e-01
-9.761539739838378527e-01
-8.038953916481065276e-01
-1.346926335188592283e+00
-8.274538613611446269e-01
-9.488273512722984471e-01
-9.348395661824607794e-01
-7.820753761542168503e-01
-8.126252930447944722e-01
-7.951936814449653834e-01
-9.445258488156951238e-01
-1.119272922863785658e+00
-8.861736427957582762e-01
-1.881712702893760580e+00
-6.597925961335119327e-01
-8.088805675763042213e-01
-5.971506098142423946e-01
-6.349273517024677238e-01
-8.060656094067856214e-01
-7.399377350825803168e-01
-6.529437854370346850e-01
-1.747807248078315334e+00
-6.650329400559293891e-01
-4.950970468912171407e-01
-1.418508842145190130e+00
-5.259581051460415768e-01
-1.017593581772310518e+00
-7.486554692124174348e-01
-8.207191189300644396e-01
-1.121287825962749896e+00
-8.936939935420424863e-01
-8.768567924522441270e-01
-1.064533176739182352e+00
-1.116750132158815578e+00
-8.771423020262842929e-01
-9.191812045408731535e-01
-7.605588960970951495e-01
-7.755986107992068890e-01
-1.053492564123725383e+00
-1.012726933637057680e+00
-1.261641722595597148e+00
-1.565475333464197760e+00
-5.638366257411792093e-01
-6.702361626880533052e-01
-1.022657231616695972e+00
-9.450636557138200056e-01
-9.083220750551431744e-01
-6.798131823325688217e-01
-8.913024804000295731e-01
-1.300439403970069963e+00
-5.898832255550071624e-01
-7.748897725994626784e-01
-1.396225804816868976e+00
-5.743337850450567217e-01
-9.620905936141762593e-01
-8.786936350876937141e-01
-7.606912814662402100e-01
-8.163660832330650319e-01
-5.145933439212622140e-01
-6.814838297782975785e-01
-6.461691620876952591e-01
-4.019669802537887415e-01
-8.461786572380481930e-01
-1.358862884289885997e+00
-1.294398828444595972e+00
-8.457166315668643852e-01
-8.094050577829554616e-01
-8.144906674233145516e-01
-9.379865554274482431e-01
-9.816360972200036672e-01
-7.980307218602525898e-01
-1.309498088353984846e+00
-1.152415428622997284e+00
-7.671253720207823479e-01
-9.351011052924881328e-01
-1.110682981528258839e+00
-1.204665314184057312e+00
-9.225229734184051678e-01
-9.263919769836032048e-01
-5.125652529310057437e-01
-1.053473208072379874e+00
-7.370203687225859168e-01
-8.466094748641753709e-01
-7.517702513250654750e-01
-4.888617974757417661e-01
-1.635998333770208424e+00
-7.990245113264008436e-01
-9.829510380995299945e-01
-5.963343170719849207e-01
-8.079210357299755341e-01
-5.494692494858273157e-01
-6.749827374928555335e-01
-9.887640725003443709e-01
-1.976512945886914840e+00
-1.026059222967917961e+00
-9.413808958168059515e-01
-6.872801260169503212e-01
-1.462018232529780359e+00
-1.008438052208520563e+00
-5.095885589322098896e-01
-8.911450495054613619e-01
-1.121869969881518658e+00
-1.030756076130921350e+00
-4.871712669870092438e-01
-1.671240021212544447e+00
-1.008422037490797285e+00
-1.036193601723246482e+00
-7.917154779549639976e-01
-1.008967353859820726e+00
-4.562058917061304064e-01
-4.820168609565938511e-01
-7.240271528035457926e-01
-1.310298855800604789e+00
-7.758607543653007754e-01
-8.998141566517505741e-01
-7.232772660647349694e-01
-8.572230350574409075e-01
-5.519848345504513309e-01
-7.526837632195656491e-01
-4.728215618381577667e-01
-9.382199952318773795e-01
-9.081550208521664835e-01
-5.867765739775824274e-01
-4.477743004051936704e-01
-8.172882238141868649e-01
-8.039527894775490013e-01
-5.601975314093310399e-01
-4.914668834015517573e-01
-1.033744624038340110e+00
-8.573923687238484970e-01
-8.095826407208976949e-01
-7.765701490025676001e-01
-9.204476076394348949e-01
-6.057877295043739840e-01
-8.774200638218221382e-01
-8.178254132643415497e-01
-9.661518841530191137e-01
-5.838912312602158039e-01
-5.728631979538687524e-01
-6.659541318110404617e-01
-6.045367395448770775e-01
-7.610062194975605321e-01
-1.478971674276602144e+00
-1.218572949210795731e+00
-2.091016068163789043e+00
-9.113658484144224747e-01
-5.586695360173987712e-01
-4.913564778676122180e-01
-1.617559481556886114e+00
-6.368523053731206529e-01
-1.912999244534841159e+00
-9.374298660045236042e-01
-6.171912558366220436e-01
-9.456787321930514301e-01
-6.185036945767168337e-01
-5.802170686007128708e-01
-9.101423126030790955e-01
-5.993227109677458087e-01
-9.310759486890582970e-01
-1.281000134699265658e+00
-9.003906043513651980e-01
-8.408103657203754855e-01
-1.643198512732933381e+00
-6.854559977187704156e-01
-9.131259690626425396e-01
-9.855947782701272031e-01
-7.422750609523631748e-01
-5.337138330168919031e-01
-1.738035663208406856e+00
-6.093654775434099724e-01
-6.230907849072269133e-01
-6.483431888725678105e-01
-1.056582158165428886e+00
-1.016647764308857838e+00
-5.472384897483498767e-01
-5.936279015348326915e-01
-8.476972610180425471e-01
-9.830063192300310115e-01
-7.085689531767230820e-01
-7.767713463701674259e-01
-6.539397506311365182e-01
-1.163973458247046899e+00
-6.739730227137661345e-01
-9.412359558313988517e-01
-6.490132715343683856e-01
-1.414494400080850811e+00
-5.593254413984809492e-01
-6.906695992691326280e-01
-8.222907119221304351e-01
-6.942033201344376403e-01
-6.784870944403800230e-01
-1.763042095058654279e+00
-8.209244220291405103e-01
-5.577635419049166154e-01
-1.014059689747318416e+00
-9.356993999031507636e-01
-6.878006042524411612e-01
-9.105230413860903038e-01
-6.133549918428803371e-01
-8.538174783225420672e-01
-6.733110895470639790e-01
-6.258179431204978771e-01
-9.021771033919072647e-01
-1.601900242602038782e+00
-8.669432666295284751e-01
-5.128466470672027322e-01
-5.298862803181694225e-01
-9.245209188053964411e-01
-9.785643579478665588e-01
-1.045530862549266304e+00
-1.120518005783810445e+00
-1.224151944584273455e+00
-4.564978705187382468e-01
-1.194451123848128349e+00
-1.634456978543110450e+00
-1.009685093880034357e+00
-8.429392570654473671e-01
-5.699783796155398763e-01
-1.014648396924765494e+00
-9.413349529668804117e-01
-1.020651013376722371e+00
-9.123490443305818376e-01
-9.504717570402424487e-01
-7.518433917158029445e-01
-6.667523187149825281e-01
-1.013277957223031933e+00
-1.026821777604744357e+00
-8.497868363063006969e-01
-9.493885996962324603e-01
-1.275648236362509236e+00
-1.142957143849890000e+00
-8.186904898106553974e-01
-7.791504995766014297e-01
-5.173769712614414429e-01
-7.965406714693089585e-01
-7.530454186316563048e-01
-8.537106300362357070e-01
-7.950454108833555633e-01
-8.303254644025368503e-01
-8.587519573299792208e-01
-1.020440901813921775e+00
-9.139217456080765967e-01
-5.635592385833916307e-01
-6.797647174193508501e-01
-8.567655930770823325e-01
-9.497869014733827386e-01
-9.948873667488081773e-01
-1.256520897489450617e+00
-5.197269963473781784e-01
-1.533161528186037792e+00
-9.163267308296729752e-01
-7.750957340561647202e-01
-6.110337689367060232e-01
-1.060240849028318388e+00
-7.350109842202964261e-01
-7.773331589290882748e-01
-8.292256339892934980e-01
-9.389405668135861749e-01
-7.754745756808328894e-01
-7.529980832966509663e-01
-1.000535639243286479e+00
-5.798707311489530447e-01
-1.236943809589521104e+00
-9.112918621262400265e-01
-9.266531046139849792e-01
-8.124118314976668254e-01
-3.869677539722469750e-01
-7.646027643369879279e-01
-5.404310099867405404e-01
-5.732688343901007899e-01
-1.133257161063642604e+00
-5.963395283246666345e-01
-1.178746885461808835e+00
-7.012808338139280284e-01
-8.166767325423912594e-01
-6.410294007259319526e-01
-7.507740788274956945e-01
-9.299024402667913636e-01
-8.381978110846433072e-01
-5.428714467540232125e-01
-1.077363268968885901e+00
-1.244982680004607989e+00
-8.154708372784831294e-01
-3.905283552102130074e-01
-7.473118554396431801e-01
-8.277304947217154485e-01
-6.559015322000802950e-01
-6.120198098081900406e-01
-1.093839820101378368e+00
-1.359026935686971527e+00
-5.847047208588523892e-01
-1.980658351818472163e+00
-8.515564693649364525e-01
-8.982975377239865722e-01
-5.785675262456712042e-01
-5.390178199637655210e-01
-7.937762840702544676e-01
-9.992088981798945557e-01
-6.706552317771137250e-01
-7.393800977632039029e-01
-7.353521719371740595e-01
-1.218202460852859215e+00
-8.377074301294052949e-01
-5.186428286513382613e-01
-6.434773053085811600e-01
-7.516593593856503164e-01
-9.221786594914102020e-01
-9.246229190952968136e-01
-5.877675327225894142e-01
-8.889563882888157353e-01
-4.938109516589078152e-01
-9.604872478812068737e-01
-6.090186922616332987e-01
-4.487169392982776062e-01
-8.968587634724611846e-01
-5.917733301869336771e-01
-4.991823246041650619e-01
-7.569674488272093438e-01
-7.728089696956557120e-01
-6.868514979884695615e-01
-5.481866501074528220e-01
-8.836328246253813967e-01
-1.259652250265954843e+00
-6.552350749559373577e-01
-8.479421363794102939e-01
-6.917521639812584944e-01
-1.761216136969258939e+00
-8.201834744586344872e-01
-1.454386097179139803e+00
-8.930346384962536410e-01
-1.095032691733053953e+00
-6.714542819766184945e-01
-1.522761355313641429e+00
-5.450585718074559827e-01
-7.248339076906186174e-01
-6.722513098155867839e-01
-9.821061575039377045e-01
-7.268863187217747823e-01
-4.680319541611607792e-01
-5.190750631569622797e-01
-6.443674965244965414e-01
-8.572642134650939605e-01
-5.902510019560344157e-01
-6.543704441128715965e-01
-6.539438756890678661e-01
-1.280276697800056596e+00
-7.117912921072395704e-01
-7.975947305405632903e-01
-8.773442165530755954e-01
-7.954028951999290165e-01
-9.439816825334260697e-01
-1.415788857934526801e+00
-1.037753134799634269e+00
-8.892654185204060813e-01
-1.125186778625058670e+00
-8.079904402508329975e-01
-5.266071105485388149e-01
-8.033939440165811519e-01
-9.919724256967791254e-01
-8.376484054330858298e-01
-8.768988509644817242e-01
-1.112680938175340861e+00
-8.734081827454358571e-01
-1.284980286023601259e+00
-9.723955251518598963e-01
-9.982333113591008722e-01
-1.195559948709604914e+00
-7.584850659218437263e-01
-8.660645432245638320e-01
-8.215817207241921105e-01
-9.036074560474086637e-01
-7.649572924766995241e-01
-1.531146052221507903e+00
-1.756218131115277803e+00
-1.599249739877056875e+00
-1.321707059893383551e+00
-7.139757856300333883e-01
-4.646109958869081846e-01
-7.405583749744322208e-01
-6.889878538599198965e-01
-6.428461356401111715e-01
-8.854202795509210633e-01
-6.933017986133270805e-01
-5.195755297253628058e-01
-5.568258620404734627e-01
-7.527698530515312125e-01
-7.845462172029190606e-01
-9.625797125299623280e-01
-1.387880134809238664e+00
-7.104955656739063707e-01
-7.513807454747282177e-01
-8.408511052175512424e-01
-7.486911156813841339e-01
-9.803952659793180313e-01
-9.608171863885479613e-01
-1.088301248029250212e+00
-6.962178547449392463e-01
-8.694496701004041928e-01
-6.859613851362489356e-01
-1.029261497954701898e+00
-1.136382248828355257e+00
-1.087130132480656819e+00
-8.380254072046097180e-01
-7.729142088071161432e-01
-7.811408809256225050e-01
-9.515379139526711771e-01
-8.192013992113078569e-01
-1.322903570107465843e+00
-1.000552522075357942e+00
-9.343456209717236893e-01
-7.105310529329303959e-01
-1.122948175999847420e+00
-6.401890897841956418e-01
-7.199904395775669208e-01
-7.418498066073531128e-01
-7.159264520430079770e-01
-4.254823895870714079e-01
-4.756817288314925118e-01
-6.960063801275887529e-01
-6.533446481715160514e-01
-4.490424423205370275e-01
-5.653522455724071527e-01
-7.931281417317025406e-01
-4.727498004326792236e-01
-7.265033886086192938e-01
-8.060733527109369412e-01
-1.382832285261571537e+00
-6.889164553823446946e-01
-7.652681226690843941e-01
-7.378854882902022849e-01
-7.158478761298643356e-01
-7.156508715806763066e-01
-8.768080118386930577e-01
-6.191414536851430617e-01
-6.832532477196529008e-01
-6.630366260151466795e-01
-5.189081529173287244e-01
-6.171515982823562174e-01
-6.591385172570652928e-01
-6.211135276108369352e-01
-5.859810227433801533e-01
-7.865075133895129689e-01
-9.927043869596123837e-01
-7.566797902076829452e-01
-1.057853866263313014e+00
-8.034020711029365991e-01
-1.082038726353413471e+00
-1.696360578885429682e+00
-1.844871877023087858e+00
-1.679424169809818457e+00
-6.393434838341182092e-01
-8.756316571634858992e-01
-1.712190595170194563e+00
-5.361361370751537292e-01
-7.130271269281713842e-01
-1.119586099698890891e+00
-1.360407919670763910e+00
-1.228160952330856537e+00
-8.581706288846310260e-01
-7.791959626267688233e-01
-5.340340515690080725e-01
-1.276067192981230836e+00
-8.224064407882882843e-01
-1.623552787947406317e+00
-5.445243218206236024e-01
-7.670962682125321841e-01
-6.431545925934879504e-01
-9.889283009526895762e-01
-7.376354008032990350e-01
-7.946033816267291661e-01
-5.808701277474346281e-01
-7.480395578375538257e-01
-4.945087119221750482e-01
-7.270780557177114467e-01
-7.614692730473689997e-01
-1.053544620933969611e+00
-7.230989077370357787e-01
-9.922354006461485687e-01
-7.326731920950507737e-01
-5.793711891330678432e-01
-7.014494657985040904e-01
-8.901617793733254125e-01
-5.652770614858880771e-01
-6.263298896506148683e-01
-5.830049363304801169e-01
-1.796932177104065165e+00
-5.815536258037974360e-01
-7.409227516501547539e-01
-6.443233134938278761e-01
-8.126353660626844944e-01
-6.629016305907450279e-01
-6.469759037068900653e-01
-1.468516539234677953e+00
-9.135905106573455337e-01
-1.084100608745979244e+00
-6.389116504410164987e-01
-8.769075658924263550e-01
-7.034037705449810440e-01
-7.409473013020304588e-01
-6.446636656158716283e-01
-1.023652371051272159e+00
-6.379156882729356548e-01
-1.196452478233509309e+00
-5.793993434509522311e-01
-4.346729673352125456e-01
-1.209075655235714919e+00
-4.025101730153735069e-01
-6.815958996377855517e-01
-7.574218376207315639e-01
-7.526287929845505431e-01
-7.265035170054542357e-01
-9.491154126508576372e-01
-6.762966221950273971e-01
-5.397214246218818845e-01
-7.605368099054776732e-01
-8.018555067559205440e-01
-1.133842488824364336e+00
-6.857637016203558256e-01
-8.777663654238706537e-01
-7.477657507855551833e-01
-4.714948566602364943e-01
-6.225116522570437461e-01
-6.346028720020533420e-01
-7.614710993173933185e-01
-6.173484083553116841e-01
-8.725424766037432889e-01
-9.349901099072079891e-01
-5.083196866070794906e-01
-9.315532587769650430e-01
-6.168253524464354376e-01
-5.614083516619887693e-01
-7.361880057462717453e-01
-6.657671272517079464e-01
-1.227435067129428070e+00
-7.423314326044673228e-01
-6.210052199731457279e-01
-6.892076958735081638e-01
-8.071792848129092368e-01
-8.155869603891551245e-01
-4.579067687283001620e-01
-9.386531899623825614e-01
-7.802741554263554757e-01
-8.107261118881932127e-01
-8.651714683363520564e-01
-1.019939923278197158e+00
-7.498460474018342481e-01
-6.581201247660901643e-01
-7.237511384799691916e-01
-8.184312715800700078e-01
-7.295151795359926528e-01
-5.371270211373293524e-01
-8.047116012562496312e-01
-4.794141119473973034e-01
-7.188931679324768176e-01
-9.854393915994060782e-01
-6.978765973422552671e-01
-1.050506526119055817e+00
-7.857430166329184562e-01
-5.533611264917350780e-01
-1.262865434444548907e+00
-1.830971490710542326e+00
-5.491972050398635785e-01
-6.472793069324269677e-01
-4.599724757393274244e-01
-4.397368290788734035e-01
-6.605531207277870465e-01
-4.951448739846677216e-01
-8.809341826464881509e-01
-5.947805486765358474e-01
-5.279232614272595381e-01
-8.638234074098428694e-01
-6.987433809877529045e-01
-9.158202711953044028e-01
-5.398706474848024017e-01
-7.968266737208232753e-01
-8.771223546576202290e-01
-6.005836525362974188e-01
-1.274945646649925157e+00
-1.092403414951084173e+00
-8.245379870647956411e-01
-9.215082906240721350e-01
-7.505911016317838858e-01
-7.484486433786347037e-01
-6.868263550883544344e-01
-7.338647867263180524e-01
-6.843886156782842400e-01
-9.204446775724384189e-01
-7.254753748447047013e-01
-9.421622811202607917e-01
-8.418342468336346140e-01
-7.430629205078073118e-01
-8.958611571774155458e-01
-8.875091567919041191e-01
-6.068117461316733241e-01
-6.108329335390267900e-01
-8.358690430454364106e-01
-1.703897179458472300e+00
-1.000514324148284340e+00
-5.652415206241756529e-01
-6.284080620635742465e-01
-5.387563907356507364e-01
-5.375704727738788158e-01
-1.084725583371852098e+00
-7.008037673897801190e-01
-1.102894323058676074e+00
-7.160868574656928942e-01
-5.179353592364741576e-01
-7.206275509120136924e-01
-6.344871884757832259e-01
-1.762693600427637453e+00
-6.632439511162577794e-01
-6.381363922491816165e-01
-3.916756725322108057e-01
-5.563370630218609225e-01
-5.975505069552838888e-01
-9.574000438543890379e-01
-7.725731068600305562e-01
-1.019191693652439223e+00
-5.050064402025998822e-01
-9.724973924925444102e-01
-9.093788763390793228e-01
-5.814413843624175460e-01
-4.261503687364181503e-01
-6.721040017000022848e-01
-6.912120455392377627e-01
-3.595833611309887101e-01
-7.820638307059004646e-01
-9.008006049810999283e-01
-6.266558678628117995e-01
-5.003866219958426065e-01
-6.552792459777229128e-01
-6.170057948861958907e-01
-7.627609221795634831e-01
-7.206941695613551246e-01
-7.545724207044639531e-01
-9.228427513958277206e-01
-5.911492689866780781e-01
-8.275165289697449245e-01
-6.894620667059708774e-01
-4.940184420150897648e-01
-7.434802141892863370e-01
-6.023199352857614430e-01
-1.167271814383372019e+00
-1.061871401871195664e+00
-5.874941854771406069e-01
-7.055747300540862188e-01
-7.877831318382958470e-01
-8.631191959549697756e-01
-6.583541740347241822e-01
-7.077827578236732808e-01
-7.174733549504230812e-01
-1.711863675552405484e+00
-6.041715199905043354e-01
-5.796710561464196720e-01
-9.678981501237302609e-01
-5.873033809178611619e-01
-6.531628431045044536e-01
-6.829041569973555159e-01
-7.288128836544337519e-01
-8.916064254018785107e-01
-6.788283207391426766e-01
-6.548144612686257471e-01
-4.999687363325364120e-01
-7.794794127787844085e-01
-7.851668391917194789e-01
-8.495380545974520192e-01
-8.924824168407196057e-01
-6.617535257409571381e-01
-1.060416368623889438e+00
-8.301225710583589601e-01
-6.039044934849819857e-01
-9.577711038429891355e-01
-5.027986843029340625e-01
-6.646897905044270027e-01
-9.623894519930116243e-01
-7.451258179049011776e-01
-7.913889724170097839e-01
-9.957138426137313036e-01
-1.142541137563947817e+00
-7.927389480928266341e-01
-1.312385544117661063e+00
-7.445830148081186151e-01
-5.780997638356615287e-01
-8.237844494115842409e-01
-8.674761942313219398e-01
-7.972125786979623596e-01
-6.130464552394527811e-01
-5.964798744832052746e-01
-7.346884407754105117e-01
-1.148308515960232867e+00
-5.859243878762208091e-01
-9.154882526693768341e-01
-9.791170840108763818e-01
-9.149060678779460387e-01
-4.379830033869815953e-01
-8.501089210334766832e-01
-7.213700106128313472e-01
-9.985010369041313893e-01
-3.767258999799482089e-01
-1.443968922170311142e+00
-5.431047526575267792e-01
-6.221949193354572305e-01
-7.314830241967429370e-01
-8.738604272109290472e-01
-6.072042036833854572e-01
-4.480337216950718848e-01
-7.036809086418670534e-01
-6.156527199544602480e-01
-5.520821986839329343e-01
-5.484387334566807048e-01
-5.192617198366799025e-01
-1.045289281535989323e+00
-5.599119388764519645e-01
-1.073988120729417517e+00
-6.342544287006266490e-01
-6.394270619427364633e-01
-1.344473804677809303e+00
-1.662808544801718691e+00
-7.013783482905461275e-01
-6.665204159021428376e-01
-9.106147860948058392e-01
-1.070696609686827117e+00
-7.739718354753563068e-01
-5.712264707299528066e-01
-5.649464299319084670e-01
-8.553002837240968326e-01
-6.872190410707930130e-01
-6.709604457536594291e-01
-7.601465274803966832e-01
-7.256536830134968641e-01
-7.038795759647095140e-01
-1.217540716271299228e+00
-5.710291252588916011e-01
-9.939885487773825190e-01
-1.107788183045550934e+00
-7.114116153730897230e-01
-5.092618796690706606e-01
-1.026627008734872337e+00
-4.875241201197509366e-01
-7.696147975805223140e-01
-4.396019437338794522e-01
-8.979973561293521644e-01
-8.158066709140116002e-01
-9.152983486461853113e-01
-9.921354133080297899e-01
-1.210069679922175734e+00
-9.690871262736991953e-01
-8.095587856426930129e-01
-1.329641649168113560e+00
-5.862651210431277793e-01
-7.302482523856698160e-01
-8.502377926263562369e-01
-1.354601232808021694e+00
-7.361940331322835984e-01
-5.544440590830087556e-01
-7.226275517714014773e-01
-5.572910542926864386e-01
-8.304855615478212716e-01
-1.346140852817301559e+00
-6.539467359571907723e-01
-6.087297928410655423e-01
-7.552720031902298015e-01
-5.227994831283248045e-01
-8.149623551911484576e-01
-5.171953921550755950e-01
-7.422862570143280436e-01
-6.215271013970921077e-01
-6.609322778811143051e-01
-7.441984345223997543e-01
-6.320743647687662170e-01
-1.464417649111298569e+00
-8.800384833176511101e-01
-7.112497405088737956e-01
-1.088476293310729259e+00
-8.478891958509980897e-01
-6.527502819525071720e-01
-6.673573924751863284e-01
-5.697679074222148365e-01
-1.073949894276956973e+00
-8.820282415489887340e-01
-1.320206668902131453e+00
-8.530393349392128011e-01
-6.929944690436378174e-01
-6.671175111913643097e-01
-8.334839200843302542e-01
-4.231179148583026906e-01
-6.561472699690155119e-01
-6.190842447913207369e-01
-1.580500365292058840e+00
-8.729374776377282208e-01
-7.979345349976427748e-01
-9.992660540165426708e-01
-9.151237307661508336e-01
-5.731402231081299536e-01
-9.371956338405440512e-01
-7.330713376869756326e-01
-8.231654101552698943e-01
-1.049891321590949333e+00
-7.059101188132418381e-01
-7.224721220627776663e-01
-5.397900730817513093e-01
-8.021938736768892131e-01
-6.327812548113668223e-01
-2.250117559244960042e+00
-1.966329822539228722e+00
-7.395083210147986863e-01
-5.773155539686273263e-01
-7.043243582966246530e-01
-5.173929113649736733e-01
-1.017722481366909681e+00
-1.154019948456571409e+00
-1.045852281432133379e+00
-1.158242346432541758e+00
-2.014621507158120384e+00
-2.076100752705253072e+00
-6.959008917861276844e-01
-7.177788672638889533e-01
-6.209010153684056954e-01
-6.198913557482248482e-01
-1.117947000549194270e+00
-1.338034370953106400e+00
-1.250853701834281129e+00
-7.238512434320983902e-01
-7.363311183884860833e-01
-4.836714177969322348e-01
-1.677981090907422423e+00
-8.862323408557771787e-01
-6.854762324366298065e-01
-1.583415033614734124e+00
-9.911261895683936007e-01
-9.712592947770735119e-01
-8.759972166929793636e-01
-8.957985835334049129e-01
-6.955758502243998276e-01
-8.841281036156070083e-01
-5.873889233350437777e-01
-9.622985850917766815e-01
-8.872154600900437060e-01
-1.008958358124420585e+00
-9.434246519364981598e-01
-8.507656018543349186e-01
-1.187437230359640106e+00
-1.759727964014882184e+00
-1.245027698191846222e+00
-1.053388294535053227e+00
-7.649592295309217693e-01
-9.242001619730337847e-01
-8.927580094351758033e-01
-8.876451737932181674e-01
-4.564644908780722821e-01
-8.529965919040807254e-01
-8.864866209982615874e-01
-8.374739934408476083e-01
-6.552853364968855843e-01
-7.376594475267295170e-01
-7.252960310706357827e-01
-7.349254952515806849e-01
-7.840030943130934515e-01
-1.316966342059379125e+00
-4.904467611636180724e-01
-1.207284752113545467e+00
-7.329540696462092386e-01
-7.446285534899482750e-01
-6.471737634165641850e-01
-7.014068332636526071e-01
-6.539042268920900458e-01
-8.027169912580197630e-01
-7.687656357828386300e-01
-8.512515867057093288e-01
-5.100912530639115650e-01
-4.467711252934498667e-01
-8.876914637345312276e-01
-8.889412602190093216e-01
-6.798861604780974677e-01
-7.597119315089326808e-01
-7.762491349412877772e-01
-7.219889079182862934e-01
-1.869551612136117313e+00
-5.691244868541401880e-01
-1.291484540705368333e+00
-1.058338541004298250e+00
-7.221768621175025382e-01
-8.993718864199413687e-01
-8.612952462609215765e-01
-8.533269790893869278e-01
-7.190776690413874794e-01
-7.118930013792150735e-01
-5.951162679572595815e-01
-7.535453215804499560e-01
-9.214510440118567347e-01
-7.173810511052580718e-01
-8.662738803309384394e-01
-1.006636067935473333e+00
-8.218970178151384642e-01
-6.303457940065981813e-01
-7.322605696885441384e-01
-8.314573469232017233e-01
-6.864006359620875575e-01
-8.663272293069216312e-01
-1.585031216789618780e+00
-1.413108696142800547e+00
-9.517640713893338322e-01
-6.950062761911027787e-01
-8.905034249714305350e-01
-1.518453314437687496e+00
-5.962490416847313623e-01
-9.229145466317638657e-01
-5.229767960644493563e-01
-1.061034728076408973e+00
-6.603306000852428026e-01
-7.666767609678535322e-01
-1.104523626283240301e+00
-5.742782712315617211e-01
-6.961839540077554567e-01
-1.076442086088305938e+00
-7.761889042869952737e-01
-1.313271326662818872e+00
-6.638883816090186407e-01
-8.629583400381204417e-01
-5.917214292955480515e-01
-6.830464326815040010e-01
-5.256243288117602441e-01
-6.734044127916685163e-01
-6.274122224374777401e-01
-5.012397039625599016e-01
-7.435530891002515297e-01
-1.559163423651991787e+00
-1.030255515760501561e+00
-8.871291396099301174e-01
-6.952492883602917617e-01
-7.582424705067842829e-01
-7.384332971758622577e-01
-1.070171414939319776e+00
-8.925229459713220903e-01
-7.487113849276340050e-01
-6.497325670607169146e-01
-4.957328454180735533e-01
-7.098006245627219712e-01
-7.056963595803736888e-01
-6.968007147772818932e-01
-7.269301414153855889e-01
-6.874081185861264931e-01
-6.799275405575559983e-01
-6.971520264362296437e-01
-8.504997801227331955e-01
-1.274066429750616791e+00
-4.720390827603333506e-01
-7.171301310438403798e-01
-5.725193230679187506e-01
-8.930919371190784162e-01
-8.055459511472323753e-01
-7.498625037485137090e-01
-1.503173922381852545e+00
-8.509656503844276187e-01
-6.070336716883605321e-01
-9.244131951089386012e-01
-5.972855394846325883e-01
-7.635024602106534886e-01
-1.279801186975378924e+00
-8.150695925953332921e-01
-5.083236534329121925e-01
-5.264534132676302880e-01
-6.176213259489703455e-01
-4.740755666559106074e-01
-8.441847610931491053e-01
-1.669663144747941530e+00
-5.294883359937078149e-01
-6.062897549201694547e-01
-6.345860571657604421e-01
-6.447031343004531179e-01
-9.466159010593141465e-01
-1.371034554833657104e+00
-1.706376686460603143e+00
-1.041225082531596069e+00
-1.252069442071781502e+00
-5.077848910010097638e-01
-8.151503168910005925e-01
-8.354439450904679321e-01
-5.701829602083769988e-01
-1.891302201605962408e+00
-7.400065885259495824e-01
-5.383096185003705125e-01
-1.214925933280289305e+00
-1.276430025832282267e+00
-1.105837489131074936e+00
-2.254949192136087355e+00
-1.043127227675409774e+00
-5.530653798491974582e-01
-7.857947094989061743e-01
-6.039714590964320173e-01
-7.652175016552273945e-01
-8.908232717710279358e-01
-5.930347815884928764e-01
-4.848042247140926797e-01
-1.222301595968398491e+00
-3.709867738776230217e-01
-8.571684029233422875e-01
-8.142941524960867206e-01
-6.098879963475344335e-01
-1.570507336114533192e+00
-7.603995150399276426e-01
-7.724297624925176020e-01
-8.033299201480620377e-01
-5.319680085960718507e-01
-1.159945712590872757e+00
-6.912325214730205003e-01
-7.499200748458330068e-01
-1.038873228016340633e+00
-9.597864073929490702e-01
-8.829551732907849892e-01
-1.085808222844938165e+00
-1.689593328593349097e+00
-1.245630917490315293e+00
-9.116098637689565853e-01
-7.222677780228418110e-01
-9.777515142004516990e-01
-6.791527582452768774e-01
-4.905014774744374528e-01
-8.386400579300525848e-01
-1.041355620908136714e+00
-8.087218278503901514e-01
-9.264022322014889843e-01
-7.362321917760037415e-01
-5.418191356541561809e-01
-8.954659714208152987e-01
-5.293793200106161612e-01
-6.223970055138454693e-01
-5.607972063570895171e-01
-1.000969166387112308e+00
-7.414060514472410324e-01
-5.031052193622227442e-01
-9.252731010553588709e-01
-8.719582373123124786e-01
-8.989084975687391399e-01
-8.412740032952730207e-01
-6.245862620361842810e-01
-5.891323427281287550e-01
-8.341164224304984387e-01
-1.600129902385832859e+00
-8.868012978114296896e-01
-9.961108577347852489e-01
-1.227430153436189775e+00
-6.890184143590202259e-01
-5.950271021405644234e-01
-4.825454692321831107e-01
-7.426538372474020822e-01
-4.464615427528442204e-01
-7.756731786002095674e-01
-1.709429156629911128e+00
-6.082128350768640779e-01
-8.138957243357014537e-01
-1.552237726908082038e+00
-1.360396342091468203e+00
-5.634956092461713695e-01
-8.878266463173971612e-01
-9.645603768272698053e-01
-1.822803648655076048e+00
-6.299575946726044817e-01
-6.319824875435893219e-01
-9.702231765448805501e-01
-9.273435686482079943e-01
-5.336342803148386160e-01
-1.003028280671439232e+00
-7.183869808939138402e-01
-4.730847562868220058e-01
-6.863612127472147328e-01
-5.318102191578429894e-01
-6.933200841290996230e-01
-1.157691674228169543e+00
-8.611885031249886246e-01
-1.237346285462802564e+00
-8.583935632348830280e-01
-1.005756177893364800e+00
-8.292657537653925770e-01
-5.608802946522165600e-01
-1.637876074507748747e+00
-8.857140555555900185e-01
-1.160788722378898186e+00
-5.768991530550021674e-01
-6.667122014786038831e-01
-9.961672111431262300e-01
-5.276881628978266070e-01
-4.872544895362254103e-01
-1.343775821867207343e+00
-6.633029806767616332e-01
-6.183673156376074953e-01
-7.486851489233861123e-01
-7.596401568366074608e-01
-1.493775240649945601e+00
-1.674702402469246509e+00
-1.484784967238724329e+00
-1.262828790701784998e+00
-1.070484544187082054e+00
-7.696171842230581372e-01
-7.383786724360970055e-01
-1.041874082871115936e+00
-7.389291940357864963e-01
-7.889004052912704790e-01
-7.331112857928574478e-01
-1.850247333673856520e+00
-1.394413463161463085e+00
-6.487209002059235452e-01
-6.432242421853600067e-01
-1.018239284762766816e+00
-1.024854579421220269e+00
-1.149842595628553399e+00
-1.030271868300188798e+00
-7.152401819709954811e-01
-7.917325676759677799e-01
-1.107799491291550753e+00
-1.424499976027581383e+00
-1.486951922101077184e+00
-1.973258217626565614e+00
-8.344119977348738448e-01
-1.168727461385978383e+00
-1.265718102227954001e+00
-2.029964958535557695e+00
-7.369592849631853015e-01
-9.658548481493343107e-01
-6.794505768093342946e-01
-7.201812344763897089e-01
-5.759864481808212311e-01
-8.842159142807077821e-01
-6.885179425607514947e-01
-8.419475068365077641e-01
-1.044887040965335689e+00
-1.249538183158297011e+00
-7.133359542028481215e-01
-7.594379201470078389e-01
-9.057671256253851944e-01
-7.891749905767809770e-01
-1.024442881326663946e+00
-9.246185711740289026e-01
-6.822959611733880880e-01
-6.705300134987902672e-01
-1.161933905110377196e+00
-7.300932464810589995e-01
-8.565934833515097546e-01
-7.446869762909981150e-01
-6.393907934147294858e-01
-9.377394878644653708e-01
-1.423174849789087038e+00
-1.556314851042241321e+00
-1.112197208307890373e+00
-1.501323202742181673e+00
-9.169765322833947074e-01
-6.575918455137467200e-01
-6.368585217900163409e-01
-1.210929325127422018e+00
-5.926076973646047241e-01
-6.225825607267380102e-01
-6.379264446113547260e-01
-5.347387413960345004e-01
-5.570072785142052840e-01
-7.062341155689548788e-01
-6.665017745957254602e-01
-9.629773526446128162e-01
-6.227209291784775447e-01
-7.702436550806235349e-01
-6.880261396413597241e-01
-8.690695788460640614e-01
-8.522347612925438298e-01
-1.110507916191589617e+00
-1.103025809813164893e+00
-4.640977277905925513e-01
-5.315699043613067998e-01
-5.195904378786855293e-01
-3.473891750297547487e-01
-7.527184474228714173e-01
-8.138074933222875229e-01
-7.866140517436409629e-01
-1.698202329849492820e+00
-6.341567615095083932e-01
-6.129319037133463821e-01
-8.296082866443341697e-01
-7.564623126034266676e-01
-8.493530863163558653e-01
-7.372156719902661637e-01
-1.568818661210041654e+00
-5.385123407687122388e-01
-5.477340021677220561e-01
-9.966807692397713359e-01
-4.602153198438008186e-01
-8.008192973755370314e-01
-2.728895024844035788e+00
-3.090199414268322453e+00
-1.568581374530157779e+00
-1.216769759448618204e+00
-9.158202811760386419e-01
-7.299054800146663746e-01
-7.047941922580304164e-01
-1.201713810253947745e+00
-5.933070222487426548e-01
-5.214897084595913057e-01
-7.062669647847494847e-01
-1.382665266729289799e+00
-6.426573124895818001e-01
-8.558777871615961264e-01
-5.532142909884291138e-01
-8.670301657151642249e-01
-8.150687134662546462e-01
-8.858237449950657760e-01
-1.164884927806112858e+00
-9.596203280367158195e-01
-9.608932623240769022e-01
-5.038194315553835567e-01
-6.779240805493319533e-01
-6.824648258814521862e-01
-1.030218926972101823e+00
-9.705297276594744282e-01
-7.244759512924829892e-01
-8.880188341214808601e-01
-8.107090159125849294e-01
-1.057728362854036375e+00
-1.388061903285141341e+00
-1.009438029080814037e+00
-9.517789290528019253e-01
-7.124979947207507047e-01
-6.410417692640120180e-01
-5.761525492031598361e-01
-5.669621839502076988e-01
-9.514074836114837508e-01
-1.483202973896071253e+00
-1.132448415324895263e+00
-9.866601293605968825e-01
-4.420989229859504377e-01
-1.580709259306813941e+00
-1.061569961940453721e+00
-1.247005708067465024e+00
-1.254079531719192842e+00
-5.062282546331132727e-01
-3.761160359511102058e-01
-7.191525627960625444e-01
-5.712720440383457499e-01
-8.188978667395586664e-01
-9.147516373867399242e-01
-6.788333874873122564e-01
-7.935735513352838444e-01
-8.271043809541513969e-01
-9.762324012621635960e-01
-1.174633851184732070e+00
-5.998505907505681245e-01
-9.835771634116210471e-01
-6.701305761593316923e-01
-6.508558684369767366e-01
-1.036241296270237644e+00
-1.963707813091786436e+00
-7.174684579663630490e-01
-6.220349282204366004e-01
-1.024657370243083010e+00
-1.387597505723543456e+00
-8.359062220079508387e-01
-6.679211749221950489e-01
-1.044802963926954265e+00
-8.557269947130606846e-01
-6.301560979947289365e-01
-8.139465063839648185e-01
-7.906341422647711337e-01
-9.476394195887881677e-01
-1.544983288853387871e+00
-1.507386220740418059e+00
-9.253860574779874115e-01
-9.034676558711198791e-01
-7.451321904667389528e-01
-6.792197665705222986e-01
-1.385403866951725016e+00
-9.192289707143697086e-01
-8.898624313801902774e-01
-7.295827553465685789e-01
-6.308048632402799560e-01
-4.251422837724464721e+00
-7.110883583560814181e-01
-8.493963082845940038e-01
-1.239076373547775445e+00
-1.236794022233713486e+00
-1.745056657444270520e+00
-1.777940321771590115e+00
-1.624859012452532836e+00
-1.129686911655511272e+00
-6.056386926931714987e-01
-1.640250878433712867e+00
-9.329438451191529591e-01
-7.690559147000363138e-01
-4.242735920368864155e-01
-9.898871744211716894e-01
-9.366127488333950701e-01
-7.238641858984344868e-01
-8.107779194821898017e-01
-7.058124840964153934e-01
-7.222909790084174331e-01
-8.523309020713083495e-01
-9.295631840303426596e-01
-6.143743139835270428e-01
-7.999501257388804687e-01
-5.153347351032858681e-01
-1.394106870025590972e+00
-9.361417919725246728e-01
-1.096461185562982887e+00
-1.114621053594907041e+00
-7.521059254543175365e-01
-6.636993875318493163e-01
-7.151590742097572173e-01
-8.525031913247528292e-01
-4.643362082880980735e-01
-6.419370607636992743e-01
-6.908697517411600542e-01
-6.705597682522793646e-01
-5.921917529227104238e-01
-6.614258881909739207e-01
-8.823236484276114622e-01
-8.425207579894381515e-01
-6.574710067652890233e-01
-5.762127987344933810e-01
-1.172957572067938381e+00
-7.201528278719527831e-01
-5.837528741323437798e-01
-3.017778310815340426e+00
-1.395759237790731744e+00
-1.005604926751397343e+00
-2.153273881819861568e+00
-8.768448489807975088e-01
-1.202524093868615251e+00
-1.061093159306668143e+00
-1.219227122448107936e+00
-9.052061062723474327e-01
-8.359655761536894936e-01
-8.045594798354506194e-01
-8.383267155174606300e-01
-4.763828550686526331e-01
-1.015276057350403160e+00
-8.510657085881246919e-01
-1.887766045126162417e+00
-9.082814615565633076e-01
-8.984614543201652204e-01
-6.468889459506096395e-01
-6.992346624182048664e-01
-1.078834882108668625e+00
-8.872712296499422058e-01
-9.605718388795778662e-01
-1.172705362256754480e+00
-7.193050887246510428e-01
-6.238200339004945638e-01
-6.817813763796404247e-01
-8.227391974699383992e-01
-6.266259680532172416e-01
-1.961987756959335583e+00
-9.464670820226445125e-01
-7.752786362056323100e-01
-8.276951469974231923e-01
-7.841699426555118757e-01
-7.508438389089512333e-01
-9.191593463124989594e-01
-9.623766425614587172e-01
-7.015362440048749093e-01
-1.143906292083093357e+00
-1.646711298474801577e+00
-6.238225948469638960e-01
-9.651352710692577830e-01
-1.160129555467211748e+00
-2.184508953420329913e+00
-2.060411848176730398e+00
-9.446288279691010814e-01
-8.693766099346184051e-01
-1.116370371037187059e+00
-9.395572394811620986e-01
-1.477492518827133061e+00
-1.717365235558917069e+00
-6.639911256492578850e-01
-7.920415028702962879e-01
-9.057513554872366202e-01
-8.340485543257684098e-01
-3.967564994677804657e-01
-4.729414969449327044e-01
-7.374310042723841718e-01
-5.414306425894602759e-01
-7.624927426518423035e-01
-1.409903418248517060e+00
-5.275609030610812766e-01
-1.370256084441660471e+00
-6.344275680767027525e-01
-6.674699954147118586e-01
-6.069745248251630088e-01
-9.545431441671704542e-01
-4.999936979546196758e-01
-1.071561603093613479e+00
-5.150634422484583474e-01
-9.322068278181189216e-01
-8.637949118203763765e-01
-6.550994558995077988e-01
-6.036313521444169883e-01
-8.691243985151136942e-01
-8.459484332514556337e-01
-1.724881642914726676e+00
-1.041256408593940641e+00
-4.455961883846749072e-01
-6.183722405817146939e-01
-1.034639264315886820e+00
-1.232705348273428259e+00
-1.398987026312810134e+00
-7.556002123552791883e-01
-7.013378306263640116e-01
-7.728606353474938295e-01
-6.406823398504613021e-01
-8.085233934616393725e-01
-5.749075339518247008e-01
-8.460077037516846588e-01
-1.094313730164165221e+00
-7.199396529832304825e-01
-3.184376061240196676e-01
-4.755198047567247288e-01
-6.616993122391557902e-01
-7.513303042698251666e-01
-7.013388487099363466e-01
-6.527269118858651797e-01
-1.154801407449759898e+00
-1.737094876569948543e+00
-6.827316391247272298e-01
-1.061761546125957301e+00
-1.479513384898464068e+00
-7.858042667319329322e-01
-6.371898823956272384e-01
-7.084519822133013012e-01
-6.309789246178884037e-01
-1.615289452831071504e+00
-1.025345493468919456e+00
-1.247064189363322528e+00
-1.920747275259049092e+00
-9.224601680077054722e-01
-4.943784108432561220e-01
-7.789376415127421405e-01
-1.876644611428792242e+00
-4.870571981153183905e-01
-4.933165312277985604e-01
-1.422385922252188628e+00
-7.949686141040361864e-01
-3.124311057511635514e+00
-8.501414818878653135e-01
-1.254492144343551052e+00
-1.264052279115744248e+00
-1.206144204667118247e+00
-3.351220487197620557e+00
-2.880415147014398602e+00
-2.160505188771713492e+00
-9.512533650505281546e-01
-9.209492047813016002e-01
-8.838160719922751873e-01
-1.092416773208308767e+00
-7.743664818243051196e-01
-5.718129519982795284e-01
-6.265006645315917000e-01
-5.775934692881508070e-01
-5.080607924813618226e-01
-7.082285667828132070e-01
-8.795599816449470865e-01
-7.008411257410255280e-01
-6.945703069020576770e-01
-7.580427641997323773e-01
-9.533938735951810184e-01
-6.802044137636874543e-01
-1.056484819410919318e+00
-1.626887327381611570e+00
-2.334535386821168679e+00
-1.883019221755070749e+00
-2.388132917080414419e+00
-1.487485852089438065e+00
-9.197443580954226539e-01
-8.182670513537517731e-01
-1.203775855071839374e+00
-7.456897788656727810e-01
-7.799392115370145095e-01
-5.117489552497541672e-01
-9.482015320846670647e-01
-1.211363167992226764e+00
-1.206003418651649950e+00
-5.448334880591747531e-01
-7.152616977467745052e-01
-7.415894335685633276e-01
-6.326559263325330917e-01
-6.327617002299096294e-01
-7.510199675903528327e-01
-6.565417024031794391e-01
-5.517459649029937685e-01
-1.788854620034948217e+00
-1.021031954339121972e+00
-7.523074415331822973e-01
-1.845882972312074877e+00
-4.268609447688245240e-01
-5.315443101535171078e-01
-5.542820638728068738e-01
-7.028685932418025084e-01
-8.193921343232077881e-01
-5.129461075343632048e-01
-6.657385532855932819e-01
-1.829137881988606606e+00
-5.437548335847972591e-01
-1.183538307617356233e+00
-9.592443591929542546e-01
-1.162144205003070363e+00
-2.848324930232884356e+00
-1.582791302264946687e+00
-9.197412954120287587e-01
-6.667671062605026178e-01
-7.711324332970304063e-01
-1.368907323941201959e+00
-8.963217554379484531e-01
-9.754429955582342160e-01
-7.780401263028963177e-01
-1.041085558880964879e+00
-1.449328941382437952e+00
-4.252350222611636088e-01
-1.385123361596995117e+00
-1.599329520415552652e+00
-8.010805412375028300e-01
-5.802262330827766545e-01
-7.437634315628248727e-01
-7.982990790052812979e-01
-8.783058037017252850e-01
-4.439756907735234459e-01
-7.991625922688839756e-01
-6.834255126537990277e-01
-2.061141510054293580e+00
-6.706449763662828412e-01
-5.960114503713385137e-01
-4.877368810777340524e-01
-4.247085098884649801e-01
-6.154435916615007551e-01
-6.042694689957863741e-01
-7.586598695043507146e-01
-1.489976009607890228e+00
-6.699128373142461124e-01
-7.647027862753784655e-01
-1.069022414645802499e+00
-7.764470091975939070e-01
-5.413148087391431718e-01
-8.800358408969020108e-01
-5.061099167865645843e-01
-9.054591172880698258e-01
-6.499507961074039164e-01
-1.541733921994931755e+00
-6.480130611568056809e-01
-1.150290886121804190e+00
-1.469555187990858602e+00
-7.788942781940981774e-01
-5.015755709559508446e-01
-4.941623789030089586e-01
-8.062137940560905047e-01
-5.937411279062552172e-01
-5.023645041811819478e-01
-5.235838768743924510e-01
-7.382704228760378351e-01
-1.069251782636116310e+00
-1.130296126367696274e+00
-8.154126399283397886e-01
-4.451782960344602413e-01
-7.649693266747782383e-01
-9.682129891690964829e-01
-5.608630640306534465e-01
-9.655489754028911964e-01
-3.010598738245731099e-01
-1.200956142872656729e+00
-1.233731563001404963e+00
-2.425730335463478493e+00
-8.672893539620682990e-01
-9.304564928078022934e-01
-7.860990782673230592e-01
-6.284125322071696385e-01
-6.652599087227881736e-01
-7.978926402523790484e-01
-6.200400093640892063e-01
-7.896692958016908737e-01
-7.503832388171697287e-01
-7.912505884007594581e-01
-7.673861526894552032e-01
-8.260756865161460460e-01
-8.222840576073919827e-01
-7.091438194799180028e-01
-6.061730700098850733e-01
-9.439237114918189731e-01
-8.343781649836804482e-01
-5.935768906890562802e-01
-7.232148079932592122e-01
-1.074191799028986205e+00
-1.201493089619753540e+00
-9.770735154358477503e-01
-2.028351057706158755e+00
-1.178371648708993469e+00
-1.001436660023822922e+00
-6.572863979964177483e-01
-4.551795574810836853e-01
-5.229749914429624447e-01
-4.251556598205602500e-01
-9.238002305096599809e-01
-5.696280779041056341e-01
-4.750416973140555443e-01
-4.775742151464887342e-01
-1.384533419629449646e+00
-7.447894676858266561e-01
-8.904496671088101278e-01
-6.270131513347556584e-01
-5.932746460240194697e-01
-6.145223793901146703e-01
-6.223437642872438058e-01
-5.445512013699521647e-01
-6.032860897590212046e-01
-8.593262006821738019e-01
-4.931522422732301236e-01
-6.658135897085756261e-01
-6.408392130663180808e-01
-5.854768374747878479e-01
-4.563630789377584596e-01
-5.602520923547725795e-01
-5.229829943752255517e-01
-4.983078030215669640e-01
-6.268774914841959145e-01
-1.185735098022077993e+00
-6.242283322956226899e-01
-7.074557418567019029e-01
-5.184469852226629705e-01
-4.378095816591621947e+00
-2.846705378095092165e+00
-2.554564612814728797e+00
-2.346452185392117418e+00
-9.098440865322485749e-01
-1.556263269667761406e+00
-8.180771982623399330e-01
-1.245130035808459157e+00
-9.339794720149687812e-01
-7.137289615514359475e-01
-2.202521621519272443e+00
-5.261273089274386416e-01
-8.566832051141606286e-01
-1.655985907399919466e+00
-8.416348363554679857e-01
-6.851706947898291711e-01
-7.847596860198449154e-01
-1.010804321031025577e+00
-6.649119519126881483e-01
-6.179336618986245311e-01
-9.701182289148027049e-01
-1.169308918371318340e+00
-1.025000874621601055e+00
-7.770972062831313920e-01
-5.378653029631983440e-01
-6.036020750141497526e-01
-6.378935319240252033e-01
-1.371231112261034779e+00
-5.444835484692860383e-01
-8.125043983764415056e-01
-5.464871699313154085e-01
-6.335999868882133956e-01
-1.391639910975566385e+00
-9.014897971122625142e-01
-4.473275809385191537e-01
-6.170912529909691191e-01
-6.058609889213592004e-01
-4.469517064782624338e+00
-3.375958715520694486e+00
-1.635328419310079884e+00
-1.251935855146643073e+00
-4.721805879143802787e-01
-9.848370719119750039e-01
-7.047177218324487402e-01
-9.397522377035020247e-01
-8.431268690538434862e-01
-6.341730731993973080e-01
-7.784297283044530058e-01
-6.995765796467631192e-01
-4.778214162209489801e-01
-5.558175997985870254e-01
-5.383400481034873453e-01
-6.567486051062140229e-01
-6.506856377035046268e-01
-1.072919356557387127e+00
-5.907262226042261366e-01
-5.314755660311080154e-01
-8.414062074502036692e-01
-6.285941382601535343e-01
-6.443688010377877085e-01
-8.606691031522545332e-01
-7.437967789611701352e-01
-6.446462651515578735e-01
-8.309173859444387578e-01
-1.095629527065135722e+00
-7.681655399999964828e-01
-8.046361036953210144e-01
-7.127008834476703525e-01
-5.712495567644328975e-01
-8.991369996454884328e-01
-4.565928876732174291e-01
-5.847919581495006902e-01
-8.610122417748207191e-01
-6.331434781983931170e-01
-5.563195693378633067e-01
-6.884853583803183241e-01
-8.459904907637139093e-01
-6.389975605429853989e-01
-6.001223371756543301e-01
-6.394340638666951016e-01
-1.994116168385921650e+00
-2.121450791178595807e+00
-1.710647206088995231e+00
-1.493574119589879956e+00
-8.171521686242486648e-01
-6.862904958556308443e-01
-5.876016292291400545e-01
-5.572028695300140777e-01
