-3.220383008321378071e+01
-2.216234238065220552e+01
-3.114215175433180249e+01
-3.780005286026428024e+01
-3.531777723500093202e+01
-3.186079678457285169e+01
-3.783785879245291994e+01
-4.003074637625834242e+01
-2.778136596133195724e+01
-2.994254026529537072e+01
-2.426122779255944550e+01
-3.678856071496198865e+01
-4.360639354319275185e+01
-4.691749501123503308e+01
-3.874485739540767071e+01
-3.301769654975589674e+01
-3.243236632210141579e+01
-2.760994357889565620e+01
-2.579578390942995725e+01
-2.287858408581283598e+01
-2.540703881386345842e+01
-1.996611966677290084e+01
-2.105450962271328308e+01
-3.349551676236070641e+00
-1.984243761270495909e+01
-1.945602724837551989e+01
-1.849674671767757772e+01
-1.325956964140991801e+01
-2.027289985567494668e+01
-1.693813513454117015e+01
-1.495727940038655746e+01
-2.730763821299905914e+01
-2.473519202848676812e+01
-1.974996782927094330e+01
-2.832550471484055876e+01
-1.960910556296520468e+01
-2.315823190441959056e+01
-2.667141335989233752e+01
-2.087414413712443562e+01
-1.899011200191961990e+01
-1.641304471704257395e+01
-1.369379363343135658e+01
-2.151728356088788985e+01
-1.986876144010129153e+01
-1.310320974873568289e+01
-1.940692241214929581e+01
-7.270333514296225097e+00
-1.152348004678785287e+01
-1.146123503741966587e+01
-1.779524481980411466e+01
-1.996011184898139490e+01
-9.699444989045909793e+00
-2.034847506742124779e+01
-9.916269154582284528e+00
-5.534240506715928376e+00
-8.641967160321419428e+00
-2.088798720506783724e+01
-6.717307336750900859e+00
-2.697851609693449060e+00
-3.853929528352574962e+00
-8.949990686900926917e+00
-1.829877320939080576e+01
-2.050065612450370622e+01
-1.128816958339147547e+01
-2.085397223086189911e+01
-2.569025165497004792e+01
-2.970625260858133032e+01
-2.762524457971705161e+01
-2.948947247368743874e+01
-2.583749788732852082e+01
-2.149674704849705975e+01
-2.326850506824893827e+01
-2.136765432120622776e+01
-2.449774963705809583e+01
-2.050829149011569186e+01
-1.925808207537041028e+01
-2.076931830047249861e+01
-5.597737423797959799e+00
-1.725258292861276743e+01
-2.400486969339582721e+00
-1.528171950600524021e+01
-1.854335272989068528e+01
-3.442592560848717653e+01
-3.705359198683520106e+01
-2.527640000158637434e+01
-2.314420563705589373e+01
-2.300350993960643819e+01
-2.575950140503512742e+01
-2.260174886068281808e+01
-2.319307703551180921e+01
-2.019027661601264256e+01
-1.642403716223524412e+01
-2.063152039866793430e+01
-9.036109214955185820e+00
-2.397281225083621070e+00
-4.565936835481092970e+00
-1.216692867979400638e+01
-7.121058403008417415e+00
-1.593263579377035555e+01
-2.460643648412561113e+00
-5.985333539232986055e+00
-8.376108584500357779e+00
-1.709340804482064513e+01
-1.044384798472086295e+01
-9.644045742835157142e+00
-1.758545124745032950e+01
-3.798963144644837531e+00
-1.593381834661868268e+01
-1.409155978877725168e+01
-2.639303176183570354e+00
-5.304133801833855522e+00
-1.558147191376312435e+01
-2.081943918877681199e+01
-1.546131762579058844e+01
-1.447869303485975401e+01
-2.072448924741712872e+01
-1.307077218448490363e+01
-2.288298627374725669e+01
-9.942951630278896502e+00
-5.506431018184785309e+00
-3.617327462547113015e+00
-1.088683558838829413e+01
-2.236245168428007801e+00
-1.356537026071122298e+01
-4.302288331919078779e+00
-4.301447662274766159e+00
-8.894965699971809414e+00
-3.605668251085888176e+00
-3.226607583005673074e+00
-8.864752333878668011e+00
-1.610695023634314271e+00
-1.183269834397618858e+01
-6.337127710189722762e+00
-1.733828000488212950e+00
-5.038347868835372445e+00
-1.838313100985957238e+00
-3.644314856734275132e+00
-4.898851635472059485e+00
-1.005117131204045755e+01
-2.587395185030361588e+00
-1.682602811195745929e+01
-8.462104748052539094e+00
-1.963778977955889626e+00
-1.554125822685592695e+01
-3.645472069293111961e+00
-3.433464534762523890e+00
-1.390784626385611666e+01
-3.331977197698738458e+00
-3.725074227990674114e+00
-2.254443131113828436e+00
-2.076283729909632836e+00
-1.670863175440615800e+00
-4.076297390280918087e+00
-2.570283484791807904e+00
-2.110356132221645531e+00
-9.885827221500498752e+00
-1.512975906089153666e+00
-2.789863759839580570e+00
-4.095133907335232415e+00
-9.825094420564839393e-01
-2.154470496407821400e+00
-1.234892641472737473e+00
-1.011658898329462541e+00
-2.217485220852988714e+00
-4.051153064893659561e+00
-2.812469293483002453e+00
-2.808998141776275936e+00
-3.225960200422217206e+00
-1.913769289783229910e+00
-2.019245091812135406e+00
-5.331889478833238272e+00
-1.392035397744514036e+01
-5.866309198160219118e+00
-1.624486528418401221e+01
-1.359985177216287688e+01
-2.041796548886953389e+01
-3.570357981818929272e+00
-4.013429314454533881e+00
-9.829050582672614667e+00
-2.883117341715927040e+00
-2.145205594859489473e+00
-3.418017121784390433e+00
-3.788271507340228439e+00
-1.149958547136321130e+01
-3.272395069428591707e+00
-2.777536623795159088e+00
-2.001568055945109670e+00
-1.836315217082584494e+00
-2.124332844900685746e+00
-1.398490523069425073e+01
-3.323403429288165789e+00
-1.488945357146944382e+01
-3.187427163238405470e+00
-1.894401652714133988e+01
-2.607314623795503294e+01
-2.861041151265381188e+01
-3.575557591558627024e+01
-2.510440237436873545e+01
-2.312745023445889814e+01
-2.063550193813122036e+01
-2.216836900856275250e+01
-1.847733888180369988e+01
-1.896027688803787470e+01
-1.293665432327833997e+01
-2.364998059090520499e+01
-2.026671031496723074e+01
-2.488237883476210044e+01
-1.931263929593174211e+01
-2.138756651541977405e+01
-2.033831351973102031e+01
-1.374598742089373360e+01
-1.068445506423785041e+01
-2.958106842139867521e+00
-1.427432906838538429e+01
-1.630720870467707684e+01
-2.073950557868577516e+00
-1.158583827581019321e+01
-9.069433119723388614e+00
-5.299109811104757206e+00
-4.272063553408932179e+00
-4.626912626823187935e+00
-5.242852721874712074e+00
-1.160418567281527125e+01
-2.305830750095698534e+01
-2.557578403396318478e+01
-2.124592454080818271e+01
-1.906554088994046126e+01
-2.482511122093995581e+01
-2.457992177935749112e+01
-1.929411969947279459e+01
-2.152451598287015244e+01
-7.859467179894478406e+00
-7.975021661124972461e+00
-2.555144745065237810e+00
-2.548874164592650704e+00
-2.394599773639522589e+00
-1.571407702881919199e+01
-2.123144781860828445e+00
-1.837638105803251154e+00
-1.045220693360505493e+01
-3.161348134503820351e+00
-2.322916320398553669e+00
-1.798099976169617165e+01
-2.756964871274710571e+00
-1.779970409231833628e+01
-2.345342163058238949e+00
-8.840153529829695600e+00
-2.051933712923096920e+01
-2.356525069727762300e+01
-1.841300414413483821e+01
-2.467474423173905507e+01
-2.499478276911395369e+01
-2.348509112187348791e+01
-2.785859373843396725e+01
-2.312056055454334569e+01
-2.153755488895192016e+01
-2.435150785242491622e+01
-2.241590138393669918e+01
-2.314243825736601678e+01
-2.130268716822833142e+01
-1.491531761827575409e+01
-2.133630182018266197e+01
-3.080284801979765774e+01
-2.631821017093292880e+01
-2.749197135680149984e+01
-3.911739390118660253e+01
-3.198398394980627657e+01
-3.247772850161675962e+01
-3.134161571848560612e+01
-2.919232091690936315e+01
-3.268140804693535273e+01
-3.312556404183055037e+01
-3.413168564985863895e+01
-2.995047207288436653e+01
-3.051094669007468241e+01
-3.306090627883883570e+01
-2.606380640663397230e+01
-2.444309714296490199e+01
-2.007995717251099066e+01
-2.131657254814608748e+01
-2.067566301419628516e+01
-2.032176640298350634e+01
-1.911739250873509022e+01
-1.886864712369384733e+01
-1.948608400924819861e+01
-1.905171884865712428e+01
-1.790699755431131379e+01
-1.762635525158661665e+01
-1.803569472718858080e+01
-1.952544593533675865e+01
-2.241379189777405756e+01
-2.666147742468274373e+01
-2.375050406848136930e+01
-2.865022328923857486e+01
-2.607108311331415607e+01
-2.628691857361004480e+01
-1.898301837483433729e+01
-1.851601313346953503e+01
-5.788123889229584762e+00
-1.435666157204594562e+01
-3.419559336051760212e+00
-1.363743123286022829e+01
-3.738538308617127548e+00
-9.373653747272642889e+00
-1.396231096705324859e+01
-1.836066773996505219e+01
-1.887089314881786350e+01
-9.598665157337668674e+00
-2.977578942389105698e+00
-2.680952690259927440e+00
-1.739502864245102032e+01
-1.902827127272031627e+00
-2.076502704671000288e+00
-1.300934079497801710e+00
-1.575763135444889507e+01
-1.518215656080105003e+00
-1.738446393902529508e+01
-2.765076630277076575e+01
-2.444917743907309315e+01
-5.402860275939566748e+00
-2.215399916829079885e+01
-1.860340407454541278e+01
-2.586838139940339332e+01
-8.749926130686885628e+00
-2.356756918439399939e+01
-1.847045138521231422e+01
-2.515351669110646782e+01
-1.814136898937663034e+01
-1.856619035750064128e+01
-2.525688731229034900e+01
-2.541980685453963495e+00
-2.617299519632401150e+00
-2.396874016013046571e+01
-1.870421113050891426e+00
-1.771383248643909170e+01
-1.674756185993727797e+01
-2.353243513514439300e+01
-2.283980000841857816e+01
-2.176155845371755149e+01
-2.002255238555239458e+01
-1.996583737778288992e+01
-1.939788063015192066e+01
-1.466399243535934183e+01
-4.580468650867468128e+00
-2.173707895172241322e+01
-1.864192875595734478e+01
-1.931957754045833653e+01
-1.062137857066540114e+01
-1.139439022814260838e+01
-1.225548253236273233e+01
-8.164120306790152881e+00
-2.006818390767342208e+01
-1.918844736351949720e+01
-9.526661770058494128e+00
-1.580354417537008871e+01
-2.725430511014806267e+00
-5.346118629684761814e+00
-1.419181371158375704e+01
-1.120764430615937357e+01
-4.436486035218575985e+00
-3.141960304462359410e+00
-3.428681456362892455e+00
-1.583596411951060379e+00
-1.649731657313162181e+00
-4.021435274196131004e+00
-1.480000361745559800e+01
-2.171380988447889848e+01
-2.108833348400763796e+01
-1.944566168214711155e+01
-2.008506190717514173e+01
-3.037790831327048746e+00
-8.283644875533486385e+00
-1.452711955151273493e+01
-1.794983506020950870e+01
-4.215289542964643310e+00
-1.756650359360612512e+01
-1.708566368211782560e+01
-2.437110486814624277e+00
-5.046638420170548756e+00
-2.052912476137023656e+00
-1.908557024873817065e+00
-1.402871921291561463e+00
-1.369634247717739672e+00
-2.220202484394833142e+00
-2.478697285287759566e+00
-2.358421130367835516e+00
-2.471946463292473695e+00
-1.963746868171175164e+00
-1.454770735752378474e+00
-2.737099243086820177e+00
-1.617672703915829402e+00
-2.120801424806013635e+00
-1.489278347695051075e+00
-2.143134896204567763e+00
-1.901136146933442683e+00
-1.685669032113866983e+00
-1.459797737199621803e+00
-3.016741237346074023e+00
-1.715835407537988466e+00
-1.751714106515660063e+00
-1.719716704410794161e+00
-2.815775050007971458e+00
-1.714287670291966048e+00
-1.815919544900485683e+00
-1.000286626120981293e+00
-1.533204991844135057e+00
-2.639872249850338193e+00
-2.859328758363340217e+00
-1.233418194269237267e+00
-2.145529034169356031e+00
-2.927900006522810905e+00
-2.566844273308939162e+00
-2.307677363275699722e+00
-2.394926019245940729e+00
-3.380442113684433370e+00
-2.098025076934915134e+00
-9.285979352043990387e-01
-1.815498778814685688e+00
-1.469305626736590931e+00
-1.440306587889309542e+00
-1.477659955930043623e+00
-1.999157979632120830e+00
-1.419506213718207732e+00
-1.257749559321589272e+00
-1.754988982425741417e+00
-2.776508226833058757e+00
-3.036564417659208814e+00
-2.634336844312208825e+00
-1.425155168845086084e+00
-1.623683938736732779e+00
-1.840990805165138688e+00
-1.722546370153371864e+00
-3.817334200732606320e+00
-1.712249597190779848e+00
-1.868660751645316642e+00
-2.070636151155290872e+00
-1.560705276591954016e+00
-1.733836985542821951e+00
-1.411787532077090068e+00
-1.525728187127367352e+00
-1.826972627129616944e+00
-2.381230726888214022e+00
-1.318257262070689606e+00
-1.791914919251035743e+00
-1.939576480075461129e+00
-1.450758603182916273e+00
-2.263657709752747937e+00
-1.724371830855335297e+00
-3.093109361888278563e+00
-2.675905731449928826e+00
-3.277961860339968947e+00
-2.605956889501954254e+00
-2.129355930425793630e+00
-1.916812914069529139e+00
-2.231246047476241667e+00
-1.674772947749702423e+00
-1.174471494536219129e+00
-2.720753663239930287e+00
-2.650830067869390128e+00
-3.355019585307061014e+00
-2.639813811946801092e+00
-2.299503119967434284e+00
-1.452246839279698776e+00
-2.835898647980909182e+00
-1.242141599018733000e+00
-1.488981277534952685e+00
-1.635495018291531100e+00
-1.998665911759088809e+00
-1.914149569751830704e+00
-2.665341503119289968e+00
-3.645883891350140793e+00
-3.800620242741307830e+00
-4.088472862462444013e+00
-3.591720064681210189e+00
-3.727640728586164798e+00
-3.738131359418138455e+00
-3.839809970014472995e+00
-2.866160598876364318e+00
-1.974768920293050734e+00
-1.090533170553898756e+00
-2.694739058324135073e+00
-1.574844637430732552e+00
-1.507639951296467551e+00
-1.681197915029734702e+00
-1.731652059664397836e+00
-1.237369477700340337e+00
-1.278927136552994170e+00
-2.444889870003260857e+00
-1.415190445854497714e+00
-1.428169024176245472e+00
-1.362306728761587094e+00
-2.543904084728395354e+00
-1.914688092632582661e+00
-1.341440592550617161e+01
-1.896913123179568927e+01
-3.342237553637933622e+00
-1.827936256349350419e+00
-1.400109733994902017e+00
-1.736748963724066952e+00
-2.664555753323529785e+00
-2.411649707849417457e+00
-2.705763921525292215e+00
-1.001969369752964356e+00
-1.953688288997142752e+00
-2.054894713025744668e+00
-1.398180672018347837e+00
-1.923677226499865833e+00
-2.710965323654645598e+00
-2.338970985554098103e+00
-2.285938734877809519e+00
-1.758781369243362258e+00
-1.685195340020490873e+00
-1.424086392667853973e+00
-2.272179516773718877e+00
-2.104503442732057472e+00
-1.543782042635318597e+00
-2.046712205814197993e+00
-2.754196399307199172e+00
-1.789819735768406250e+00
-2.292995442601581058e+00
-2.158575608568248594e+00
-1.818498924366011904e+00
-2.547778715619804846e+00
-1.586451549943622030e+00
-1.079084078307641192e+00
-1.992015495817609727e+00
-2.428725483638838334e+00
-1.551055756993235279e+00
-2.072887162739033506e+00
-1.412476207914742599e+00
-3.572388871511985808e+00
-2.089829482960711804e+00
-1.913397927827471534e+00
-2.291222989731867443e+00
-1.268841979742945769e+00
-1.973026176389941266e+00
-1.985053757472515334e+00
-1.244342719129287733e+00
-1.306887962523667568e+00
-1.795846135996575832e+00
-1.069162820276411630e+00
-1.792629492458740703e+00
-1.263301693751221366e+00
-1.056609959281837874e+00
-1.333861454556926729e+00
-1.739337962746837274e+00
-1.523267547093357654e+00
-2.357284789968875582e+00
-2.060151218361407466e+00
-1.746427107107885179e+00
-2.373873518185703801e+00
-1.733956268061217276e+00
-1.300895734573198403e+00
-2.104725953821349194e+00
-1.627493674995174056e+00
-2.512445601750368684e+00
-2.373116955766136904e+00
-2.478446175474197766e+00
-2.474037510872952872e+00
-2.244109463704177188e+00
-1.618817303466578483e+00
-1.601835268721210737e+00
-1.634636104369846521e+00
-1.357568564676166378e+00
-1.297283220289369821e+00
-8.575745059295732275e+00
-2.446212011399855779e+00
-2.882708451698660301e+00
-3.183789165183438907e+00
-1.176295339344032964e+00
-2.670503919975390605e+00
-2.094287604098869160e+00
-1.336776924758223961e+00
-1.666894730495438459e+00
-2.168982025067630381e+00
-1.577003929346526556e+00
-1.527965900179195202e+00
-1.872135543746367148e+00
-1.174515230995950343e+00
-2.164796305397990839e+00
-2.506522777837302929e+00
-2.054870536677871229e+00
-2.538480621860791153e+00
-2.309270286692469032e+00
-3.320627156578124684e+00
-1.152243046534221271e+00
-1.606425821302932988e+00
-1.321408300126744040e+00
-1.479182124071256377e+00
-1.393233342196243951e+00
-2.139309976947779912e+00
-2.742189535362630881e+00
-3.066155915209515026e+00
-2.150880600580552748e+00
-1.608029496421003790e+00
-1.771690017986355725e+00
-1.554711703211707485e+00
-1.730094874338053090e+00
-1.811531581505661848e+00
-1.602237557198731954e+00
-1.259668528771659357e+00
-2.049908136075681675e+00
-1.811410617870148787e+00
-1.938293952956900545e+00
-2.812805956903966731e+00
-1.751717536686959953e+00
-1.952841504192908140e+00
-1.700425599126573983e+00
-2.054306156419174911e+00
-2.698486647100588165e+00
-3.258650202277793451e+00
-1.417372688865022434e+00
-2.222142600787301969e+00
-2.368386105007526776e+00
-2.415815543111671904e+00
-2.754064918356543767e+00
-2.558778666232999655e+00
-2.485166955436077352e+00
-2.969737100800077911e+00
-3.227697439704015459e+00
-2.623617513643637267e+00
-1.791344279946014639e+00
-1.579024762474886767e+00
-2.022956584654649337e+00
-3.053501411315791003e+00
-6.137267767170922816e+00
-3.240079757015580597e+00
-3.424646766249708651e+00
-2.353280297615850003e+00
-3.312831343131680484e+00
-3.749181306618822429e+00
-2.078891464291021229e+00
-2.050792779043771663e+00
-1.710229261693291924e+00
-9.417103627047189729e-01
-9.768408339495691095e-01
-1.531057298373244890e+00
-1.534241837340399428e+00
-1.810731043416244246e+00
-1.552072311131878823e+00
-1.099143572195291130e+00
-1.432961735860967423e+00
-1.906905919962665896e+00
-1.605909372310271088e+00
-1.197780530296824741e+00
-1.539001853287295329e+00
-1.263322887991347843e+00
-2.219698327937091431e+00
-1.748435974203972343e+00
-2.066024378746943668e+00
-1.220307405030377712e+00
-1.532824248131343214e+00
-2.938180954247831878e+00
-2.004153753724668974e+00
-2.366818451881802066e+00
-3.075916364921652324e+00
-1.605671180435626288e+00
-1.906962145754835136e+00
-1.466432727951835435e+00
-2.598627414223879217e+00
-2.723492266993072786e+00
-2.013316115285642471e+00
-2.476228472009714299e+00
-2.628203687392940413e+00
-2.272467595314378030e+00
-2.075393515497720553e+00
-2.780319833701347498e+00
-2.733300512614259326e+00
-2.612497008136365206e+00
-3.935008109948562982e+00
-2.367898533428624663e+00
-2.686963473062792040e+00
-2.891185721983799528e+00
-2.303522864539647497e+00
-2.408542792625348206e+00
-1.364809614197258103e+00
-2.928960340387559036e+00
-1.285146326528597172e+00
-7.362575127383353957e-01
-1.634102652402549483e+00
-1.992288185877228779e+00
-2.142783807346778424e+00
-2.197047336502726989e+00
-3.842622527707987068e+00
-3.549926967027710489e+00
-3.363724150042205707e+00
-2.770222356354956172e+00
-9.096656214923939388e+00
-8.170554806230816425e+00
-2.087830825185382544e+00
-2.769218955211371735e+00
-1.440848637407912358e+00
-1.046963649427087972e+00
-1.628732510888240448e+00
-1.722425942102403296e+00
-1.355985198061876451e+00
-1.444285755987811282e+00
-1.088070632152929873e+00
-3.084113607125958723e+00
-2.331478053333683853e+00
-2.528753581645536652e+00
-2.857013813875517005e+00
-2.468499631265717476e+00
-1.583481919751719591e+00
-1.719819228023157232e+00
-1.610048070105120743e+00
-1.372282545884531579e+00
-1.546822788831865747e+00
-2.461975319939456508e+00
-2.549520764662498884e+00
-1.676788271893260962e+00
-2.942962739540925465e+00
-2.951152850688083085e+00
-3.458902446905272487e+00
-1.823062303025251518e+00
-2.045405875235566384e+00
-2.367591091940095538e+00
-1.345531467459653463e+00
-3.062007725936981561e+00
-2.235846817463854830e+00
-1.208322636188884802e+00
-1.417858327305430599e+00
-2.046467116455213731e+00
-2.579262216989247403e+00
-1.918087775601148737e+00
-2.818584903787020313e+00
-2.179828546133018907e+00
-2.903842424723591886e+00
-1.543127810976975045e+00
-1.944456207221795463e+00
-2.004723812369582525e+00
-2.788137927395093030e+00
-1.393532468961310888e+00
-1.428710048840214908e+00
-1.574166563773945260e+00
-1.626814406881789354e+00
-1.388929705128303604e+00
-1.644797011485395144e+00
-2.523564843581950434e+00
-1.467048679359560737e+00
-1.153136651254890843e+00
-1.052637160822567086e+00
-1.798345465203305071e+00
-1.652554862376279132e+00
-1.220251892655461301e+00
-1.585717354700459270e+00
-2.589014242536638921e+00
-3.447149169829352378e+00
-1.146165979034819538e+00
-1.794552942332981793e+00
-1.405807959733152313e+00
-1.727395284499287031e+00
-1.653346973278386978e+00
-2.122073504177272252e+00
-1.760576939416119924e+00
-3.374793049893255237e+00
-1.485841689375502428e+00
-1.542083550394233615e+00
-2.016023963573876365e+00
-1.785842996028008667e+00
-3.166023327538203702e+00
-2.107774169931987629e+00
-1.145231895341333406e+00
-1.175874593219559339e+00
-2.020285121115048099e+00
-1.559093614131708216e+00
-1.658042974645922429e+00
-2.150024936602323855e+00
-1.593171195144390762e+00
-1.983373211430076610e+00
-1.517236760054199385e+00
-2.244997916662058834e+00
-1.599083359636407575e+00
-1.701705684011174169e+00
-9.755536973574252535e-01
-1.627948614500195568e+00
-1.104327057190050976e+00
-1.727433149780881694e+00
-1.546803068566864781e+00
-1.735284706108163988e+00
-1.039983956764181317e+00
-1.187393937455655246e+00
-2.062856000269575496e+00
-5.092716774261437429e+00
-3.761493117339405501e+00
-4.174008357285237558e+00
-2.222231011128941169e+00
-5.342522633720856007e+00
-2.744766061283696601e+00
-2.883675635985285979e+00
-2.789310347286004799e+00
-1.823713305722401090e+00
-1.639081740849700486e+00
-1.698784856104658347e+00
-1.770893027771605288e+00
-1.897738026997437988e+00
-1.422038969239276307e+00
-1.637750540461715199e+00
-1.576542991530511140e+00
-2.285980194570738089e+00
-1.253832538526026497e+00
-1.485827748890527378e+00
-1.339163083242624896e+00
-1.496075195848471928e+00
-4.891863383679511124e+00
-1.346700322837167008e+00
-1.654593276815964575e+00
-1.623493317366887512e+00
-1.393319346854978269e+00
-1.172560002324247730e+00
-1.327597663174286513e+00
-1.785623876504689234e+00
-1.488055897601840316e+00
-1.180057238938351682e+00
-1.505230082982700113e+00
-2.283057116630418992e+00
-2.292483923319270644e+00
-2.153863071538668184e+00
-1.694656252795108786e+00
-1.463045922608735117e+00
-1.292690922877459681e+00
-2.454674284689477126e+00
-1.837592820890831868e+00
-3.757990828598717581e+00
-3.440005582199132661e+00
-3.387492687995380169e+00
-7.918775639428052848e+00
-2.459603856831618529e+00
-2.295880441834260210e+00
-1.693664047749366519e+00
-2.438753557588837939e+00
-2.104632368163528167e+00
-2.378441264554489010e+00
-3.930689166356481579e+00
-3.173954819821445561e+00
-1.755707387383845353e+00
-1.886362105756751451e+00
-1.792263697216108120e+00
-1.404280689517397374e+00
-2.846282795103334262e+00
-1.704175843176073846e+00
-1.556091975010081230e+00
-2.183101035789653643e+00
-1.902070143352567522e+00
-1.406904214534481889e+00
-1.301373710407031759e+00
-2.073423374352654669e+00
-1.422251813448356828e+00
-1.503793963639183939e+00
-1.700739464010110336e+00
-1.722274123570682436e+00
-2.104743265701904065e+00
-1.731866232395057992e+00
-1.858574392391232788e+00
-1.479511642677600269e+00
-2.194872956921241958e+00
-1.246859837032654461e+00
-2.638858722116702360e+00
-3.360692934911952090e+00
-2.699698091796609134e+00
-1.794694615101930513e+00
-1.235646442256849609e+00
-1.660915914773083646e+00
-1.344574848174951542e+00
-2.874179885439085425e+00
-2.671806718331263042e+00
-2.020416743254292324e+00
-1.790978809723729803e+00
-1.792012306856825887e+00
-1.948462395604380282e+00
-1.403488641518057856e+00
-2.375262415024289364e+00
-1.534031409543346491e+00
-1.471107172841582322e+00
-1.430960128653899321e+00
-1.255145954759159688e+00
-1.369484869161651464e+00
-2.143737549334966630e+00
-1.423788837207647484e+00
-1.451836540994118074e+00
-1.525513459081933920e+00
-1.430744014027292010e+00
-2.525635276908363203e+00
-1.520794043330170764e+00
-1.441676349717425643e+00
-2.066608346726417356e+00
-3.126438854489015373e+00
-3.371141531367579436e+00
-4.233524299984092742e+00
-8.630135947612926017e+00
-2.441076206743995503e+00
-2.802080351865169572e+00
-1.690436471461242762e+00
-3.754386986378805524e+00
-1.506238081981718491e+00
-3.511519318577791982e+00
-8.110084187685078660e+00
-1.865281974816406230e+00
-3.810384421818024503e+00
-3.554708573613749589e+00
-2.353387379268785384e+00
-1.879549435965929938e+00
-2.276129504497598877e+00
-1.863734944259924697e+00
-1.625297180618364923e+00
-1.871344726815685755e+00
-1.794804013569047507e+00
-2.217051117769772262e+00
-1.684851894522531479e+00
-2.395682072548527053e+00
-1.136168965405897957e+00
-1.844749075932440752e+00
-2.199141672581724993e+00
-2.231698209532253063e+00
-1.850177853928250959e+00
-1.607247054232778360e+00
-1.457422218157038651e+00
-1.715254224398573557e+00
-1.754886383704092667e+00
-1.901132654223771201e+00
-1.783010834534508371e+00
-1.731468279342146310e+00
-1.342351016353722892e+00
-1.739640295546524884e+00
-1.652253907708112424e+00
-1.209084024751375441e+00
-1.458197959711351466e+00
-1.913296680530212512e+00
-2.030468772335626948e+00
-1.360133180805580766e+00
-1.542996524132079994e+00
-1.377663007584040145e+00
-1.937446198454560120e+00
-1.634900102337601968e+00
-1.468039656484912303e+00
-1.066377427562826607e+00
-1.487053105544200449e+00
-1.528612224808682418e+00
-1.589655716862448998e+00
-2.193773486530847805e+00
-1.693085697048920757e+00
-1.511040986790051610e+00
-1.872107371437847334e+00
-2.602994710266079537e+00
-2.419644484559948072e+00
-1.926697775720598527e+00
-2.095266538329361605e+00
-1.238191111176024872e+00
-1.524875878892727910e+00
-1.245725438186408685e+00
-1.811900999023653869e+00
-1.739902723935094375e+00
-1.938430152676467566e+00
-1.629492273944808334e+00
-1.648082955827641083e+00
-2.193464404706669590e+00
-2.390868440868581857e+00
-8.342054933361805480e-01
-1.491027661493264933e+00
-2.021359029429602661e+00
-1.174723083678611335e+00
-1.413097458446591626e+00
-1.924933796893217197e+00
-1.002147411754387596e+00
-1.429617579689710150e+00
-1.323299861419397372e+00
-1.657697426982062572e+00
-1.972651728691786621e+00
-1.753341138239568719e+00
-1.329132918064928059e+00
-1.419916333628597149e+00
-1.988821372048501512e+00
-1.299555993838693357e+00
-1.553899717878990616e+00
-2.037978951898476776e+00
-1.533597739521838310e+00
-1.485686175057930880e+00
-2.584119721682172521e+00
-2.467237000099604227e+00
-2.218179186948873394e+00
-1.486849647249024020e+00
-1.881809648871951346e+00
-2.262938079438488792e+00
-1.998647549513874910e+00
-1.848880533715485219e+00
-2.400689673794532908e+00
-1.150704843199581218e+00
-1.684472711989801974e+00
-2.986625111134161958e+00
-1.362040496442056492e+00
-3.469545271202200798e+00
-1.550475236178003868e+00
-1.349921010630169782e+00
-1.186686701377723274e+01
-8.909904218478260418e+00
-1.782574777697857016e+01
-4.637398527605438581e+00
-1.486352204129508525e+00
-1.218607131034917801e+00
-9.437576064797232878e-01
-2.173535344293560989e+00
-1.969509343174139282e+00
-1.055374381495599811e+00
-2.687074008713890461e+00
-1.066737181886481256e+00
-9.807953764574403044e-01
-1.120918997427344355e+00
-2.904082404343184542e+00
-2.492940124546888736e+00
-2.111425763767015962e+00
-2.020127049407065556e+00
-1.343083876989743963e+00
-2.457788049533139674e+00
-2.408276433722077670e+00
-2.317087980810666803e+00
-1.984138019444489309e+00
-1.013508379105496404e+00
-2.366751724504436272e+00
-1.544230892690224621e+00
-9.775233502807499919e-01
-1.810462522258093010e+00
-2.245633029610513809e+00
-1.412953082003494343e+00
-1.518620464791436087e+00
-1.670067870717034664e+00
-1.337360001197155368e+00
-1.991275628673513598e+00
-1.371045701581381282e+00
-1.354709045450868343e+00
-1.236359443075169207e+00
-1.238229855907470922e+00
-1.098909760605210284e+00
-9.842718970089495700e-01
-1.086029628841202799e+00
-1.096075647863071545e+00
-1.469379972741898799e+00
-2.177860302482936827e+00
-1.365103108862862458e+00
-1.450521919537882898e+00
-1.176899081451117102e+00
-3.099564754164613856e+00
-1.663128891233133189e+01
-6.617353695246794842e+00
-1.683188424796968974e+01
-2.488314329869687480e+00
-1.395180531803252633e+00
-1.530892100263230526e+00
-3.368549987516181510e+00
-2.547529525895628311e+00
-1.487951336212279374e+00
-1.492769867356762425e+00
-1.210262595380672934e+00
-1.403346399285505974e+00
-1.940322026309374115e+00
-1.701187685415575856e+00
-2.430874919601299755e+00
-1.727316584093440133e+00
-1.917025278448357684e+00
-1.084479559345860045e+00
-1.203516478049246441e+00
-1.380558760115623729e+00
-2.020498579567386876e+00
-2.362364732558864588e+00
-1.963448338892879841e+00
-1.606087674362667306e+00
-1.991222202839225242e+00
-1.994673930928658301e+00
-1.163205933222511756e+00
-1.699604998976995240e+00
-1.224109987736268668e+00
-1.853187024625125412e+00
-1.111090531583914798e+00
-2.071724899398311504e+00
-1.556401654392262301e+00
-1.526313703116275899e+00
-1.305432114489391893e+00
-1.493329473199686230e+00
-1.336563720595096205e+00
-9.015545177052696202e-01
-2.105882766694370467e+00
-1.887772343995591573e+00
-1.321913711792344737e+00
-1.063937436962262506e+00
-1.328896233528817250e+00
-1.387416512054562956e+00
-1.207076699760946781e+00
-8.122757246140381859e-01
-1.782552538802173014e+00
-1.637145234967845253e+00
-2.001291883494433765e+00
-1.226060466173507724e+00
-2.081858930703336164e+00
-1.548209543036823232e+00
-1.163866792244792503e+00
-1.427893069448228358e+00
-2.091124700655843771e+00
-1.544288242910417885e+00
-2.382888294501489757e+00
-2.116744218500199448e+00
-1.597213345052659994e+00
-2.059999122992625775e+00
-1.275957760973734478e+00
-1.356628771578136661e+00
-2.830935534101943318e+00
-8.276584605059609245e+00
-1.457311270090118516e+00
-1.576785595174148291e+01
-1.003833664557960859e+01
-1.159526794486269496e+00
-1.287906228206515236e+00
-1.298991283110262351e+00
-1.062112327267672685e+00
-1.085830780255917505e+00
-1.233469041711549474e+00
-1.578868774033613143e+00
-1.406039889023669165e+00
-1.719821202170192853e+00
-1.242191185728755309e+00
-1.421793836106813202e+00
-1.371004992908503528e+00
-1.323362148408833150e+00
-1.460246741073218724e+00
-1.242006677789939673e+00
-2.300736409824203577e+00
-2.287156682139845909e+00
-1.844064597712561593e+00
-1.693674957303866080e+00
-3.626318473911473550e+00
-1.841990418666145102e+00
-2.696671698590910271e+00
-3.443523882822921767e+00
-2.051807360044039186e+00
-2.395462216033902525e+00
-2.674776622402282644e+00
-3.951663507240011253e+00
-2.183261838481776795e+00
-3.678321035960659291e+00
-2.799507691055809211e+00
-2.135535982879380512e+00
-2.945535173408452501e+00
-1.448703018944800691e+00
-1.266700926741676669e+00
-1.441957257241297530e+00
-3.539061522134790305e+00
-1.047013473874503831e+00
-1.151090426201299310e+00
-1.502484997146668944e+00
-2.340960395932646154e+00
-1.884149151611551831e+00
-2.256642806970434290e+00
-2.282084341180884657e+00
-2.160046378963285996e+00
-1.657206457579992742e+00
-2.345700380918490868e+00
-1.513600598201275460e+00
-1.346588159354061176e+00
-1.104795965034184313e+00
-1.860895318378970931e+00
-1.186278927418592755e+00
-1.232758024394771335e+00
-1.573792010670518327e+00
-1.529008256047143410e+00
-1.383742724374887434e+00
-1.499569158133255309e+00
-1.195060895997047679e+00
-1.443678226100179485e+00
-1.197184286010886778e+00
-1.217707962343191896e+00
-1.850439070934050800e+00
-1.014860198300889138e+00
-2.187355703454556100e+00
-3.559440207773059139e+00
-1.724514486913415912e+00
-3.186201436892415639e+00
-2.757393960538324862e+00
-1.632316294359468678e+00
-1.249384112320370610e+00
-1.748378037466675083e+00
-1.948980630752564558e+00
-2.195634827092787678e+00
-1.175358551071591595e+00
-1.552852566688983194e+00
-2.511837431441352742e+00
-1.066569127364401570e+00
-1.570146281243421260e+00
-1.316637094822515452e+00
-1.158933602617149061e+00
-1.320818794485331793e+00
-2.267481539741403651e+00
-2.715349014502066893e+00
-1.362239921348312288e+00
-1.538792917479926636e+00
-1.541926217000477495e+00
-1.758823122147193052e+00
-1.032432991667478372e+00
-2.170345912882686079e+00
-1.645622154321849218e+00
-1.957687764111129658e+00
-2.247325020994132672e+00
-1.741451770959571377e+00
-1.575053962652388728e+00
-1.401552111841694925e+00
-1.682409845691670292e+00
-1.616630882186616214e+00
-1.417366307006121318e+00
-1.454409516227302523e+00
-1.685680344710172696e+00
-1.336898586685132617e+00
-1.376623825920122668e+00
-1.590153185943118164e+00
-1.402771779138752395e+00
-1.894656349158154951e+00
-1.397120746493245358e+00
-1.416678691213710373e+00
-1.532473319646844745e+00
-1.462323646083945938e+00
-1.019636302106235792e+00
-1.451696403579816996e+00
-1.246603661900316684e+00
-1.359750357506847029e+00
-1.790717722493009312e+00
-1.523213568023823905e+00
-1.417493017627756480e+00
-1.266292179126596862e+00
-1.689268934456248594e+00
-1.959112409030310253e+00
-1.629193373314910209e+00
-1.488455273477936824e+00
-1.511346216959553068e+00
-2.069095444662421901e+00
-1.524775892033997104e+00
-1.200671823370997648e+00
-1.286260001873781533e+00
-1.527121051279428432e+00
-1.118830690477789380e+00
-1.789953528759016921e+00
-1.271409253416140972e+00
-9.389161938687947684e-01
-2.004158257143946464e+00
-1.005048593646389099e+00
-1.150196757094147593e+00
-1.983520924712390165e+00
-1.810168593618459498e+00
-9.798120206532887622e-01
-1.242107708421631429e+00
-1.852061605221149598e+00
-2.355146158963271841e+00
-1.585929088578570401e+00
-1.208183963529120275e+00
-1.200702382027660109e+00
-1.161473489595993502e+00
-1.468127816565543586e+00
-1.286843394649776595e+00
-1.166203123280615594e+00
-1.439124717027371991e+00
-2.321736016977810291e+00
-1.423289792420506572e+00
-1.859114976571834665e+00
-1.801840250062684223e+00
-2.571647043882699712e+00
-2.047756588675398781e+00
-1.480570835524297912e+00
-1.131642083039500202e+00
-1.166735323977261318e+00
-1.107035895118144042e+00
-1.476954737660467476e+00
-1.543346610887019521e+00
-1.269235739254567896e+00
-1.000416115327376287e+00
-1.923760913816690010e+00
-1.599067965082112908e+00
-1.431964247975680227e+00
-5.215648744409957516e+00
-1.191089479413283136e+01
-2.346858179648689813e+00
-1.238461020179619565e+00
-1.190090159513400803e+00
-2.469889104015474235e+00
-1.087694128857890741e+00
-1.016282156202087394e+00
-1.272519503169779131e+00
-1.851078890584020753e+00
-1.227363753497506815e+00
-1.293237592117603141e+00
-8.102350354798518728e-01
-8.211481764571071373e-01
-9.207378754750440430e-01
-1.788755514786449563e+00
-1.562588972486237626e+00
-1.389730049267798195e+00
-1.111054861518576020e+00
-1.323061624043147422e+00
-1.084645215077393088e+00
-9.795080259564851177e-01
-1.122091707129537763e+00
-1.575445392332947003e+00
-1.567081376381552538e+00
-1.426331260229814379e+00
-1.577733589337152020e+00
-1.739966255339482126e+00
-1.136599982499424621e+00
-1.421318711269201840e+00
-1.516474643991180038e+00
-2.102459666157860951e+00
-1.968614980173293505e+00
-1.505888616508220812e+00
-1.025256199315634387e+00
-1.576539120075934886e+00
-1.129715366065406235e+00
-1.218120162591148636e+00
-1.179864057501577079e+00
-1.959056601374885798e+00
-1.725679708942729595e+00
-1.490112009796484394e+00
-1.941896525013360630e+00
-1.326073841879400028e+00
-8.683690712212951412e-01
-7.304564877186002780e-01
-2.251330723397785949e+00
-7.994407697246829203e-01
-1.057380844488423621e+00
-1.411029869119394098e+00
-2.048796222381429555e+00
-8.797722880715144189e-01
-1.995497937107408859e+00
-9.871194449443680963e-01
-1.211890733218018434e+00
-1.675072639014957065e+00
-1.185452129830076640e+00
-2.362339961589816184e+00
-1.488877367138221386e+00
-1.124921972875280618e+00
-1.403944905718013114e+00
-1.592467187827661057e+00
-1.405531000344599768e+00
-1.835152092566364024e+00
-2.072904516981858070e+00
-1.174544537727843618e+00
-2.191756769526749249e+00
-1.267870985626805114e+00
-1.474668976056170422e+00
-1.792149271439796410e+00
-1.273361779117395676e+00
-2.477663594704327732e+00
-1.065887150747653278e+00
-1.969123237946557081e+00
-2.767464108955788316e+00
-1.374064971201014895e+00
-9.838577174138612991e-01
-9.069254953891339177e-01
-1.724168406826581679e+00
-2.524041616491585760e+00
-1.508765470474149106e+00
-1.805572946330225248e+00
-2.728595146843920460e+00
-1.683352688634192074e+00
-1.325493009325787952e+00
-1.664172208728393443e+00
-1.526866771292689551e+00
-1.729053940973071413e+00
-1.683713266654741858e+00
-2.503185254288223138e+00
-1.127248767020775144e+00
-1.235553094034051558e+00
-1.229428375582737987e+00
-1.856662956624754335e+00
-1.427711511782824294e+00
-1.040688627193521620e+00
-1.318686809435353435e+00
-1.442199886122412789e+00
-1.584341763077957488e+00
-1.674365754540294349e+00
-1.336169269953837890e+00
-1.501578521370761532e+00
-2.022427897358958671e+00
-6.287746846242284748e-01
-1.289261735078480520e+00
-1.147379683990701116e+00
-1.336656797937138874e+00
-1.399973116107176896e+00
-1.348438433714689078e+00
-1.566255411454374080e+00
-2.315131610779725957e+00
-2.408890959531487574e+00
-2.219022915796959872e+00
-1.649343444407113557e+00
-2.544326464373548369e+00
-1.659395214200816593e+00
-1.419614165796812877e+00
-1.204845432016616869e+00
-1.391401438664137791e+00
-1.538444369894272912e+00
-1.826136110190932582e+00
-1.656112295053392636e+00
-1.437358868771294151e+00
-1.143467898425451601e+00
-8.071318698300382621e-01
-1.606414283371877305e+00
-1.438194713335854802e+00
-1.725257447723595794e+00
-1.935476521117816429e+00
-1.728190975888372005e+00
-1.835623038073758151e+00
-1.931869178811536525e+00
-2.680901793517266984e+00
-2.246709975252194180e+00
-1.059179741172877609e+00
-1.507885685982462087e+00
-1.729382989985438268e+00
-1.905844154428161019e+00
-1.051928686476757413e+00
-1.972449424117442174e+00
-2.033932811899341164e+00
-1.364259849296860283e+00
-2.170339202606870188e+00
-1.681063684080503107e+00
-1.124900783711582308e+00
-2.291151548249905190e+00
-2.392816127532332970e+00
-1.540665498802872291e+00
-2.155054106925856860e+00
-1.304047500122413439e+00
-1.623833718711960250e+00
-1.598618175334710179e+00
-9.920372683021678739e-01
-1.766471031532633518e+00
-1.084034767191445647e+00
-1.468838754443375416e+00
-1.278055549013688452e+00
-9.671731874179854138e-01
-1.440320684193783007e+00
-1.505167741780222723e+00
-1.250825122310274651e+00
-1.368447736037092799e+00
-1.536270281062169341e+00
-3.594807544782781861e+00
-3.443831411063321912e+00
-3.147193096186544636e+00
-1.679416756460001325e+00
-1.538464381710549000e+00
-1.166689131163068938e+00
-2.312028614790750058e+00
-1.160445879805440228e+00
-1.012581775386338201e+00
-1.217913388517054774e+00
-1.910608002192070387e+00
-1.989534867356516079e+00
-1.207505551906651098e+00
-1.039646924326043997e+00
-1.132989223003784351e+00
-1.060768829905303745e+00
-1.043869566335533294e+00
-1.117250849480486918e+00
-1.709281115197114120e+00
-9.863267234448714893e-01
-2.016546001410217670e+00
-1.196993786671537663e+00
-1.525938071517370043e+00
-2.032109862027995817e+00
-9.433499227059993775e-01
-2.260260351280442226e+00
-1.021006684122727215e+00
-8.482538638045609147e-01
-1.506874930464568330e+00
-2.260218748632335295e+00
-1.083120895144372930e+00
-1.556206008281138642e+00
-1.494355907054332633e+00
-1.338439979267248114e+00
-1.409902746683291186e+00
-1.455082022975479727e+00
-1.293955425956098582e+00
-1.083940720073275354e+00
-1.498944186449775673e+00
-2.071030042698389639e+00
-1.267536626993556403e+00
-1.191726415164773512e+00
-1.585696770918678666e+00
-7.519498872030774272e-01
-1.095737043576865855e+00
-9.393602758714179046e-01
-1.483103955363711979e+00
-1.966997942091565976e+00
-1.551623232428368970e+00
-9.317071215824120900e-01
-1.153425976592103552e+00
-1.405495285777900394e+00
-1.138243453974283392e+00
-8.236135881382001811e-01
-1.045687569285024487e+00
-1.882996067756366187e+00
-1.568967852220069847e+00
-7.774352967470941067e-01
-1.027854797637662410e+00
-1.156750558582384070e+00
-9.916993963875722073e-01
-1.600500199543690272e+00
-2.498710107267502423e+00
-1.634297871264908775e+00
-1.597383640148709372e+00
-1.685548150273694423e+00
-9.955670309682567165e-01
-1.968503921301817394e+00
-1.218764260958522305e+00
-1.138226008827267322e+00
-2.653131353397549130e+00
-8.013869966716886672e-01
-1.365762900019175552e+00
-1.734670504381170320e+00
-1.298254293315191044e+00
-2.219406134055879942e+00
-1.895939465962610759e+00
-1.215741011095765156e+00
-8.801502619905834379e-01
-1.145644516749428909e+00
-2.331254118943845377e+00
-1.232126386711034360e+00
-1.429010124960729433e+00
-1.024654519376791084e+00
-1.065972965223736635e+00
-1.807595537971925959e+00
-1.930623442014767210e+00
-1.995224259085056628e+00
-1.011058667426733448e+00
-1.704525921412825662e+00
-1.676947089162054816e+00
-2.188350453951244834e+00
-2.083327147287402425e+00
-1.860617499516450835e+00
-2.331989487366842972e+00
-1.360657511135919151e+00
-1.253182160538365064e+00
-9.020279661250178993e-01
-3.534427782367809190e+00
-1.380515084488937116e+00
-1.606711972020310020e+00
-2.526844865071370627e+00
-2.761389413982765717e+00
-1.398116332637810322e+00
-2.132039420876959745e+00
-1.562692610057774045e+00
-5.864543282088870990e-01
-8.237019373740611661e-01
-1.867139923929806988e+00
-1.100277600735531269e+00
-1.332691525000779365e+00
-1.814471399144397923e+00
-1.263248794659262320e+00
-1.899204882199766242e+00
-1.242674643199827456e+00
-1.348639436787015589e+00
-1.528279510284840548e+00
-1.103992345881764869e+00
-1.271334401376751133e+00
-2.994362299382770765e+00
-3.711785886889883646e+00
-9.740845140603366925e-01
-2.070685607333818457e+00
-1.697679923420503112e+00
-2.005370696639076744e+00
-1.159178078107965471e+00
-1.173893234584107770e+00
-2.515608089873023978e+00
-5.809917347179996305e+00
-3.290240259576636461e+00
-1.283979899489358756e+00
-1.354721465560642768e+00
-1.434579836621528770e+00
-1.644345916266424235e+00
-1.659670710254257830e+00
-1.360766901654406835e+00
-9.166123250481530427e-01
-2.325084693307789774e+00
-1.283398784153273686e+00
-3.268599668892278931e+00
-9.504808156378520279e-01
-2.079751994832899076e+00
-5.389805431533937208e-01
-2.099479117973723330e+00
-1.319918349998229434e+00
-1.782140952676848578e+00
-1.153071263904363652e+00
-1.083128844492394327e+00
-3.160288573334580686e+00
-1.091039355658441234e+00
-1.918845454687051255e+00
-1.236627348013635164e+00
-1.634437731421017226e+00
-2.382951415369682469e+00
-1.428663818315593748e+00
-2.043653052365937306e+00
-3.223806533060245005e+00
-2.689376231084950941e+00
-1.237801608693821498e+00
-1.611149194751099634e+00
-1.310670060598144726e+00
-2.356719622078272014e+00
-9.654677242513548530e-01
-1.085816074116764618e+00
-7.985563826884098937e-01
-1.188608746055759058e+00
-1.458080749684163235e+00
-8.653226147472286023e-01
-6.901910146154499603e-01
-9.534933597477963652e-01
-1.859724538875269229e+00
-1.143655194899585448e+00
-1.855122917624099754e+00
-2.037816791731695165e+00
-9.943340109663852955e-01
-1.736237266604270246e+00
-1.507231619122170185e+00
-1.160055179155047522e+00
-1.100874592405872709e+00
-1.136417454394526017e+00
-1.468640367268942093e+00
-1.024695572469394467e+00
-8.657106280337347748e-01
-3.449595193103743185e+00
-9.829369209163886234e-01
-9.714460297333338268e-01
-1.940387161763535984e+00
-1.147465618199944304e+00
-9.857335728432551347e-01
-2.240679444543297816e+00
-1.185143531943259498e+00
-1.895003063974045610e+00
-1.896740813129919490e+00
-1.067560659719829719e+00
-1.116742104280251668e+00
-1.065944472716175984e+00
-1.423463917517763688e+00
-1.495804591876292999e+00
-1.125279137659095374e+00
-2.294709258432174437e+00
-1.976220077112464724e+00
-2.023483436402019997e+00
-3.188059006313419097e+00
-2.151211359910325527e+00
-1.498207896528801708e+00
-1.159425894576687543e+00
-2.796420257652814101e+00
-1.808296444891838384e+00
-1.188308028932053118e+00
-2.333954513825729826e+00
-1.415340550245341111e+00
-3.159226749994433980e+00
-1.547395758481600492e+00
-2.088742829750133811e+00
-2.905441425886460927e+00
-3.164691503574933229e+00
-1.685867965126147228e+00
-2.515098962750047740e+00
-1.643094444682875910e+00
-2.050167035607827426e+00
-2.695693217380458417e+00
-1.108019340397683017e+00
-1.465127503780752294e+00
-1.443243619217812190e+00
-1.504208477252718668e+00
-1.191696206293293425e+00
-1.723372195798710926e+00
-1.325017266361249613e+00
-8.813804421923185917e-01
-5.935728549657990349e-01
-1.078156164633111924e+00
-1.882877198725083190e+00
-1.632515437148280624e+00
-2.277939849969210506e+00
-2.019510215324326285e+00
-2.237602300979653513e+00
-1.855149619179141895e+00
-9.516681582399112438e-01
-9.852896293649336945e-01
-2.077041304858232795e+00
-1.885601947045966842e+00
-1.407681694780726467e+00
-1.299365123632890917e+00
-1.760065396924258119e+00
-1.888031163086590247e+00
-1.441128701554151181e+00
-1.513671586810799274e+00
-2.038743552907954726e+00
-1.710008852563962067e+00
-1.580117216584060680e+00
-2.079098878007968221e+00
-1.358546015969794851e+00
-1.174272515355257340e+00
-1.672872053605844567e+00
-1.955543977528996891e+00
-2.702815194809127242e+00
-1.769883632522303296e+00
-2.086396397226935928e+00
-1.736456177366325404e+00
-1.339906926073948457e+00
-2.345772707814787861e+00
-2.240674442133010480e+00
-1.947963599719244376e+00
-2.204244080591950539e+00
-2.020665449464699392e+00
-9.636406413961924322e-01
-1.816293377041464430e+00
-1.367771527618586003e+00
-1.365895554710280679e+00
-7.661520880549058665e-01
-2.090900603372944033e+00
-1.255644289030313443e+00
-1.256470170644999218e+00
-2.667867445126181902e+00
-1.318563255500115661e+00
-1.118224830060232433e+00
-2.089810225121811804e+00
-2.010074780698546615e+00
-1.168416584069929876e+00
-1.252061932269868505e+00
-1.399532957468774041e+00
-1.617500573934097741e+00
-9.597842204657063281e-01
-2.052300882198703658e+00
-2.119718123056600678e+00
-1.801593001310889619e+00
-1.635757805521514729e+00
-8.426372119280084449e-01
-1.744876533113644657e+00
-1.391203284615418756e+00
-1.771111741017195929e+00
-2.356710925607787388e+00
-1.537051539826379098e+00
-1.601445360980291666e+00
-1.774772412374377328e+00
-1.746351043196070041e+00
-1.767728240637112869e+00
-1.193742984210612423e+00
-1.381895580542440216e+00
-1.611217367698393188e+00
-1.335731915389753333e+00
-1.185724891008680171e+00
-1.305910765919673366e+00
-1.438594903109163159e+00
-1.608637521556362859e+00
-1.994873633895859033e+00
-1.950694751465223753e+00
-1.061606783376621399e+00
-2.209175151529637837e+00
-8.514768016557445751e-01
-1.175707097297828740e+00
-1.467520179241015743e+00
-1.171658847632312428e+00
-1.040663447333586511e+00
-1.716383308890270243e+00
-1.294230026120667398e+00
-1.368700206175272438e+00
-1.049883700845082979e+00
-1.809878865506495682e+00
-1.717801426738729598e+00
-1.831797112558005480e+00
-1.489597301636332194e+00
-1.357975654784431940e+00
-2.252063202454421376e+00
-1.432918277276137742e+00
-1.059701134908593412e+00
-1.343503322537693112e+00
-1.176596458690758018e+00
-1.789919556603026596e+00
-1.861562883651096900e+00
-1.012569643961278354e+00
-1.319542385959815656e+00
-1.542773495106981807e+00
-8.564741979752612533e-01
-1.713243581074449962e+00
-1.625196611257219370e+00
-1.099107088321787051e+00
-1.368761777358413978e+00
-9.962404595808385110e-01
-1.076771432856691302e+00
-8.805764076566686693e-01
-1.319891399686678790e+00
-1.480924947732492836e+00
-8.263291791029337974e-01
-1.085777796448851529e+00
-2.053005570261301926e+00
-1.434733284385979912e+00
-7.684820493350615900e-01
-1.285628578622002083e+00
-1.508166363365236462e+00
-1.113137557704392266e+00
-1.499779774788808195e+00
-1.417477145918640380e+00
-1.881236092043524488e+00
-9.715845146772623675e-01
-1.097320487745793161e+00
-1.356281328049717461e+00
-1.623274747210342817e+00
-2.769770006065964463e+00
-2.321864378054971478e+00
-1.012058660567218604e+00
-1.088754957987687622e+00
-1.694364743810662377e+00
-1.728809876302348725e+00
-1.743329441728902252e+00
-1.002265151869514703e+00
-1.185117400562839984e+00
-1.391031040435334543e+00
-1.168093760136216686e+00
-1.812998596299093990e+00
-1.334704795678887557e+00
-1.069642168055366938e+00
-1.265244206040894603e+00
-1.462630181756075620e+00
-1.225699484941830120e+00
-1.029249423168321131e+00
-1.125254879129508945e+00
-1.288456082341532305e+00
-2.353937070219183969e+00
-1.100227456145244753e+00
-9.144642587826669056e-01
-7.322414224907838332e-01
-1.853629679357809978e+00
-9.903186756995491224e-01
-1.565615658199600579e+00
-1.748116166488963508e+00
-1.559830634976191455e+00
-1.279478257257815166e+00
-1.202189858223841723e+00
-1.117575372654487031e+00
-1.498543595816791640e+00
-1.127988543831953461e+00
-2.337205254872900984e+00
-1.064699068191549358e+00
-8.283320419031068305e-01
-1.222345367250284642e+00
-8.125816929875152583e-01
-1.312453293666321574e+00
-1.156907319256942124e+00
-6.276411640661296865e-01
-7.290708742555930266e-01
-1.178741603618247868e+00
-1.008141306838884921e+00
-9.002253915760902725e-01
-7.550638175040845779e-01
-6.524864539765528049e-01
-1.265966499740148743e+00
-1.444531080635258702e+00
-1.120707010505697543e+00
-8.858846548919954156e-01
-1.281794985088499095e+00
-8.616390207721533745e-01
-8.934161559174574885e-01
-1.108918239903069702e+00
-1.063387535937296846e+00
-1.106720801656688291e+00
-7.841594228706536551e-01
-2.128339353334549156e+00
-1.072812364345430369e+00
-8.604883929276347931e-01
-2.399160742185093120e+00
-9.870494964429938900e-01
-1.991830230915282440e+00
-1.556195208862397594e+00
-8.856289323536160607e-01
-7.312429313695298916e-01
-1.391564351089008333e+00
-7.265696584301325478e-01
-8.616693852723268376e-01
-1.679142966462322306e+00
-1.170457300266331435e+00
-1.190910797803927501e+00
-5.677931143792556146e-01
-1.176228154120246394e+00
-8.428131944166583622e-01
-9.691454275105615412e-01
-1.709931446885549322e+00
-2.047383501283754015e+00
-7.061013302369928413e-01
-1.325890629329447234e+00
-8.391087059237809509e-01
-8.711367881509342048e-01
-7.383710712464911508e-01
-1.221332796793015651e+00
-1.098277075896762600e+00
-8.088797652832393492e-01
-5.991251251036362468e-01
-7.832252497520337808e-01
-7.775074195174873637e-01
-1.477129266694873877e+00
-1.017891463727687240e+00
-1.045737288845663748e+00
-8.240953401254865751e-01
-1.261604219028490625e+00
-5.858585871438929393e-01
-8.179761945968937464e-01
-1.190231855385914139e+00
-8.986350199454189447e-01
-1.632687860161061266e+00
-7.911062877414095640e-01
-1.523994491591575073e+00
-7.638089333460932329e-01
-9.857734269118716419e-01
-9.032006283864651985e-01
-1.469612183855638410e+00
-7.212576914123967065e-01
-1.396954852694553439e+00
-7.945147299603421143e-01
-8.768312818240762141e-01
-1.496794115376596679e+00
-1.320114004601109725e+00
-9.471313607751972174e-01
-7.088002450817045830e-01
-1.574143404867803575e+00
-8.127714748886712970e-01
-8.495109276814025723e-01
-6.367559729551457437e-01
-1.226869219569885816e+00
-1.108936608670714863e+00
-1.088267726383317591e+00
-8.065448108249506642e-01
-1.005018646503936353e+00
-7.245783805980365866e-01
-8.740795917840178397e-01
-1.167102633622691288e+00
-1.265445632517838703e+00
-8.116568622074562533e-01
-1.089713051649816800e+00
-7.888680797993682381e-01
-1.992580269362741463e+00
-9.819321062666073185e-01
-1.028194802249953854e+00
-1.131540841980447354e+00
-7.193543895569288749e-01
-1.319461383407647848e+00
-7.693391393817662349e-01
-1.020732565813710080e+00
-1.318420781826764143e+00
-1.427906521207366053e+00
-8.640886279200112874e-01
-7.667075895292612131e-01
-1.128649696995190688e+00
-1.169857789284576066e+00
-1.758147033918753932e+00
-8.179889204871803043e-01
-1.014260491906620931e+00
-8.489455190510186711e-01
-1.115861478129428930e+00
-1.132573744811555816e+00
-1.229084062293285484e+00
-8.905947172807000545e-01
-1.370765091817409465e+00
-1.104877565163401076e+00
-7.190115778897411269e-01
-1.170625075487937705e+00
-1.143487724389044669e+00
-8.848890969107184867e-01
-1.353832925555824129e+00
-7.203444969100916140e-01
-1.309035908696420725e+00
-9.872871323259881926e-01
-8.968482974760915161e-01
-1.025750645103320924e+00
-9.434382591448027267e-01
-8.437291305044376521e-01
-7.199596548165650978e-01
-8.378599142725986493e-01
-1.018121263182067748e+00
-1.049070005754710877e+00
-1.059818737509830688e+00
-6.953484973314508766e-01
-1.208158226995980744e+00
-1.984944959952970489e+00
-8.346807586536710843e-01
-7.928620036034043084e-01
-9.784487869343412303e-01
-7.385719397900774030e-01
-1.161158074474651913e+00
-9.411156423240544244e-01
-7.986649081795932359e-01
-7.235087814467215939e-01
-9.602447987034180565e-01
-1.030234824075998423e+00
-1.139611402439820509e+00
-8.677599556569380868e-01
-1.187369463100674816e+00
-6.143889917743675655e-01
-8.433522002198754475e-01
-1.057730510522716383e+00
-1.200652274487347571e+00
-9.711067580466495874e-01
-1.196058024604374603e+00
-1.667200712540847451e+00
-1.194815264000377519e+00
-1.859506721302372378e+00
-7.254234238684572622e-01
-1.045606732815305362e+00
-9.063200430032294364e-01
-1.017689716250531395e+00
-8.753732319584835997e-01
-9.473197333867475756e-01
-1.123920825731905992e+00
-1.396739232507637540e+00
-1.199759004729357814e+00
-1.031860721486412613e+00
-9.754325961309722182e-01
-1.460829150812599009e+00
-1.281225860578749209e+00
-1.553842576813089904e+00
-1.097375835153052037e+00
-1.277452321049942441e+00
-1.597162156236049624e+00
-9.747916226231659875e-01
-1.184896924137306851e+00
-9.733525624374460561e-01
-1.343731269082443669e+00
-1.074151166049731154e+00
-7.690533555787154585e-01
-1.259634791266218024e+00
-6.538995934752297456e-01
-1.110609765314117148e+00
-1.722670242098936599e+00
-7.829520570776076216e-01
-1.039701940018575632e+00
-1.374074079151467620e+00
-1.157678317394532641e+00
-9.688150563897842682e-01
-1.129995395843512052e+00
-1.299333503628980591e+00
-1.441633750824394600e+00
-1.427362674895096273e+00
-2.023431121493220353e+00
-1.007361527692476555e+00
-8.636955595736550695e-01
-9.486040424366721791e-01
-1.221001022686613480e+00
-1.523069420148728037e+00
-1.205595896210230222e+00
-1.041574600172097576e+00
-7.281605155662657092e-01
-6.664195123122260700e-01
-1.256556486744309975e+00
-8.655432563870952833e-01
-1.095703275269798604e+00
-1.026701221300582834e+00
-9.211123002986313368e-01
-8.398054572514885852e-01
-1.005759869527518280e+00
-1.284869240188763584e+00
-1.157244341561125989e+00
-1.232771471851478617e+00
-1.439017883128944408e+00
-1.738487105201551364e+00
-1.393255808334278534e+00
-1.009462752486880444e+00
-1.220509967027505027e+00
-7.885328844916845714e-01
-1.312235214746796830e+00
-1.297824427738510034e+00
-7.875837979072664030e-01
-6.856794680689384247e-01
-9.378249719255008499e-01
-1.023440894452810834e+00
-1.172841136739539936e+00
-1.158993934254235914e+00
-1.429194491272659961e+00
-1.775134328641660764e+00
-1.841902225298883922e+00
-1.168721420851845494e+00
-9.765631202357527574e-01
-1.097098855463153999e+00
-1.093013820889458421e+00
-9.701187098691607114e-01
-2.030372272196490968e+00
-7.315149764229337270e-01
-8.213225478993454454e-01
-1.011992309829298886e+00
-2.064942266461500697e+00
-1.881925751530705737e+00
-1.735921741039494259e+00
-1.266650301879975959e+00
-1.179578217642510474e+00
-5.915570104028043952e-01
-1.150491469946883782e+00
-8.698667720104751311e-01
-6.646760934084582351e-01
-8.945628827418706797e-01
-8.606045397452669610e-01
-1.271150991601715852e+00
-1.537675898553987119e+00
-6.956208678694516534e-01
-6.598238615546053731e-01
-8.506092126148080412e-01
-1.441740407343432784e+00
-1.074279254785242221e+00
-1.471930055251053471e+00
-9.780802849142881117e-01
-1.638248305656948567e+00
-5.632617121278156169e-01
-1.709440529557246347e+00
-1.671168946679553402e+00
-9.122160820204964216e-01
-7.320635857094505150e-01
-1.213427301006565040e+00
-1.648599404584940142e+00
-1.453439489444841692e+00
-8.144537780828486895e-01
-1.028429290352699921e+00
-1.229725874931449248e+00
-1.155365887735323005e+00
-9.643986811981078988e-01
-1.087793095590205095e+00
-9.500771051539225187e-01
-7.685400419572604447e-01
-1.320391178246199892e+00
-9.837669869651843868e-01
-1.178517400110977720e+00
-9.980063480887195748e-01
-5.542843312849027315e-01
-9.342953993940756874e-01
-8.458000667010611151e-01
-7.856184786165131273e-01
-8.481337968901777602e-01
-1.542857639489328525e+00
-9.032064210162532580e-01
-1.134627509984305060e+00
-1.273895016925868040e+00
-1.825900929654983074e+00
-1.227781391970552916e+00
-9.880395060997242407e-01
-6.976785983220075149e-01
-1.169453488347303782e+00
-1.295185873689791878e+00
-1.484098606710077650e+00
-6.075917673845592226e-01
-9.571445414587841372e-01
-7.333841737161969077e-01
-8.177833312777199604e-01
-9.858338409947132730e-01
-1.145117350887193464e+00
-5.258592055314192937e-01
-1.424751544443658480e+00
-1.191935780493880825e+00
-9.006905685761182889e-01
-9.907484989607585613e-01
-9.240521853393075524e-01
-9.273444761121553137e-01
-7.160827379045501262e-01
-9.354437700037647740e-01
-7.346596399092265584e-01
-1.247747423578813741e+00
-1.158909135239888144e+00
-7.471527629640303259e-01
-9.258520717467154659e-01
-9.804723475354319984e-01
-1.123266030991777908e+00
-1.029110726430269018e+00
-1.250960181848874253e+00
-1.359221789168099992e+00
-1.809451506750584970e+00
-1.111562706392984934e+00
-5.372563894160887754e-01
-9.096572992935831881e-01
-1.806555262553196650e+00
-1.251844595890175604e+00
-7.658091494889702755e-01
-8.665129998757351570e-01
-7.982240982169933607e-01
-1.070923127907068784e+00
-7.030124769253659478e-01
-1.095050518821354402e+00
-1.056644092050075034e+00
-6.391169158626425206e-01
-9.946578571136904801e-01
-1.249170591587895229e+00
-7.429587096278313929e-01
-1.229798361871822010e+00
-7.068076109731263879e-01
-8.904816983430676736e-01
-1.717961018106805460e+00
-7.191436984198747995e-01
-1.237604176973420955e+00
-8.181691495128471381e-01
-1.018270333158519225e+00
-8.891363804328985543e-01
-1.226535549805163550e+00
-1.041010631082065263e+00
-1.145317704989228691e+00
-9.270718444621042220e-01
-7.716192199378443251e-01
-7.801683293360842653e-01
-7.954069456822355777e-01
-5.609438764386875942e-01
-7.819512866790965244e-01
-7.347241270797666424e-01
-7.470516510461849835e-01
-1.643323952894324869e+00
-1.602072341282582801e+00
-9.737137539150729770e-01
-1.414672240059496655e+00
-6.315585870288152881e-01
-1.333146265232695526e+00
-2.293869843668640218e+00
-8.310327233666042757e-01
-6.127643823037157711e-01
-1.718139736101507165e+00
-7.421032071762454496e-01
-6.540357752162493377e-01
-6.317990296093105584e-01
-9.722003556977536487e-01
-9.003939634269785275e-01
-7.021636290621002807e-01
-1.819604839100843474e+00
-1.140819858928191932e+00
-1.296701651387180299e+00
-1.248142070886689270e+00
-1.001193908382328468e+00
-8.810841276224740115e-01
-7.473935039697627847e-01
-8.779419077309150721e-01
-7.196656174060026556e-01
-7.321801451909955016e-01
-7.548039420146160916e-01
-1.246261933556710222e+00
-1.009469789506379112e+00
-6.980744303315518096e-01
-1.213353947335387595e+00
-1.132319831192283743e+00
-1.566975405036955982e+00
-1.027033880152203649e+00
-1.195097325105804131e+00
-9.099073970484223839e-01
-8.600703722312657007e-01
-6.306748828247931149e-01
-6.348416435080916909e-01
-7.194328059601290404e-01
-8.558083666108503573e-01
-1.894491696614746923e+00
-9.189986006626635895e-01
-1.025354497911886043e+00
-9.302595945309528602e-01
-1.313026256865323038e+00
-1.351562624087826014e+00
-9.085268777769061055e-01
-9.770149790532104417e-01
-1.471142471037797161e+00
-5.495430849747416913e-01
-1.496086221768752944e+00
-8.138456545170489331e-01
-8.019272929051698418e-01
-9.026121406791841606e-01
-1.071675858377588941e+00
-6.379586824836213088e-01
-9.064304204021425004e-01
-1.055449324909846665e+00
-5.996960966269224702e-01
-7.120874788029805114e-01
-1.481289657117871084e+00
-7.591848439456982955e-01
-7.643141405987051717e-01
-9.446068908502597283e-01
-8.426708589084825896e-01
-7.143176086772679012e-01
-9.597988180695659066e-01
-1.123098114127834446e+00
-7.418236007912660801e-01
-7.041915555967719342e-01
-8.024241620674097408e-01
-9.374929858728744403e-01
-1.429876119000709656e+00
-1.181654848098311783e+00
-2.031603183398949852e+00
-1.076417666822985897e+00
-9.009092940372693814e-01
-1.155765156771550561e+00
-6.898053661844766316e-01
-1.146508620998413219e+00
-1.310984527251694898e+00
-1.023290666112884884e+00
-1.716180437528267433e+00
-1.008942875899424108e+00
-8.141664948366176269e-01
-1.175770542397131191e+00
-9.761061401270955118e-01
-4.990012326136895604e-01
-8.481957237707656860e-01
-6.630738987200499590e-01
-1.196377643216556264e+00
-5.958294410686503229e-01
-9.192954041139231869e-01
-1.064252438821466473e+00
-6.782471794611568683e-01
-1.145098341716892953e+00
-7.704348197161792200e-01
-1.450428537215462610e+00
-1.405759771055235863e+00
-1.036145910537692227e+00
-9.000497638207473061e-01
-1.974038811993673592e+00
-7.621460170468642437e-01
-1.103631867872856942e+00
-1.132889673673299624e+00
-1.440158822004810713e+00
-1.561449179714394786e+00
-9.207886306672263821e-01
-9.677273293927789455e-01
-1.058701378940380744e+00
-7.802544281717251895e-01
-1.125731152003079938e+00
-1.264243766611341524e+00
-1.089014918066728344e+00
-1.512082945597666761e+00
-1.117947817172203484e+00
-5.422062311983306682e-01
-1.012553048687490076e+00
-1.023008567408354219e+00
-9.900200406385687435e-01
-8.187938634932685478e-01
-2.378428360025894861e+00
-7.694470757362864566e-01
-6.768237892583788273e-01
-7.601453985804220714e-01
-7.084931156841350886e-01
-5.834939009156875356e-01
-9.436458909153501162e-01
-8.447414299986747421e-01
-1.389619853018759121e+00
-1.826192236887437037e+00
-1.942681341618679447e+00
-1.045865643941879419e+00
-9.953811546180278969e-01
-1.446611356520279168e+00
-1.153651620827164548e+00
-1.086781153853217941e+00
-8.958316785816120564e-01
-1.056076185838693782e+00
-1.084213414948800303e+00
-1.194880676567677602e+00
-1.193265381756083210e+00
-9.546927282095568623e-01
-1.276203692447726468e+00
-7.540044521985128645e-01
-1.596639956471772814e+00
-1.069406385726625830e+00
-1.138294224133354682e+00
-1.363680351204885843e+00
-1.414693255863751720e+00
-1.152688055052164762e+00
-1.447420734214696081e+00
-8.979272839676863960e-01
-1.359281469357581873e+00
-8.334860181025185444e-01
-5.150061382301570623e-01
-8.787278733248135021e-01
-7.895889821276723675e-01
-1.259202589128905592e+00
-9.495154050795996392e-01
-1.181553030979430652e+00
-7.769752345415839034e-01
-1.057231722221788850e+00
-1.993468913053149327e+00
-1.028384579369914231e+00
-1.219683438690484900e+00
-9.485195521699120169e-01
-8.895387993147666483e-01
-1.452837133163497052e+00
-1.309506985717334482e+00
-1.038026045730298774e+00
-8.801456589600348268e-01
-9.144308229687202472e-01
-1.219520017886303931e+00
-1.049273662073409330e+00
-9.449224480361162470e-01
-1.002557681299209635e+00
-1.106245511169665630e+00
-6.022621377097788775e-01
-9.962833051991627498e-01
-9.287250718102166847e-01
-1.362458400062372510e+00
-1.522706228923163430e+00
-9.731457963038318004e-01
-9.282470840357667230e-01
-1.205932833845637653e+00
-1.790052115117936937e+00
-9.404984013829817968e-01
-1.859026972443558412e+00
-1.171924943357959492e+00
-7.564564137877265448e-01
-7.106708917017640070e-01
-1.129172085960198579e+00
-7.651937357534126516e-01
-8.889489392128161471e-01
-1.378558588808868279e+00
-7.461097963759127927e-01
-9.458270478629935418e-01
-1.624982854847445424e+00
-1.117060550590343926e+00
-8.050232140113725565e-01
-1.221524484837168689e+00
-1.492465835272642316e+00
-1.148850928522384462e+00
-1.784644866203231484e+00
-1.034857856615760241e+00
-1.572239456738664165e+00
-1.463593402184534487e+00
-1.183918068064461648e+00
-1.936465006070072770e+00
-9.863349386588313727e-01
-1.234099532266560217e+00
-1.216713462995614448e+00
-6.219361073462764677e-01
-1.304113720934757525e+00
-6.357725512798881873e-01
-7.315525363361542466e-01
-9.176942398530683054e-01
-6.786911212112757275e-01
-1.070451218066364785e+00
-1.658220462708491549e+00
-9.899450801969017499e-01
-1.103921527254346113e+00
-6.406673870465398046e-01
-1.790822350062845736e+00
-1.050321939231497526e+00
-1.917270456036807680e+00
-1.283227237265157417e+00
-9.383621899659830845e-01
-6.008397932169199374e-01
-1.103295391623642097e+00
-1.397361994265513108e+00
-1.453362067847984385e+00
-1.408895303609784877e+00
-1.896817369478788873e+00
-9.759308201807409544e-01
-8.201404163799642655e-01
-9.460288160001365521e-01
-1.496080482643787901e+00
-1.043309261708620594e+00
-8.979136276229513491e-01
-8.584995517836524481e-01
-1.322431984900476865e+00
-1.627770281998393243e+00
-1.447512743793961665e+00
-1.075818064267324736e+00
-8.598264437908339497e-01
-7.298184031466474764e-01
-9.631382222207742760e-01
-8.854300400150374450e-01
-6.891471687375680943e-01
-8.963852196937323047e-01
-1.062186129065400220e+00
-8.817908887767113013e-01
-9.341382436412420942e-01
-1.208455369502501764e+00
-6.759245719609370262e-01
-7.351295176222096828e-01
-8.799992127324142155e-01
-1.197291046920798463e+00
-7.681634871550043764e-01
-8.576432861540579378e-01
-1.464373869302611597e+00
-7.069663256993542477e-01
-1.139741074875190163e+00
-9.845778708245532806e-01
-1.244836756456719318e+00
-9.932666246436421265e-01
-7.593513697092725279e-01
-1.185851654159802315e+00
-1.239445719754989739e+00
-8.395330072184585823e-01
-6.862766172122085617e-01
-9.016290659337716784e-01
-1.143233178435315356e+00
-1.013212727257161827e+00
-1.871550910968008186e+00
-1.007574109550675390e+00
-9.268611475941310740e-01
-8.077413072440421393e-01
-7.798697261409626158e-01
-2.079174149917579317e+00
-9.624287384950430679e-01
-1.125940425078024720e+00
-5.926810102914163991e-01
-6.721275833106925557e-01
-8.300006633981676929e-01
-1.375965004456173535e+00
-8.794429209101584100e-01
-1.380576781093405980e+00
-7.104005158558219790e-01
-6.977001623250225215e-01
-6.965344705281605320e-01
-7.345545614982516014e-01
-6.016544643807342219e-01
-6.719957278470493067e-01
-7.632709259861111262e-01
-1.419585050319145392e+00
-1.304037304081850035e+00
-1.139399169219435848e+00
-1.605487755520540682e+00
-1.186879592208720524e+00
-2.089514434174232882e+00
-9.866590056164283862e-01
-6.165760246519296217e-01
-7.386060047261657768e-01
-7.105013579500704113e-01
-1.129891357616261693e+00
-2.110030232700903063e+00
-1.031412244794536637e+00
-8.575684478778787811e-01
-1.145904544486250121e+00
-1.224999289834193483e+00
-8.234383146359119943e-01
-9.771795697578827822e-01
-1.316531453889071557e+00
-1.727321634611414858e+00
-1.131083040024264408e+00
-1.845575071388790178e+00
-1.204041969513593324e+00
-1.002297132239925004e+00
-1.435198519719897092e+00
-1.135692883814497067e+00
-1.155287540161636484e+00
-8.598878616657017471e-01
-1.058984121621464602e+00
-9.162579462817194154e-01
-1.478406595210376873e+00
-1.622258709246138020e+00
-1.337715299243872336e+00
-1.068807047235869057e+00
-8.383968302487034840e-01
-1.365274925716238430e+00
-7.100279423622753994e-01
-1.556133014254249547e+00
-9.132766723533196629e-01
-1.198470847078073387e+00
-1.079172836171456762e+00
-1.723788116584910490e+00
-8.142539599129189343e-01
-8.795372768540461461e-01
-1.726822634216125918e+00
-9.918123524158755089e-01
-1.015797374027844979e+00
-8.115168462273861794e-01
-1.276654302473138491e+00
-1.096572593399240292e+00
-1.093541078405621425e+00
-2.008767838890037627e+00
-2.021870768367969085e+00
-1.409348798803384373e+00
-1.650935736717733970e+00
-1.925697187237177088e+00
-1.665799277314881977e+00
-1.438978068474306093e+00
-1.274535556949826676e+00
-1.300257468051644327e+00
-9.340095199698756900e-01
-1.223536525009527143e+00
-1.786040140064634629e+00
-1.218388794846863021e+00
-1.639562586966508251e+00
-1.173420652114896878e+00
-1.429424412778153908e+00
-9.667322279124264117e-01
-7.302580975884099823e-01
-1.399187553177557497e+00
-2.069803545312267623e+00
-1.585595718885268512e+00
-1.439133206754650951e+00
-1.304170028569640705e+00
-1.550129497919346511e+00
-1.346372056661150340e+00
-8.440541568166334274e-01
-1.565420351646421571e+00
-1.558882379996337386e+00
-8.368868995619311857e-01
-1.342777543197344992e+00
-6.109600100092951180e-01
-6.586596581052156507e-01
-8.240834129133067787e-01
-1.358867304742622739e+00
-1.230817325171180476e+00
-1.022185138457420761e+00
-9.638998815594225222e-01
-8.843497606610318806e-01
-1.309328824203875641e+00
-8.393037067495099368e-01
-1.115801098321135942e+00
-9.915233187185047425e-01
-1.079929950740450728e+00
-7.713230336325511693e-01
-1.737020491025942803e+00
-1.870481767367234482e+00
-1.019648783528526392e+00
-8.673947964950252665e-01
-2.002688943769433294e+00
-6.657957461162945512e-01
-1.330230469032033236e+00
-1.004951902541943554e+00
-9.364562599737713544e-01
-7.643558386445230557e-01
-1.668496815128568622e+00
-1.270976474285245184e+00
-1.139043255470205906e+00
-1.003706878496892774e+00
-1.039042785360423826e+00
-1.051058347143405847e+00
-8.804372258614066027e-01
-1.444437219646409698e+00
-8.749727666213824584e-01
-1.465390311325638129e+00
-1.269364100450987687e+00
-8.795947411483344691e-01
-1.262659533840803983e+00
-1.288408518217818433e+00
-1.412375235060333356e+00
-1.264633225184244925e+00
-1.101432134719974920e+00
-1.034854880458860871e+00
-6.723156593493341271e-01
-9.968076206196764266e-01
-1.107637847104064210e+00
-6.206092222467597397e-01
-9.117653410345825105e-01
-8.440796292022529901e-01
-1.242313447654076919e+00
-1.224649874169054575e+00
-8.674437318907399774e-01
-9.060511722823211267e-01
-1.716445345762225960e+00
-8.359133767728597064e-01
-6.816386870367824313e-01
-8.220310345789216822e-01
-1.211781398723545067e+00
-1.593706477309149827e+00
-8.592740393801010512e-01
-7.180614142127773603e-01
-1.371818952739081166e+00
-9.596659532860297714e-01
-1.263161963800900844e+00
-1.454327377507901309e+00
-1.729573168921636039e+00
-6.306936868015078357e-01
-1.710377928191452623e+00
-1.286298067016671487e+00
-1.125234027435732864e+00
-1.254135138469940625e+00
-9.093680173882540130e-01
-8.729625013589604743e-01
-1.141421105676392989e+00
-9.540415151313488273e-01
-1.129100704006505529e+00
-1.712491276577132293e+00
-8.419506453261804690e-01
-1.148676035217382818e+00
-1.162779485393224510e+00
-1.516661679792783435e+00
-8.769314798831228108e-01
-8.030758254626374493e-01
-1.823191694173834199e+00
-8.237173806894091399e-01
-8.176268760307046080e-01
-7.701105931055675091e-01
-1.018073076327740578e+00
-1.457621047342193332e+00
-8.861944424648343643e-01
-1.018856724740260900e+00
-1.609225775773514222e+00
-1.322927968431700796e+00
-1.035479134421488645e+00
-1.381279123772184425e+00
-8.395739780105189176e-01
-9.782599174793700225e-01
-6.339046142019113539e-01
-1.191365935172008950e+00
-9.292073343445385047e-01
-8.108853477632814721e-01
-1.609023838712748011e+00
-1.241689332215646147e+00
-1.061489253005891698e+00
-1.392424478428222701e+00
-1.109929046802509367e+00
-9.284394654313610218e-01
-1.095006860417453876e+00
-7.779890189621661012e-01
-8.348383047936506207e-01
-9.785455215055141043e-01
-9.819499079401954322e-01
-7.831140888300474057e-01
-1.410792447047187537e+00
-1.057688523529261904e+00
-1.326083588300397187e+00
-8.194021431256723886e-01
-6.582159677061566461e-01
-5.823324587514230322e-01
-4.936865646896301807e-01
-9.723592638359422891e-01
-9.895085517248976004e-01
-1.767989393916060470e+00
-8.790840282481763301e-01
-7.869651858645682063e-01
-9.890827231461203350e-01
-1.005984986513578372e+00
-6.547177306026641386e-01
-8.706591025521360772e-01
-8.736696884291994536e-01
-7.475998969947432737e-01
-7.214341020770396185e-01
-1.359949601589512502e+00
-9.064219249299241277e-01
-7.937613666979450588e-01
-7.608947202603512094e-01
-8.031561650244077866e-01
-1.108733174629735307e+00
-1.730419054763771891e+00
-8.977364310305762096e-01
-7.702179471956375201e-01
-5.651012708805742690e-01
-6.683562139166608906e-01
-6.378599930138439955e-01
-7.120733924249232905e-01
-7.691620446848782544e-01
-1.107478344772322210e+00
-7.052646745085724422e-01
-8.584745153475995538e-01
-6.944507741056692440e-01
-6.737061721039259155e-01
-8.787004685023429573e-01
-6.719477814324716913e-01
-1.176733006398766657e+00
-8.477286022055352532e-01
-9.866800467193322932e-01
-8.493864293878160554e-01
-8.409125725871557933e-01
-1.367078585419661207e+00
-1.289044093643321176e+00
-1.078962335503222292e+00
-7.291233569744318688e-01
-1.509096235138114972e+00
-1.166183861095626773e+00
-1.117527708218148730e+00
-7.723149893003252719e-01
-6.601294630674805486e-01
-4.717227453254318470e-01
-9.329755950825890931e-01
-1.081508829403599936e+00
-7.552634810950710209e-01
-9.757810735102681043e-01
-9.045604593135383453e-01
-1.023914638110705599e+00
-1.615929976263859036e+00
-9.108080664228951351e-01
-1.160310277733827222e+00
-1.261842798287295286e+00
-9.013973411027471627e-01
-1.519683747183199207e+00
-7.879647392040199927e-01
-7.905980148758590120e-01
-6.809877977589342546e-01
-5.693757534080807758e-01
-1.091253535468537983e+00
-1.064486055967843736e+00
-1.264663678676171799e+00
-7.288067050536577440e-01
-8.243636515892440730e-01
-8.970017178969101890e-01
-1.006265644245108337e+00
-8.760137555377232044e-01
-1.001425436560303250e+00
-1.189642140744342713e+00
-7.350754494003725048e-01
-8.416463074353484064e-01
-7.904812993784967601e-01
-8.714075997389596484e-01
-1.351211210152730935e+00
-1.123043032115368156e+00
-1.148785355478397774e+00
-6.876312275561756726e-01
-8.244972289592118475e-01
-9.001421692194050417e-01
-1.248167876062031834e+00
-1.600249804995308445e+00
-9.754221632238170292e-01
-9.592645685009051348e-01
-1.171860249442312263e+00
-6.568831742928938899e-01
-7.783229293458268083e-01
-9.634460968329909836e-01
-6.106666349771239233e-01
-7.027502285221022271e-01
-1.053014832301200521e+00
-1.410443851152175521e+00
-8.423252845829091173e-01
-8.907590735729850051e-01
-7.025981264577612073e-01
-1.091331609588898965e+00
-1.035891335484155018e+00
-1.063133717698706349e+00
-6.170243015547829390e-01
-1.014025445235513523e+00
-1.713487296353903400e+00
-1.199419754796070769e+00
-8.502190642158052869e-01
-6.972611578387276632e-01
-9.653202661204293156e-01
-7.190652657211531462e-01
-5.343844036874599857e-01
-9.102865067392963416e-01
-9.940563761771546991e-01
-1.160243162112243764e+00
-1.307899511013166149e+00
-8.242127655321248580e-01
-6.465177397304503470e-01
-8.175121625150313376e-01
-6.585378049852983473e-01
-6.881106613326612997e-01
-1.431522301489795312e+00
-8.434321155132362691e-01
-6.062992267556293058e-01
-6.423915411464260483e-01
-8.828865512301000695e-01
-1.361008224647222375e+00
-1.479224998539349079e+00
-7.020369004266334700e-01
-1.057456445150923185e+00
-1.027489487063834028e+00
-1.066832600544802112e+00
-2.174303112674010219e+00
-7.125746416435483344e-01
-9.138524667286445080e-01
-1.144119682876976185e+00
-8.432946736206167193e-01
-7.346295932891631075e-01
-7.839951800073361454e-01
-8.186952715134093728e-01
-1.145522597552339539e+00
-8.973118037678804448e-01
-9.125754745281723368e-01
-9.603481578235614213e-01
-1.107208838689562658e+00
-1.016436151130380994e+00
-1.384266174134711980e+00
-8.550525874859150610e-01
-1.435360967761301509e+00
-1.990143237120570729e+00
-8.522876472452043384e-01
-1.146591842684065554e+00
-9.263697766465228689e-01
-1.043391437176597325e+00
-7.672092551938944904e-01
-1.047806966510663296e+00
-9.412818531030964220e-01
-5.156424822231227001e-01
-6.026507263809864900e-01
-6.877052262330806132e-01
-1.184838956017279843e+00
-7.805227023444977208e-01
-1.004667779296232855e+00
-1.207693277207925187e+00
-1.127899645095109094e+00
-1.098627457341776470e+00
-4.842364529235139159e-01
-9.496895448154311081e-01
-1.127866989303514256e+00
-9.155606557908227972e-01
-8.187176593971851046e-01
-8.109731347324353745e-01
-1.006332511240917826e+00
-1.281359163138035662e+00
-1.086016467360199744e+00
-1.267310912051865301e+00
-1.000354493895758257e+00
-8.553092517522238314e-01
-1.144268548107496564e+00
-6.325854530704582146e-01
-9.013822775764610551e-01
-7.015125676440867597e-01
-1.759727872505294277e+00
-5.971410686235585352e-01
-1.222911599798215843e+00
-9.876468616711908677e-01
-1.018980406005784767e+00
-1.511991459068071864e+00
-1.214078298609683193e+00
-6.776566753902599771e-01
-6.225142183268230767e-01
-7.814912692712159270e-01
-1.537657916562949145e+00
-8.166213546962957093e-01
-7.593708578088718131e-01
-8.774315932606521207e-01
-8.873849865339216159e-01
-8.719538281377127165e-01
-6.473284635976630508e-01
-9.667424104738948643e-01
-1.040934633012066346e+00
-9.736285008758578385e-01
-8.806119182230186526e-01
-6.727223042143464227e-01
-5.386994419580320992e-01
-9.065842668754993117e-01
-1.563099173547694676e+00
-7.843872693696657405e-01
-5.750773478924945392e-01
-1.062123073965973719e+00
-5.650498642651978765e-01
-1.260729781236746838e+00
-6.913894141580331221e-01
-7.641594339370098021e-01
-9.989822595812917205e-01
-8.661623695615322527e-01
-9.226877010039427063e-01
-8.900141524752704925e-01
-9.295362145080265925e-01
-2.140626393205098399e+00
-9.376242555095386511e-01
-7.923973987242046713e-01
-5.863265778176900422e-01
-1.802591923223118231e+00
-1.203018164254040068e+00
-6.639450204123507060e-01
-1.299393768031434249e+00
-8.443384377790310591e-01
-1.448210185505678815e+00
-6.459094028503411522e-01
-7.803744825847863664e-01
-2.590898119726242843e+00
-1.203057331623266224e+00
-1.467431741403025347e+00
-2.271387535874062280e+00
-9.849039670826242876e-01
-7.966599805053169447e-01
-7.954529617912792228e-01
-8.170561251548029702e-01
-6.070484818911873193e-01
-8.441302401454190418e-01
-9.437978773012726252e-01
-1.631482497299004963e+00
-1.724927240131804984e+00
-6.035824473912736465e-01
-9.832070079019515907e-01
-5.720216397338779846e-01
-1.477042258908599859e+00
-8.313569904879665184e-01
-1.105001490585365120e+00
-1.138911929773504195e+00
-1.080303523145909050e+00
-9.880331089276669365e-01
-9.483140159433358640e-01
-6.953780021399238453e-01
-1.742965110251139205e+00
-8.641040269418179820e-01
-1.289412822461678099e+00
-5.290815478273230843e-01
-7.026027492614298486e-01
-1.086038981528846703e+00
-7.970260563417466138e-01
-1.456959976196133821e+00
-1.191752712670583803e+00
-1.379383598821291690e+00
-1.228747070703912758e+00
-1.369846784511102422e+00
-1.689589264616712327e+00
-7.725112314580770967e-01
-9.929250466714962808e-01
-1.983665647011449096e+00
-1.062717450492719928e+00
-7.441327039268771371e-01
-9.078890862347084312e-01
-6.869940689807246814e-01
-8.548643349805563618e-01
-7.016377843108435597e-01
-1.164042206165084359e+00
-1.494654526768026459e+00
-8.249664648224310781e-01
-1.007316165135245134e+00
-8.126489277048266624e-01
-1.021688802237187943e+00
-7.542519976522663594e-01
-8.656014787009210787e-01
-1.174971267518424733e+00
-7.929598361958448693e-01
-9.011889950160905105e-01
-7.089331070631429421e-01
-1.524270801189779645e+00
-1.155839153564203192e+00
-9.031391038702872853e-01
-8.971717111954831125e-01
-9.483868391653084151e-01
-1.072580437131813280e+00
-9.010843176237587349e-01
-6.597814045091849877e-01
-9.325796491781607189e-01
-9.900927064466469307e-01
-9.018595025177320590e-01
-8.502616387583291635e-01
-6.588422514551017795e-01
-9.886878697527299309e-01
-1.002507513909166814e+00
-8.644420988157341945e-01
-1.778636751425021423e+00
-8.230129982958606094e-01
-7.403435745014292912e-01
-7.425758227383776333e-01
-1.301997769582923681e+00
-1.231457814726744093e+00
-9.685883864722936165e-01
