-9.386561390984933695e+00
-1.917153607308094720e+01
-1.693058788840155771e+01
-7.754614392805189382e+00
-1.781691743927645888e+01
-1.818506023717135989e+01
-2.550178342280555910e+01
-2.190507162508359684e+01
-2.614438800185999767e+01
-2.729016348215514043e+01
-1.824586689963409825e+01
-1.322735856859823400e+01
-1.705116076593348140e+01
-1.558409818365377930e+01
-1.109365568886289743e+01
-9.127525147002939931e+00
-6.702347431040788450e+00
-2.874897833338522890e+00
-3.322477170374942723e+00
-4.307612907263882462e+00
-7.454267725213815865e+00
-4.501561773551654433e+00
-5.586209400610173681e+00
-7.435336554405739484e+00
-7.281080707981566924e+00
-9.297381681538679388e+00
-1.425859748395504312e+01
-9.081194678857059444e+00
-6.451615178924211769e+00
-8.169880328364818922e+00
-7.522096633603773341e+00
-3.846231808518762563e+00
-1.107147354307911158e+01
-6.643100217655210749e+00
-9.044138213598378329e+00
-1.134541651903704995e+01
-3.624029277634901458e+00
-1.306879504185623908e+01
-6.243579134122803076e+00
-2.245653210855606208e+00
-7.206091415713697934e+00
-7.206127161234909373e+00
-1.264226130728433972e+01
-1.497397624588514731e+01
-1.410186220316999162e+01
-5.783694949338757496e+00
-1.066634637548077968e+01
-1.161565997953567653e+01
-7.391896893820241843e+00
-1.413063887880662861e+01
-1.208787044100255592e+01
-9.118049392134448539e+00
-1.121913338907669200e+01
-5.492546553492460681e+00
-1.037316901196375341e+01
-1.165585269813625224e+01
-1.153289172851266464e+01
-4.783797694017584590e+00
-9.074028170050169706e+00
-1.342561805433151889e+01
-7.368200494641989451e+00
-2.686353619734142217e+00
-1.097489050170082869e+01
-7.578717965644723442e+00
-7.557199450267014562e+00
-6.467747418836746753e+00
-1.180080060619025772e+01
-4.687475745252060122e+00
-1.404771803270034525e+01
-7.679182833167899958e+00
-1.016334475258942582e+01
-1.053061861306475677e+01
-6.842861071160291075e+00
-8.747655462745019150e+00
-3.352515074348897617e+00
-4.368891005428140240e+00
-5.278876722710387881e+00
-9.013105669119635621e+00
-3.063776248072037411e+00
-2.815649698468455142e+00
-2.579318057270184372e+00
-7.394794696185693184e+00
-3.285097350553072282e+00
-8.924686840346584660e+00
-6.426258972922838986e+00
-4.507252646426294973e+00
-3.251561940456175304e+00
-4.540512181321519236e+00
-3.884925609641346256e+00
-4.057469378787162739e+00
-5.473541694401774294e+00
-8.113465544304009569e+00
-5.299614945129609289e+00
-3.278250647374836291e+00
-3.364029490232581576e+00
-6.441546055375750868e+00
-4.777585744102360366e+00
-1.212509033086103827e+01
-5.226030709975806765e+00
-5.506196135746021625e+00
-6.134315487232952613e+00
-2.693438846799101949e+00
-6.158312354405728328e+00
-3.209250251576897472e+00
-3.040051849103362347e+00
-3.484384013844234129e+00
-5.227906370570365446e+00
-5.195636984502746358e+00
-7.469569482464955001e+00
-8.692837839785527265e+00
-6.501856295175403311e+00
-3.512577702009213709e+00
-5.951024494497056061e+00
-6.359544231697115357e+00
-4.549173009114143795e+00
-5.219239439890167809e+00
-3.736666494269357486e+00
-9.176758178533720667e+00
-2.430530264676954655e+00
-6.299316457424090743e+00
-4.117927177334744115e+00
-4.836657279460281345e+00
-4.783448395450358603e+00
-7.657358530829116994e+00
-1.083439799639719858e+01
-6.053370638889446376e+00
-3.334301509619018056e+00
-6.308354438318477087e+00
-2.981372008014502750e+00
-3.502909392035682856e+00
-8.258737559991402577e+00
-5.892748735961169437e+00
-2.382162579374992983e+00
-6.624727788411958862e+00
-4.206581127593156388e+00
-3.251635465884535670e+00
-4.982901604923230643e+00
-6.538967418977918555e+00
-8.036427613588431385e+00
-8.111283698511197571e+00
-8.385610034044290728e+00
-4.589167111005867383e+00
-6.387336455771254862e+00
-4.634169273291127489e+00
-3.447626266864277422e+00
-3.285080894500531201e+00
-3.507481946579874776e+00
-3.106766005572324740e+00
-4.496121389229261744e+00
-4.263509022450956643e+00
-3.243616122363946364e+00
-6.900843232029445495e+00
-3.376691610014632694e+00
-3.283815151288914436e+00
-4.340329736211860912e+00
-3.572016603235862675e+00
-2.993435816132019589e+00
-8.561675709254469524e+00
-8.329974787133856751e+00
-9.227909895597877110e+00
-8.125139370929490568e+00
-3.857523054322881340e+00
-8.998491213080781037e+00
-4.969677132029097777e+00
-3.891268135989093491e+00
-2.852464060813110880e+00
-2.227238213891966190e+00
-4.139295589617825399e+00
-5.688067090589737695e+00
-4.199913095529765883e+00
-2.879969555071713927e+00
-1.015608400478166473e+01
-4.423632550246281880e+00
-2.537877425855016522e+00
-6.095614198464248012e+00
-6.854332867491844894e+00
-3.406610675727044679e+00
-7.349518397346174403e+00
-4.004000753601449247e+00
-4.887166717534742411e+00
-2.946335190135108473e+00
-4.035111572463559781e+00
-5.883764348749766171e+00
-8.181243803128264602e+00
-7.626923945177535025e+00
-5.620115268395395880e+00
-4.956673545641190337e+00
-4.370761931400720890e+00
-3.815170631136466817e+00
-3.798962481316273010e+00
-6.225522465498459113e+00
-3.191571699697871356e+00
-5.677026148549857432e+00
-4.310823028468515616e+00
-2.148803976831752838e+00
-4.320372585912095609e+00
-4.538948551338616078e+00
-6.517897099525580273e+00
-6.752569508855331470e+00
-4.397761891473744633e+00
-4.199313836788969745e+00
-3.245436706298446161e+00
-8.320183418378888973e+00
-7.210355732347985658e+00
-2.495890266689122061e+00
-3.471235249798560130e+00
-4.628440925406428263e+00
-6.697010453079725423e+00
-2.138971595622235711e+00
-5.926134813172073912e+00
-5.121802868676840426e+00
-6.424916549079068062e+00
-3.498868115987687766e+00
-6.438584432647393996e+00
-7.629090507736995264e+00
-5.385391248812153364e+00
-5.957643427350457266e+00
-7.303994012074099373e+00
-3.495954035389628789e+00
-5.722964663497066340e+00
-5.735757687153528295e+00
-4.463016712660612839e+00
-8.396677312606767529e+00
-5.335255926906331325e+00
-4.873411339904103912e+00
-5.515473480830630493e+00
-3.834828847897070681e+00
-5.639633826286594598e+00
-4.031833190131436595e+00
-6.146323852429804724e+00
-5.421962327645045931e+00
-4.643070258418157792e+00
-4.398390638056764779e+00
-2.001646515935913140e+00
-4.457563104583460500e+00
-4.151684612608923075e+00
-4.429244489990310285e+00
-3.217882494423030426e+00
-4.385591346623741948e+00
-5.064798063514028392e+00
-4.074860353025028026e+00
-5.551386147614152833e+00
-5.097344940050501094e+00
-8.705920755394727095e+00
-3.763896300737489486e+00
-2.244426859732232771e+00
-6.831228546001927526e+00
-5.786160274867012454e+00
-6.502879313311824561e+00
-3.517623252428638381e+00
-3.620473797536789551e+00
-4.225060674980063880e+00
-3.596032897443353971e+00
-3.374147311782677683e+00
-1.028383368369886774e+01
-4.171146800961967216e+00
-3.838898788319803579e+00
-1.805544801638540475e+00
-4.433954632179809785e+00
-2.879447222283719299e+00
-4.632689327402461643e+00
-3.806138182382708735e+00
-5.646104239363299193e+00
-9.532902619922399623e+00
-3.403179580471523469e+00
-3.647992303634842060e+00
-3.233113851020739116e+00
-5.491315643120977974e+00
-6.126446659409917395e+00
-4.160598026330320387e+00
-7.796227894173488160e+00
-5.080151550109471614e+00
-5.450072181996799436e+00
-2.380141117472641898e+00
-4.717104490262387095e+00
-7.562511776695542309e+00
-5.796894761921803862e+00
-3.447430478488007211e+00
-5.627359447609830312e+00
-4.526348406989686879e+00
-3.464074762721504719e+00
-3.841462902228071297e+00
-6.234081279127397401e+00
-4.003355461858683739e+00
-4.865202292958476171e+00
-4.274744229855541811e+00
-9.692780129443310244e+00
-1.003222429331981047e+01
-5.679152910214658512e+00
-5.043972236999740844e+00
-7.958579853659204950e+00
-4.930777555603809148e+00
-4.380548758632604844e+00
-4.014161509583450638e+00
-8.093258645795360806e+00
-3.952736095059563137e+00
-5.084876115503798921e+00
-1.116125153373001133e+01
-3.905062802329189786e+00
-3.529740010944061535e+00
-4.464206033497487347e+00
-6.403618809405170254e+00
-4.539776189409811202e+00
-7.198004870712711778e+00
-1.370688727029380161e+00
-3.331699654522441989e+00
-5.679039402886941090e+00
-7.018685590017758713e+00
-6.745545652097053591e+00
-1.860965816709531095e+00
-8.410214508877153605e+00
-3.160903787086029926e+00
-4.526666805639751878e+00
-4.914024192208009900e+00
-3.715235879622057258e+00
-6.750350420397680296e+00
-3.090808281194850959e+00
-3.553733525844517516e+00
-3.887867902586662261e+00
-5.706993887844264535e+00
-5.340434116537802645e+00
-6.506999909897066559e+00
-5.755314297769535514e+00
-6.650614333902836073e+00
-2.861460513823864904e+00
-1.071326216259568120e+01
-8.293858168686146115e+00
-5.843052767852647378e+00
-4.987706500514657471e+00
-8.290930995010722171e+00
-3.239690232794385061e+00
-5.181315077604018882e+00
-7.241371688341195600e+00
-1.995998148556469509e+00
-3.712343397276717027e+00
-5.250064894420639838e+00
-3.465019188556758944e+00
-7.623629521724704539e+00
-4.831859563432747251e+00
-6.408481536622788965e+00
-9.968619849841266145e+00
-6.037564600301664086e+00
-3.321867446590605066e+00
-4.464567817783264836e+00
-4.383072208541441306e+00
-3.325021307164460982e+00
-2.870604948645379295e+00
-4.503818797634107085e+00
-3.057325799294076774e+00
-5.286840555096167904e+00
-2.859214495390778765e+00
-6.612195095397096267e+00
-9.810165880175842901e+00
-5.061449923401593942e+00
-5.723395507568223906e+00
-4.979336233942812662e+00
-4.160806515349124268e+00
-2.571461783082180208e+00
-8.186168044022000601e+00
-5.665146551729626445e+00
-7.000007950429357528e+00
-1.291635916472199952e+01
-3.037512426219086681e+00
-8.906793643137213223e+00
-6.485870434803654661e+00
-8.303923718162161904e+00
-5.051788646287120876e+00
-1.020642512775525468e+01
-2.346975802526161115e+00
-8.022302063036720554e+00
-8.693315135259821247e+00
-4.991227053982184358e+00
-3.053388759499445992e+00
-3.424650617056773871e+00
-2.239233175247656860e+00
-1.879099139534071261e+00
-3.193875488272137186e+00
-4.621556621278429589e+00
-5.016033160242070466e+00
-3.633179833503646705e+00
-6.112132750066055387e+00
-7.098667447021046684e+00
-3.744049271501018072e+00
-7.914609865006299927e+00
-1.048194461060783667e+01
-5.707433927053420675e+00
-6.745698294048355415e+00
-8.578853619707224709e+00
-1.050958592386747981e+01
-4.514659381711744857e+00
-7.291947129442322151e+00
-7.439178060975599749e+00
-4.822433558754901206e+00
-8.524043382583499806e+00
-7.593460119145949427e+00
-5.335956888305609880e+00
-4.187332905571172326e+00
-1.021245327476964881e+01
-5.024180770873306834e+00
-8.443062628553839488e+00
-3.379569537319072836e+00
-3.698061984102646527e+00
-4.488750822166672094e+00
-4.981759468524533219e+00
-6.906884346274941855e+00
-3.258603337165028258e+00
-2.706353851696885471e+00
-8.824378503087194403e+00
-5.519928320173969283e+00
-4.949377436816662978e+00
-4.376114184049117561e+00
-7.251123943943517780e+00
-5.073086786036431484e+00
-4.319878481893950628e+00
-3.130828664505669323e+00
-3.834529302470269130e+00
-5.626273349433904336e+00
-2.807460872632569160e+00
-4.681544204255743580e+00
-3.731740464438440430e+00
-4.586167297613195970e+00
-6.328532432964824928e+00
-4.407314103006984674e+00
-6.888604582863788295e+00
-3.583668877350626225e+00
-4.951095674718874129e+00
-3.027777613182078831e+00
-6.060056511264765078e+00
-7.272626481088864558e+00
-7.347398394231154484e+00
-9.904086280691576150e+00
-6.898279911395966302e+00
-6.224499255952245846e+00
-7.781679214662561073e+00
-4.098693868269506879e+00
-4.356678916904868970e+00
-1.019936926797937282e+01
-6.430003075518150091e+00
-6.639199676204247780e+00
-5.243815278768750865e+00
-4.560256432269346405e+00
-5.209143257166609864e+00
-3.353312786361366538e+00
-3.951622382758551044e+00
-6.536546194581386082e+00
-4.860399609836276724e+00
-7.447852489344442439e+00
-7.072290315961785367e+00
-5.138162381419731695e+00
-9.504466946505990776e+00
-3.432000376432975841e+00
-6.488827140734231946e+00
-1.312230103590578523e+01
-3.836733272296660058e+00
-1.054141644494117003e+01
-4.433572578321786750e+00
-6.721640448112744970e+00
-6.246739374682977797e+00
-6.167584117988107906e+00
-4.639006600871920405e+00
-1.172952360094337187e+01
-1.274119430483300519e+01
-9.871183122395995824e+00
-5.212436499959061997e+00
-4.213975749364093026e+00
-1.172742676991732402e+01
-7.024288935864681171e+00
-4.077084831634276263e+00
-2.554531031153247422e+00
-3.660267961381206803e+00
-5.686970298834132187e+00
-4.108265070536646135e+00
-4.340615768819770182e+00
-2.919638776629879029e+00
-4.850611986586543800e+00
-3.914974151736385632e+00
-5.345149449738432423e+00
-3.448329185018569110e+00
-4.349563693894874739e+00
-3.593731751847693001e+00
-2.974841639166148966e+00
-5.300145816759782136e+00
-6.071282223752074714e+00
-3.850717433037216253e+00
-7.428290847351927795e+00
-3.111394190760729206e+00
-4.739230120613138197e+00
-3.693825441597093029e+00
-6.619330363854353472e+00
-5.179410062390648939e+00
-8.534802272432113313e+00
-6.196832700742836764e+00
-6.291736665487539959e+00
-4.212463470398509990e+00
-9.512716429221539371e+00
-5.677925200257887717e+00
-6.489119912959669279e+00
-5.683796987317756511e+00
-5.803002179889253043e+00
-4.805455351396818564e+00
-1.178110430656230712e+01
-8.854464101915782592e+00
-9.586830846052132316e+00
-1.263710716110698762e+01
-8.470865173173187657e+00
-8.232868672918971953e+00
-8.337731464796316772e+00
-6.323745617319827872e+00
-5.255054935871151578e+00
-6.832788540111379483e+00
-6.820380360007057163e+00
-6.983144487237003872e+00
-5.242022254874512122e+00
-6.421300383421552738e+00
-4.897981769972435728e+00
-6.801488974365431872e+00
-6.206778563248199099e+00
-4.391424583613020793e+00
-1.254720858108777115e+01
-6.322950416115636685e+00
-7.112615139932936259e+00
-7.244099088286374055e+00
-7.120648155747643315e+00
-1.183880446773520490e+01
-1.290025505106481951e+01
-1.305948113426776125e+01
-1.255619794293107994e+01
-5.367452536563277476e+00
-7.536095002675661014e+00
-1.560941865294085851e+01
-8.401497864319061648e+00
-1.260600235574474581e+01
-9.777062799118615644e+00
-5.123644002001529252e+00
-8.542358123625241717e+00
-9.078277748466067720e+00
-1.258607617555632530e+01
-1.001123763990639581e+01
-1.001295034387666760e+01
-9.635637835454639699e+00
-7.793804444822444388e+00
-7.588647511395512524e+00
-5.962459355937530958e+00
-8.249181283448415059e+00
-5.187343548782905600e+00
-7.081257046119144860e+00
-1.334998035652411019e+01
-1.751238079321496599e+01
-1.468034115486281976e+01
-1.817479797377970741e+01
-1.397017957180315229e+01
-1.240451251882994299e+01
-1.164887863720269046e+01
-1.531413799356796801e+01
-1.569077291374750693e+01
-1.371018022761348654e+01
-1.533934955555577595e+01
-9.437457788690581495e+00
-1.081606557654106382e+01
-1.601843010643046838e+01
-1.680403284311512024e+01
-6.023321876569187161e+00
-1.587819980391251917e+01
-7.251774649315901655e+00
-7.248627557388365616e+00
-6.676199876595641847e+00
-1.523748713686838130e+01
-1.358378233767406584e+01
-4.808685366434159114e+00
-1.279646974857132236e+01
-9.302863324460052041e+00
-1.078265298531129623e+01
-1.195867544173428065e+01
-1.008906491185983967e+01
-1.295804618096939365e+01
-7.562047636988409316e+00
-1.295292932223048155e+01
-1.076201112720089093e+01
-4.909969735934542001e+00
-1.359186604683039334e+01
-7.298152191071825001e+00
-9.680657947231441796e+00
-7.981300886723381005e+00
-6.169972799026418819e+00
-7.740630469817297410e+00
-9.658959955849578449e+00
-3.747325507916589693e+00
-9.219143017112143568e+00
-5.594504568891586871e+00
-8.491876509514105109e+00
-1.112572859508467715e+01
-4.830812081571652428e+00
-6.506594623924543797e+00
-4.623635912137604720e+00
-8.833275747298916514e+00
-9.060055852434004464e+00
-3.552088270911567314e+00
-7.813460692135734575e+00
-1.268308398153521566e+01
-1.110284891480286973e+01
-1.217376409659100389e+01
-4.745642080281772479e+00
-8.110523177056439437e+00
-9.640259851138681668e+00
-6.135129537118847232e+00
-5.998482377183689707e+00
-6.386547298907108150e+00
-8.136331112501347107e+00
-3.921627738368941518e+00
-1.117661841007342893e+01
-1.575778419642667139e+01
-2.262014703906876179e+01
-1.688288160395281778e+01
-2.195382410137389328e+01
-2.151367833587449852e+01
-2.809780968878313701e+01
-3.372121524720452612e+01
-2.819799928020616520e+01
-3.428458669840009776e+01
-3.562874558110675594e+01
-3.424278748133082217e+01
-3.018370232181871060e+01
-2.896988619466494796e+01
-3.937601691572879758e+01
-3.689288084265930934e+01
-2.615988026822315504e+01
-2.443665757032530905e+01
-1.423685962201864719e+01
-9.820877479101906005e+00
-9.167243156110366442e+00
-3.954175056947154765e+00
-7.718743886099271201e+00
-9.714148252417656337e+00
-4.779772699015488513e+00
-1.054090406733020657e+01
-6.109474082853471266e+00
-5.601832274823923541e+00
-4.449373532988313507e+00
-2.930533665422125456e+00
-7.320092959775939434e+00
-1.842776509398181828e+00
-3.270850587658900466e+00
-6.262837785235238819e+00
-3.320140997947973460e+00
-7.701149425075421107e+00
-5.641396972999908499e+00
-3.805106079614814174e+00
-5.136258449821635708e+00
-1.056454932199667240e+01
-1.776312100282262163e+00
-5.257939286447141924e+00
-4.249920590927510844e+00
-8.727974747878585404e+00
-6.400281577824789458e+00
-4.869430725224629164e+00
-4.825849859397175479e+00
-2.148102143214082105e+00
-5.215059696874034145e+00
-3.319915827162251087e+00
-2.414119160999943503e+00
-7.482146785125599386e+00
-3.997759930798198358e+00
-3.319026470112302896e+00
-3.557232519319014852e+00
-5.415985724844022187e+00
-2.237479708970922854e+00
-7.042683921892564314e+00
-3.979454836917339033e+00
-7.401975656053590313e+00
-4.743139236503932210e+00
-2.473815294994089253e+00
-4.686485834374394699e+00
-4.501365776904307836e+00
-2.549916846263469594e+00
-4.224168754055358299e+00
-6.876261272576130956e+00
-6.274611875128067950e+00
-4.306224352095744834e+00
-7.498146485633742309e+00
-4.991328470818942264e+00
-6.804765139018988940e+00
-1.940033425007671619e+00
-4.995559753955808091e+00
-6.870994966416162697e+00
-6.808191067490584558e+00
-8.004763788084154896e+00
-2.735244365761815732e+00
-7.512319677994973688e+00
-5.306142442928713621e+00
-6.066602163893562327e+00
-4.347226587029827449e+00
-2.832828152676401867e+00
-6.312765556065772721e+00
-4.967658462956175747e+00
-6.323053108067368200e+00
-3.258645654348184539e+00
-4.396691366125469180e+00
-3.575633974247928837e+00
-1.737162891126644348e+00
-2.489043502183049927e+00
-2.648005179274485865e+00
-2.702742107012526596e+00
-2.672075244942389460e+00
-2.578033079340873890e+00
-4.308687497569746228e+00
-6.750097940199758284e+00
-2.789093755860110768e+00
-3.929671974090820363e+00
-6.454223867000543180e+00
-4.734296148417730166e+00
-3.400303603873878533e+00
-3.718201830500153182e+00
-2.328654695974025302e+00
-8.019924568409685151e+00
-4.922629447256827717e+00
-2.436368707223294905e+00
-7.018400679108331985e+00
-3.660167564072629443e+00
-3.411499765126880579e+00
-5.787248201486388410e+00
-4.314313603183236978e+00
-2.922312460857600325e+00
-2.014039538798570561e+00
-4.907823371474782093e+00
-2.749827644150617090e+00
-4.857872797287867250e+00
-3.651852695416621497e+00
-4.245044953639784957e+00
-7.754503901521331954e+00
-1.958507714154918977e+00
-3.161579914766816213e+00
-2.197848498071719003e+00
-3.506572824359413421e+00
-2.787200927474301704e+00
-2.765128827866135008e+00
-8.086444554413724006e+00
-3.516945082301924597e+00
-2.863013629182063369e+00
-4.303959497119962840e+00
-3.379978019752361007e+00
-4.211827874331463661e+00
-4.400486892166972197e+00
-2.539511999074577808e+00
-3.052415318587549997e+00
-2.211141105829482090e+00
-2.100892341567474730e+00
-3.289056707172921978e+00
-4.078141949981550773e+00
-3.287194211981693037e+00
-4.267393533640190029e+00
-4.205206939694146939e+00
-3.523442324571482320e+00
-2.306897162204957663e+00
-2.951507311776873532e+00
-1.827755973593051753e+00
-5.857676545396337531e+00
-4.386978944706021899e+00
-5.047856778661090615e+00
-2.359644557453336233e+00
-3.445017771177327770e+00
-1.923977226884023395e+00
-4.232774655645408224e+00
-5.461590079014194465e+00
-2.004445651837857501e+00
-3.163231067537905616e+00
-3.750438792790653064e+00
-2.391619422376914716e+00
-5.047898317204343677e+00
-2.847845123324947547e+00
-1.966335696140766753e+00
-4.245340003309316934e+00
-2.268917051842292310e+00
-1.772304671151697875e+00
-2.953956397307023085e+00
-3.649402040154819282e+00
-5.481283618880898878e+00
-3.105476073495978540e+00
-4.075049132461606050e+00
-2.564359313121229889e+00
-2.758427885440926097e+00
-2.050295849459368824e+00
-3.286529194537582743e+00
-4.672255859430284097e+00
-2.690518419388522098e+00
-4.584460996431594104e+00
-3.556010099371678113e+00
-2.985432648985039794e+00
-6.421662950637029965e+00
-5.150436220707016233e+00
-2.559777912917291509e+00
-7.064520600380081561e+00
-4.889542627363320904e+00
-3.819519423694777149e+00
-1.836700899649906349e+00
-4.744015717455330794e+00
-4.016575688945597022e+00
-4.366475687619571389e+00
-4.054949977533452099e+00
-4.241945743858154039e+00
-1.609263339522098768e+00
-2.322201310347276060e+00
-2.186414022183465367e+00
-2.860713419808945002e+00
-4.508101420943634530e+00
-3.469767069599964948e+00
-4.285338007236132007e+00
-4.591186201067501749e+00
-4.404817236416864290e+00
-2.775664435132829677e+00
-4.053772829362952912e+00
-2.667380632597303958e+00
-4.855252845016890362e+00
-3.265442920455503550e+00
-3.797142106448074816e+00
-2.993352038547810512e+00
-2.079761260281596691e+00
-2.238366010695740371e+00
-3.898920290247186671e+00
-3.612146208744980491e+00
-4.031279268758162004e+00
-2.984909353634458196e+00
-5.246170895562952907e+00
-6.289237710514801627e+00
-4.362921167900500663e+00
-2.704238356053509929e+00
-1.673918575101472017e+00
-3.753921022678715858e+00
-4.145958592500883277e+00
-5.354081275437905241e+00
-4.638985368336165926e+00
-3.238002830354314465e+00
-3.696958510044942692e+00
-4.800091680051783882e+00
-5.293522159533042171e+00
-5.389063511786384097e+00
-3.394761733492202893e+00
-3.297268704281828722e+00
-3.791398828979650304e+00
-3.531223722484106542e+00
-5.559464776595375746e+00
-3.237038309081539555e+00
-3.147862069838478494e+00
-3.369775193234664012e+00
-3.945541613347216536e+00
-6.392953956197611198e+00
-6.085074321708581202e+00
-5.726050255010000534e+00
-5.144260822984719539e+00
-4.768285830061870456e+00
-4.008218343664810668e+00
-7.167916622086402789e+00
-2.442232449833668273e+00
-3.400768558150207621e+00
-5.761136813465506101e+00
-5.676717711824800894e+00
-5.253667164812671153e+00
-4.744684567163905520e+00
-2.767788164679785279e+00
-5.334042560142551181e+00
-2.160574701263443753e+00
-2.984712476158063676e+00
-3.590690916454256865e+00
-4.523055557877031951e+00
-3.855419378944183517e+00
-3.243350280567228072e+00
-4.059059983995313203e+00
-2.913407684695534794e+00
-3.525601457095206559e+00
-4.009862595216602266e+00
-3.132849234829758522e+00
-4.770556815010313478e+00
-3.084471450845397644e+00
-1.644846417425026353e+00
-3.382611806434441704e+00
-2.936457722261814229e+00
-4.764582846230482005e+00
-2.856024649140525007e+00
-1.895701770869194336e+00
-2.382852038123208782e+00
-5.409820274685972485e+00
-3.685174077871891551e+00
-3.215847367168128468e+00
-5.957349759739904549e+00
-2.887010710511487499e+00
-4.660601851463827217e+00
-1.982631937010962853e+00
-3.257829984949108582e+00
-2.960899581318936047e+00
-4.066825025989788678e+00
-2.299287536615824301e+00
-1.483473495177156876e+00
-5.065672599377275986e+00
-4.474191852509962430e+00
-1.679006047712297889e+00
-2.921112999059856996e+00
-2.633570643732594085e+00
-3.418123176392730667e+00
-1.593824057695547136e+00
-2.907674282746004479e+00
-3.534048634896487684e+00
-5.276805198148590392e+00
-5.734845244909026363e+00
-2.001762099799790917e+00
-2.777574436061068130e+00
-1.880167635129695869e+00
-3.479061685380001823e+00
-3.790994161947538466e+00
-4.016549316131740710e+00
-2.210622453952562072e+00
-3.137307411436359494e+00
-2.889244753275630462e+00
-3.688939768900387328e+00
-2.305486563535154243e+00
-3.193778419551321246e+00
-3.058199145342992420e+00
-3.589342244751243527e+00
-1.978387257509514274e+00
-4.470876393499429113e+00
-2.138640108275139173e+00
-4.098520000698805177e+00
-6.263493055207952409e+00
-2.940284300970037012e+00
-4.236711906433027863e+00
-2.977871915599620944e+00
-3.934625161018930672e+00
-3.884836130857401759e+00
-4.194206077494532003e+00
-3.544327768614839336e+00
-2.849551707969024683e+00
-4.974065365148335083e+00
-3.923062455787423630e+00
-5.470908046043492234e+00
-2.558183593336406325e+00
-5.502151103774221674e+00
-3.574162102620445758e+00
-5.705388326564505341e+00
-5.921362647068315610e+00
-5.662615709510172124e+00
-4.538613857649698602e+00
-3.739175311972570803e+00
-3.417787680890762569e+00
-7.336949881242015081e+00
-2.583826989765969806e+00
-3.724955504672742279e+00
-3.304495657112034745e+00
-5.674053936250913921e+00
-5.015979642840656894e+00
-4.757427756755093995e+00
-5.124766045905855272e+00
-7.729625155766583156e+00
-3.318763821352856080e+00
-6.816691494685906960e+00
-7.793416179826092360e+00
-5.563846992572919703e+00
-7.938002711967028446e+00
-1.080938471809449553e+01
-1.156095718039943421e+01
-7.640737860494304812e+00
-9.514314336834177155e+00
-8.593886499117530775e+00
-9.336249815282394948e+00
-3.516122427224821045e+00
-2.092544051467743138e+00
-2.825292830049654036e+00
-2.453821280096420754e+00
-3.656699796931224711e+00
-5.709897445609613875e+00
-4.047394939660581059e+00
-3.412320039236664382e+00
-5.996344010102835576e+00
-4.244375126179906310e+00
-3.542563680163571593e+00
-3.024130749980967092e+00
-2.468587125030900609e+00
-4.088993286196169308e+00
-4.789442568539360678e+00
-4.311328067333059622e+00
-7.149426020937894144e+00
-7.306336088765400305e+00
-4.112813750787795541e+00
-4.191189566866285077e+00
-8.216491427245710355e+00
-7.570329205094275871e+00
-1.293083562919232143e+01
-2.048763888676998945e+01
-1.933529295506152934e+01
-2.113072304485845621e+01
-2.314843487099557606e+01
-2.135336418066862763e+01
-1.708433199344594300e+01
-2.106374247595451266e+01
-1.740875376882264902e+01
-9.665758938584925630e+00
-2.578004770916132227e+00
-3.451096660453017329e+00
-7.881326480828770187e+00
-4.933250244081536451e+00
-3.507565193882440369e+00
-2.685667970917955838e+00
-5.425492521505044685e+00
-4.693175460854586589e+00
-5.720092112374475235e+00
-2.653808488429890478e+00
-2.492922257335352665e+00
-3.729920837849248993e+00
-6.674202021682924091e+00
-4.395570495416420975e+00
-6.909686247787152347e+00
-7.198747429370079942e+00
-7.942161531630469895e+00
-1.186317838445214790e+01
-5.872270710081182621e+00
-6.136528467087971173e+00
-5.305633493605805384e+00
-5.216487911760285812e+00
-4.915444841476832138e+00
-5.103171785582555131e+00
-2.842795490872797703e+00
-4.005486709876896256e+00
-4.404956228112504313e+00
-5.010778494476503475e+00
-6.955911321875479558e+00
-4.795208371751209953e+00
-3.279753819285621486e+00
-4.881774318873739027e+00
-6.671363980695134366e+00
-1.895688397034021255e+00
-2.618552931795345984e+00
-2.449000592622368799e+00
-2.406425343027172481e+00
-1.957394743115294933e+00
-2.133316700504761965e+00
-3.298384668834511313e+00
-5.037872303844485700e+00
-4.421932755760340505e+00
-2.177772798111529795e+00
-4.256061610553746988e+00
-4.634954169992208328e+00
-4.284574197338102408e+00
-5.693868163228067658e+00
-4.268492384470135015e+00
-4.730258438567187973e+00
-3.927537459143784382e+00
-5.843339518756896389e+00
-3.758931214278958155e+00
-6.572324668911690537e+00
-4.223795503304752508e+00
-3.575916695240757726e+00
-3.716206304773194358e+00
-4.724402889265775229e+00
-3.478502026670027281e+00
-4.089008702230008119e+00
-3.901187758827871388e+00
-3.931809757277860307e+00
-3.771224056609610020e+00
-3.170255441487920933e+00
-2.604666152109280208e+00
-3.503450816850349092e+00
-2.829818612858755245e+00
-2.982303673269179889e+00
-3.686356296417458989e+00
-3.957166602303602954e+00
-4.406053586744330453e+00
-5.254378822524716774e+00
-3.172549973942366375e+00
-3.474966756688818936e+00
-3.179314411204583468e+00
-2.722291123482410757e+00
-2.958262112836563151e+00
-4.495803625923426416e+00
-4.129530733518297581e+00
-1.079512593773454121e+01
-1.362347682333753163e+01
-1.607722263927955453e+01
-1.546077411573927307e+01
-1.056491862307634833e+01
-1.217627388201846195e+01
-1.435301087395357555e+01
-1.108298091945133912e+01
-1.511611389444433762e+01
-1.593292598651950165e+01
-1.530291301594657938e+01
-1.006471757174089277e+01
-1.146147505940015066e+01
-9.370272340542326717e+00
-1.068802461453054065e+01
-1.033405931360129593e+01
-6.287444952921757313e+00
-5.534819815360611628e+00
-8.715771708184577804e+00
-7.077719648005880160e+00
-7.132682222473771816e+00
-6.761499024970195393e+00
-8.260727519114183792e+00
-6.590658806507244449e+00
-4.983381523736041707e+00
-7.169362627493929274e+00
-6.480594288647642642e+00
-6.522744593988968553e+00
-6.827730917342770489e+00
-7.271713668174222711e+00
-5.407494993890114898e+00
-9.215770433330781941e+00
-5.903145092093296853e+00
-8.822763234957003320e+00
-4.380127349192628472e+00
-7.434123531192250667e+00
-5.107537911628838856e+00
-8.074646610061893881e+00
-4.992283534471979145e+00
-5.077892931951886624e+00
-5.966116905564476269e+00
-3.867123536268640471e+00
-5.299128585548664283e+00
-5.157882464659848232e+00
-8.852630035610967951e+00
-2.927360923841643370e+00
-5.872846806836790279e+00
-4.010806278887351972e+00
-7.282915055189255860e+00
-6.460263878209009825e+00
-7.474742481311341002e+00
-4.932806220251507057e+00
-6.670218882694477713e+00
-4.609673209461180754e+00
-9.969742601234498736e+00
-4.406214829287462109e+00
-1.754442068418119005e+00
-5.422444179996402269e+00
-5.743477957248281918e+00
-5.005578057882351217e+00
-8.369698195508862071e+00
-9.819596321971644670e+00
-9.072660592445961569e+00
-7.434143307324037053e+00
-1.135553519363557129e+01
-3.743888620106742504e+00
-9.277878070079450978e+00
-5.555732247384499445e+00
-1.114525455953256916e+01
-6.930458997109290920e+00
-8.053201115642707464e+00
-1.090868920415515753e+01
-4.026616212597875943e+00
-4.595114207594594546e+00
-6.629135870804898190e+00
-4.371824372226978284e+00
-7.425014934030103930e+00
-5.351572258167932361e+00
-4.318505162295529054e+00
-2.136630420854518153e+00
-2.583956605662057093e+00
-5.156849382762580980e+00
-6.784299887174036314e+00
-8.422299090959024070e+00
-8.476165410517912946e+00
-6.282615385149890486e+00
-6.788044659885924759e+00
-6.627706761180729877e+00
-7.782121517278634215e+00
-7.256279213502399905e+00
-4.455955685087008789e+00
-4.996194060629471245e+00
-7.687876297266893033e+00
-5.468236824616766967e+00
-3.082825317536035392e+00
-2.949329564659222136e+00
-5.493683085683098710e+00
-2.464725647428723132e+00
-3.119850740068477180e+00
-3.820230343871186651e+00
-8.105751538342753193e+00
-5.328139379842039780e+00
-9.496463656169057188e+00
-9.469928529326534061e+00
-7.772736718307515780e+00
-9.559371610858299562e+00
-9.856210089762722504e+00
-1.073061275478230137e+01
-7.750304532401815827e+00
-7.463944141861279746e+00
-4.031165407196829698e+00
-6.088100993466774469e+00
-5.438873323153815775e+00
-5.853309417892006650e+00
-6.951704133058752788e+00
-6.183691109737493363e+00
-6.625425169142145521e+00
-5.874386421086250643e+00
-6.147170455100086528e+00
-6.298509194572098124e+00
-7.036572589786318943e+00
-5.383455790766770832e+00
-7.341917307251113911e+00
-7.887411700281372617e+00
-5.051845573445795878e+00
-9.208708226087187754e+00
-7.529953866703635867e+00
-6.572993344972603680e+00
-2.830394804764293060e+00
-6.525231017250366250e+00
-2.694506665505557397e+00
-5.196458841601543810e+00
-5.043645511553880745e+00
-3.308570320901082606e+00
-4.284840760422922834e+00
-6.704010125655563535e+00
-5.429793316884024001e+00
-4.279524352047000768e+00
-5.316690878429625400e+00
-5.839480590335692334e+00
-7.975795195640378310e+00
-3.182963988112284870e+00
-4.850031701314987842e+00
-5.523954791732037961e+00
-6.400586341493848863e+00
-4.802837089267882220e+00
-2.949525533569045344e+00
-3.097099910310299631e+00
-7.397513972886073041e+00
-4.551604195142743059e+00
-7.034653841189034473e+00
-5.744257276229122411e+00
-4.901187505691366297e+00
-6.000991814818093850e+00
-4.573402249151500953e+00
-3.498896737152365599e+00
-2.051404617585684598e+00
-4.824546464604539509e+00
-3.194980440511047348e+00
-5.354597121507326030e+00
-1.741151152306207317e+00
-2.388583718575743475e+00
-3.514749276575503512e+00
-3.802860210175160294e+00
-4.645403438710654420e+00
-2.632186980111861807e+00
-3.239362062198752223e+00
-4.190373877102451239e+00
-4.176812702697058732e+00
-2.648077138189784741e+00
-1.696697999385430533e+00
-2.849967162324902326e+00
-2.850592082830230467e+00
-1.224659620887577294e+00
-3.276610296518676968e+00
-4.195420003229168415e+00
-2.532085331431349395e+00
-4.547731064894278141e+00
-5.162791768714670049e+00
-5.197395488670213837e+00
-4.846931512573681822e+00
-4.215882924862332182e+00
-3.115558502902564531e+00
-4.010678547911909142e+00
-3.796780265259260378e+00
-3.416800438531146789e+00
-3.466729869184496771e+00
-3.878492854319679939e+00
-4.167473382701857965e+00
-3.224543073704819740e+00
-5.266123542891859799e+00
-2.748945513626841475e+00
-5.353325875599695749e+00
-3.070361885580298544e+00
-2.596446281246385546e+00
-4.615582496180287819e+00
-3.728338369338971336e+00
-2.842915255783250661e+00
-2.928827415473217677e+00
-5.629950769495508212e+00
-2.193286592369165788e+00
-2.280815227735811579e+00
-3.642206822843966574e+00
-2.499427870940640783e+00
-3.100067248479701831e+00
-6.152103182678873239e+00
-4.167534322927888724e+00
-4.217345361429321926e+00
-6.504428636423927657e+00
-3.190618520366482080e+00
-4.288624326980938761e+00
-3.801482720433280171e+00
-4.655217842949151752e+00
-5.151527036391748027e+00
-6.271764639487731330e+00
-5.135303428364415446e+00
-6.247736512097977091e+00
-6.726292913873877843e+00
-3.231961408772041189e+00
-4.330472968104487563e+00
-3.257460042137787060e+00
-3.936175608493706513e+00
-6.396179351823335857e+00
-6.245310882577137512e+00
-7.841454122809652816e+00
-3.715894540004049063e+00
-2.499903351965361065e+00
-3.337710827365505395e+00
-6.020241529338827391e+00
-3.617345139417234456e+00
-2.526604797129677227e+00
-4.225732297357773781e+00
-4.408962461411717548e+00
-6.343787153588746008e+00
-2.914874740369867379e+00
-5.611685902313363172e+00
-3.163781833522988585e+00
-7.145787581865262084e+00
-6.034578172135264040e+00
-5.005617953736791748e+00
-3.777197212483729416e+00
-4.772425649317891150e+00
-5.239850205998894950e+00
-4.127244368710695888e+00
-7.374121629818077395e+00
-5.259121828161310575e+00
-6.207145949865859436e+00
-4.593148721201042228e+00
-5.081710866487856748e+00
-4.275592609931920585e+00
-4.052359574526502861e+00
-5.615526050178463180e+00
-2.361191989204374231e+00
-4.656286159768848520e+00
-5.472682412887432513e+00
-4.696587137319596650e+00
-3.240474307127696463e+00
-4.239977592406365403e+00
-3.139355837580678266e+00
-5.225086103420784944e+00
-4.040804370284857505e+00
-4.625902938457563174e+00
-7.613285031194913621e+00
-4.961270650591874443e+00
-5.511732369213416582e+00
-9.095121667075087402e+00
-8.809707403946239523e+00
-6.366464072494689930e+00
-4.901950981169542310e+00
-5.004921107797864366e+00
-5.118984097054966043e+00
-4.516375919688123908e+00
-6.222908592307422992e+00
-5.077150262224876087e+00
-3.012799492313922300e+00
-2.487589760053084742e+00
-5.146035289457306483e+00
-6.336305317463314601e+00
-5.214845381096058219e+00
-3.009093621846632427e+00
-4.323794807783946759e+00
-3.446085898179941154e+00
-3.356926863665619098e+00
-4.485302629981831934e+00
-3.772920163889891043e+00
-3.766975049766641881e+00
-3.013775318945087545e+00
-2.527986560204181998e+00
-3.081768588990914548e+00
-3.437664128761914739e+00
-4.358625779287396362e+00
-5.066908391942651413e+00
-4.968143324796183258e+00
-3.347471119579099597e+00
-4.123044491573780945e+00
-2.752933516379213685e+00
-2.847978858831758497e+00
-2.655540572302714342e+00
-1.585688750076508224e+00
-3.112896520220554741e+00
-1.998542616285663209e+00
-3.481116228690453340e+00
-1.992702933043255520e+00
-5.052442289229538197e+00
-4.367050236930378304e+00
-4.871002072452482956e+00
-3.844792185040884824e+00
-3.865504150382119253e+00
-4.789224774863169998e+00
-4.173756135894476138e+00
-4.161748253128417119e+00
-4.313976233585236741e+00
-1.888831764906576449e+00
-1.983083394260705568e+00
-2.676694493446754919e+00
-3.340356136013218347e+00
-5.221868819753455071e+00
-4.055159951145284936e+00
-4.952012171704079257e+00
-5.771285116552808070e+00
-2.747305048037290032e+00
-6.357151917122138229e+00
-3.207770300422204901e+00
-4.273232710185276950e+00
-3.867160115831131950e+00
-2.953798040452161544e+00
-3.935115677044209281e+00
-5.810683000485735050e+00
-4.827406373102672177e+00
-5.617890182557613521e+00
-3.249575167497920525e+00
-4.033542044798059223e+00
-5.297732634357805281e+00
-4.451449267658390774e+00
-4.362471371152030208e+00
-6.827996645781587937e+00
-8.819935255098478422e+00
-6.010464081121146052e+00
-5.248162250684592856e+00
-5.836776382243966665e+00
-3.625549603785014341e+00
-7.252887566387718365e+00
-3.993436049339806448e+00
-5.184096372413480758e+00
-8.173618987223242982e+00
-8.975389504928800832e+00
-7.153182282743745901e+00
-5.410966601679808363e+00
-9.480800191412617650e+00
-6.768437952261445290e+00
-6.415562781042224216e+00
-8.860557717902269204e+00
-5.043879480116220115e+00
-2.362075993694576326e+00
-1.535996993839236824e+00
-7.589555302539880088e+00
-3.398050157049582243e+00
-4.343256530894120893e+00
-7.357424679425169423e+00
-5.375810045343720311e+00
-6.501072227682544558e+00
-5.651395891346136402e+00
-2.849367016649805073e+00
-4.640839618858899840e+00
-4.164781090964706500e+00
-7.321764100717123469e+00
-4.930280599695136878e+00
-5.571316030498101313e+00
-4.569582645468349469e+00
-8.793415321278404306e+00
-4.202336848239083267e+00
-3.365958274793515059e+00
-3.737926188505900971e+00
-3.076937711911360562e+00
-8.307049744496938004e+00
-6.251306674954848930e+00
-4.026459260830133502e+00
-8.523991893829888866e+00
-3.715105264419888087e+00
-9.064219933022478415e+00
-4.559349236866095723e+00
-6.823201234909357815e+00
-3.689830466522646013e+00
-5.539456980008492515e+00
-8.736661134224195990e+00
-4.966387496190254325e+00
-4.727235719243810586e+00
-8.859405950683013842e+00
-3.653325926337009477e+00
-5.210474678664800408e+00
-4.255719094828679161e+00
-4.231020901803802303e+00
-1.159920579888864722e+01
-7.357122725664726026e+00
-6.647800641353163620e+00
-3.221638866964765313e+00
-3.622459694372278882e+00
-7.010796640093079901e+00
-5.106165500562317661e+00
-8.651395106001274371e+00
-2.253897419097156796e+00
-2.406054272125804694e+00
-8.279894731443258493e+00
-9.500190053724459460e+00
-5.633015295884389317e+00
-8.441964189681426589e+00
-5.665020396082869780e+00
-3.437594499175724572e+00
-9.803366682289288647e+00
-7.051998160252629155e+00
-5.985276020491563820e+00
-2.858717628968741931e+00
-8.087945068421165118e+00
-6.443688892563934623e+00
-5.789080999282983697e+00
-7.606188209152495716e+00
-2.655943354919515720e+00
-1.019273346953072235e+01
-9.863524739517636419e+00
-1.925606522769601980e+00
-7.417458612717657829e+00
-8.555875355573661523e+00
-3.705977468732148505e+00
-7.918781261391619530e+00
-1.134486128178011910e+01
-7.437871482297935266e+00
-1.276339387994577379e+01
-2.124078040206186291e+00
-9.558246270248925924e+00
-9.136679572219225776e+00
-2.273017268156003023e+00
-1.164571335933138485e+01
-1.118574193802598593e+01
-8.941703792899563297e+00
-6.764769569876012412e+00
-3.620349691326840258e+00
-6.255920685144610971e+00
-5.622525642390522549e+00
-3.157405844346094170e+00
-1.145886140733025194e+01
-6.901411809095679750e+00
-4.517177666810485270e+00
-5.168151236247859437e+00
-6.862651643004841873e+00
-1.003587466669644890e+01
-7.843268828638650270e+00
-9.070443574952612664e+00
-5.005356451267672035e+00
-8.940868240721087545e+00
-7.407032903381616684e+00
-9.606839742692583783e+00
-9.981089059252033380e+00
-5.397494105621341909e+00
-8.545819189609479949e+00
-5.946456818297908065e+00
-4.486849971879794730e+00
-7.424514979484857058e+00
-3.633503194221643806e+00
-4.796387091778049339e+00
-6.356462467184052834e+00
-3.346579352447567324e+00
-5.620380580147101846e+00
-7.030069645824053026e+00
-6.617649829581238485e+00
-4.562692082614623779e+00
-7.816332353242118280e+00
-3.457275956326629540e+00
-6.507326528701447010e+00
-8.483770041339520063e+00
-7.313315910026909172e+00
-6.954531202543196677e+00
-6.376536306327640347e+00
-6.201262022738796453e+00
-2.995056379387562195e+00
-6.187021860936020801e+00
-7.175314175777902648e+00
-7.321365171378255710e+00
-6.053390315308027958e+00
-3.294090344314243080e+00
-6.163763917214041044e+00
-7.845961677804355716e+00
-5.652447738651956044e+00
-2.984575009779374621e+00
-6.378862407610130347e+00
-4.646777521225878615e+00
-8.317725639521157177e+00
-5.834729182901292610e+00
-3.823810593897604804e+00
-4.682877531339383559e+00
-7.831084957795205526e+00
-7.155036482335233927e+00
-6.066908060171710027e+00
-2.870828392569463094e+00
-2.338470170363646350e+00
-4.448910181817233855e+00
-3.364670348164862546e+00
-3.993741336461875235e+00
-4.209050402180849026e+00
-5.736832128931069974e+00
-2.843151162976912172e+00
-4.697946237744218045e+00
-6.612178140441615781e+00
-2.547075740165071434e+00
-4.373737007806761667e+00
-3.535151516236605396e+00
-4.380305729162539130e+00
-2.417159904700862505e+00
-4.748681053726934387e+00
-6.582626698326959236e+00
-1.610027201823588827e+00
-3.444119187387888026e+00
-6.813734464936758606e+00
-4.720785558691088291e+00
-3.087017739487313062e+00
-2.877037129371761370e+00
-3.395338874561313336e+00
-1.416393360433530590e+00
-4.372913203221093781e+00
-2.906326861961591845e+00
-3.834903463000391977e+00
-3.443573768850093586e+00
-2.551186718578867918e+00
-5.138143574153428261e+00
-1.518492463045588492e+00
-3.310357596359688959e+00
-3.485005287981941091e+00
-2.960520008340830067e+00
-2.915767308792477586e+00
-3.181340345754315457e+00
-2.119949111434322742e+00
-2.477643640904044986e+00
-1.818479970498105835e+00
-4.221877427282755058e+00
-3.683807509204556574e+00
-4.148626295249548512e+00
-2.354936217524806530e+00
-2.061781714735074100e+00
-1.807852493116628434e+00
-1.252764078671388281e+00
-2.349412048728928948e+00
-2.805957365442563578e+00
-3.589460804242704306e+00
-3.427805083885627990e+00
-3.940241276954778549e+00
-2.949405397511524640e+00
-3.752978692284818507e+00
-3.591751456792720010e+00
-4.366958777110618861e+00
-4.501148932118952395e+00
-2.893939161049174924e+00
-5.871106791403364333e+00
-3.957618306260984209e+00
-2.291989376787769039e+00
-3.092794377604524136e+00
-2.901120453588457160e+00
-3.101896813514639195e+00
-2.714762078436310233e+00
-2.487901531663901711e+00
-5.977681328311382991e+00
-3.128867750043306195e+00
-2.338017305122669587e+00
-3.482665683624508457e+00
-3.121853584041052621e+00
-4.362484040388899587e+00
-2.864691599299076241e+00
-5.528204162789626785e+00
-3.819056679089111839e+00
-2.773970077301452619e+00
-4.354249008684565325e+00
-3.894248028985784149e+00
-3.245494652992347628e+00
-2.432274390729841418e+00
-3.006481601086381961e+00
-1.738941032457011149e+00
-1.891658559233208914e+00
-3.844455157846505600e+00
-2.958463556167565400e+00
-2.994224958592186958e+00
-3.085064652845368904e+00
-3.817531224766191666e+00
-4.138585617780325521e+00
-3.406993642781860121e+00
-1.653211485199094666e+00
-1.057620096034388002e+00
-4.405611984552054494e+00
-3.648943717213066318e+00
-3.685543485263674146e+00
-2.584029286628592992e+00
-4.678138679932819954e+00
-4.206339000527760774e+00
-5.229400615299635291e+00
-3.297247101193125474e+00
-1.268679568962011617e+00
-6.930035916744879287e+00
-5.021791198045263194e+00
-3.027663323842268106e+00
-4.996781390936927636e+00
-2.078860751686774311e+00
-1.581198412000362374e+00
-1.904261381764092764e+00
-2.996406306008472242e+00
-5.242707390893638575e+00
-6.223397504809972780e+00
-3.273947822456637624e+00
-7.487241116578464251e+00
-8.323441296015889890e+00
-2.025048414952628661e+00
-6.428615677171082510e+00
-2.785009542330980636e+00
-9.334364254738455102e+00
-5.218107332925413289e+00
-2.659677907938994945e+00
-3.792284781674700511e+00
-7.681072574445423129e+00
-5.693386397225168594e+00
-6.337727656509362539e+00
-6.145758973041772322e+00
-4.001056632300390881e+00
-3.998370861095733808e+00
-2.583134693740006593e+00
-1.783685499312893663e+00
-4.869292359999536579e+00
-4.797813815306701812e+00
-5.131120715203409510e+00
-2.658417445378290722e+00
-3.339379660066003286e+00
-1.012294526810684436e+00
-5.362635325456784230e+00
-6.939468943602338236e+00
-4.952720827138439752e+00
-9.502777720066070799e+00
-3.637801471239457296e+00
-3.772270288106632119e+00
-2.023563783400713412e+00
-2.045221121136779452e+00
-6.094919335593517395e+00
-6.657740624922670492e+00
-2.386194082784041104e+00
-6.604632611704012390e+00
-7.078667372168180982e+00
-5.781844506635105851e+00
-5.368695157482104463e+00
-1.040246615398471342e+01
-5.204591451692834880e+00
-3.171823508800041491e+00
-2.550263548184962037e+00
-2.150768023191598655e+00
-2.222456115003848431e+00
-2.633711367415884297e+00
-2.325419705508123158e+00
-5.676035228958784984e+00
-1.509446280654274997e+00
-3.364596673047276276e+00
-5.510687577800004178e+00
-6.138702931702129106e+00
-2.811032389364141348e+00
-3.276061490479496019e+00
-6.207561515779296712e+00
-2.763371940954316042e+00
-1.945923163698423553e+00
-2.290977559723970547e+00
-5.932820900827802113e+00
-3.004014729999975764e+00
-6.466790116346677664e+00
-8.339309681861756474e+00
-6.571640776145948770e+00
-7.412834285483446806e+00
-1.965165747747040559e+00
-3.315371104755817200e+00
-1.980203730138297313e+00
-2.632936369259337273e+00
-1.861332868460792600e+00
-3.262162292240158745e+00
-5.894305319734272963e+00
-2.994137754067086377e+00
-4.067743156892754897e+00
-7.206099512579634769e+00
-1.294501869254768289e+00
-2.576693811785445654e+00
-5.102043600523439970e+00
-4.339129840423050055e+00
-3.917060562131934098e+00
-6.662857014634947284e+00
-2.805620081600930238e+00
-4.620971817860485942e+00
-1.490124588553512819e+00
-3.138873204445100651e+00
-2.651186436763049326e+00
-5.594731501007108143e+00
-1.823732644158416960e+00
-3.038513279193415073e+00
-6.160876553924177657e+00
-1.983899715348323989e+00
-5.347404519563476732e+00
-8.197377270525974424e+00
-6.116468858428386390e+00
-8.712473845090789482e+00
-6.952808125843233711e+00
-3.491235678631645634e+00
-2.726674489169370386e+00
-1.736902752538802330e+00
-6.039275133191308598e+00
-7.966610216009131662e+00
-4.688394007968085475e+00
-3.767589814465357012e+00
-3.380070252202094672e+00
-4.495061540153765023e+00
-7.206730508906519006e+00
-6.526025868374333072e+00
-5.361580171202690259e+00
-3.767341704749899822e+00
-3.299349778305489256e+00
-4.193273376878103420e+00
-2.240496841161554009e+00
-9.169417218816137805e+00
-2.657034468460858889e+00
-3.556291794225865388e+00
-2.487304617007865204e+00
-4.910880540392707161e+00
-7.537086924886472694e+00
-2.281296873293262362e+00
-2.259070251311199762e+00
-8.459198689848840047e+00
-5.911125819026024075e+00
-3.440128510093287240e+00
-6.915451817762828135e+00
-3.946595903933033167e+00
-6.442372695948177963e+00
-6.483357879005458457e+00
-8.823342660438026286e+00
-3.374332069693507297e+00
-1.757626558349191015e+00
-1.005685778606771841e+01
-2.391175757314750516e+00
-6.591526897762160608e+00
-2.042011767102227981e+00
-7.989997113022289099e+00
-2.793760707357171746e+00
-5.949688003216397014e+00
-9.726075703182026189e+00
-4.034745253425677802e+00
-8.214673672284090955e+00
-3.096071877957232044e+00
-1.936796870123548064e+00
-7.713051130891996898e+00
-6.862120361493064813e+00
-9.469450387701829897e+00
-5.265380613290395750e+00
-6.550477391767153712e+00
-4.249039070289541087e+00
-3.586591293671275160e+00
-3.204364192829630031e+00
-3.368454341090547199e+00
-5.544892886503400398e+00
-6.190402151924069507e+00
-5.149923830160989979e+00
-8.636007295052186450e+00
-2.737255811232513825e+00
-9.866567377919897908e+00
-7.727098110201933601e+00
-2.608355687300617287e+00
-7.855071287819963999e+00
-4.725835925631868939e+00
-8.584410885765018762e+00
-6.548398661599100556e+00
-2.418191868800915856e+00
-7.577396805170947935e+00
-4.461990262503462645e+00
-5.787745294248031414e+00
-6.534117381679465097e+00
-8.084116010919917272e+00
-2.986081651096109013e+00
-6.985897178648816208e+00
-2.165773996862449202e+00
-2.413685408745220418e+00
-7.221898095796541739e+00
-6.318150625271366394e+00
-4.066928786980991362e+00
-8.087724647201856243e+00
-8.487672710598944903e+00
-2.394479021308675293e+00
-8.735928410861536264e+00
-3.318012537029074061e+00
-9.872091465071795469e+00
-3.783486264636235052e+00
-2.110982282214967753e+00
-5.395958295955487927e+00
-6.627625890422192079e+00
-5.355161785451105771e+00
-1.088464325769274943e+01
-5.675845113483170223e+00
-4.618826671453985178e+00
-8.181395809860433133e+00
-8.433931546144684432e+00
-2.345984254692680793e+00
-3.264860112070984588e+00
-6.664125286867263576e+00
-8.889060685692445674e+00
-1.062230025136110179e+01
-7.267067635656467850e+00
-2.642164765931204862e+00
-4.300972079818155436e+00
-2.654838540775573907e+00
-2.708678549822776560e+00
-1.006187826627965798e+01
-3.371144503832194772e+00
-9.606256761984612424e+00
-2.142599906178000335e+00
-1.085233726773917695e+01
-5.508080324453573873e+00
-5.021478763767994735e+00
-2.191463362284766792e+00
-7.604829309311118557e+00
-4.308249087151055257e+00
-3.375289307973628805e+00
-5.245025169670766374e+00
-3.495371741011952249e+00
-8.354320651133599895e+00
-3.700158139695612025e+00
-7.150794023577161873e+00
-3.655399364025175402e+00
-5.481771829080037683e+00
-1.075868230989908447e+01
-5.134273095920699248e+00
-8.920155340082045470e+00
-3.172727352238423837e+00
-7.279805353146586278e+00
-8.059213322019655124e+00
-5.980015594337323215e+00
-2.848192358142768388e+00
-6.001069019408564742e+00
-9.835795300532511831e+00
-3.253192073856386646e+00
-2.541824727659782290e+00
-2.247405445624691023e+00
-4.036762495869186118e+00
-9.084239324864887166e+00
-7.687429512491711137e+00
-5.619819380884651494e+00
-7.193065882155353918e+00
-5.344213355597915438e+00
-7.820095576933925763e+00
-7.940205514408002152e+00
-6.894624241081390714e+00
-6.091288617728362276e+00
-9.429784463830015895e+00
-2.949401400852786459e+00
-5.297023038988729837e+00
-3.066626661126512943e+00
-9.181208795365945363e+00
-5.494298966076356372e+00
-1.005821866093530659e+01
-1.924960244288508093e+00
-5.021019650706320725e+00
-2.187286212961535803e+00
-6.974485489067125954e+00
-2.929338074387400237e+00
-9.383388572023621421e+00
-6.720711995955698015e+00
-3.819353672585504178e+00
-4.240404652147800491e+00
-8.034272929104458782e+00
-6.878227690761172575e+00
-8.026632845683359108e+00
-9.096554618540800163e+00
-1.126064737683568673e+01
-4.473522642592747012e+00
-4.312840934215474320e+00
-2.136260249729967420e+00
-5.195233238413728749e+00
-5.957508122427139341e+00
-3.697758933454241781e+00
-7.784314040260428058e+00
-2.864516704424064919e+00
-2.475175838138950812e+00
-1.001349037135399556e+01
-7.353276453232146181e+00
-8.722576206145506106e+00
-1.102464482415918390e+01
-1.931664736012579153e+00
-9.850890410714967516e+00
-1.093542404547546365e+00
-1.158237562905008566e+01
-3.576195379262556706e+00
-9.208799660927875053e+00
-2.410029861221909098e+00
-2.273912889673879612e+00
-9.652498174370986561e+00
-8.650868380051013773e+00
-1.158227120862216353e+01
-6.210992358498551802e+00
-8.652615307409849521e+00
-9.827577607845503493e+00
-2.250710563168443201e+00
-4.090160265338560919e+00
-1.083309680581675671e+01
-4.090263364932853918e+00
-3.185165441269689257e+00
-7.590788528567791182e+00
-7.206068703721602908e+00
-2.979426211440065142e+00
-4.419002909300466797e+00
-2.048454827048391547e+00
-2.410186303396844032e+00
-7.334609340580795944e+00
-1.635550067411645214e+00
-5.844132097732769537e+00
-1.978099927373418776e+00
-9.933051996715075660e+00
-2.455359346191440473e+00
-2.056395850890895716e+00
-6.444994510113204456e+00
-9.512017477565574808e+00
-2.014395866562264992e+00
-7.474905134279658192e+00
-1.059611227570443681e+01
-1.882491678696879500e+00
-2.117751820138964458e+00
-4.466207179383591352e+00
-4.906441231254726532e+00
-6.408189454247058769e+00
-4.731051393595169685e+00
-6.776897085798792908e+00
-3.560914958178651002e+00
-7.106572837769501660e+00
-1.089687605412924221e+01
-7.248215657063165729e+00
-8.354434853764448832e+00
-1.446896543732317042e+01
-1.261870020601035414e+01
-1.451340823538884095e+01
-8.802585779083893058e+00
-1.048779436445899194e+01
-9.777904984991835136e+00
-1.196262748010474652e+01
-1.090572739770638222e+01
-1.257607817432561248e+01
-8.009594926592431108e+00
-9.813414020513988589e+00
-1.056638970056531868e+01
-1.256610583876262943e+01
-1.127957780951736488e+01
-1.105385633255977496e+01
-1.150060133020984843e+01
-9.251121798257953444e+00
-9.981089895631940934e+00
-1.171346416742660779e+01
-9.532841093396289267e+00
-7.939419191227704786e+00
-1.226326351004991011e+01
-1.426105035315511316e+01
-1.239986880011130665e+01
-6.755007907351694207e+00
-8.556114399959687589e+00
-1.013242986141560920e+01
-7.292973846632398782e+00
-4.301363932042029603e+00
-3.666366997277400674e+00
-5.965422230578611540e+00
-4.171348727749153440e+00
-6.942542827510718162e+00
-8.003665332986189540e+00
-7.066526151787178023e+00
-8.602185939004383997e+00
-6.481011035568490897e+00
-7.645069596887892338e+00
-3.559797661561211246e+00
-1.089203178978996078e+01
-1.317859254999542173e+01
-9.356664124905698543e+00
-5.402198064381660281e+00
-8.458452017736304285e+00
-1.465765934183526298e+01
-2.475550222390681299e+01
-1.131051556172074868e+01
-1.550527294459164374e+01
-1.172471394943085166e+01
-2.173105851465505367e+01
-1.564275186510178806e+01
-7.787998806595447299e+00
-6.520749928354238278e+00
-5.163105178143145402e+00
-6.513175651736192506e+00
-1.038042963864713641e+01
-1.470762367754240074e+01
-3.958969845827348344e+00
-1.153489443038880502e+01
-5.841490056062981218e+00
-9.310355459695912828e+00
-6.071883224294202464e+00
-5.970312158099798872e+00
-5.330499007596937844e+00
-4.492786488359632457e+00
-7.574216831813104456e+00
-4.196909069633822043e+00
-9.848209135809044668e+00
-7.633964478883513927e+00
-7.596343163299422940e+00
-9.496549087195184313e+00
-5.447670183297978141e+00
-9.286010852855667963e+00
-9.691722977232009484e+00
-8.741214664502688692e+00
-4.530957195905883417e+00
-7.964443330210258409e+00
-6.932133435186011106e+00
-8.180166580122138598e+00
-9.209357306179427383e+00
-6.844133451980220606e+00
-1.028227317403098695e+01
-1.020172181443760273e+01
-8.070699078106937208e+00
-8.249717799327616063e+00
-8.861607699471612420e+00
-9.177044081126890518e+00
-1.026465554310448525e+01
-1.398542561797986039e+01
-9.694622209472596452e+00
-1.087209526632202028e+01
-9.752466216778502783e+00
-8.653638731891929226e+00
-9.614128696039749400e+00
-8.566738298265129004e+00
-1.014383671821141952e+01
-1.189319151953940512e+01
-8.189540563936866135e+00
-8.850422016819107895e+00
-9.047403813993090793e+00
-1.137325829398543497e+01
-9.008154588173736599e+00
-1.080660852304514030e+01
-6.964093872280511022e+00
-7.477484281959135615e+00
-6.442474593892048240e+00
-6.905452256377346387e+00
-1.014098615261735858e+01
-1.056675392698909377e+01
-1.212088730234238021e+01
-1.238599491563999599e+01
-1.567863713042144447e+01
-1.643146932709732866e+01
-1.376703471891702080e+01
-1.481551436851166414e+01
-1.388203838053439654e+01
-1.520540471500697777e+01
-1.489160567491533982e+01
-1.444871245213320243e+01
-1.438130220277923854e+01
-1.284345711510565735e+01
-1.474925772433920557e+01
-1.206771877390368708e+01
-1.116890841410525148e+01
-9.822734333596207179e+00
-9.390930068363271488e+00
-8.819748381627256606e+00
-9.968025328281447273e+00
-9.400334908326538397e+00
-9.453880391506034542e+00
-7.584243190259791767e+00
-8.379066102697908747e+00
-5.757203845017428989e+00
-8.011180053437653825e+00
-7.354728190332286530e+00
-7.397961171282417148e+00
-1.008335626861314616e+01
-4.993757942568262997e+00
-7.752156904314042585e+00
-7.932382195085040166e+00
-6.257215050828515146e+00
-8.561607304399997176e+00
-5.048532292518191689e+00
-3.685038241136651571e+00
-3.355063990934375351e+00
-3.430224733251085567e+00
-4.921341917059513626e+00
-2.928972502244853615e+00
-3.553354592269356349e+00
-3.716240560764203504e+00
-4.853700372487883996e+00
-4.061132154539529360e+00
-3.477082756978249645e+00
-6.904309869195921046e+00
-2.331579187093706818e+00
-6.072003220605253659e+00
-4.620458209275558836e+00
-2.231842257097872650e+00
-6.220190877345375569e+00
-7.112363787472620658e+00
-3.083313774823653652e+00
-4.928282228756105887e+00
-2.710006821041181624e+00
-4.801099385598433855e+00
-4.583988535839512934e+00
-1.966061768077515870e+00
-2.786821412385669827e+00
-2.824309925380906527e+00
-6.044498556429720892e+00
-2.254709116539650005e+00
-2.491693480238659664e+00
-2.084860707879114816e+00
-2.924052151527767318e+00
-4.554169608338310304e+00
-7.346082870440482360e+00
-7.694018890381394193e+00
-8.156778024850035891e+00
-4.067375420267781649e+00
-6.732395783560914282e+00
-3.456781161401876634e+00
-6.891322525562947554e+00
-2.220199540152646644e+00
-4.023830757324098784e+00
-3.534517927362584633e+00
-2.928572367655209785e+00
-2.208105609978582518e+00
-3.113613190304836742e+00
-4.397916863155090006e+00
-4.186537175629747587e+00
-6.989572011485973846e+00
-3.557788237212330618e+00
-4.207549300558016903e+00
-4.995397588586162563e+00
-3.109423541299579874e+00
-7.674094409025152608e+00
-2.314330516908797986e+00
-5.106024490975889840e+00
-3.169742161250479917e+00
-5.767501292061413487e+00
-3.265997166478137981e+00
-5.144043384139640018e+00
-4.711320781206471686e+00
-2.062885122271355343e+00
-4.832213366531645349e+00
-2.564753951489357142e+00
-5.899932101880061452e+00
-3.404609032113866895e+00
-6.690880927286798396e+00
-4.592212041922890009e+00
-2.654252225408743282e+00
-1.496778341277696489e+00
-6.583051791921704421e+00
-7.126288949144847784e+00
-1.796609829751790732e+00
-3.750202242986377943e+00
-5.492168644688477208e+00
-3.459009991680221496e+00
-2.474747974580253640e+00
-5.226312759230475891e+00
-5.735738942550115738e+00
-5.231520316760825295e+00
-5.737211397464396789e+00
-3.020188406978510098e+00
-4.048326925982890678e+00
-2.018554239605827583e+00
-2.617352345979832684e+00
-3.337924835755692321e+00
-4.703146538801115994e+00
-3.161267935345062785e+00
-7.921864643479264778e+00
-5.258942731638578394e+00
-4.586133645292786554e+00
-8.805596298297233560e+00
-4.122898427930931753e+00
-6.119202266291721592e+00
-5.534344621966615030e+00
-1.912873959161855542e+00
-2.183445241034263073e+00
-2.513073376105117607e+00
-3.214738536778343203e+00
-3.962445717556409175e+00
-4.978638521866247224e+00
-3.929137529732981360e+00
-3.180446541720701514e+00
-2.829398089761138380e+00
-3.788902084370048495e+00
-2.005756780537698347e+00
-3.996070862845325422e+00
-4.645825340818011462e+00
-4.026560778463068146e+00
-2.198530234080140922e+00
-8.400519361454001910e+00
-4.058415351110597591e+00
-4.213945775645423275e+00
-2.200435569348125675e+00
-4.199075940248949479e+00
-3.134836269270487197e+00
-6.768928674985159155e+00
-7.653033139841864063e+00
-9.357023072403974240e+00
-6.005941537111155526e+00
-9.923756543142578934e+00
-8.782612411947997799e+00
-7.244333046704333867e+00
-1.243553419507577829e+01
-9.696032014239664321e+00
-6.708846397781143445e+00
-1.020496510535447676e+01
-8.353127323053294973e+00
-1.020978036778107523e+01
-9.390421042693738229e+00
-1.019716954417267374e+01
-1.034924208575455928e+01
-1.084123367243273606e+01
-9.601702810370552399e+00
-8.972722166298158442e+00
-9.255390688938476274e+00
-1.099495672140073665e+01
-9.679983000044504848e+00
-9.804923797797703955e+00
-1.438511087226014240e+01
-1.090749360448195660e+01
-1.167195105272172206e+01
-9.856390220561889848e+00
-8.498293579594934144e+00
-1.078254628251344016e+01
-7.795814923478501690e+00
-7.889055126243779803e+00
-6.377405143208790150e+00
-5.581350050110968297e+00
-8.521688446747926804e+00
-1.618244974489737942e+01
-1.771746739880518717e+01
-1.066207830644514232e+01
-1.846869545802000800e+01
-1.518287206246892751e+01
-1.113100608826272264e+01
-1.675867044634584246e+01
-1.006954965380713674e+01
-1.306277641496081543e+01
-1.228514143922894597e+01
-9.874955024685190708e+00
-8.682385686214013631e+00
-8.306794926795028289e+00
-6.797270647212033445e+00
-8.087453421111757024e+00
-9.154038993862497975e+00
-4.709658078037149309e+00
-6.121800909010250535e+00
-7.912733032375578013e+00
-9.947936064102753662e+00
-7.848384072331047179e+00
-8.108353275224631673e+00
-6.797395085349574373e+00
-5.399810297949048987e+00
-5.860235618765066157e+00
-4.523347740450581078e+00
-7.576922233844246790e+00
-5.819141036157822633e+00
-3.698852275071675244e+00
-7.820718716216893185e+00
-6.987213882625726846e+00
-8.241475136862376871e+00
-5.778200304831881517e+00
-4.596768917986154612e+00
-5.434754704426580929e+00
-6.575472578332974827e+00
-8.642073634956423334e+00
-7.861996336333325175e+00
-6.999510443223922351e+00
-7.455851390249168986e+00
-7.692718708298472485e+00
-9.194429706325829343e+00
-8.990045015890700597e+00
-7.683534827662199973e+00
-9.640771696476591046e+00
-1.074205625847959489e+01
-9.404018581051445835e+00
-8.044289237079702559e+00
-8.356206821346964020e+00
-9.822046876768485646e+00
-8.425430726958145655e+00
-9.142486419048331925e+00
-7.405255041890493217e+00
-9.348607650247604539e+00
-7.759023502600728150e+00
-8.632574834858466772e+00
-8.860993456868254015e+00
-8.306946064436143473e+00
-7.964380830735426464e+00
-6.884657412973004043e+00
-5.493699216991492662e+00
-9.068630268237564351e+00
-5.511623678667642245e+00
-5.427262930372450001e+00
-5.270084669962213475e+00
-5.203600308506554306e+00
-7.273163552235334173e+00
-7.450617853783993993e+00
-9.006960994178518476e+00
-5.840525109945509108e+00
-6.492718732512622992e+00
-8.907604231761617086e+00
-6.201673874646927764e+00
-7.408116324791854446e+00
-7.083534778512578178e+00
-6.850084983764112678e+00
-1.126714773332765951e+01
-8.481681149564851196e+00
-8.629493158734451441e+00
-6.955076525460790471e+00
-9.478253885609284168e+00
-9.028817191044646862e+00
-5.706658115537599052e+00
-7.239773884208431376e+00
-8.484560363125595472e+00
-6.177772662775441681e+00
-1.001982290082911931e+01
-1.026291053747924842e+01
-8.285436739505225745e+00
-9.922061586152640444e+00
-1.302008697739613829e+01
-1.418978870609339360e+01
-1.164805867673010731e+01
-1.085638125572672408e+01
-1.022284110464987172e+01
-1.131819647951535934e+01
-9.374508463128600866e+00
-9.491086681330045849e+00
-9.042027633670162601e+00
-1.169351141120970183e+01
-8.247227589390258018e+00
-1.098471627473530354e+01
-9.878119179587212528e+00
-1.033075820618007334e+01
-6.769703100581302202e+00
-7.217570688893707676e+00
-6.626239623661581035e+00
-8.305981411444641083e+00
-8.069644528488746360e+00
-8.732990846843801336e+00
-6.989583019215849014e+00
-7.797157006550561320e+00
-6.478296579264733346e+00
-4.381762895090512977e+00
-7.462794451568446341e+00
-3.715820193057522314e+00
-3.990778116795074215e+00
-6.279530803794517446e+00
-4.253748222421007696e+00
-4.830215095653440649e+00
-6.989179576992057719e+00
-6.304815565973180824e+00
-7.200585732145104778e+00
-5.672008683881511359e+00
-7.700486499374259886e+00
-8.849411234819859473e+00
-7.928739202482674386e+00
-7.388367594697947460e+00
-4.787333943299012518e+00
-6.062800209906199278e+00
-8.953978884977798813e+00
-1.025254369864159898e+01
-8.491711680728437628e+00
-1.334913503204991514e+01
-1.458312646900714604e+01
-1.174972018302872456e+01
-1.262434680030239598e+01
-1.123284948975823738e+01
-1.513459456996146635e+01
-1.685694481830173785e+01
-1.715712388267970923e+01
-1.411175072429947264e+01
-1.283287440431060311e+01
-1.424127725998661198e+01
-1.657736701422579273e+01
-1.626466751562163893e+01
-1.407818297570865873e+01
-1.217711499952595133e+01
-1.343213880848137265e+01
-1.175354042635371243e+01
-1.436209132816337330e+01
-1.106899992944146582e+01
-1.289098449544446368e+01
-9.869789024732879668e+00
-9.802262924254058873e+00
-9.229199923126293115e+00
-1.040933321039041637e+01
-1.179716162207249397e+01
-1.029532386431215940e+01
-6.200282824211329924e+00
-7.613585770541530628e+00
-1.077317441411626930e+01
-1.018666250277954965e+01
-7.438975626312320344e+00
-5.595547010766301455e+00
-8.419081691957853053e+00
-6.103479441440127218e+00
-4.778278335404356980e+00
-5.606067290920788260e+00
-7.715503539146195244e+00
-3.463212845332728662e+00
-6.762609379591343561e+00
-6.269263685710557255e+00
-5.508466877919875770e+00
-6.418298320503576626e+00
-7.196330981186745746e+00
-5.375860474882282247e+00
-5.783266671963494865e+00
-3.505030068208571770e+00
-6.385217927490790757e+00
-2.872391315459561056e+00
-3.445509810589734823e+00
-3.507372880646368429e+00
-6.721831702581059886e+00
-7.206142286035040811e+00
-6.784553479569713552e+00
-5.622784617214548142e+00
-7.512175766239802321e+00
-5.442185834974656800e+00
-4.171161080328163351e+00
-5.492600105007996447e+00
-4.009545443314613600e+00
-3.596882736897805799e+00
-4.554741972850978371e+00
-3.580130677961042895e+00
-4.085506384743269770e+00
-4.935915652409798682e+00
-3.544827664461873695e+00
-3.365203279064725717e+00
-3.173185465331372246e+00
-2.647426009769124011e+00
-2.459410237538096844e+00
-1.413716393579475206e+00
-2.904374431008997171e+00
-5.169258075475075209e+00
-2.883807404581609113e+00
-6.534512859042456157e+00
-6.493704565288899389e+00
-6.351258145912340503e+00
-3.759078663679514154e+00
-7.264196154977089037e+00
-5.775484972548859730e+00
-6.573521938399846221e+00
-4.172475756861714125e+00
-2.950236125019630506e+00
-3.390624753574298378e+00
-5.826098879958331089e+00
-2.413542928453787262e+00
-4.096626483295151111e+00
-2.158263373839117705e+00
-2.980085897066349077e+00
-3.349540763418898504e+00
-2.935905222074458365e+00
-5.285890217922390555e+00
-3.195367704605444281e+00
-3.537642439640046099e+00
-4.044742123363718633e+00
-2.901962869742435114e+00
-2.714313848450189415e+00
-2.759294937942903037e+00
-2.981814896832425621e+00
-3.391720575618385247e+00
-2.394191691341184036e+00
-2.343953041539637461e+00
-2.155441225021845320e+00
-2.753862729924125841e+00
-1.811240392013673040e+00
-2.605033081540232498e+00
-2.399293954502973225e+00
-2.914635900810596425e+00
-2.844107372791804256e+00
-2.592694757374457204e+00
-3.682192741445939443e+00
-2.327333855849915700e+00
-2.598149516293640549e+00
-2.481125317679434339e+00
-2.484975997120336011e+00
-2.486692998958443646e+00
-3.514028733984446262e+00
-1.567986897372337873e+00
-2.134408883150344938e+00
-3.912584167028751558e+00
-5.231721794405208570e+00
-6.838723680106884473e+00
-2.092511383675725867e+00
-2.641176873364646571e+00
-5.702479791369619910e+00
-5.724730492579136687e+00
-2.412035366282481608e+00
-5.144531533660053668e+00
-2.937586362969284881e+00
-3.383033128588066596e+00
-4.281070077987661371e+00
-3.669438040222701591e+00
-3.423671264756972921e+00
-4.115081503694837828e+00
-2.802444236712173797e+00
-2.458929703238566855e+00
-2.509922807690681879e+00
-1.632240341479369139e+00
-1.991116468921611871e+00
-2.486327670424259839e+00
-2.141756819463124017e+00
-3.273273065112491942e+00
-2.885277311931375710e+00
-1.353276823931739425e+00
-2.476483322274581678e+00
-2.612953967016126366e+00
-1.706194987710843547e+00
-3.408718848930892165e+00
-2.811435589986110095e+00
-1.614170840397916695e+00
-1.692045482275914781e+00
-1.855581311230300345e+00
-2.558498615397617471e+00
-1.818926046422455478e+00
-2.880907597557309074e+00
-3.560700781599204223e+00
-4.169412145287184401e+00
-4.164102123126355970e+00
-4.282364415724444484e+00
-4.446453425936246262e+00
-6.652790976882319463e+00
-6.091442895644988198e+00
-5.351195314026206518e+00
-5.356028277536760918e+00
-4.377228814598813855e+00
-4.663649719969142460e+00
-5.586133792875347837e+00
-5.040216034117364963e+00
-4.662850210937848239e+00
-4.642114527002862090e+00
-3.961040050725151307e+00
-4.112232995825200632e+00
-4.792411661316291038e+00
-4.457358575919956323e+00
-4.256781108477092346e+00
-4.642223790336934997e+00
-4.334957758905535918e+00
-4.555888768731579219e+00
-5.694848442912498143e+00
-4.690044184070297106e+00
-5.111071396629291996e+00
-4.483804385613916921e+00
-4.970474555870424638e+00
-4.145126333050797918e+00
-5.046996765049947875e+00
-3.602199125601429408e+00
-5.016102903368781618e+00
-4.813678551160838204e+00
-4.817428627589502632e+00
-5.254928897721244496e+00
-4.445791337971041202e+00
-3.510195763749619058e+00
-3.863856970831827553e+00
-3.246262704703108515e+00
-2.730906233111697556e+00
-4.812736787045471587e+00
-4.468045234182381087e+00
-2.176457291353943724e+00
-1.367701738940570788e+00
-2.946986625013278793e+00
-1.886371992906846984e+00
-2.057665486450413361e+00
-2.289895003659424777e+00
-1.910755455012820292e+00
-3.538714839093141329e+00
-3.149714521391191457e+00
-3.916384232169737079e+00
-3.909760635645428195e+00
-2.475537605630094617e+00
-1.952264519330907389e+00
-2.712500593695396756e+00
-3.276568886129173297e+00
-1.617086657494875901e+00
-3.409448309528460452e+00
-2.287201375384765534e+00
-1.948557933356090288e+00
-3.061541241673534142e+00
-2.970774906363532253e+00
-1.344143722686533371e+00
-4.362430367137352327e+00
-3.159981468372857094e+00
-4.392188284922630359e+00
-4.184692373476854854e+00
-3.296762652159275664e+00
-2.122083433312031975e+00
-3.029489466939179199e+00
-2.600834666752565916e+00
-2.875669617285459889e+00
-3.427918957686204138e+00
-3.350701941722957766e+00
-2.688105426949695786e+00
-3.575848025130197616e+00
-2.260832562254011080e+00
-3.811957236537153459e+00
-2.738743151520983243e+00
-5.324469967743704402e+00
-5.016560596836491470e+00
-3.589609869467454306e+00
-4.226282030171467419e+00
-5.530869217562235818e+00
-2.462708714529187493e+00
-3.696750898061714530e+00
-4.063057285643191463e+00
-4.094766938052424976e+00
-2.787726325158406571e+00
-3.352162856819030701e+00
-5.128351826649527823e+00
-3.555162592601806004e+00
-3.759532894427040084e+00
-2.967754577007523320e+00
-3.388312032524539053e+00
-3.208126308695034012e+00
-4.431546843161110694e+00
-3.305158025796742116e+00
-3.741905921032289140e+00
-3.942173155887997549e+00
-5.070043025602540609e+00
-3.893804680856297828e+00
-4.605512929998765159e+00
-3.475630548813467779e+00
-3.455042756403248205e+00
-3.019239713556263194e+00
-3.683260259755101629e+00
-3.556511749534577937e+00
-4.996349863152515169e+00
-3.293854428413656166e+00
-3.571901166837762265e+00
-3.737438920158349998e+00
-3.722678838345554464e+00
-4.334701115160874529e+00
-3.503060709119759419e+00
-3.293680688226237496e+00
-3.645188529067755923e+00
-4.195695624941214952e+00
-3.694265253222583478e+00
-4.367705834220283023e+00
-4.214577657334137584e+00
-3.540638354809458654e+00
-3.981279934660291175e+00
-3.872957648113684481e+00
-4.562908087828152937e+00
-3.553027757310850188e+00
-3.151962442906361073e+00
-2.996007674983600211e+00
-2.841968550163383789e+00
-3.326529163135945488e+00
-4.348894861948430446e+00
-3.800356174070588899e+00
-2.926411668765404261e+00
-3.017113060514100109e+00
-2.473262890101880718e+00
-3.006140904219154031e+00
-3.568965486292317468e+00
-3.476428325291697874e+00
-4.376573246607039280e+00
-4.805917961206704447e+00
-4.322327570686280929e+00
-4.638750134262899394e+00
-2.916966559656010372e+00
-3.144794798876878072e+00
-2.179865772081783337e+00
-3.349022484419647228e+00
-3.464024262251559350e+00
-2.900634698511211251e+00
-2.517321214090245007e+00
-5.495737782366080459e+00
-2.317696629762187932e+00
-1.966327847390243244e+00
-2.518589915526315615e+00
-3.343147161564506753e+00
-4.738640576911952174e+00
-2.686770795030594350e+00
-1.908912563883114810e+00
-3.126779905938808390e+00
-2.503702289795304736e+00
-3.418377844916165920e+00
-1.802811278125147076e+00
-3.192784181700070167e+00
-2.658365765723790020e+00
-1.679465890934341843e+00
-2.838702984223238968e+00
-2.333092314596965533e+00
-3.970972998808828702e+00
-2.105547280486341766e+00
-3.178624247394310043e+00
-3.040023600027683237e+00
-3.232055589363369563e+00
-3.324202708302287590e+00
-3.057502033121981100e+00
-3.596865041297617971e+00
-4.531442158753184124e+00
-1.878961240602471827e+00
-4.597860479717160054e+00
-4.123204392717502387e+00
-3.169149053384405779e+00
-4.163130560561604909e+00
-3.896734914774096392e+00
-2.685974669549402005e+00
-2.471958623907200892e+00
-2.771336708592301523e+00
-3.340219211464204196e+00
-3.229399879188596056e+00
-3.744161838055354075e+00
-4.603827595984048671e+00
-4.851234701878737177e+00
-4.214130547720527531e+00
-3.145146657947003099e+00
-4.740725622071631840e+00
-5.455915779727868120e+00
-3.254888022844181883e+00
-4.323754968046067404e+00
-3.692897756691941868e+00
-5.291113022428253210e+00
-5.193972794031020968e+00
-3.006801278472452932e+00
-5.311460053453335384e+00
-4.936294885104086205e+00
-5.444369451584943675e+00
-3.137832200233434232e+00
-5.186029278250792629e+00
-4.585205668065044371e+00
-2.813423594334173661e+00
-4.240305892100857399e+00
-5.225930658571291687e+00
-2.975756849013769578e+00
-3.122255767317728026e+00
-3.724669358921046669e+00
-4.632586868993665341e+00
-4.744597141751927261e+00
-4.914028122939936516e+00
-5.014380046812739522e+00
-3.321917030559462525e+00
-3.732208548273975524e+00
-4.270521202172667508e+00
-3.275864879841619448e+00
-4.639369092934213512e+00
-4.379554850770840169e+00
-4.093833422450988024e+00
-4.177157474219492350e+00
-4.294209522740547236e+00
-2.769627442489719371e+00
-2.823475159725397532e+00
-4.230970651312693676e+00
-2.904903709758706487e+00
-4.262083378423194624e+00
-4.955465242544370597e+00
-2.669655055534556176e+00
-3.091642558301608723e+00
-4.456680225660661243e+00
-4.051857617261481970e+00
-3.063730515375085339e+00
-4.538227292886313435e+00
-4.382536307793102104e+00
-4.398768205590933178e+00
-3.749798682567162533e+00
-3.560597229169238709e+00
-3.541290024275379533e+00
-4.358268992875358627e+00
-5.282565857334049930e+00
-5.015197950689576523e+00
-2.686289870932907053e+00
-3.102313998703483122e+00
-4.579721670055318938e+00
-3.229586001430188258e+00
-3.143627126340185818e+00
-2.693198999682134165e+00
-3.406619868962277753e+00
-4.256821829485097020e+00
-3.944009455760151717e+00
-3.522900758863095838e+00
-3.325317012710149012e+00
-4.416944156765787000e+00
-3.881480006231563085e+00
-2.888402689371432075e+00
-3.938555829922183893e+00
-3.500936760389916635e+00
-3.055389571440701779e+00
-3.681930453258781100e+00
-4.166436082220214665e+00
-3.332481806435929617e+00
-4.331269682679372401e+00
-3.992527415420874082e+00
-3.212989591109910670e+00
-1.842655142115426692e+00
-2.502144882160459272e+00
-3.232358591534397529e+00
-3.750212144704452299e+00
-7.182401071048613694e+00
-4.509858043165518637e+00
-5.419380653047476848e+00
-5.924316671832039916e+00
-4.503904061312496765e+00
-4.338080767799197268e+00
-3.903253785152204447e+00
-4.038270783183707913e+00
-3.659000037891991575e+00
-5.393437804428703686e+00
-5.766573451643845161e+00
-4.871206040247797908e+00
-5.959875122156569560e+00
-5.096812567954636997e+00
-3.661232338653871210e+00
-3.990476491296838457e+00
-3.681413748520340867e+00
-5.467314245344710777e+00
-5.625060274444698472e+00
-3.560900302912400672e+00
-3.828978380788245595e+00
-4.897717618850458976e+00
-4.172939242178407504e+00
-3.406863651375200863e+00
-4.213046082447939433e+00
-3.347882956722871395e+00
-3.851514313649686549e+00
-2.872087865119105299e+00
-3.292678336437694586e+00
-4.023524408077575387e+00
-2.167762659411712090e+00
-2.320740336714987695e+00
-6.323157481363247179e+00
-3.986005630315764492e+00
-3.119941342836112685e+00
-2.257981131878478820e+00
-3.611770817516136489e+00
-2.942376521823418134e+00
-2.418062059309277423e+00
-3.368433230500938791e+00
-5.210808390256003619e+00
-4.169932210404009076e+00
-1.890076686640424164e+00
-1.664509457076971843e+00
-1.876520374866714747e+00
-2.654521815745762403e+00
-3.964324193614813474e+00
-2.975589262365289311e+00
-3.217700424625491884e+00
-2.175679278389362370e+00
-4.554511718565581013e+00
-3.735175816002552551e+00
-1.878910877872358220e+00
-1.733872341952182428e+00
-3.672056838149456492e+00
-2.387445865813011991e+00
-3.525343962765628891e+00
-1.711107470598192792e+00
-2.414421068127982739e+00
-3.632919764152443776e+00
-3.378182195522041464e+00
-4.885657481067655183e+00
-3.389308980079047462e+00
-2.064218593132129520e+00
-2.212947501024654429e+00
-1.144736585829688957e+00
-3.973710885365369094e+00
-4.178003063674016637e+00
-4.184331336525317191e+00
-2.680029709005748995e+00
-3.547632640396964465e+00
-2.258527149788407851e+00
-1.355173261632207637e+00
-2.906855917885968754e+00
-2.227004372899789253e+00
-3.092065173667466471e+00
-2.822621388528171238e+00
-3.812596731611203715e+00
-2.505178931987865454e+00
-1.769316628984366702e+00
-3.804806362720721591e+00
-2.987734008637489502e+00
-3.002932233980313725e+00
-2.543645588211234987e+00
-4.405378478675008758e+00
-3.123493176232293944e+00
-3.361648300465533978e+00
-2.905077281333139361e+00
-2.962553676847871298e+00
-1.625254787638342968e+00
-3.388021502817211594e+00
-3.782294844119808097e+00
-3.248331232878496344e+00
-3.193225345204565357e+00
-2.864791382772645445e+00
-3.332632661438630794e+00
-2.366571587484788353e+00
-2.732822241205468128e+00
-4.135460797226945040e+00
-2.913954384760475858e+00
-4.462441538199608537e+00
-2.233628917186954776e+00
-3.583565951937945915e+00
-1.665499453112951000e+00
-3.557842160501711870e+00
-2.280431275979858619e+00
-4.942199808326160237e+00
-5.082281229052861171e+00
-5.044363395852446530e+00
-3.354820007339523347e+00
-4.888706480293628864e+00
-6.793956311246573954e+00
-3.977627743918175529e+00
-4.670864693055627903e+00
-4.322423806716157557e+00
-4.079288966866810640e+00
-3.525447017046563492e+00
-6.076432813980189529e+00
-5.042653126980550127e+00
-4.082808285438619400e+00
-3.950536502881025758e+00
-6.034986412923656118e+00
-5.016017851904967628e+00
-2.947220643006089880e+00
-3.658414983493260664e+00
-4.939141218772065578e+00
-3.429527796840679432e+00
-3.387703087991570605e+00
-5.253906779548987771e+00
-6.271055150972336456e+00
-3.968198505798081754e+00
-3.538220295610570609e+00
-7.531665526810603417e+00
-5.657767278241128572e+00
-3.714506114578362439e+00
-5.952457869972810123e+00
-7.997651732673431546e+00
-6.956383761382390674e+00
-6.995071033834720176e+00
-3.676417880805567862e+00
-5.224544900062015884e+00
-5.150312836280239281e+00
-3.509314318444789471e+00
-6.506706504403120483e+00
-5.509215872344372045e+00
-5.338612371769406728e+00
-4.375564809594963300e+00
-4.669585269423834006e+00
-5.770643708867139843e+00
-6.293977906926555121e+00
-4.062582531767348293e+00
