-6.796039253149709839e+04
-1.000868623939569079e+05
-5.605237466479989962e+04
-4.774157929172760487e+04
-8.335369040579951616e+03
-1.003401781439101069e+04
-6.185436392281596636e+04
-7.697521255843053223e+04
-5.155734628853791946e+04
-3.553214731656431104e+04
-2.858402911376944758e+04
-4.264328281243601668e+04
-5.246946717206056201e+04
-2.905430585741106188e+04
-3.080417337414242138e+04
-3.958521183367593039e+04
-4.071795554570533568e+04
-5.034070226485927560e+04
-5.849821118848786864e+04
-5.505069697837793501e+04
-8.115446913503392352e+03
-1.012994982996957151e+04
-3.313578646231853054e+04
-3.346337255232597818e+04
-6.086937895320724783e+04
-6.239457759442809038e+04
-2.934706558951426996e+04
-3.602846015712761437e+04
-2.073313141157652717e+04
-1.951896078790230240e+04
-1.677298546149609683e+04
-2.335524813660912696e+04
-8.662862774732794787e+04
-1.185921525838193775e+05
-4.850319234755780781e+04
-5.027933542902601766e+04
-8.887744163324464171e+04
-8.248867424509617558e+04
-1.590032529499957745e+05
-1.689341920973051747e+05
-9.698272510627549491e+04
-6.886806095739785815e+04
-5.935893943702882098e+04
-5.930175636218596628e+04
-8.700834446653351188e+04
-6.227578294425611966e+04
-1.039555543111042934e+05
-1.479189485624604567e+05
-1.526638858890148113e+05
-9.627292540899655432e+04
-5.994254362696576572e+04
-3.430708569072370301e+04
-1.339549743445119238e+05
-1.964461642016906408e+05
-1.834450756835380744e+05
-1.187463435127610574e+05
-1.764899123677417520e+05
-1.180178074909453280e+05
-1.872670465814156341e+05
-1.508916397037429560e+05
-3.083000071100016939e+05
-2.272006133036987740e+05
-2.227338887269592087e+05
-2.099818918720387446e+05
-2.246975307585141854e+05
-2.198445968691450544e+05
-2.261130708129556733e+05
-2.182819933206588903e+05
-2.996299529305052711e+05
-2.802144127084162901e+05
-2.748887627148654428e+05
-3.647885018242672668e+05
-2.819916793217483209e+05
-1.925737675765854656e+05
-1.720098808579634933e+05
-1.254075511270178977e+05
-1.169932316007970076e+05
-1.506334632468838245e+05
-2.760997784934977535e+05
-1.939145835945151630e+05
-2.615432760639613261e+05
-3.711299114115501288e+05
-1.911661034330652619e+05
-2.673503795656780712e+05
-9.924488526375945366e+04
-1.206562419997112011e+05
-9.798758607300424774e+04
-8.047506906215168419e+04
-3.283411577377640060e+04
-3.287073466457118775e+04
-1.455879979330408241e+04
-1.609160618734585296e+04
-1.675959507581419530e+04
-1.351951957632829362e+04
-7.601044701522987452e+04
-5.909283710143452481e+04
-1.388178048568833328e+05
-1.928888284767955483e+05
-5.001447677945970645e+04
-3.102822540163233498e+04
-1.292204208688293293e+05
-1.606377530996433925e+05
-1.134007975134719600e+05
-6.744343258431855065e+04
-1.821266527825949597e+05
-1.543415835752992425e+05
-8.474002929986882373e+04
-9.658778621997674054e+04
-1.420510156893788080e+05
-1.626664426293573633e+05
-1.269717064363991667e+05
-1.093566315643413109e+05
-1.351996683889976703e+05
-1.741651626187017537e+05
-1.376827137389506388e+05
-1.446537417767136649e+05
-1.003746509254779230e+05
-1.178645229990274820e+05
-1.854261775128363515e+05
-2.455651581537544844e+05
-1.089695147870212677e+05
-1.285719919337605534e+05
-9.114185373229249672e+04
-1.006117059177666233e+05
-1.382659402703579981e+05
-1.578027314961560478e+05
-8.061845714039659651e+04
-6.326230438991842675e+04
-8.070553810202608292e+04
-1.069806570555893268e+05
-1.017230850776835432e+05
-7.761278631993557792e+04
-1.618505353901888593e+05
-2.281214519801861898e+05
-1.398359473943732446e+05
-2.015655646118042350e+05
-8.267065761027751432e+04
-1.172733376563966594e+05
-7.310597508797729097e+04
-6.869893373053838150e+04
-1.190320157012140844e+05
-8.037285452472700854e+04
-1.529364508721974562e+05
-1.082550769814116502e+05
-8.599702846708892321e+04
-1.148695891010807245e+05
-1.577778837862406217e+05
-1.296347360452556459e+05
-9.400728851025614131e+04
-7.417192671959327708e+04
-7.294382847081225191e+04
-6.632869882186870382e+04
-8.946154070924152620e+04
-6.180221178176460671e+04
-7.686726101075491169e+04
-4.502270076404058636e+04
-1.564446065332704457e+05
-9.035932143505816930e+04
-7.358093646182844532e+04
-8.940532577592754387e+04
-1.657820765608040965e+05
-2.324280061979510938e+05
-1.993560755015016475e+05
-1.265228359463477536e+05
-7.018380445546108240e+04
-8.581944408865558216e+04
-2.014230436219348339e+05
-2.541585912162169989e+05
-1.432038829089472129e+05
-1.572260465935594984e+05
-2.072342145040899049e+05
-2.706467413458891097e+05
-1.001870458613435039e+05
-6.929225250272382982e+04
-1.439218363889989560e+05
-1.935543373550570395e+05
-7.581884936913564161e+04
-5.602644209708450944e+04
-1.558270590483600099e+05
-2.166733631423895131e+05
-6.534663676073886745e+04
-7.230860347498429473e+04
-1.268172842874587077e+05
-1.743319078525364457e+05
-1.387939299214543717e+05
-1.951972224857344409e+05
-1.088775752225712349e+05
-5.919482463214172458e+04
-7.792268895082574454e+04
-7.095849797359950026e+04
-1.178748809388114751e+05
-1.520039597311742255e+05
-7.506667443582057604e+04
-8.593038148393525626e+04
-8.366654063208268781e+04
-1.071308099960957188e+05
-1.676631889104706061e+05
-2.059591614569289377e+05
-1.970047951854790736e+05
-1.749203712524758303e+05
-1.828981259968211816e+05
-1.122943739566691656e+05
-1.472892759006312408e+05
-1.332749868295774213e+05
-6.536686739160039724e+04
-8.011114229901065119e+04
-1.115512191017568839e+05
-1.318316499951081350e+05
-1.423275077165051771e+05
-1.681942243734386284e+05
-1.165265631331250479e+05
-1.542681999044081604e+05
-8.636373524468654068e+04
-1.021694262334638042e+05
-1.062926921601147333e+05
-7.514446307694836287e+04
-8.392377519992818998e+04
-9.112170590881879616e+04
-1.985880964033945929e+05
-2.546577361513950746e+05
-1.748785047055719187e+05
-1.018874900800777832e+05
-1.866825643014256784e+05
-2.285798407232341997e+05
-1.532594905192812148e+05
-1.159330052075801068e+05
-2.169825333994750399e+05
-1.543731833917807089e+05
-1.025475128976055130e+05
-1.347045695867933100e+05
-1.608620258248957107e+05
-8.631758279344877519e+04
-1.887099974816784961e+05
-2.034020519580696127e+05
-1.758309823721481080e+05
-1.614308991117294936e+05
-1.180534923926183546e+05
-1.575035766619147034e+05
-6.854261787747044582e+04
-4.331780405648164015e+04
-1.547347868025827338e+05
-9.727842934748384869e+04
-1.555375089828562341e+05
-2.273342116022724076e+05
-3.037416564074867638e+05
-1.671778060096795089e+05
-3.793067283067923272e+05
-4.308328131967113586e+05
-2.120330861393941159e+05
-1.322907795231398777e+05
-4.923321940214080969e+05
-4.308207474073655321e+05
-3.432730450035048998e+05
-4.237684821290523396e+05
-3.114149827642759774e+05
-1.932011440056212596e+05
-4.281336757244382170e+05
-5.142932915994159994e+05
-3.648615855734547949e+05
-4.780647030342676444e+05
-3.164838674158331123e+05
-4.058826041766364942e+05
-3.044233329971136991e+05
-4.010883306702997070e+05
-3.969423048629645491e+05
-4.082822186920821550e+05
-3.511611223019699682e+05
-3.489444362559455913e+05
-1.982017634197720618e+05
-2.965940113877606345e+05
-2.765196869933485868e+05
-1.613035029259744333e+05
-4.030267036078390665e+05
-3.453231408242980833e+05
-3.894322806949527585e+05
-3.748221997678168118e+05
-4.179749492034948198e+05
-3.029263203008142300e+05
-3.359002123623061343e+05
-3.417859279872638290e+05
-4.216512361745275557e+05
-5.655722933395745931e+05
-3.907390765259320033e+05
-2.941882319338780362e+05
-2.368184644290296419e+05
-3.039757282320631202e+05
-2.611100999235827767e+05
-1.693331733905983565e+05
-2.025156913948181900e+05
-2.696840583485475508e+05
-3.089241145303982776e+05
-4.028966882302255835e+05
-4.615086131070929114e+05
-3.484874998919952195e+05
-3.681312618865396362e+05
-2.531722278645280167e+05
-3.246990187156575266e+05
-3.248075509071371052e+05
-4.489665589483509539e+05
-3.994809725154030602e+05
-4.054535875849876320e+05
-4.245379642049787799e+05
-3.723254370210679481e+05
-5.346563856238864828e+05
-3.736623903164946823e+05
-2.632885938030814286e+05
-2.063646766049005964e+05
-2.448236568956917035e+05
-2.483123784469358216e+05
-2.276751786163555225e+05
-5.253544165802999632e+05
-7.749769477101131342e+05
-3.339705458595452365e+05
-4.084336518097659573e+05
-2.935243999687801697e+05
-2.340292776471249526e+05
-3.611369447385148960e+05
-2.314058802583413781e+05
-3.171656301956943935e+05
-4.556148782667965861e+05
-2.832480013546168921e+05
-2.788734169525855687e+05
-3.938594273487508181e+05
-2.736769368307334953e+05
-2.892317359662993113e+05
-2.261661666156943538e+05
-3.323972626265881117e+05
-2.088072604063308972e+05
-1.774333756813253858e+05
-2.458549038513514388e+05
-2.357202101070462668e+05
-2.864072095742486417e+05
-3.993195732988753589e+05
-3.904462571156661725e+05
-2.410495107751039031e+05
-2.802883494178340770e+05
-3.202697790505021694e+05
-2.731481535025124322e+05
-2.506272558878025739e+05
-3.101624740829184884e+05
-3.567922606669795932e+05
-4.444886690347450785e+05
-3.502112254796618363e+05
-4.093880048515892704e+05
-4.169162340637248708e+05
-2.142719752130276174e+05
-3.042875253079782706e+05
-2.450937510130202281e+05
-3.461806002387472545e+05
-4.246313007967520389e+05
-3.710487672470263788e+05
-2.104641222683953820e+05
-3.252752467209339957e+05
-2.935242207094954792e+05
-3.072347053231627215e+05
-3.414426001770316507e+05
-3.096112186710510287e+05
-2.672340131126136985e+05
-3.169935154818277224e+05
-3.754242943354794406e+05
-3.615377222071331344e+05
-3.947251593386265449e+05
-3.001442416594032547e+05
-1.553918509964195546e+05
-2.628314069840707816e+05
-3.376563673650171841e+05
-2.570828670650021231e+05
-1.559458599880503898e+05
-3.641759510659810621e+05
-3.821450057093781652e+05
-3.299190048106483882e+05
-3.312854396998585435e+05
-4.784199187538718688e+05
-6.064604514455654426e+05
-2.929662767766634352e+05
-2.696536887494918192e+05
-3.774295159366105800e+05
-4.404227632071093540e+05
-2.417963021334410878e+05
-2.751281112463410827e+05
-2.859715013697178802e+05
-1.452706163152007211e+05
-3.147048937094712164e+05
-2.923162628959056456e+05
-3.242648306869824883e+05
-3.983016384219156462e+05
-4.464895029514099588e+05
-2.851500490728471195e+05
-4.107653138163098483e+05
-4.995879924694165820e+05
-3.199745203792026732e+05
-4.613668939469521283e+05
-4.748443805747443112e+05
-4.948952816979135969e+05
-4.462501532136559254e+05
-3.162073776307123480e+05
-4.675363389523244696e+05
-5.647267063146950677e+05
-5.639400862898945343e+05
-2.869114202274900745e+05
-5.410450713543919846e+05
-5.569846117772207363e+05
-4.293542037249595742e+05
-5.324958151226300979e+05
-3.458915414142627269e+05
-3.931384013397475937e+05
-3.107268346166710835e+05
-3.767762716153778601e+05
-2.958520030946090701e+05
-4.204897149280333542e+05
-2.074504930168650171e+05
-2.944472585899305996e+05
-1.055003849896471511e+05
-1.002277768177568942e+05
-1.073005703865014802e+05
-1.091676457148996997e+05
-1.460256875582339417e+05
-1.932876031612195657e+05
-1.040952263627647772e+05
-1.178655315575570712e+05
-1.212836064528420393e+05
-6.972870809908237425e+04
-6.846878166306676576e+04
-4.054836914062619326e+04
-1.450194981882742723e+05
-1.035272372437915765e+05
-1.573341654569465900e+05
-9.596572741780281649e+04
-1.080054499424556707e+05
-1.419441181093378400e+05
-7.968577182261450798e+04
-6.063999776122777257e+04
-1.213240400504032295e+05
-9.926104131699388381e+04
-1.471668813368444389e+05
-8.715857912298197334e+04
-1.547409105644203955e+05
-1.062165180244182411e+05
-1.316761978164607426e+05
-1.539878656470632995e+05
-1.140079921225437865e+05
-1.663783024224357796e+05
-1.507530896674261894e+05
-9.065781974016112508e+04
-8.118643491578151588e+04
-1.207888173675259168e+05
-1.204425263491088554e+05
-1.453491315756057156e+05
-1.345731434870525554e+05
-1.321336713950980920e+05
-1.913956270408861456e+05
-1.881597388139188115e+05
-1.733298958264958055e+05
-2.420502418143089162e+05
-1.552582339785408112e+05
-1.402968870802567399e+05
-1.063775558389813523e+05
-1.086605289876131283e+05
-1.609437164881069621e+05
-2.310811769666072214e+05
-1.025012096595693147e+05
-1.031316207303716947e+05
-1.105020956053859263e+05
-1.369122605030364357e+05
-1.070464368968060735e+05
-1.430950333150976512e+05
-6.002825220148323569e+04
-7.817873078613642429e+04
-1.724182915753172128e+05
-1.138147524517827551e+05
-9.372835425818593649e+04
-6.194664687104600307e+04
-1.036939804591044958e+05
-1.547210046485956991e+05
-1.371147641451528762e+05
-1.343537532700749871e+05
-9.366493999567112769e+04
-6.281471832364136935e+04
-1.498091238899369491e+05
-1.727079026705159049e+05
-1.375987386454731750e+05
-7.706746267121253186e+04
-1.984224948891566892e+05
-1.044385248747307778e+05
-1.242163933560920414e+05
-1.727457906826214748e+05
-1.604494939469626988e+05
-1.390359453831082210e+05
-7.356369398579395784e+04
-6.887756373903669009e+04
-1.244160892024040659e+05
-1.251768933537835546e+05
-1.215109018403356167e+05
-1.800542445327033347e+05
-9.560588567117496859e+04
-5.471706912718839885e+04
-9.561920542602214846e+04
-1.346685375986534928e+05
-1.131446602656284667e+05
-9.300022261943636113e+04
-1.935764192812741094e+05
-1.738162564212716825e+05
-1.349007471041952958e+05
-1.933034122530057502e+05
-7.507480933461905806e+04
-6.495112777591694612e+04
-1.569850591493122338e+05
-2.117774135046163574e+05
-9.758829026840580627e+04
-6.570624003015589551e+04
-1.542861800730490068e+05
-1.188326952878365701e+05
-8.794287521135908901e+04
-7.223162039547185123e+04
-1.945375997551894980e+05
-2.602419475112301880e+05
-1.903843640274085628e+05
-1.020812231666636217e+05
-1.527802679393837752e+05
-1.731895286403416249e+05
-5.323711363449807686e+04
-3.065120715236040996e+04
-1.107714088942115195e+05
-1.337380082636257866e+05
-1.388411418569055386e+05
-1.295469375149993575e+05
-1.173030551248648262e+05
-6.340115043961580523e+04
-1.069982349757080519e+05
-1.177139961891818093e+05
-1.588505765094366507e+05
-1.171296317289816216e+05
-8.750170180206505756e+04
-5.310727497736161604e+04
-9.090260738824114378e+04
-6.638479449878154264e+04
-7.406652326767399791e+04
-1.099992026102897362e+05
-1.176982782640179357e+05
-1.629117919429085159e+05
-5.724865259203529422e+04
-5.559708254162242520e+04
-1.441852546794504742e+05
-1.211533343739391421e+05
-8.110664365560622537e+04
-7.036617836079317203e+04
-1.979629038487795915e+05
-2.415445638386048377e+05
-1.349097294519539864e+05
-1.139479979429089144e+05
-8.936494527551140345e+04
-5.757122849318565568e+04
-1.037873694929783815e+05
-1.272564325570426590e+05
-1.503201871394295595e+05
-1.837460946636951994e+05
-8.610083905808073177e+04
-1.073718279339214205e+05
-1.739687015616400167e+05
-8.763663677036210720e+04
-1.087169354788618366e+05
-1.221323325300399592e+05
-1.056649240092003747e+05
-1.087839889135076228e+05
-6.819732859230162285e+04
-5.222724239179998403e+04
-1.128221157673339039e+05
-1.528198076806602185e+05
-1.574851823776657693e+05
-2.184866069912581588e+05
-1.680176972504398145e+05
-2.260706219335953647e+05
-8.651986918248294387e+04
-7.640669769083191932e+04
-1.097120533398709085e+05
-5.939830816803494963e+04
-1.263973468837188411e+05
-1.161264663435721595e+05
-7.630806845098918711e+04
-6.480651448200701270e+04
-1.374043873423791665e+05
-1.413354819447626360e+05
-8.116961175304149219e+04
-1.146129278112262255e+05
-8.844977815065816685e+04
-9.343944580895293620e+04
-5.901893088952768449e+04
-3.622074466576244595e+04
-1.461027798629874014e+05
-9.464183448876994953e+04
-9.822135923447628738e+04
-5.379167131847148994e+04
-1.350221522690642742e+05
-1.706104206187545788e+05
-1.018489968590737990e+05
-8.734913580077215738e+04
-1.189511743211217254e+05
-1.092210127110902831e+05
-9.562543524361918389e+04
-9.600087890498169872e+04
-1.164626464603757049e+05
-1.394778766994589532e+05
-9.056298988858025405e+04
-4.946668856548568874e+04
-1.701922655029255257e+05
-1.417546017986915540e+05
-1.174671733572473458e+05
-1.160040756850611069e+05
-9.455838628493841679e+04
-6.766747388479729125e+04
-1.664231719004181214e+05
-2.270906226875019202e+05
-1.856542026823057677e+05
-1.170287011283280881e+05
-1.458945267947749817e+05
-1.355470185960275121e+05
-6.884111440760354162e+04
-1.003693250596214784e+05
-1.390224156531892368e+05
-1.671624246185795928e+05
-1.575653227523922687e+05
-1.688622676636304532e+05
-7.385805001013871515e+04
-6.811328087531946949e+04
-1.394610544186334009e+05
-1.736859774769609794e+05
-1.787374533963066351e+05
-8.941895653581163788e+04
-6.252616737310788449e+04
-4.187462292860507296e+04
-1.593101912939569738e+05
-1.687838052605727862e+05
-1.464557418531579606e+05
-1.963392666442167538e+05
-1.499050403780871711e+05
-1.173676372831726039e+05
-1.312131920838441874e+05
-1.551828871089349268e+05
-1.139363055145883554e+05
-5.737101989826629142e+04
-7.784018048916751286e+04
-5.273983795900380937e+04
-1.571641416130237340e+05
-1.572025369604713342e+05
-1.688063672885915439e+05
-1.305708954229305382e+05
-9.438830550866204430e+04
-1.409861640659047989e+05
-1.677189166309641732e+05
-1.029360607928683166e+05
-9.022325589539363864e+04
-6.590160698295831389e+04
-1.521324523758175201e+05
-2.090335258995381591e+05
-6.180814599252369953e+04
-5.448918481097317999e+04
-1.492410575860427634e+05
-1.742235707088201016e+05
-1.034343891619458300e+05
-1.515994893859001750e+05
-9.410895877404834027e+04
-1.277986821298428840e+05
-6.352414308265017462e+04
-3.913943958680654760e+04
-7.407903613946677069e+04
-3.785531999895686749e+04
-1.571092450241530023e+05
-1.637022437045538973e+05
-1.217920008993808879e+05
-1.289676217587011051e+05
-1.364241195280831016e+05
-1.973027647573336144e+05
-1.377227982565121783e+05
-1.422771062449510500e+05
-1.347066520542543440e+05
-9.035880946578719886e+04
-1.211664266848505940e+05
-1.357313003278788528e+05
-1.622541410384110641e+05
-1.344384641865477024e+05
-1.474045290381003870e+05
-1.439830419980634761e+05
-7.869106365874569747e+04
-6.386219794106509653e+04
-1.456093787810703798e+05
-1.456147688007438846e+05
-1.659271386797206942e+05
-2.072853656779325393e+05
-1.703161936755067727e+05
-2.165842429136639112e+05
-1.952558519220194430e+05
-1.500787293640055577e+05
-8.010547094037453644e+04
-1.087774193990994099e+05
-1.772147650369085022e+05
-1.964649247699808620e+05
-1.169322728791489499e+05
-1.751834678042214073e+05
-1.035026466957453522e+05
-9.593708369505419978e+04
-1.155295573887932551e+05
-8.424098372522919090e+04
-8.544860181916924194e+04
-1.003756244551706768e+05
-1.107285647133705497e+05
-1.589415823360276700e+05
-1.768168366711336421e+05
-1.972967205415326171e+05
-6.732675262524170103e+04
-9.361305382147480850e+04
-1.318788710514914128e+05
-1.183799635638716136e+05
-1.462014902723276173e+05
-8.014077595074729470e+04
-1.924921034705903730e+05
-2.509955321515030519e+05
-2.185803128765568545e+05
-2.627469734654459753e+05
-1.347329339072588482e+05
-1.083516034041935927e+05
-1.260668647808304959e+05
-1.561511333846341295e+05
-1.780252424305358727e+05
-2.286845574827214004e+05
-1.495563170674190042e+05
-1.033066004745491664e+05
-1.108692362378262042e+05
-5.886953418964923185e+04
-1.764980051314673910e+05
-1.577046447380079771e+05
-1.819259300778089964e+05
-2.666230928427127074e+05
-1.329202160092325939e+05
-7.013313105978726526e+04
-2.354227283730977506e+05
-1.778359798858599097e+05
-7.158056534794946492e+04
-9.248707965479030099e+04
-1.718629668558349367e+05
-2.322602176472697174e+05
-1.640234081017981225e+05
-1.304595251398902910e+05
-1.655697812215539743e+05
-1.906586232151979348e+05
-1.018572536951790535e+05
-5.351774960370204644e+04
-1.145053212218043918e+05
-1.498240468463965517e+05
-1.456369188386347087e+05
-1.774764933276170632e+05
-2.264826950665024051e+05
-2.459481274374176865e+05
-1.441051157547549810e+05
-1.410221769701498561e+05
-2.206903432777146809e+05
-1.788743895309129439e+05
-1.083715509260899562e+05
-1.342727117676063790e+05
-8.152851223506146926e+04
-6.026290702266121662e+04
-1.516295434518858965e+05
-2.120339658474926255e+05
-1.205188700382694369e+05
-1.807676351703107066e+05
-9.768868179006749415e+04
-5.956998193398898002e+04
-1.251839142690726294e+05
-1.223667478002031130e+05
-1.446964881333205558e+05
-1.720944154633695434e+05
-1.480909470722283877e+05
-1.745742248618575395e+05
-2.243706324555126776e+05
-2.151844685157358763e+05
-9.428809497422435379e+04
-1.144651375356167555e+05
-8.717402254223423370e+04
-7.701771058434828592e+04
-1.102750706674661051e+05
-1.480023021635135810e+05
-1.829316433482191351e+05
-2.511327173668610631e+05
-7.299294411355926422e+04
-8.026804531816793315e+04
-1.086003461193841213e+05
-1.470385739185081911e+05
-1.988108890971392975e+05
-1.523757669864593190e+05
-9.015287719224991451e+04
-1.346894086812757887e+05
-1.404974714379097568e+05
-1.010110611761345062e+05
-1.440617310661887459e+05
-1.654068472904764349e+05
-1.702645994231907534e+05
-1.042318630065601901e+05
-1.984841062642817851e+05
-1.481586698104155366e+05
-1.320835548647917167e+05
-1.650600288255057822e+05
-1.074638659720028227e+05
-1.595981164843203442e+05
-1.756296922736366396e+05
-1.989323537158520194e+05
-1.069387597210576932e+05
-1.168245204986396711e+05
-1.888744076141695841e+05
-2.657955247313349391e+05
-1.476073774232869328e+05
-1.021760991585371958e+05
-1.385228110849293298e+05
-1.149711658660598332e+05
-1.551976943401797907e+05
-1.787034732164757734e+05
-1.964964761048644432e+05
-2.801724029506326769e+05
-1.459433976343683025e+05
-1.742498410134798905e+05
-9.171174330576248758e+04
-9.190505914000468329e+04
-1.310924314928633103e+05
-8.818520245956326835e+04
-1.249996298633363476e+05
-8.676465612103306921e+04
-2.000816871378618525e+05
-1.519080372441271611e+05
-1.217728836492847913e+05
-1.687722356846900948e+05
-1.432369959939522669e+05
-1.795141802176454221e+05
-6.588779704231658252e+04
-8.132866011457605055e+04
-7.682412980765012617e+04
-1.063932771156102535e+05
-9.219806639215865289e+04
-8.500849623476476700e+04
-5.920751892809499259e+04
-7.915108073088387027e+04
-1.489512617141828232e+05
-1.867366082451400580e+05
-7.958085658236115705e+04
-1.182092923374446545e+05
-1.413536745797001640e+05
-1.741619124651126331e+05
-1.539590158484859858e+05
-1.847699931211175863e+05
-1.514194197522564791e+05
-1.103896392305039481e+05
-8.690567761011817493e+04
-1.092763095570236910e+05
-1.541854215117981075e+05
-9.452666170561728359e+04
-1.553713521321742155e+05
-1.651758568147613551e+05
-1.519270641216848453e+05
-2.263054601323981769e+05
-1.119114384360241384e+05
-7.610909016814007191e+04
-1.344022928832118050e+05
-1.485274721966370998e+05
-5.037000077302766294e+04
-3.238865195099970151e+04
-1.842443157275507401e+05
-1.082266736976982065e+05
-1.860507180137201212e+05
-2.028247840861084405e+05
-8.713451300064777024e+04
-4.939485096258814883e+04
-1.039253144750985812e+05
-1.027890434787770355e+05
-1.007314251142229623e+05
-8.543035630821832456e+04
-1.545246449118972523e+05
-2.126356273040937958e+05
-1.644015451938561164e+05
-1.471522443223563023e+05
-1.112159148128349334e+05
-9.965673327447733027e+04
-7.270953991266727098e+04
-4.389357856083411025e+04
-1.775133820809231547e+05
-1.212902691142469412e+05
-1.479477968760319927e+05
-1.068199328681123443e+05
-1.052870920060225617e+05
-1.414529249825150182e+05
-1.221207988899355696e+05
-9.682525476907136908e+04
-9.431600612443774298e+04
-1.117579493492822512e+05
-9.486866056082767318e+04
-1.098322512629204139e+05
-1.389167952061168617e+05
-9.342174320484764758e+04
-1.154013127721583442e+05
-1.515822126721611130e+05
-1.059876588373495906e+05
-1.077179704280418082e+05
-7.216748705073042947e+04
-9.227485614785920188e+04
-1.010078090813218150e+05
-5.333674537832394708e+04
-1.388580794458906166e+05
-1.747899268679149682e+05
-1.370079054195023491e+05
-1.869060595583727118e+05
-1.304869646052697208e+05
-8.535322613782892586e+04
-7.012287529340483889e+04
-8.359767750389572757e+04
-1.369974784091167385e+05
-7.177489895721014182e+04
-1.763884768086635158e+05
-2.292694699011551565e+05
-1.671278230058727495e+05
-1.878299718525134958e+05
-9.872559083331076545e+04
-8.426200550882512471e+04
-1.072851981822525267e+05
-5.947141153468399716e+04
-1.113084129702527571e+05
-1.005231324789608625e+05
-1.432271593517890142e+05
-9.691983239948609844e+04
-1.588410522477569757e+05
-1.424773981186074088e+05
-7.984168174120664480e+04
-9.326746253939281451e+04
-1.439314051602329127e+05
-2.110186453636724036e+05
-1.203127051976615767e+05
-1.203657376115111401e+05
-9.765965472784647136e+04
-1.132013526583746279e+05
-1.092467659911003284e+05
-1.251916160234727722e+05
-6.981615495595388347e+04
-7.343989087826102332e+04
-7.727252182937673933e+04
-8.312927533282736840e+04
-5.755628946836182149e+04
-4.115867824725325045e+04
-1.213560187541027408e+05
-6.502072934092059586e+04
-1.032563236046595848e+05
-9.177506985769572202e+04
-7.631991988693158783e+04
-5.677456324176384805e+04
-1.601517421388148214e+05
-2.322865340389854973e+05
-1.234343308079864073e+05
-1.642279603785558720e+05
-1.131401244395747490e+05
-1.318217179295120877e+05
-7.089238463453635632e+04
-8.546198040956103068e+04
-1.060081440608336707e+05
-1.217227859748594492e+05
-1.298692566105446604e+05
-1.093946635124178574e+05
-1.424967300705050875e+05
-1.066137687320953992e+05
-1.097172031879508868e+05
-8.785990388919887482e+04
-1.040066303443661454e+05
-1.083164143843965285e+05
-1.091776309653873177e+05
-6.056978330053119862e+04
-6.383539855219811579e+04
-3.892609665020778630e+04
-9.569771288087702123e+04
-7.260854814135943889e+04
-1.191145730441417982e+05
-1.382200409083256673e+05
-1.584345264471361879e+05
-1.483629857340152375e+05
-8.125525494392047403e+04
-8.236962655282905325e+04
-1.181685301675118390e+05
-1.592216025829965365e+05
-6.647727359157754108e+04
-7.961074994816225080e+04
-5.569505302429742005e+04
-3.911458463516710617e+04
-1.117023679927119374e+05
-7.914811326421416015e+04
-1.159593612033113459e+05
-1.636270317364789371e+05
-9.340651669902911817e+04
-8.042786832432805386e+04
-1.933062138973409892e+05
-2.363871117070562032e+05
-1.203242031609165570e+05
-1.296364278391756234e+05
-1.307777751557668234e+05
-1.927141755840817932e+05
-8.766377970430391724e+04
-9.639057736361723801e+04
-1.011765633764344675e+05
-8.741017163850521320e+04
-1.000406503575483803e+05
-1.483437603802254598e+05
-1.291913395566537802e+05
-7.938667282110794622e+04
-1.854777065441234154e+05
-1.171653840594996436e+05
-1.518240236560320482e+05
-1.326861391286775761e+05
-1.416309900308444921e+05
-1.549616219577386801e+05
-7.521331770386848075e+04
-9.009664109528670087e+04
-9.406229156965368020e+04
-1.017568702154014318e+05
-1.356805373476787063e+05
-1.915942424305278109e+05
-1.368259909430214029e+05
-1.649436432890753204e+05
-1.195731709148540103e+05
-1.208746807330979209e+05
-1.512204123251722485e+05
-2.137035899468009302e+05
-2.028491053796833148e+05
-2.207013823910784267e+05
-7.328052824542109738e+04
-4.458021949346468318e+04
-1.229009425832832057e+05
-1.801199936202923418e+05
-9.813670629318153078e+04
-1.434065624482175335e+05
-8.976156487729024957e+04
-6.924948459990511765e+04
-1.754539692455705663e+05
-1.134203199396113632e+05
-9.775647682098463702e+04
-1.384264183883358201e+05
-1.179078339512959064e+05
-8.776469114172401896e+04
-7.723020424489186553e+04
-4.799475363793123688e+04
-9.941551171334473474e+04
-5.038520673092008656e+04
-1.475275347531190782e+05
-1.330065782099837088e+05
-1.628856887660029752e+05
-1.590408204598077573e+05
-1.488735383857059933e+05
-1.517291370607092977e+05
-1.409229639442372718e+05
-1.387884296581782692e+05
-9.545137112400191836e+04
-9.950624451804626733e+04
-7.613218601798194868e+04
-3.958771068332953291e+04
-9.847525202856070246e+04
-8.789297358891711337e+04
-7.465541161907365313e+04
-9.115071258253048290e+04
-8.391486458814499201e+04
-9.550744843034073710e+04
-5.368346246590322698e+04
-4.479274060029099928e+04
-9.863489899833567324e+04
-5.428466602769056772e+04
-1.830127523722001351e+05
-1.487346583927973697e+05
-7.402060551899642451e+04
-4.255022676488583966e+04
-7.292995881564558658e+04
-7.478863803156214999e+04
-1.306952769795949571e+05
-9.479413344083316042e+04
-5.178184492598980432e+04
-4.446521158365676820e+04
-9.378607880270107125e+04
-5.397821125425029459e+04
-5.592420370961234585e+04
-4.294328299374003836e+04
-1.309503620815420436e+05
-1.541511276966849691e+05
-6.894178031819479656e+04
-6.706728982637355512e+04
-1.386883474010462232e+05
-1.391207160722253611e+05
-1.109497602200477122e+05
-1.292793223076031136e+05
-1.019083336655889725e+05
-7.716726310347815161e+04
-8.829613635567777965e+04
-1.314156379161659861e+05
-9.992452997374697588e+04
-1.162217090390685480e+05
-1.580096765624629916e+05
-1.932748510226248764e+05
-6.880766430767535348e+04
-7.151628986752055062e+04
-1.191463190015048167e+05
-9.065905932849460805e+04
-1.611559751689352852e+05
-8.467691946945902600e+04
-1.749715063708468224e+05
-1.119900247779998463e+05
-6.571970928946824279e+04
-9.388071161481393210e+04
-1.052829332184547093e+05
-1.327464234293295303e+05
-1.084913556591251399e+05
-1.069803886765655770e+05
-1.369920534092815651e+05
-1.315160143773476593e+05
-8.475665495741693303e+04
-1.135433208655534836e+05
-9.675528725939636934e+04
-8.240005878060340183e+04
-5.459637993616006133e+04
-6.674002942040361813e+04
-1.486480303468516504e+05
-1.866151661331631185e+05
-6.173048489501630684e+04
-6.351249306521138351e+04
-8.150677625784152769e+04
-1.071677882008282031e+05
-7.542397329968278063e+04
-6.166104385679199186e+04
-7.943201782513593207e+04
-5.010730046212916204e+04
-1.557311043457416235e+05
-1.497717625152784167e+05
-8.830397174048658053e+04
-5.848671123339259066e+04
-6.051067655949147593e+04
-7.367109224245812220e+04
-1.013099772955948138e+05
-6.305127270167517418e+04
-1.282241711095495994e+05
-1.644901851711255440e+05
-1.740374416154753999e+05
-9.066216560761815344e+04
-8.901354160076043627e+04
-1.144535485345708730e+05
-6.129811686920952343e+04
-6.588452620313881198e+04
-4.847907204830124829e+04
-6.394132181199199113e+04
-7.747854096858231060e+04
-8.407022962535715487e+04
-1.470303721706706274e+05
-1.332090806829941284e+05
-1.009384254845538962e+05
-1.272236789763511188e+05
-1.303772487351337913e+05
-1.471753160636681714e+05
-1.546786515105382714e+05
-1.706376779814768815e+05
-7.321899984512309311e+04
-7.828092415025230730e+04
-7.348849788419777178e+04
-9.802128338581256685e+04
-1.683723787834281102e+05
-1.436954625131776265e+05
-1.132573638388771651e+05
-7.664967239453253569e+04
-1.523090498447493592e+05
-2.042872168498397805e+05
-1.126383465530211834e+05
-1.196491754945880675e+05
-9.600557278491894249e+04
-1.134019645464090281e+05
-5.840960224596779153e+04
-5.091452302963851253e+04
-1.150684213247633597e+05
-1.104683472849659011e+05
-1.151121340974266059e+05
-1.613638853475192445e+05
-5.868534082004293305e+04
-5.076066049237092375e+04
-1.275354652134509670e+05
-1.351002872784172068e+05
-1.634337642342023901e+05
-1.393801807482168660e+05
-1.381650114251913619e+05
-1.865809385540562216e+05
-1.781292389553405519e+05
-1.176566453393593256e+05
-7.477625520607220824e+04
-8.038848084250940883e+04
-1.807520079783630208e+05
-1.319130745773764793e+05
-1.510840411860427121e+05
-1.170151051063614141e+05
-7.066746893000906857e+04
-5.051817550551466411e+04
-5.979177058673249121e+04
-7.619865423434632248e+04
-6.939308258396583551e+04
-9.219827805749297841e+04
-8.587437168860564998e+04
-4.588829669181781355e+04
-1.598318611515727534e+05
-2.139898627064465545e+05
-6.311795374399161665e+04
-3.928710736660436669e+04
-8.357792469683209492e+04
-7.829983357204266940e+04
-1.261840377931106341e+05
-1.655283524512664299e+05
-1.481636924834654492e+05
-1.564990867427603807e+05
-8.439172167556593195e+04
-1.189705690469848341e+05
-4.606535258687299211e+04
-4.193545054986011382e+04
-9.965605935138052155e+04
-1.342064990173993865e+05
-1.800816148738882039e+05
-1.566103740633739799e+05
-1.495475942846055259e+05
-1.472729116079421656e+05
-1.398788687961745018e+05
-1.244043271818792418e+05
-9.605626092825895466e+04
-1.001332410120913701e+05
-1.103523304362058116e+05
-9.868685702804618631e+04
-1.261906042190618609e+05
-8.299471874580846634e+04
-8.946964643228429486e+04
-7.944783372557809344e+04
-1.160587994859006576e+05
-1.168751292231807020e+05
-8.489985544970532646e+04
-6.383036879853587016e+04
-1.174202781310601858e+05
-1.002387367369651038e+05
-1.567209349016360356e+05
-2.149056543651937391e+05
-1.228115454981530202e+05
-7.527481698647086159e+04
-1.394531585426047677e+05
-1.492511454232777469e+05
-1.149160227329110494e+05
-7.586551418719495996e+04
-1.224789690854509681e+05
-1.789853149152532278e+05
-1.070255535621674208e+05
-1.370317175116275612e+05
-5.558558530144369433e+04
-3.152774140393707785e+04
-1.553593857294307381e+05
-1.416185128976178821e+05
-5.801688994817448838e+04
-7.424141485089575872e+04
-1.008049975367607985e+05
-1.113188825431078731e+05
-1.143817079085917358e+05
-5.919484332116547012e+04
-1.011793625320779101e+05
-8.067008864494915179e+04
-9.171641368344919465e+04
-1.222649882012929447e+05
-7.333584963570658874e+04
-5.101192894372338924e+04
-1.027487659223296068e+05
-6.134517190295683395e+04
-1.503751456909200060e+05
-1.228667513799126464e+05
-1.792556864759429882e+05
-1.594500946316616028e+05
-1.136117213838682801e+05
-5.707721060566904634e+04
-1.489455698095550179e+05
-1.398812849326695141e+05
-8.059648186383995926e+04
-1.004423329294629220e+05
-8.644675222744226630e+04
-8.672319290162641846e+04
-1.078395863172320533e+05
-1.612125953114470176e+05
-1.703630631795505760e+05
-2.073575447038584971e+05
-1.314262173873041756e+05
-1.781135959719087114e+05
-6.365997367149803176e+04
-7.475210385225711798e+04
-1.435098656229812186e+05
-1.614370848360017408e+05
-8.475691944990208140e+04
-5.800091079155675834e+04
-1.190205578243891941e+05
-9.144460679555383103e+04
-8.920041057132472633e+04
-7.572578922195913037e+04
-1.288802795922750083e+05
-1.020612512726472196e+05
-1.535825260542818578e+05
-1.040511768608185230e+05
-1.225904162462545064e+05
-1.709439250847999647e+05
-4.482454929283239471e+04
-6.403797361166028713e+04
-1.071438708245516173e+05
-1.248617469426348107e+05
-1.464887098122797324e+05
-1.913464726479452220e+05
-8.440475856940020458e+04
-1.188394634795077145e+05
-1.854044112097650068e+05
-1.366127046383275301e+05
-8.754348866109109076e+04
-8.615278121288758120e+04
-1.033632605819066230e+05
-7.977523164393517072e+04
-5.325018930156018178e+04
-7.817169171236883267e+04
-1.430300248733703047e+05
-2.116677358803456882e+05
-1.223021643250110938e+05
-6.954012223118200200e+04
-1.089034666688123252e+05
-1.527992299632042996e+05
-6.989948637672199402e+04
-3.914629115308409382e+04
-1.792530580015291343e+05
-2.420762202707222023e+05
-1.339974821701688634e+05
-1.070420446634799009e+05
-1.528984938419514801e+05
-1.859369488461258297e+05
-1.224631074622955784e+05
-1.210422474921971880e+05
-1.282266627407978376e+05
-7.071330531525555125e+04
-8.744864515439349634e+04
-5.368304276214980200e+04
-1.496956219290303416e+05
-1.073415673229460517e+05
-1.372236831844304106e+05
-8.519549280749267200e+04
-6.377830400236233254e+04
-5.969120917222541902e+04
-7.896490099654086225e+04
-4.930794617758407549e+04
-5.840209560439254710e+04
-3.627955587135392852e+04
-7.625688681402245129e+04
-9.274972026437193563e+04
-8.484598093622662418e+04
-7.463139883791381726e+04
-6.354584262127753027e+04
-4.031371356704041682e+04
-1.075630103197247226e+05
-1.337169587330425566e+05
-8.283082054932040046e+04
-5.098494393161046901e+04
-1.399072526419372298e+05
-1.030306081685226382e+05
-1.303308031317727000e+05
-1.266551319136539096e+05
-9.565008892277241102e+04
-7.102958939384664700e+04
-1.618928991410856834e+05
-1.032116536279206048e+05
-1.325506968552887556e+05
-1.538851130707414704e+05
-1.829217981319268292e+05
-9.511023659768188372e+04
-1.587997956700170471e+05
-1.607055683993256825e+05
-1.256489672933555266e+05
-1.217576478331123071e+05
-7.139582088618978742e+04
-7.927492555136092415e+04
-1.663040501617235132e+05
-1.138021320387269370e+05
-1.278452430830221128e+05
-1.040412624910020677e+05
-1.404430479398487951e+05
-1.126611338131020893e+05
-1.261634450278295262e+05
-6.808364919430413283e+04
-1.179456464649455738e+05
-1.620024701333710982e+05
-1.137888138948106935e+05
-7.483041044011281338e+04
-5.376503123973854963e+04
-3.726440378798039455e+04
-1.668118498218983877e+05
-1.977785310150913137e+05
-1.228477488082169730e+05
-1.352483978725522174e+05
-1.511548003226270957e+05
-1.827135868810196407e+05
-1.073023639056195680e+05
-5.847070105183686246e+04
-1.014887748685803817e+05
-8.342885846816253616e+04
-1.899951578133909788e+05
-2.112069879816696048e+05
-7.829803909506663331e+04
-8.710591118304974225e+04
-1.389894947585316550e+05
-2.038989754268249089e+05
-8.478169752689175948e+04
-8.010736519911384676e+04
-1.211626881908518262e+05
-1.476345322373110685e+05
-8.282207260655151913e+04
-5.897397611174926715e+04
-5.214941717530530150e+04
-5.825110332273194217e+04
-5.750142073734384030e+04
-6.124864580547945661e+04
-1.160763886258856655e+05
-1.613138829563225445e+05
-1.029858664590349945e+05
-1.507470386300732789e+05
-1.592858863289674337e+05
-1.984390956231655437e+05
-1.366844853097309533e+05
-7.098096635270652769e+04
-6.826351668195605453e+04
-7.627867506301087269e+04
-1.875932431336579029e+05
-2.097629005192817713e+05
-1.005206569192863244e+05
-8.822493571552859794e+04
-9.179160507308589877e+04
-1.224747983695084986e+05
-1.414121142375978816e+05
-1.982593232510922535e+05
-4.312663305142116587e+04
-5.326071831761797512e+04
-7.430065521810934297e+04
-7.552323025837294699e+04
-1.607276578197719064e+05
-1.405497337039115664e+05
-1.869073976547386847e+05
-1.043927788619455969e+05
-1.415355964348651469e+05
-1.317465367328998691e+05
-1.561565439597597579e+05
-1.104284557977198419e+05
-1.595067967859777273e+05
-1.094977967198247788e+05
-1.257214944175290584e+05
-1.102790288650277216e+05
-6.996155039323416713e+04
-8.450673696091804595e+04
-7.778909105475370598e+04
-5.579665051601243613e+04
-9.434957948356500128e+04
-1.326921229987305414e+05
-1.029466166977384128e+05
-1.530461991818866227e+05
-1.137319436526942736e+05
-1.157306558741463086e+05
-9.813480041494178295e+04
-5.328934277117590682e+04
-1.839040416942692536e+05
-1.842758732505569642e+05
-7.791326424797545769e+04
-4.801502343053455115e+04
-9.144645094991824590e+04
-8.175977159761539951e+04
-1.643164814796112478e+05
-2.194612685337685398e+05
-9.542088618929564836e+04
-1.366739066480748588e+05
-1.722656598304598010e+05
-2.493971903637842333e+05
-1.663680659835546685e+05
-1.279412095326073468e+05
-1.518834262714474462e+05
-2.211920414367330377e+05
-1.396302359284014383e+05
-1.338136577033017238e+05
-1.667151027871349943e+05
-8.827319691953199799e+04
-1.478944316775606712e+05
-1.112385991245717159e+05
-1.484321242007082328e+05
-7.725827225065203675e+04
-1.325977651757572021e+05
-7.624104907202333561e+04
-7.080787627786309167e+04
-6.097297795544676774e+04
-1.253774576502187556e+05
-9.370463969890997396e+04
-2.036784615220975247e+05
-1.519536748565100424e+05
-8.705278393931503524e+04
-1.126556756596349005e+05
-1.733903165223528340e+05
-2.029463178007473180e+05
-6.757721956127478916e+04
-6.237297220370413561e+04
-9.089094635000999551e+04
-1.334454482295544585e+05
-1.123305513857827755e+05
-1.548326138082523539e+05
-1.621125082860712719e+05
-1.389195097172276000e+05
-1.220527561166990490e+05
-8.046489581622334663e+04
-7.464679011689402978e+04
-1.095575517959378194e+05
-2.183240474385790003e+05
-2.180450482644047297e+05
-1.666580008619735308e+05
-1.807923637074877042e+05
-1.245934376884220546e+05
-8.498237302510994778e+04
-1.513554697837953281e+05
-1.916333670738456130e+05
-1.479342694355327112e+05
-2.042357969727139280e+05
-1.968889166376054927e+05
-2.951497439855530974e+05
-2.003849723500169348e+05
-2.490852197940625483e+05
-1.810181632470632030e+05
-2.699662092488787021e+05
-1.905035632536397025e+05
-2.352863075579850702e+05
-1.555808854719266528e+05
-1.132271785632111860e+05
-5.555071618394029792e+04
-4.635843731191810366e+04
-7.134742455682248692e+04
-5.507298058541653154e+04
-8.740692996759094240e+04
-1.310277228602833056e+05
-1.170135894820251415e+05
-1.609963655119704781e+05
-1.548125669177522359e+05
-1.193564198411805264e+05
-8.693764424331379996e+04
-1.085699031810529123e+05
-1.685496460827724368e+05
-1.599709485454833484e+05
-1.980609370065512485e+05
-1.717390862933039025e+05
-1.541724912772612588e+05
-1.685143752788123093e+05
-1.665551686754199909e+05
-1.432066278104754456e+05
-6.900646313364748494e+04
-8.652752270526035863e+04
-1.005922028417832480e+05
-1.412088065185056766e+05
-9.655642815527033235e+04
-6.515685713985565235e+04
-1.488093666534986405e+05
-1.049780372826273961e+05
-1.341006675394180347e+05
-1.377876398705739412e+05
-1.510064578819765593e+05
-9.840256226308556506e+04
-1.220488659635710792e+05
-1.588838137490467634e+05
-1.568674709619099449e+05
-1.219126244473503029e+05
-1.067944384645231476e+05
-1.574976794793906738e+05
-1.154697652057819942e+05
-1.372959272282923921e+05
-1.235450572969864879e+05
-1.144201634510991425e+05
-5.349439828374741774e+04
-6.788355307710661145e+04
-7.834011815817188472e+04
-9.475104511588360765e+04
-1.260013007482865505e+05
-1.564651111796815530e+05
-1.343908087517892418e+05
-1.095958526563956548e+05
-6.250027371599499020e+04
-5.226691026878225966e+04
-7.361070972187037114e+04
-6.988254800743360829e+04
-1.297220395231036237e+05
-1.142725848475327657e+05
-6.701873998962731275e+04
-8.379460362523426011e+04
-1.609129917732037138e+05
-1.028953016632753133e+05
-1.571655210692438995e+05
-1.157432603466302971e+05
-1.054645183141171874e+05
-9.970157353504723869e+04
-1.094212734131687030e+05
-1.488217507450832054e+05
-5.710865996063064085e+04
-4.316571328241545416e+04
-1.780578600655074988e+05
-2.479366721751081641e+05
-1.135649556201520318e+05
-1.044653848907460342e+05
-1.065910117195152561e+05
-9.748517479332060611e+04
-1.324977488767204632e+05
-1.594390995805931452e+05
-1.752760438531127002e+05
-2.504619142644877138e+05
-9.831731267164659221e+04
-6.439234189950811560e+04
-1.162663027669895673e+05
-8.607664352240756853e+04
-1.249436169648494833e+05
-1.530223051405867445e+05
-1.194654023826383491e+05
-9.840477820456319023e+04
-1.026467107929368067e+05
-1.235574463685233786e+05
-7.577820546039997134e+04
-5.506068478631637845e+04
-1.268834583511294622e+05
-1.427067594085412275e+05
-1.516850679040873365e+05
-1.953099120674212463e+05
-1.088825597841435956e+05
-1.090452903831155709e+05
-8.272982181384720025e+04
-7.336875425003454438e+04
-1.273381991232863802e+05
-9.160810211991274264e+04
-6.236873691733035230e+04
-5.874419710148096055e+04
-1.081621970732472109e+05
-1.175209108502046147e+05
-1.172379011504293449e+05
-1.748767295763510629e+05
-1.273516447269236669e+05
-1.440592981205708638e+05
-6.265755522450520948e+04
-7.877772654403213528e+04
-1.410791298425333807e+05
-1.209149547437411529e+05
-1.494761590523424093e+05
-1.936493348903739243e+05
-1.477440483959624835e+05
-1.488901620025418524e+05
-1.634786557411453396e+05
-1.773321208047433756e+05
-1.228609406175611221e+05
-9.159799605689008604e+04
-1.277919786340659339e+05
-9.460398431189407711e+04
-1.822872250192991341e+05
-1.309138941939704091e+05
-1.191112787642421463e+05
-6.322341143995323364e+04
-7.420917215475154808e+04
-5.992268227914181625e+04
-1.154073517372518982e+05
-1.094904098561020510e+05
-7.757588256559836736e+04
-5.502563643452962424e+04
-1.431865452532733034e+05
-8.679304479376497329e+04
-6.904544431782700121e+04
-6.256507952137435495e+04
-1.093969025860954716e+05
-7.864557825748497271e+04
-1.492812754094428674e+05
-1.771764453399579797e+05
-8.269056063825992169e+04
-7.823770265668950742e+04
-1.763066028143579897e+05
-1.455706807544244220e+05
-1.671970398225303506e+05
-1.395148328493351000e+05
-1.713047799217315041e+05
-2.414782934529558406e+05
-1.340352954332466470e+05
-1.138099678908335336e+05
-1.408907602556848724e+05
-1.989099534792772611e+05
-1.118613638916817144e+05
-1.513261248097818461e+05
-1.659770337242212554e+05
-2.472956866513200221e+05
-1.235017154428520298e+05
-1.509569826456781593e+05
-1.436274693349878653e+05
-1.710684497295805195e+05
-1.457041977259414562e+05
-1.695807050767343026e+05
-1.613076828387093556e+05
-9.260653480182705971e+04
-1.697289779248327250e+05
-1.689647868823455065e+05
-1.418766467042814766e+05
-1.128980259633074311e+05
-1.169946257934599562e+05
-9.754098050373769365e+04
-1.352782162227311346e+05
-7.488020837591926102e+04
-7.930181995017611189e+04
-1.093317790831675957e+05
-8.174129710632249771e+04
-7.538981222507471102e+04
-1.735742736674962798e+05
-1.270058393949485617e+05
-9.091297939392701664e+04
-1.338186691683719109e+05
-8.100721595552605868e+04
-8.251402998808333359e+04
-1.581721867265648034e+05
-1.795830943386854779e+05
-5.656565668566524982e+04
-3.544741755597067822e+04
-1.337384472606452182e+05
-1.033979458074186987e+05
-6.883843845233882894e+04
-9.794472039104337455e+04
-7.508403950872221321e+04
-6.449279716889553674e+04
-1.525145492826753471e+05
-1.876973537200804567e+05
-1.980227263489186880e+05
-1.057481889660226152e+05
-1.386966485689239344e+05
-1.178908812853886047e+05
-8.609764944134168036e+04
-6.464407041920998017e+04
-9.327013584389234893e+04
-1.126235205997297016e+05
-1.093795553511774924e+05
-1.466534839256636624e+05
-1.377515210376228206e+05
-1.307489358486629790e+05
-7.595918183167395182e+04
-1.105121225252594450e+05
-1.526015830587520322e+05
-1.177696515351350390e+05
-4.400739694332027284e+04
-4.451182419518285315e+04
-2.143015053171763429e+05
-1.685934134780348977e+05
-1.788655057901570108e+05
-2.438772795428512327e+05
-7.929644677022180986e+04
-1.019173852505229879e+05
-1.163579080015240761e+05
-8.611618210419805837e+04
-1.121677724863241456e+05
-9.514470999518214376e+04
-8.588028622499907215e+04
-7.081856761940018623e+04
-1.583858569868380437e+05
-2.030264310881529818e+05
-1.976880574781309406e+05
-1.161694899241684325e+05
-1.094913537771493866e+05
-1.575285226430040784e+05
-1.805240671557746537e+05
-2.432944283908171637e+05
-1.339511118495266419e+05
-1.336738277766768006e+05
-1.185961834404882247e+05
-9.586157812857511453e+04
-1.379514866629190801e+05
-1.667013214155755122e+05
-7.724714813132847485e+04
-8.980716703688586131e+04
-1.758707027037033695e+05
-8.847509830602523289e+04
-9.545328035839737277e+04
-9.720948337110978900e+04
-1.087982188805098558e+05
-9.549962098044349113e+04
-8.134186342261318350e+04
-1.101998359774431738e+05
-1.015878339820622932e+05
-1.339462999104437768e+05
-9.579534358427814732e+04
-1.162709234431599180e+05
-1.020083574139590201e+05
-1.048425824988812965e+05
-1.781879032096872397e+05
-2.222975673201496829e+05
-8.036906126379266789e+04
-4.031836777710750903e+04
-1.219576973001176520e+05
-1.301998357865544094e+05
-4.908822190697160113e+04
-3.578214967975090258e+04
-1.691538982625371136e+05
-1.616798782216515974e+05
-9.149450979047258443e+04
-7.538821167042129673e+04
-1.232839051048018155e+05
-6.803256751395898755e+04
-8.019904972432792420e+04
-5.722246148522820295e+04
-1.796104630226721056e+05
-9.341092375048743270e+04
-1.142553411956391792e+05
-1.662770730993929901e+05
-8.880354866455905722e+04
-1.142570722726710665e+05
-9.828452027505105070e+04
-7.957208018563146470e+04
-1.099348373356733064e+05
-8.445086052131146425e+04
-1.298876675462934800e+05
-8.131265767859786865e+04
-1.330524070491817547e+05
-1.403309331028328452e+05
-1.672970540724651073e+05
-1.731243896279335313e+05
-8.610301688377630489e+04
-1.039841481620530685e+05
-8.275938422581214400e+04
-5.714709331874050258e+04
-1.369967291114936525e+05
-1.815625822159023373e+05
-1.295102370924081042e+05
-1.290000205831392668e+05
-1.188543962639913225e+05
-8.769342170432825515e+04
-1.447903267072748276e+05
-1.078271324702858547e+05
-7.464213915508786158e+04
-6.379681009445470409e+04
-1.251913409548003256e+05
-1.411820467163429712e+05
-1.614203130413643084e+05
-2.304385314513004269e+05
-1.045911454109285260e+05
-1.024942875328587397e+05
-1.150819668040852994e+05
-9.841278341166587779e+04
-1.002258687063695397e+05
-9.885774319036642555e+04
-1.908729469415651984e+05
-1.329434455318135442e+05
-1.463672576335100166e+05
-1.775360640292558528e+05
-1.080470626015731541e+05
-1.264722577661385876e+05
-8.860504215791219031e+04
-6.272845698071944935e+04
-1.854621159476980974e+05
-2.066843462699321681e+05
-1.122472327148288459e+05
-1.093553323427916912e+05
-5.448338737082493753e+04
-6.158555203037612227e+04
-1.451493716760893876e+05
-1.289338264685384638e+05
-1.098249345402049221e+05
-1.146357997609674348e+05
-1.404329730501869926e+05
-1.950051503177919658e+05
-8.280773238936623966e+04
-1.084701898674928816e+05
-9.220865876402628783e+04
-1.206815195624105545e+05
-1.346296289416666550e+05
-1.840743322479013004e+05
-1.168799066113933222e+05
-6.024331093637710001e+04
-1.233510001220969134e+05
-1.622441019562567526e+05
-8.625106871807694552e+04
-7.206445916096953442e+04
-7.382978387855815527e+04
-6.730287942697931430e+04
-1.322268404137160396e+05
-9.990997726554350811e+04
-1.379832844483747613e+05
-9.739463973824313143e+04
-1.329886587528118398e+05
-1.960843996434357250e+05
-1.229066313151376671e+05
-1.564264626346380101e+05
-7.566461199036164908e+04
-1.018152051536728686e+05
-1.684745181527732639e+05
-9.942895726746441505e+04
-1.481332192640903813e+05
-9.554173057909426279e+04
-1.337757866880207730e+05
-1.182662820278311410e+05
-6.574815037218014186e+04
-4.109824729182178271e+04
-1.617336440964217763e+05
-2.096402344607098494e+05
-6.199734204891636182e+04
-7.550684931218251586e+04
-1.882304304684673261e+05
-1.153441159962809033e+05
-1.614767767144560930e+05
-1.197519534014587116e+05
-9.431190918273164425e+04
-1.052742642234212981e+05
-1.696310021675264579e+05
-2.124883198677438777e+05
-9.933099727699127106e+04
-1.180175132578851772e+05
-1.429889606063811516e+05
-9.450256631323206238e+04
-8.651296166661304596e+04
-7.836953514307139267e+04
-1.443521112883561582e+05
-1.825769469648172380e+05
-1.361879987316394690e+05
-1.515077874606938858e+05
-1.696984037953672814e+05
-1.283458874628807826e+05
-2.033853824201235548e+05
-2.338128895334572881e+05
-1.239062924684204918e+05
-8.609063932485997793e+04
-2.115730264066187374e+05
-1.538734957654303871e+05
-5.810966952286315063e+04
-3.791601035523932660e+04
-8.995879159760301991e+04
-4.726529178605591733e+04
-1.408475338480462378e+05
-1.239159765073752496e+05
-1.844978886542365362e+05
-1.897088597748017928e+05
-1.254248219712081773e+05
-9.405707656837257673e+04
-7.026297873703214282e+04
-8.496948307150845358e+04
-1.170298103611737752e+05
-1.132754176654570474e+05
-8.976090049883481697e+04
-8.714706189927666856e+04
-1.085180703294826380e+05
-8.676669003845278348e+04
-1.884263654736461758e+05
-1.789485568719242583e+05
-1.793330300433821685e+05
-1.725207521804405551e+05
-1.321758828533520864e+05
-1.572941850277506164e+05
-1.216629586887874320e+05
-9.608335042975572287e+04
-1.621510366638479463e+05
-9.566969989604450529e+04
-1.362848987081074156e+05
-1.192644389930461184e+05
-5.360999530692194821e+04
-6.484581002143042861e+04
-1.536530736850809481e+05
-1.417236504025238683e+05
-1.599595236212755553e+05
-8.561143914355960442e+04
-1.225724390717546339e+05
-1.744267066673768568e+05
-1.085955519883687375e+05
-7.813810985087708104e+04
-2.112169353040858987e+05
-1.543028338237701100e+05
-1.138724889709475974e+05
-9.596191648386020097e+04
-1.274858340899719042e+05
-1.550196589189681108e+05
-1.240708315463204199e+05
-1.729268165397180419e+05
-2.115906639858873386e+05
-3.103558161987187341e+05
-6.786687333661198500e+04
-9.425658202092209831e+04
-9.681132531601990922e+04
-1.178642758541452349e+05
-1.901523480945162300e+05
-1.706885998179037706e+05
-1.578004445347443689e+05
-1.298629187775520986e+05
-1.159530520275195886e+05
-1.579475319120296335e+05
-1.094388518390832905e+05
-6.416362667223436438e+04
-1.124538038623103494e+05
-1.617850982420714281e+05
-1.101952645208968752e+05
-6.618370787481320440e+04
-1.412291432500047376e+05
-8.415379599105429952e+04
-1.045064418039154843e+05
-5.823460940056957770e+04
-1.146465800208749570e+05
-8.107304988231699099e+04
-1.226323814502111636e+05
-1.042878480264644604e+05
-1.460952096355762624e+05
-1.854648783679880144e+05
-1.625982180775293964e+05
-2.330575874324638862e+05
-5.598028417461032222e+04
-4.345012642847986717e+04
-1.481334794161296159e+05
-2.171230042250974511e+05
-1.520069904551447835e+05
-1.313941876704942260e+05
-1.100606658092983998e+05
-1.546289865258306381e+05
-1.396233732131227443e+05
-2.031694155650952889e+05
-1.776231787554034381e+05
-2.573685286024050438e+05
-1.118100339685443323e+05
-1.076056507187491516e+05
-9.245484372742350388e+04
-1.248690830939664738e+05
-7.526110447599957115e+04
-9.242248357681467314e+04
-1.182746006878438056e+05
-1.137700216805154341e+05
-1.088879549653401191e+05
-1.206783433821946819e+05
-9.835211756288874312e+04
-6.579818037804898631e+04
-1.031484258262395451e+05
-1.017960874305912439e+05
-5.928578883505594422e+04
-3.265275639506737934e+04
-1.557278488882562960e+05
-1.832206499934256717e+05
-1.126698778759086563e+05
-8.018905219075549394e+04
-1.556145176339951868e+05
-2.173373280401868105e+05
-1.141814431045355450e+05
-1.504137574238848756e+05
-8.180231223782006418e+04
-4.701399269277569692e+04
-1.282690760201126541e+05
-8.588097322818130488e+04
-1.273810035126209405e+05
-7.033352586894543492e+04
-1.191592097872865706e+05
-6.509585341166723083e+04
-9.291499532581373933e+04
-1.148346720744262566e+05
-9.379797464425953513e+04
-1.095560385228179366e+05
-1.953776458498015418e+05
-1.760413976698942715e+05
-1.201171938626693736e+05
-1.530959998834339494e+05
-1.765261559156569419e+05
-1.404961258050606702e+05
-1.414991829605784151e+05
-1.185097881506083941e+05
-5.443834489989680878e+04
-3.930608446207555244e+04
-8.143406085368159984e+04
-8.626173116794868838e+04
-1.717144213497744640e+05
-1.810910596424940450e+05
-7.214383909831210622e+04
-7.570391076804361364e+04
-9.008976755287851847e+04
-5.383486561388490372e+04
-1.198315547775310552e+05
-1.466863087989706837e+05
-5.572909552223696664e+04
-3.341782297017531528e+04
-7.376064139551739208e+04
-7.965495757322026475e+04
-1.515170191213147773e+05
-9.470338801194573171e+04
-1.595987985448588734e+05
-9.396974347151406982e+04
-1.693990836424462032e+05
-2.406882462737745373e+05
-1.419410256394825119e+05
-7.479703386470404803e+04
-9.377016509227070492e+04
-1.134110380365266174e+05
-8.026601650585881725e+04
-9.066690889193356270e+04
-1.393587017159165407e+05
-1.589830869358104828e+05
-8.439933738059154712e+04
-8.335942240889910317e+04
-1.011218585477614542e+05
-1.355914662192041287e+05
-1.286995010226039449e+05
-1.244478360264539369e+05
-1.402844369641637313e+05
-1.387698750364314765e+05
-1.497694322082740255e+05
-1.588784729631034425e+05
-1.191585237989094312e+05
-1.454905516859681229e+05
-1.064100613704032148e+05
-1.331153886040092621e+05
-8.774295994461199734e+04
-5.603339012729210663e+04
-7.085718247969192453e+04
-1.004676609991540026e+05
-1.840750418220799475e+05
-9.753443882924756326e+04
-1.045656083104620629e+05
-1.565746954087992781e+05
-1.662272738291615678e+05
-1.715481035417594248e+05
-8.900586564531852491e+04
-7.559558372214570409e+04
-1.291577358552486403e+05
-1.506755280072173045e+05
-1.993138394589375239e+05
-2.540890584609892685e+05
-8.425570702705682197e+04
-8.428026808760645508e+04
-1.047871066568357928e+05
-1.519837089286088012e+05
-1.608966447887099057e+05
-9.775407984837400727e+04
-1.956553511809197371e+05
-2.124694542164261802e+05
-9.424356963185207860e+04
-7.170879964373953408e+04
-1.531678462593182921e+05
-1.237572039255415730e+05
-1.502885287747403199e+05
-9.364191529328336765e+04
-9.063649616542473086e+04
-8.676984720138799457e+04
-1.499958165902444453e+05
-1.724769520006472594e+05
-1.284438290823572024e+05
-1.211555469419761794e+05
-1.693927170165213756e+05
-2.505037678447525250e+05
-9.915106135601583810e+04
-9.567313490397634450e+04
-6.754856438157189405e+04
-4.407681165921250067e+04
-8.710540865654015215e+04
-1.239866548887125100e+05
-9.621680242773701320e+04
-5.289418605119636049e+04
-1.160558767412797024e+05
-9.575416791304788785e+04
-6.448200064195587038e+04
-3.897601613307328807e+04
-1.076613351747787819e+05
-1.528100282800041023e+05
-1.109308235483417375e+05
-9.324477293426150572e+04
-8.777567141299367358e+04
-5.674588082623873197e+04
-1.391945068671210029e+05
-9.370074373838803149e+04
-1.095765850102690310e+05
-8.435393017050076742e+04
-6.907926831495838996e+04
-5.690651518834306626e+04
-6.965276321843307232e+04
-4.122474262095937593e+04
-1.285746025254173146e+05
-1.157978560281419923e+05
-1.482750753616691218e+05
-1.249951879166658910e+05
-1.364570957436632016e+05
-1.971185185388383397e+05
-1.046639611161295616e+05
-1.390562657872370037e+05
-5.753290459094515245e+04
-4.412196145496659301e+04
-1.451372002359925536e+05
-1.981387970908743155e+05
-1.309187065773230279e+05
-1.403230745919934998e+05
-6.624784608459421725e+04
-5.068661097294861975e+04
-9.810663228577634436e+04
-7.397221766446216498e+04
-1.760148328697290272e+05
-1.148602126832096837e+05
-1.240931430530668149e+05
-1.676539999908821774e+05
-1.446713458809359290e+05
-2.024400539772446791e+05
-9.657924103087547701e+04
-5.372438246965483268e+04
-1.639863946883882163e+05
-9.426559361724116025e+04
-1.889785394822016533e+05
-1.901472618542523705e+05
-1.654040917748326319e+05
-9.567444300055623171e+04
-1.918830552820003068e+05
-2.400757009823970729e+05
-1.691112506299968809e+05
-1.913536266140426451e+05
-5.852397430077796162e+04
-8.004633188667513605e+04
-9.252267458232591162e+04
-1.154291789477372076e+05
-6.950301799745298922e+04
-5.284287465753618744e+04
-8.385254531429514464e+04
-7.789685062434381689e+04
-8.949929303629227798e+04
-8.625896632147266064e+04
-1.387374191567698144e+05
-1.535276858347416564e+05
-1.033439020912770648e+05
-1.185128018088467070e+05
-1.427710547038414516e+05
-8.840674703904682247e+04
-6.725383193328786001e+04
-8.949358247378014494e+04
-1.341651736345921236e+05
-9.340594659870925534e+04
-1.438941047919751436e+05
-2.027761039467362571e+05
-1.564757356582906796e+05
-1.260729540383794229e+05
-9.487676083857842605e+04
-5.369044663715275237e+04
-9.998149253723995935e+04
-1.409928128791062045e+05
-1.388163086756404082e+05
-8.008375994410456042e+04
-5.203147398380938102e+04
-5.962576039300781849e+04
-1.207512989731038542e+05
-9.987552573418678367e+04
-1.363740057774197776e+05
-7.737928211214621842e+04
-1.012075313251291518e+05
-1.332932595309094177e+05
-1.605400566327817796e+05
-1.909886891405726201e+05
-1.080964602353949012e+05
-1.274844358870206488e+05
-1.572942814212072117e+05
-1.125960692681123910e+05
-1.438443792378730432e+05
-1.598599548013612803e+05
-1.424238704586393433e+05
-1.158249163290493452e+05
-8.684264711125873146e+04
-4.979304375757896923e+04
-8.558540842480944411e+04
-6.086642172819335974e+04
-1.503328557908438088e+05
-2.227735575978665729e+05
-6.892566952268418390e+04
-7.711827727053183480e+04
-1.495683572916683042e+05
-2.040873608287292009e+05
-5.598320180425832950e+04
-8.153271636781693087e+04
-1.211723744986292440e+05
-1.254257171599644353e+05
-1.093969403669298481e+05
-1.334187452428232937e+05
-1.052740130307954096e+05
-7.411287551128269115e+04
-1.585994401915545750e+05
-1.815304768100217916e+05
-5.353726165287508047e+04
-5.335502411400665005e+04
-1.493182082283502968e+05
-7.717477544110361487e+04
-9.867733143680612557e+04
-1.071106331391260173e+05
-1.647220793590206304e+05
-1.260513397028274776e+05
-6.679455710818109219e+04
-4.100383490986163088e+04
-1.412846654016231478e+05
-1.920535439799978049e+05
-1.095153095754074166e+05
-1.249555231151640910e+05
-1.156182148759558186e+05
-1.060146040600046399e+05
-8.162409739508845087e+04
-4.474227351724207983e+04
-1.657761721070243802e+05
-2.275410384851812269e+05
-1.631741529071831610e+05
-1.041741940359626460e+05
-1.162245683121305628e+05
-7.241451632997815614e+04
-1.206226135044215625e+05
-1.698474603806571104e+05
-8.491128077288858185e+04
-1.171469222458341683e+05
-1.507623447964952211e+05
-2.100520675220581179e+05
-1.810405050923186645e+05
-1.024648577380840870e+05
-1.047045558434807026e+05
-1.437893369770278223e+05
-1.580589723892935726e+05
-1.746655889208870940e+05
-1.298130781534409325e+05
-1.693405855084492941e+05
-9.615851321652172192e+04
-1.066995430010616838e+05
-1.086709780600850063e+05
-1.035035861501249019e+05
-1.013599472274806321e+05
-9.915780399782596214e+04
-1.033478605973207159e+05
-1.195582816326986504e+05
-1.197916303545773553e+05
-1.299307686141534650e+05
-6.941517467678544926e+04
-5.380979584773495299e+04
-1.651504336637454107e+05
-2.234040227852002427e+05
-1.276294819939605368e+05
-1.351042317382164474e+05
-1.974391685558065365e+05
-1.348718059896335180e+05
-1.478297787344195822e+05
-1.053151408242672915e+05
-9.526843723841320025e+04
-9.497419000969840272e+04
-8.965436458656247123e+04
-1.336980382715107116e+05
-1.107375639279550232e+05
-1.571133943901058228e+05
-1.566046542982157844e+05
-1.356959057807988720e+05
-1.653941249027754529e+05
-1.659795466419282602e+05
-1.789245042483083380e+05
-1.247058208374046662e+05
-1.471087783375993022e+05
-8.740234843636042206e+04
-1.171438506963407126e+05
-9.117847792398462479e+04
-1.453564916108619655e+05
-8.898377795847249217e+04
-1.387343714951254951e+05
-1.184608227502618247e+05
-8.108240406861819793e+04
-6.995353267646169115e+04
-8.672059758602711372e+04
-5.267438469465925300e+04
-1.190007503222597152e+05
-7.778306581718483358e+04
-5.975277657329921203e+04
-5.118671625905994733e+04
-7.867323161246978270e+04
-1.173301871000648534e+05
-1.727126662754248828e+05
-1.065473982330372091e+05
-1.582711344859783421e+05
-2.326246870461264043e+05
-1.270221600943738740e+05
-9.831387740688154008e+04
-8.356063493505075166e+04
-1.010244302580725343e+05
-1.096331073832134280e+05
-1.366677677245662780e+05
-6.832587403597409138e+04
-7.713023144890245749e+04
-1.010699828814442299e+05
-1.182067082798161427e+05
-1.706473052255988296e+05
-2.514666484098870424e+05
-1.830103072897647216e+05
-1.184026378525381733e+05
-8.048918559933155484e+04
-9.961053694359172368e+04
-6.635641928832721896e+04
-8.149421553209223202e+04
-1.626729808304604085e+05
-1.545516341800275259e+05
-5.102426353380666114e+04
-7.561235343251493759e+04
-1.672586887700187508e+05
-1.374113005540737649e+05
-1.105235704811926989e+05
-1.074977652970283671e+05
-1.773915399701237620e+05
-2.652487183291015681e+05
-1.270972587123199191e+05
-1.432515439821028267e+05
-1.575297196185132780e+05
-1.306503810392249434e+05
-9.966057362401347200e+04
-1.318517748064060579e+05
-1.586761463763720822e+05
-1.163915686043860624e+05
-7.025642494064421044e+04
-6.661316502611670876e+04
-1.344113951462321565e+05
-1.422201205052515434e+05
-1.220329881477638701e+05
-1.461776034776614397e+05
-1.173052676458296046e+05
-1.711683080916279578e+05
-6.985029790306427458e+04
-3.809140582382343564e+04
-1.538356529192306916e+05
-1.948741035370326426e+05
-1.180239362554102117e+05
-1.445828119081818149e+05
-6.893340277099510422e+04
-4.901638651065756858e+04
-1.725833680562936061e+05
-2.173764964322419546e+05
-1.564591269964365056e+05
-1.343574004670385038e+05
-1.746214869555362966e+05
-1.649339862032505625e+05
-6.160677640848826559e+04
-5.194946724761441146e+04
-1.715656071095987572e+05
-1.080259463469010079e+05
-5.293248498714529705e+04
-4.423983260653196339e+04
-5.389612347481089091e+04
-6.287279518658086454e+04
-5.192999744913631730e+04
-7.109440872596239205e+04
-9.513561454021016834e+04
-6.979900990523732617e+04
-9.205891014747750887e+04
-1.075204692181829596e+05
-1.781870418311729445e+05
-1.301913834855774185e+05
-7.975397242422623094e+04
-6.068842039871489396e+04
-1.778326642659322242e+05
-1.849230285203432140e+05
-1.117567727812845405e+05
-6.515515900586212956e+04
-1.189271642522980546e+05
-7.826842025364324218e+04
-1.163447845921325643e+05
-8.274403458345300169e+04
-9.658531568206401425e+04
-7.725210878466226859e+04
-1.762722580647609720e+05
-2.572155267233354389e+05
-5.594637701226008357e+04
-4.047940703215170652e+04
-1.144449419969403825e+05
-1.244311820400287688e+05
-1.375760986256060714e+05
-1.280366964178898925e+05
-1.548347512232042500e+05
-2.167271183690053294e+05
-1.722497660784546752e+05
-1.702386671612455393e+05
-1.667619673906332755e+05
-1.896544826519530325e+05
-8.497525913543599017e+04
-8.292042431438568747e+04
-7.425502520801856008e+04
-1.094850583940189972e+05
-1.311651631341197353e+05
-1.350913100120127201e+05
-1.133852788890365337e+05
-9.445633490479226748e+04
-1.125700919987302041e+05
-1.580435311020139488e+05
-1.419576042861405876e+05
-1.705295301158314396e+05
-8.978355892792515806e+04
-1.074903015247830190e+05
-1.575209521313181031e+05
-1.939328708870307892e+05
-1.423406272761446889e+05
-1.666534649135732034e+05
-7.695008761584678723e+04
-5.651541308147920063e+04
-1.242460998078919365e+05
-1.025545913707740547e+05
-1.022422079024685954e+05
-9.666921951225775410e+04
-8.233938803873441066e+04
-6.494625967287139065e+04
-1.019238585563074885e+05
-5.312282714880695130e+04
-1.493775934585351788e+05
-1.649286648705783009e+05
-2.069577748978164163e+05
-2.720112604036752018e+05
-8.511873932387192326e+04
-9.593974603838934854e+04
-7.755086115382422577e+04
-5.717464543060459255e+04
-5.730061524515501515e+04
-3.273843861757522609e+04
-1.285177990381972922e+05
-1.353379776542709442e+05
-7.196035471602241159e+04
-6.637657438386967988e+04
-1.729598253155419079e+05
-1.138888720990204165e+05
-1.206181624265666469e+05
-1.190861901973045460e+05
-1.238600278645273793e+05
-1.831071565515627735e+05
-1.886719426343635714e+05
-1.769859967492478900e+05
-8.837583155652981077e+04
-8.747397016067487129e+04
-1.286283448873047309e+05
-1.555563063309201389e+05
-1.049119521223014453e+05
-7.890626347887357406e+04
-8.301322377412610513e+04
-1.068046457203209575e+05
-5.406865687460768822e+04
-7.928322507892758586e+04
-6.475392802102687710e+04
-8.044007557511643972e+04
-1.307763853236631112e+05
-9.235135957378582680e+04
-1.166610215098202607e+05
-7.353904541227238951e+04
-1.631877344299398537e+05
-8.372591522150141827e+04
-1.618120470155919902e+05
-1.351901900921685447e+05
-1.204180261144035612e+05
-1.778957091020763619e+05
-8.900684736852980859e+04
-1.259079871925538755e+05
-1.058755299936660012e+05
-9.115823005892217043e+04
-1.165412915378897742e+05
-6.651105045109584171e+04
-7.221844931954884669e+04
-9.106624903744000767e+04
-8.567862659482049639e+04
-5.349130635609159071e+04
-9.584836327970058483e+04
-9.641200268424964452e+04
-8.459965519448033592e+04
-1.174292523439550423e+05
-9.200070314122890704e+04
-7.024951011133397697e+04
-1.234194199361273495e+05
-1.736318400088834751e+05
-1.630409637192131777e+05
-2.068240399289667839e+05
-1.653351502327575872e+05
-1.241601541691394232e+05
-1.268478517478317954e+05
-8.171946306615728827e+04
-1.867754698594474175e+05
-2.758877769064974273e+05
-1.460174683438372740e+05
-1.521092028301081737e+05
-1.303260805850119068e+05
-1.928511311360481777e+05
-1.154539314519353065e+05
-1.036699993915060477e+05
-1.060623094068178179e+05
-1.514188357171336829e+05
-1.225268987869815319e+05
-1.296470374573346635e+05
-8.566355318674027512e+04
-1.095165392437967530e+05
-8.402206155073657283e+04
-1.132763672582760773e+05
-1.765412871153645101e+05
-2.533391218450900633e+05
-1.602208944576268841e+05
-1.641930011194850958e+05
-6.150021628490972216e+04
-8.441113701059782761e+04
-9.669802561771565524e+04
-1.268889497296654445e+05
-8.931012868005431665e+04
-1.040885358354272903e+05
-8.514893321685449337e+04
-6.094279367559993261e+04
-1.346599943096739298e+05
-1.627523280760017806e+05
-1.316635597124741180e+05
-7.201165147392975632e+04
-1.224870254732530884e+05
-1.350792816811594821e+05
-1.442019901549586502e+05
-1.542054495226654108e+05
-2.048221693819306965e+05
-1.757854275749744265e+05
-7.379381179045565659e+04
-1.066043783788606816e+05
-1.631736117568182235e+05
-1.556854293982704403e+05
-1.005159874475057732e+05
-1.167344280050634407e+05
-1.204969842862541409e+05
-1.187884900696900149e+05
-1.291837690097563609e+05
-1.789833288087876863e+05
-1.515223500886387483e+05
-1.864037441072831280e+05
-1.689586056102958973e+05
-2.100516083174554515e+05
-1.551629488889472559e+05
-2.065769999082725262e+05
-9.079329292914466350e+04
-1.095879584481319180e+05
-1.272343906460419093e+05
-1.443464153609321220e+05
-1.015744111744059046e+05
-5.333346372477887053e+04
-1.519947493605606142e+05
-1.100348745740105805e+05
-1.375930051714020956e+05
-1.051300372996291553e+05
-1.130130348192725069e+05
-1.543189987664897926e+05
-1.736764272646378668e+05
-1.138650576122626953e+05
-1.445736812113830820e+05
-1.125603460260443389e+05
-1.718664556319587864e+05
-1.665027936735610710e+05
-9.558786130465914903e+04
-1.282136362692163530e+05
-9.850901168435186264e+04
-5.415081836222688435e+04
-1.924118835723396915e+05
-1.843480041594591748e+05
-9.164025784618548641e+04
-5.816574180584806891e+04
-1.727687422252918186e+05
-1.514786754982342536e+05
-7.966056401768905926e+04
-8.945052288045329624e+04
-8.095727403559522645e+04
-1.066545575952172512e+05
-8.893593898306503252e+04
-5.437725125264070812e+04
-5.834447055699536577e+04
-3.887988468834014202e+04
-1.921710293022147671e+05
-1.282713118509742490e+05
-6.094958718334340665e+04
-6.002996882286630716e+04
-1.322075571394063300e+05
-1.927529617536406731e+05
-1.160031103069219243e+05
-1.429729397783029126e+05
-8.519310401661030483e+04
-8.570011657785317220e+04
-1.375761843022609828e+05
-8.847485681452421704e+04
-9.501386918798649276e+04
-7.321531296444014879e+04
-1.667767223957105598e+05
-1.365009786090921843e+05
-1.887448579820372397e+05
-1.330298690546629659e+05
-1.434235630632039101e+05
-1.147808107581330696e+05
-8.882921610757065355e+04
-1.241372389631892293e+05
-8.148160245970041433e+04
-8.435997037543126498e+04
-5.168439375058025325e+04
-3.145925057726720115e+04
-6.286665014947058808e+04
-6.548217540832422674e+04
-1.527276598158734560e+05
-1.920485383103592030e+05
-5.845513299852018099e+04
-4.601295460350286157e+04
-8.259131316727254307e+04
-7.958001709490432404e+04
-1.324599749620952643e+05
-1.657312367467102595e+05
-5.527858129346579517e+04
-3.527733068009272392e+04
-6.216701477202077513e+04
-7.111200632315770781e+04
-6.661024143400887260e+04
-8.301351655401148309e+04
-1.061579503345667035e+05
-6.186695992697228940e+04
-9.841827871470917307e+04
-1.036239748668149550e+05
-1.717348866338260414e+05
-1.254594653976888803e+05
-1.489858038772894943e+05
-1.285918884979301074e+05
-1.507286548030661943e+05
-1.586992110577978019e+05
-9.613288463319139555e+04
-7.418087680828192970e+04
-1.216432318764279044e+05
-1.437128737373111362e+05
-5.891386903269310278e+04
-8.556878933826720458e+04
-2.056989204534730816e+05
-1.940874081407800841e+05
-9.662449171168642351e+04
-9.843573650984966662e+04
-8.289300139357490116e+04
-1.177563046354128455e+05
-1.614642720397385710e+05
-8.273825195017096121e+04
-9.899213054174026183e+04
-6.639278664918639697e+04
-9.376327495171388728e+04
-6.118017243701653206e+04
-1.220204271244158444e+05
-1.285925758317043219e+05
-1.517011966595509439e+05
-1.301951239664761088e+05
-8.931443978396228340e+04
-6.865561275299379486e+04
-1.643376803740728355e+05
-1.214724611013371905e+05
-8.742460171624769282e+04
-8.652053194994782098e+04
-8.517329524016025243e+04
-6.061054793710680678e+04
-8.845752285961844609e+04
-7.879146540676093719e+04
-1.518634330330054800e+05
-1.757555960395525617e+05
-1.698034991316464439e+05
-1.322593321453850949e+05
-1.432703066801801906e+05
-1.926842792968423746e+05
-8.134066189260761894e+04
-7.827506006185671140e+04
-1.074042338381214067e+05
-8.269251202734700928e+04
-1.278317879146947525e+05
-1.123476880980992428e+05
-6.452045026304896601e+04
-8.743725539087103971e+04
-1.366189362120513979e+05
-1.555920596159805718e+05
-1.027901121174828149e+05
-7.783759879277621803e+04
-5.396629859050860250e+04
-7.244184882952569751e+04
-9.369199269444712263e+04
-1.127899885971283220e+05
-9.768742649786591937e+04
-1.449284011852755211e+05
-1.817482833520087879e+05
-2.567289340259497985e+05
-9.868054489078534243e+04
-1.430804892540580768e+05
-1.602266096108970232e+05
-1.861653599357552594e+05
-1.483137476346746262e+05
-2.200316041662108619e+05
-9.363357203584967647e+04
-5.093816067518807540e+04
-1.328137393859756994e+05
-1.031069926800977119e+05
-1.018320023349198018e+05
-5.923567322030784271e+04
-1.098257960502105125e+05
-1.514151750273179496e+05
-1.659370757015726704e+05
-2.172182117835112149e+05
-9.718159558828160516e+04
-1.449522861622946803e+05
-9.211271075089131773e+04
-1.181619833020867954e+05
-1.196206303067027911e+05
-1.600283306148741394e+05
-1.306105275316001353e+05
-1.655771390155987174e+05
-1.640877270219074562e+05
-2.215705332107276481e+05
-1.257064929613699060e+05
-8.513005278500900022e+04
-6.301484418128566904e+04
-7.267772052076121327e+04
-1.478322656424587767e+05
-1.845320847008303972e+05
-1.934543335483274132e+05
-1.697031207131661649e+05
-1.170364032643223618e+05
-9.808319332520385797e+04
-7.388617012654118298e+04
-1.048619941950452339e+05
-8.061301682976636221e+04
-5.375257140767601959e+04
-9.240679278620563855e+04
-5.361184617040691955e+04
-7.934573173163803585e+04
-9.053136817438629805e+04
-8.235338413326887530e+04
-7.150996471417786961e+04
-9.400834137054612802e+04
-8.103249572475237073e+04
-9.010138858916162280e+04
-5.331905720769955951e+04
-8.982541177323422744e+04
-7.096401736640362651e+04
-6.854485238312340516e+04
-3.662359127458067087e+04
-5.900862884902275982e+04
-4.987696861064988479e+04
-1.471247423526474158e+05
-1.906291840677759028e+05
-1.010774809229474922e+05
-9.098703379820875125e+04
-1.086790314253327524e+05
-1.168376989440721663e+05
-1.396573144975533651e+05
-8.656835815049477969e+04
-1.469464408683174988e+05
-1.330598478226035950e+05
-1.510957102951397537e+05
-1.796639319889303879e+05
-1.124399013836027734e+05
-1.428635454254386714e+05
-7.292769065481025609e+04
-1.000293363631852844e+05
-1.202338784914599673e+05
-7.369411764948068594e+04
-1.102966171240962431e+05
-1.041135136170832120e+05
-1.339215434208828665e+05
-1.049825170852860319e+05
-1.095435369033554744e+05
-1.094987977924339211e+05
-6.180213663948889007e+04
-3.525883149150875397e+04
-8.149979731329737115e+04
-8.725108634648841689e+04
-1.634768859340263298e+05
-2.238282699468401552e+05
-1.541488630871479400e+05
-1.794273539342680597e+05
-6.728877979934233008e+04
-9.550664522796295932e+04
-1.054729512533060479e+05
-1.259215115489624586e+05
-5.655886818703402241e+04
-6.441391387103548914e+04
-1.540231324307853647e+05
-2.247175539973448613e+05
-6.212784694411620148e+04
-5.885056960586287460e+04
-8.076039115665674035e+04
-7.332524382755444094e+04
-1.154264114188921521e+05
-1.036240712513203180e+05
-8.701971660462777072e+04
-6.683471456149156438e+04
-7.837783199394315307e+04
-6.798916088107800169e+04
-1.701008294816364942e+05
-1.438899876359906048e+05
-1.352348251085600932e+05
-8.670075397149901255e+04
-1.098543917140576377e+05
-8.695396088217367651e+04
-9.946604983463730605e+04
-9.982413556418323424e+04
-1.127138088467480993e+05
-6.245248453444767802e+04
-1.596074212480133574e+05
-2.195414947022320121e+05
-7.336457940591023362e+04
-1.006954979380532604e+05
-9.815495275001542177e+04
-1.122604981228695397e+05
-7.451069429361159564e+04
-5.516065966016330640e+04
-8.282822815878743131e+04
-7.375022706453883438e+04
-1.730827704676075955e+05
-1.626752118846337835e+05
-5.273452802114270162e+04
-4.490066335722921212e+04
-1.396000359886037186e+05
-1.347579450102567789e+05
-1.404254486560499936e+05
-1.043259674246515206e+05
-6.779473555126794963e+04
-9.051054037700334447e+04
-1.406338969171014614e+05
-1.738569245012684842e+05
-1.599301843929932802e+05
-1.053626721243280335e+05
-5.365730141380750138e+04
-5.231387241865575925e+04
-1.001651514536036993e+05
-5.048194069822270831e+04
-6.703356668511366297e+04
-6.227318668503910158e+04
-1.136898825949208112e+05
-9.454052048001630465e+04
-1.295137100836731843e+05
-1.631039346368474653e+05
-1.436544736950639344e+05
-1.467092213927544653e+05
-5.828530458337630262e+04
-6.630420853861270007e+04
-9.826194018783228239e+04
-1.188506984741814085e+05
-1.688430101392777287e+05
-1.798636275871794496e+05
-1.121834551479401707e+05
-1.287411871167255740e+05
-1.079059877007741597e+05
-1.290334953105883033e+05
-1.723981980654168001e+05
-2.239974788010340708e+05
-7.972540539701971284e+04
-5.591510792257367575e+04
-1.595498672838165658e+05
-1.893114221516287071e+05
-1.183708027902853937e+05
-1.276823962683262362e+05
-8.967244264444221335e+04
-8.113456102323511732e+04
-1.147015013374297851e+05
-6.075862831356822426e+04
-7.690152371803043934e+04
-1.138138500218740373e+05
-5.675392825359096605e+04
-3.619746631324904592e+04
-8.047152128123604052e+04
-1.085802777784375212e+05
-1.526290196638665802e+05
-1.912070512154695753e+05
-9.449609448793472257e+04
-1.161013336900893919e+05
-1.490622480983742571e+05
-1.178708749245103245e+05
-8.255621872774232179e+04
-5.779169977012333402e+04
-1.868423741352951911e+05
-2.706485485821459442e+05
-1.255035834077402105e+05
-1.036409934064515401e+05
-1.398522080450109788e+05
-2.024705953537713503e+05
-1.599899011096893519e+05
-1.271319785193916614e+05
-7.093195011722535128e+04
-6.945309199568655458e+04
-1.031553026632288093e+05
-1.330670793378140661e+05
-5.595897564700793009e+04
-3.061891925719716528e+04
-6.010608178541329835e+04
-8.725001811379853461e+04
-1.196531988890973589e+05
-6.239168311699312471e+04
-1.303702098583126208e+05
-1.552656151048988104e+05
-7.465104429581521254e+04
-5.514745884384369856e+04
-7.679213991061531124e+04
-8.168917600030297763e+04
-1.360617357774406846e+05
-8.173828424758458277e+04
-1.797797348706953344e+05
-2.249094178131438675e+05
-6.392928008321296511e+04
-6.408606924069623346e+04
-1.582062488165037648e+05
-1.681664639162670646e+05
-9.940824797916278476e+04
-9.993347418066831597e+04
-1.443604916061485419e+05
-1.244238488354912552e+05
-1.197569288393450988e+05
-7.974701943155252957e+04
-1.376383094193716533e+05
-1.644390725633324764e+05
-1.054141321346015757e+05
-9.736474228020726878e+04
-8.636920059224494617e+04
-5.158367332804408943e+04
-1.035715189007898734e+05
-1.282547606226370553e+05
-9.230172478961029265e+04
-4.977419671647719952e+04
-1.258832105183285603e+05
-8.090444827475477359e+04
-8.172620112304207578e+04
-9.023805381916902843e+04
-1.648960367181034817e+05
-1.890740462092697271e+05
-5.772791738576693024e+04
-4.779505018635036686e+04
-6.843777189632342197e+04
-5.361545724199159304e+04
-1.792499612693676027e+05
-1.862765431546153268e+05
