-2.799290086947280215e+05
-2.723845834151052986e+05
-2.912770054733040743e+05
-2.771792540909200325e+05
-2.890909614359479165e+05
-3.085913981705534388e+05
-2.464608201212995336e+05
-2.424939999351378647e+05
-3.046464866571918246e+05
-2.848256821795687429e+05
-2.421256084504529135e+05
-2.440642431803771760e+05
-3.033310406602511066e+05
-2.999917421167861321e+05
-3.010031373387049534e+05
-3.179097512159019243e+05
-2.605906578491558321e+05
-2.696036729798390879e+05
-2.882956151748879929e+05
-3.048636735981538659e+05
-2.961143859391406295e+05
-3.003692250773361884e+05
-3.146280188126627472e+05
-3.164735942894114414e+05
-3.485406243941427092e+05
-3.762861557153799222e+05
-3.691087820628596237e+05
-4.223771770464963629e+05
-3.546068006691650371e+05
-3.815607129547933000e+05
-3.371512395852472982e+05
-3.089117774173573125e+05
-3.863531216904796311e+05
-3.608685993970835698e+05
-3.610318690720485174e+05
-3.714858937371697975e+05
-4.343926397456952254e+05
-4.500395264044670039e+05
-3.910837357707970077e+05
-4.251592139467639499e+05
-4.550991750548327691e+05
-4.586133902855894412e+05
-4.833442075566101703e+05
-5.560612963826827472e+05
-4.499921144526206772e+05
-4.934035211260499782e+05
-4.891455009809581679e+05
-5.679931476717866026e+05
-5.075472480155368685e+05
-4.965136087851349148e+05
-6.081941385894728592e+05
-6.462976900680848630e+05
-6.476273302596739959e+05
-7.847621436013244092e+05
-7.218208878014535876e+05
-8.124813113725758158e+05
-7.661511149394816021e+05
-5.818003890862446278e+05
-6.802656580994001124e+05
-5.763735142326047644e+05
-7.438577716095712967e+05
-9.395578740773537429e+05
-8.384826740382247372e+05
-9.997421792468592757e+05
-5.957581119647403248e+05
-4.760964066483355709e+05
-7.197617271359991282e+05
-5.605985232409065356e+05
-5.177208011252915603e+05
-4.545655147696767817e+05
-5.255117832343224436e+05
-5.253220156802745769e+05
-3.863874341165224323e+05
-3.575588672442138195e+05
-3.557477787744135712e+05
-3.543286685888699139e+05
-3.477442055979809957e+05
-3.361069688649900490e+05
-3.455201392991497996e+05
-3.595757408984993235e+05
-3.775863269644191605e+05
-3.492998871554737561e+05
-3.705805360356681631e+05
-4.023667640289646224e+05
-3.583967051547046867e+05
-3.591484584202881088e+05
-3.586325366839609924e+05
-3.621396532246141578e+05
-3.617787009108283673e+05
-3.599086185775102931e+05
-3.545178253299759817e+05
-3.588160517901717103e+05
-3.295866901825179812e+05
-3.113491455823821598e+05
-4.466932356327055604e+05
-4.834046529045708594e+05
-3.938957071086429642e+05
-4.063913307250819053e+05
-3.050559199260356836e+05
-3.122854032296843943e+05
-3.480367170984217082e+05
-3.772113922966853133e+05
-4.126416421897442196e+05
-4.365951684933384531e+05
-4.163726394986839150e+05
-3.716442972620665678e+05
-3.557141819200981990e+05
-3.054711669040932320e+05
-3.973999528265162953e+05
-3.477002657680840348e+05
-3.320695776440100744e+05
-2.887880633691612747e+05
-3.709538008973020478e+05
-4.027726468109341222e+05
-3.182315375906022964e+05
-3.562273079315461800e+05
-3.107399958894651500e+05
-3.371957699895373080e+05
-4.053415481718331575e+05
-4.880829069257267402e+05
-3.848314723099375260e+05
-3.478526723527132417e+05
-3.140571096783011453e+05
-3.325510160513387527e+05
-3.887219347094301484e+05
-3.832019738662453019e+05
-3.656005411664211424e+05
-3.195738865925400751e+05
-3.692974542732175323e+05
-3.224188504980037687e+05
-3.703909753432906582e+05
-3.822660599380694912e+05
-3.540721296078428859e+05
-3.201116735713277594e+05
-2.821548009539942141e+05
-2.775768685119919246e+05
-2.745925417955286102e+05
-2.877566577155909617e+05
-3.099811315648924792e+05
-3.122798164964043535e+05
-2.785067717885011807e+05
-2.959132555975294090e+05
-3.730577008976115612e+05
-3.217617805830987054e+05
-3.239981731761314441e+05
-3.462066550441462314e+05
-3.443407272861145902e+05
-3.994022558519411250e+05
-3.987276219907168415e+05
-3.971593750598067418e+05
-2.982747014456022298e+05
-3.069781507977828733e+05
-3.233833795029250905e+05
-3.083097667269896483e+05
-3.162293568848287687e+05
-3.204006135829820414e+05
-2.912335146473312052e+05
-3.260205009272648022e+05
-2.752484787240722799e+05
-2.424629449112549191e+05
-2.765267984871993540e+05
-3.060166708288566442e+05
-3.606729320985154482e+05
-3.535519509265065426e+05
-2.666473798087583273e+05
-2.501406574870992335e+05
-3.937906431063935743e+05
-2.988168003758605337e+05
-3.421232553095516050e+05
-2.788935107477976126e+05
-3.627113162290192558e+05
-3.950917697463522782e+05
-3.675679921206441359e+05
-3.909201257942731027e+05
-3.500811914153278340e+05
-4.168988951230823877e+05
-3.486532218222449883e+05
-3.870058854411631473e+05
-3.118883873246112489e+05
-2.859916856469871127e+05
-2.952891028695970890e+05
-2.463434746103658108e+05
-3.764649464005588670e+05
-4.021017970752876718e+05
-2.829014397709704936e+05
-2.732764530625707121e+05
-3.234957619822013075e+05
-3.169538217954608263e+05
-3.184828713052590028e+05
-3.707211693017270300e+05
-2.817099682751139044e+05
-2.825465276158564375e+05
-3.605580719458481763e+05
-4.404762747081848211e+05
-2.785278772268453031e+05
-3.018795917732124799e+05
-3.189119593036177102e+05
-2.825635033653758583e+05
-2.963514980078172521e+05
-3.064916303536398336e+05
-3.142716602150109829e+05
-2.959060293342325604e+05
-3.302087486273772083e+05
-3.591384025829876191e+05
-2.559661845243094722e+05
-2.270453416767192539e+05
-3.227177323911442654e+05
-3.549386924295233330e+05
-3.249087245833746274e+05
-3.150703330277235364e+05
-2.398726486499152961e+05
-2.547529569791257964e+05
-3.319101650732668932e+05
-4.081960859217671095e+05
-3.266711752054778626e+05
-3.239950556385747623e+05
-2.271807229403209058e+05
-2.226986790069366689e+05
-3.241996095277044806e+05
-3.036039954417170957e+05
-3.731649933510724804e+05
-3.649473405060347286e+05
-2.453996313437784556e+05
-2.485676154177341959e+05
-3.357114859579001204e+05
-3.807430138212900492e+05
-2.428997989989478374e+05
-2.116328314379298827e+05
-2.606578101659791428e+05
-2.984014068247106043e+05
-2.672638029469806934e+05
-2.514611315914955339e+05
-2.384729727338237572e+05
-2.441385854045749875e+05
-3.043790911604132853e+05
-2.325238506937574712e+05
-2.269683978014897439e+05
-2.110376425245100982e+05
-2.228645983236923348e+05
-1.957280986068430066e+05
-2.232393369366060942e+05
-2.395798527010791586e+05
-2.712184394319151179e+05
-2.366614886504781898e+05
-2.484839063515093876e+05
-2.249883850275598234e+05
-3.018003637245146674e+05
-2.465791533544743434e+05
-2.737028458680723561e+05
-2.438933749818299548e+05
-2.637792917982304934e+05
-3.147991389735306147e+05
-2.803516840120628476e+05
-2.658783689212768222e+05
-3.922012868741161074e+05
-3.336958872384924325e+05
-4.104924227034387295e+05
-4.343826160429091542e+05
-4.846090371232319740e+05
-5.812900244213883998e+05
-2.195980090415520826e+05
-2.419761755593467969e+05
-4.854584289894308313e+05
-4.434496487160346587e+05
-4.440224682073426084e+05
-3.747934850026375498e+05
-6.213594227551915683e+05
-4.784023193368865759e+05
-5.065264773190263077e+05
-6.728886083093165653e+05
-5.623248684578236425e+05
-5.482328782669021748e+05
-6.551616057501120958e+05
-8.330088894714586204e+05
-6.155822404815969057e+05
-7.375284191852215445e+05
-4.824509882645039470e+05
-6.369114163409501780e+05
-5.063170787718226784e+05
-5.287496912013415713e+05
-5.263640296098961262e+05
-4.570770807490869774e+05
-4.592809321976531646e+05
-4.011222645370909013e+05
-4.543703799017262063e+05
-5.220666947108564782e+05
-5.969811815393612487e+05
-5.116867939239175175e+05
-6.904139973091605352e+05
-9.504290746974836802e+05
-5.936495558578539640e+05
-6.701956594511828152e+05
-4.594201314035698888e+05
-5.970505215976500185e+05
-4.374058240375910536e+05
-4.652577304467174108e+05
-6.289344251426727278e+05
-8.026226640059223864e+05
-5.647217698703652713e+05
-6.195712399143556831e+05
-5.102391757621695870e+05
-3.204838701539611211e+05
-5.159094562380974530e+05
-3.605850699111038703e+05
-5.580270996350443456e+05
-5.379037596714873798e+05
-5.402413093970722985e+05
-3.838802784751983127e+05
-6.125724971201145090e+05
-7.875767060385216027e+05
-7.064148890191721730e+05
-6.589981919264966855e+05
-5.090766692521605291e+05
-6.753331216347146546e+05
-5.508301736776269972e+05
-5.313753408053850289e+05
-5.179587784916369128e+05
-5.838815172557705082e+05
-5.003264877027524053e+05
-5.154178177629077691e+05
-4.705802234948740224e+05
-4.483236944372787257e+05
-6.144747576938486891e+05
-4.028791661694271024e+05
-5.478538007839181228e+05
-7.475562900629907381e+05
-5.846785499612314161e+05
-7.024031428782870062e+05
-5.251389180708739441e+05
-4.469871533559186500e+05
-6.619949517900352366e+05
-8.374326430288976990e+05
-6.014422829701269511e+05
-4.384363567222223501e+05
-5.103418312078982708e+05
-6.078434460347525310e+05
-4.848054933522191714e+05
-4.167542579839745886e+05
-4.069380058703411487e+05
-2.981512917277672677e+05
-4.822286942321191891e+05
-4.038415173523336998e+05
-6.101863971895292634e+05
-5.132331458444463206e+05
-5.175623150943118962e+05
-6.472760852297417587e+05
-5.194245482083851821e+05
-3.601317250708838692e+05
-6.458655267031200929e+05
-7.309525923077896005e+05
-4.981197224650533753e+05
-6.184179187581393635e+05
-6.001012760120577877e+05
-4.417934781947176089e+05
-4.984607471343821962e+05
-3.446212199972161325e+05
-7.034053130674799904e+05
-8.015924990569176152e+05
-6.162359549408669118e+05
-5.854902287213766249e+05
-4.279169168158560642e+05
-3.782006387195733842e+05
-5.727470478839486605e+05
-6.007298815750897629e+05
-6.341788263275262434e+05
-5.257674019540275913e+05
-7.615271318512530997e+05
-8.266525954526631394e+05
-6.540483713974390412e+05
-7.491614609784000786e+05
-6.269655406905043637e+05
-5.283239526500216452e+05
-5.643333548699654639e+05
-5.113089042406188673e+05
-5.697213490012466209e+05
-5.220177935653250315e+05
-5.232132020975594060e+05
-5.373793717881338671e+05
-6.329543380743623711e+05
-6.236450480039085960e+05
-6.336595387029744452e+05
-4.245699877004180453e+05
-5.956917417505737394e+05
-7.022249493465962587e+05
-5.764065721473701997e+05
-5.466293207075241953e+05
-3.869204154152777628e+05
-3.705004573854439077e+05
-2.900762950864533777e+05
-2.673081615676102811e+05
-3.437187903802685323e+05
-3.346460077370567597e+05
-3.071185084373342106e+05
-2.627462206396871479e+05
-3.713837341169898282e+05
-4.292484034831133322e+05
-2.654887781264547375e+05
-2.358538621713197790e+05
-2.997981681848213193e+05
-2.934703328482853249e+05
-3.247342036120693083e+05
-3.352598498693461297e+05
-2.601899558180221356e+05
-2.437280361233825679e+05
-3.146403697520703427e+05
-3.656924358097079094e+05
-3.429068854167566751e+05
-2.885974773376201629e+05
-2.515726615673346678e+05
-2.537757592675513006e+05
-4.016931471097695758e+05
-4.246953404886306380e+05
-4.218398154323038762e+05
-5.011647104557998828e+05
-3.706768146136000869e+05
-4.396898404909549863e+05
-2.840111235426091007e+05
-2.469757820145584410e+05
-3.688230029684712063e+05
-2.909133332381765940e+05
-2.980548940067696967e+05
-3.220360992921228171e+05
-3.041820331735114451e+05
-3.274293674568338320e+05
-2.892847715824951883e+05
-2.751735791117871995e+05
-2.762988478209828027e+05
-3.214230792536152876e+05
-2.757540686736337957e+05
-2.730229569500529324e+05
-3.748598880587638705e+05
-4.128986098792146076e+05
-2.814267227192504797e+05
-2.744376341184970806e+05
-3.254421434252370382e+05
-3.155367988005747320e+05
-3.237977991553082829e+05
-3.710684438863550895e+05
-2.460234053462147713e+05
-2.506532464854089194e+05
-2.727503068390251719e+05
-2.841268877990188194e+05
-3.617969939424136537e+05
-3.738882756926584407e+05
-3.123611706748108845e+05
-2.766895923847093945e+05
-3.560525637818409014e+05
-2.911407407758019399e+05
-3.003685655220382032e+05
-2.682022623446431826e+05
-3.483501357311126194e+05
-4.180728917481806711e+05
-3.515158588126913528e+05
-4.211555850086011342e+05
-2.734369494629803812e+05
-2.706691373664753046e+05
-3.470633203155557276e+05
-2.899549650744172977e+05
-3.193767539372111205e+05
-3.334490934704961255e+05
-4.046770139528861619e+05
-3.351529914221588406e+05
-3.381146823013749090e+05
-3.604994851575593348e+05
-3.376854413671724615e+05
-3.289423936120622675e+05
-2.866262464168800507e+05
-2.880084914080961025e+05
-4.272227341978056938e+05
-4.575188788568931050e+05
-2.673091323221226921e+05
-2.504126728130617412e+05
-2.915778339727228158e+05
-2.602901926454987843e+05
-3.325763685730416328e+05
-3.605425387636037194e+05
-3.581072491458940203e+05
-3.490641024785678019e+05
-4.288930027566656354e+05
-3.945342416050861939e+05
-3.358017121537205530e+05
-3.617918168917450821e+05
-3.735403045138285379e+05
-4.321137673170709168e+05
-2.909675034905547509e+05
-2.947866644537594984e+05
-3.654309928563977010e+05
-4.124766132299067103e+05
-4.298278152593385312e+05
-4.672211632121907896e+05
-3.349070340708837612e+05
-3.686624607064671582e+05
-3.821013373548341333e+05
-3.636190905943860416e+05
-3.546465162184866494e+05
-3.447534618957709754e+05
-2.913006953562308918e+05
-2.872367782271416509e+05
-3.551657668893138762e+05
-3.575774504208623548e+05
-3.518567090187055874e+05
-3.901900089058596641e+05
-3.200516157176167471e+05
-3.005479071600791649e+05
-3.252462284018673818e+05
-3.330862032062254730e+05
-3.326049502730202512e+05
-3.507404379344548215e+05
-3.507266558060126263e+05
-3.651182987641743966e+05
-3.486497800920842565e+05
-3.824046131582823000e+05
-4.015021215676926658e+05
-4.662657397624307196e+05
-3.060251479503947776e+05
-2.962077382940821699e+05
-3.426895936742604245e+05
-3.580231675350196310e+05
-3.587741619929222506e+05
-4.154764701995229698e+05
-3.009171555619662395e+05
-2.895289141096110689e+05
-3.591602901847331668e+05
-2.988517805590659264e+05
-3.331500705996294273e+05
-3.269076317405450973e+05
-3.285235937110005761e+05
-3.696983721832094598e+05
-3.479928104057422024e+05
-3.799016700247951667e+05
-3.325163972221208387e+05
-3.360300937380013056e+05
-3.598035256490113097e+05
-3.895758047824431560e+05
-3.807537882231601980e+05
-3.228553385718342033e+05
-4.006391540034330101e+05
-4.586227739605695824e+05
-3.280791483994117589e+05
-3.534334175802149693e+05
-4.098031535303494893e+05
-4.298075620310737868e+05
-3.254113516129410709e+05
-3.020106450001194607e+05
-3.103770630739490152e+05
-2.751620739484436926e+05
-3.175949918884682120e+05
-2.912863827362271259e+05
-3.484363790466316859e+05
-3.225755996458327863e+05
-3.883984638832006021e+05
-3.857155303492254461e+05
-3.093145698883668520e+05
-2.780995449565452873e+05
-3.799552732996803825e+05
-3.483758474969623494e+05
-3.024198523386380402e+05
-2.810726873306811322e+05
-3.487907466931987437e+05
-3.574191941940941033e+05
-3.503839767607113463e+05
-4.045380147771542543e+05
-3.207171987756112358e+05
-2.964625305527058081e+05
-3.795337466380390688e+05
-3.690847680287412950e+05
-3.777064422339916346e+05
-3.648016917893711361e+05
-3.786329009696500143e+05
-4.243560583560134401e+05
-3.208856002889625961e+05
-3.545458952884676983e+05
-4.215298727320317994e+05
-4.281067876497513498e+05
-3.544924979552088189e+05
-3.348954666153545841e+05
-3.830355653007469373e+05
-4.128461522793248878e+05
-3.742285791803349857e+05
-4.370534015824875678e+05
-3.105176462793314713e+05
-3.418675552575240145e+05
-4.192273146464790334e+05
-3.334725458375802846e+05
-3.023382270045102923e+05
-3.283016236416267348e+05
-3.035146895308025996e+05
-2.763922002182495780e+05
-3.974623269436152768e+05
-3.483836132662573946e+05
-4.188185492094134097e+05
-5.139023831734802225e+05
-3.332449823881176417e+05
-3.594059973831804818e+05
-3.244073014241125784e+05
-3.312083831011806615e+05
-3.582880848705154494e+05
-3.059697060268545756e+05
-3.068698227487503318e+05
-3.035402861217701575e+05
-3.913999673623408307e+05
-3.130097232209809590e+05
-3.525843140084561310e+05
-3.478778034360620077e+05
-3.527984432595925755e+05
-3.396387463528402732e+05
-3.529324518386585987e+05
-3.140834256198049989e+05
-3.630030714791751816e+05
-3.234223558103878750e+05
-4.223090926507481490e+05
-3.842463433234122349e+05
-3.015585420274143107e+05
-3.225856798407665337e+05
-3.770511313029460143e+05
-3.767952339167469763e+05
-3.540373199341872823e+05
-3.687879537963769981e+05
-3.125606181402401417e+05
-3.061313871646489715e+05
-3.465725455525331781e+05
-3.055515776665591984e+05
-3.285153159284108551e+05
-3.659209308172482415e+05
-4.010724478120136191e+05
-4.546581487478667987e+05
-4.373939462642659782e+05
-3.519611539367609075e+05
-3.437267918952031177e+05
-3.817319212995360722e+05
-3.510227509160023765e+05
-3.447129600885723485e+05
-3.907724330897084437e+05
-3.149002991055914317e+05
-3.782687913836762309e+05
-3.750767225437498419e+05
-2.995900232841309044e+05
-3.229186838221742655e+05
-3.485560066171306535e+05
-3.059480694733969285e+05
-3.796395884709566017e+05
-3.609552441049566842e+05
-3.806172457743492560e+05
-3.412528169495657203e+05
-3.813895323072578176e+05
-4.441735723451637314e+05
-4.517409860880568740e+05
-3.811005808480466367e+05
-3.719811840225981432e+05
-3.434509855561866425e+05
-3.976220795391927240e+05
-4.550024817300597788e+05
-3.091210968019333668e+05
-2.740526823954803403e+05
-3.826204873526131269e+05
-3.771188871028377325e+05
-3.847301907220670255e+05
-4.301237794409543858e+05
-3.876344607839346281e+05
-4.364388288443618803e+05
-3.399352535226019099e+05
-3.668012283636351931e+05
-2.993975836441870197e+05
-2.884930186764802202e+05
-3.593137564202137874e+05
-3.781164083066491876e+05
-3.684972722300247988e+05
-3.697361737176132738e+05
-3.106514055591778597e+05
-2.874062253869770793e+05
-3.250284130369105260e+05
-3.290963691222561756e+05
-3.480692519149472355e+05
-3.634474441397031187e+05
-3.565357350118655013e+05
-3.481601522911813227e+05
-3.649457288595875143e+05
-3.791759252138722804e+05
-4.533355321377450018e+05
-4.801311384755862528e+05
-4.299753213308879058e+05
-4.659003399209386553e+05
-3.652913538126854110e+05
-3.732583687550553004e+05
-3.464612253216218087e+05
-2.960975391046244185e+05
-3.146093443604641943e+05
-2.973742642920840881e+05
-3.521385731554208905e+05
-2.940787447232198901e+05
-3.337798837336546276e+05
-3.015700474787974963e+05
-4.093789620802833233e+05
-3.660874821380296489e+05
-3.260486764378429507e+05
-2.814053062785023358e+05
-4.477830553043966065e+05
-3.617240925296557252e+05
-3.845173862289931858e+05
-3.349063661141879275e+05
-3.309347089357014047e+05
-3.239613654890764155e+05
-4.405840204264468630e+05
-4.208129730393619393e+05
-2.966200205733352923e+05
-3.067213995639199857e+05
-3.999600384856906603e+05
-4.262941526970996638e+05
-3.844158697167585487e+05
-3.911515926843128982e+05
-3.638573478506976389e+05
-3.649860104806097806e+05
-4.367387289678744855e+05
-4.490620877847530064e+05
-4.172173744220244116e+05
-3.779572272460794193e+05
-3.056935140289334231e+05
-3.098224001567505184e+05
-3.776046471661582473e+05
-4.057498513873459306e+05
-3.492624523057620390e+05
-3.783750077696826193e+05
-3.031011071868487634e+05
-2.748724208187143668e+05
-3.866864609912013402e+05
-3.694834353609104292e+05
-3.930079348657397204e+05
-4.017774883496782277e+05
-3.590917062411339139e+05
-3.635200155268295202e+05
-3.792993592532063485e+05
-3.518367760732315364e+05
-3.839425766919769812e+05
-3.573709893099321635e+05
-3.092289358610208146e+05
-3.217047432155725546e+05
-3.516745765731623978e+05
-4.061225128034178051e+05
-3.399532318412618479e+05
-3.689411641173993121e+05
-4.616253631682944833e+05
-4.698941393025176949e+05
-3.324903688031132333e+05
-3.651162482318207039e+05
-3.526237658722625929e+05
-3.796773514956449508e+05
-4.084132291384128621e+05
-4.876418734817411168e+05
-3.836769211401073844e+05
-3.882107557222496835e+05
-4.354280907737694797e+05
-4.464860486973788938e+05
-4.546211124314362532e+05
-4.452323746417116490e+05
-3.417590432434805552e+05
-3.046416624095191946e+05
-3.200304998388893437e+05
-3.037597306662460905e+05
-3.578931144864886301e+05
-3.514654825707289856e+05
-3.657732805675033596e+05
-3.111333679117301363e+05
-3.795121456641776604e+05
-3.574110583773790277e+05
-3.499007583148199483e+05
-3.122055174123263569e+05
-3.502235896253400715e+05
-3.039462591532203951e+05
-3.534455880397428409e+05
-3.552930449071318726e+05
-3.312233033639708883e+05
-2.926348451490893494e+05
-3.821994096391836647e+05
-3.211908746301362407e+05
-2.943487264081693138e+05
-2.681927467704040464e+05
-4.103553564843634958e+05
-4.536666846703463816e+05
-4.185158554125915398e+05
-4.215287172206456889e+05
-3.067612673855710891e+05
-3.258406362390943104e+05
-3.841583257614499307e+05
-4.449934803817107459e+05
-3.082058517461016309e+05
-3.410237634248084505e+05
-2.908212991365744965e+05
-2.845389309788771789e+05
-3.642000997508852161e+05
-3.741165606810941827e+05
-3.971399366014478728e+05
-4.621531599762249389e+05
-2.879687248964731116e+05
-3.077594196338117472e+05
-4.414684859158711624e+05
-3.577896782088224427e+05
-3.366823624705489492e+05
-3.719512902852441766e+05
-4.260641865046040039e+05
-3.855398930850887555e+05
-3.594752929644333781e+05
-3.011349658268939820e+05
-3.864266546711634728e+05
-3.983400945706486818e+05
-3.874547114209160791e+05
-4.522635815937334555e+05
-3.351482500456857961e+05
-3.200571574021693668e+05
-4.047549382249999908e+05
-4.227616819354999461e+05
-3.851720222717291326e+05
-3.122997306556570693e+05
-3.530175349417735124e+05
-3.310224197570731048e+05
-3.215549048366211937e+05
-3.145254102882354637e+05
-3.734500595768135390e+05
-3.541234036234145169e+05
-3.559475896496645291e+05
-3.580429874741439708e+05
-3.514289979296894744e+05
-3.138831124006093014e+05
-3.282523632453284808e+05
-3.039129627997993375e+05
-3.202920765009940951e+05
-3.443160740872885799e+05
-3.908994381615447928e+05
-3.785782836325628450e+05
-3.882603192598345340e+05
-4.594927174188526697e+05
-4.063086563528008992e+05
-4.852598492611006950e+05
-3.206037739021419547e+05
-2.881347457168269902e+05
-3.371379481841941597e+05
-3.082441137757944525e+05
-3.778166688418129343e+05
-3.175498721405468532e+05
-3.488654478584873141e+05
-3.895013325094429892e+05
-3.346057045668340288e+05
-3.009460791348921484e+05
-3.316113398880821769e+05
-3.466883567742290325e+05
-3.620378473207311472e+05
-4.178357621743418858e+05
-3.794165746284082416e+05
-4.484864923391393968e+05
-3.982311568942957092e+05
-3.651354317285311990e+05
-3.665844420300789061e+05
-3.326232501003008801e+05
-3.855550435972356936e+05
-4.044284998232083744e+05
-2.937928326662521577e+05
-2.845073638982513803e+05
-3.320540781907610944e+05
-2.901639204076828901e+05
-3.164376895777809550e+05
-3.130854441994976951e+05
-3.117400453814083594e+05
-3.040756064079401549e+05
-3.058892393324109726e+05
-2.886854587728682091e+05
-3.299605579351722263e+05
-2.948355911464148085e+05
-2.810458823642147472e+05
-2.630589395414072787e+05
-3.780440316754496307e+05
-4.339304401661817101e+05
-3.248951198970775586e+05
-3.686388848728743033e+05
-3.159248136713015847e+05
-2.787489119110874599e+05
-3.008667913350497256e+05
-3.135894488328042789e+05
-3.932805052582506905e+05
-4.239815259608022752e+05
-3.296865875046135043e+05
-3.642896648323240806e+05
-3.816888647061898955e+05
-4.232532049417383387e+05
-3.562389472037808737e+05
-3.693423802988880780e+05
-2.914068754109864822e+05
-2.960616404853383428e+05
-4.140948548172703595e+05
-3.964565854486420285e+05
-3.780344459798444877e+05
-3.980736106523857452e+05
-3.956200636072732159e+05
-3.369965554946119082e+05
-3.730062133555190521e+05
-3.867606148533112137e+05
-3.685984001689898432e+05
-3.273749950752671575e+05
-3.495757525992211304e+05
-3.969178251462783082e+05
-3.669922743951472803e+05
-3.277347827950962819e+05
-3.163719979354779935e+05
-3.146252781839633826e+05
-2.976643101577875204e+05
-3.068719400887634838e+05
-3.818637956898055854e+05
-3.587375954124658019e+05
-3.186579422148063313e+05
-3.129533370898824069e+05
-3.186992064029789763e+05
-3.137516798175892909e+05
-3.686078198695966857e+05
-4.039609471489378484e+05
-3.045275248657622142e+05
-3.074443185747971875e+05
-3.737514471296666306e+05
-3.790399366991595016e+05
-3.637747409324146574e+05
-4.092058766727875336e+05
-3.527333946288434672e+05
-3.647595565992968041e+05
-3.495163801610232913e+05
-3.955983327503332985e+05
-3.352762559231651248e+05
-3.266584607504095184e+05
-4.032281953735855059e+05
-4.490490538889773306e+05
-3.645590052798690740e+05
-3.009571398895530147e+05
-4.174367372056926251e+05
-4.703278326138372649e+05
-3.383125947760795243e+05
-3.159868434895807295e+05
-3.246114721048626234e+05
-3.057547689258721657e+05
-3.444854292906196788e+05
-3.696869778684172197e+05
-3.278863235173260327e+05
-3.159869472693075077e+05
-3.231354218388913432e+05
-3.516337828265643329e+05
-3.596556509725358919e+05
-3.726850018771466566e+05
-4.343852068714955240e+05
-4.433639741211711080e+05
-4.504821371354098083e+05
-3.726111968356908183e+05
-3.544882831856293487e+05
-3.793719122552798945e+05
-3.415553522074711509e+05
-3.659131026894251117e+05
-3.433111064175866777e+05
-3.623862642588465824e+05
-3.738819245068739401e+05
-3.212452314554172335e+05
-2.946580570734841749e+05
-2.895839485655854805e+05
-3.646501000600200496e+05
-3.811724751802944229e+05
-3.584392957179295481e+05
-3.764812428939550882e+05
-3.599610176872517332e+05
-3.122689029618129134e+05
-3.732457075715584797e+05
-3.181787469523041509e+05
-3.219491558637586422e+05
-3.177213627357258229e+05
-3.841143955825938028e+05
-3.615363711951497826e+05
-3.613928743398010847e+05
-3.068063398171194713e+05
-3.915047724479114986e+05
-3.878660523414039635e+05
-3.715642147251355345e+05
-3.074037322749361047e+05
-3.296874273387232097e+05
-3.627652612612312078e+05
-3.359126484206609312e+05
-2.931683876244376297e+05
-4.148777472455148236e+05
-3.757273991945312009e+05
-3.398625614544452401e+05
-3.384108763033234864e+05
-2.978988122399540734e+05
-2.768275960438176990e+05
-3.907717764776118565e+05
-3.353175484296203358e+05
-3.215853899437874206e+05
-3.450931813082660083e+05
-2.905059528028839850e+05
-3.115343862137860851e+05
-3.316926021807068610e+05
-3.675372803166706581e+05
-2.982101246812229510e+05
-2.720659780295843375e+05
-4.055417049637080054e+05
-3.600435678491630242e+05
-3.674873444984934176e+05
-4.287121061891749850e+05
-3.680481798153036507e+05
-3.998079942354896339e+05
-3.657809928686810308e+05
-3.858495539583009668e+05
-3.858493242514513549e+05
-3.643634813484518672e+05
-3.913480646689339192e+05
-4.079652354120395030e+05
-3.353642851100637927e+05
-3.426230438270990271e+05
-3.453111976144670043e+05
-3.903195402932830621e+05
-3.411235764769639936e+05
-3.656580100681009353e+05
-3.192480382097320398e+05
-3.312875330383037799e+05
-3.515301816540180589e+05
-4.012103361576774041e+05
-3.605373109297094052e+05
-4.001053309339741827e+05
-3.335497478074597893e+05
-3.215485280785890063e+05
-3.822752778936547693e+05
-4.200433182446043356e+05
-3.824678998339399113e+05
-3.771456241915446590e+05
-3.487133055939683691e+05
-3.060031101643124712e+05
-3.752369284372821567e+05
-3.142133503089676378e+05
-3.444239327628401225e+05
-3.068566486252347822e+05
-3.188398713238017517e+05
-3.090336867811777629e+05
-4.182178733366842498e+05
-4.568744698491076124e+05
-3.402128492850879556e+05
-2.949210934583802591e+05
-3.696061984959154506e+05
-4.227388825126651791e+05
-2.934659607245600782e+05
-2.979878868626618641e+05
-3.937619563844284276e+05
-3.401302219332618988e+05
-3.425149011772404774e+05
-3.753124677199608414e+05
-3.054970932331073564e+05
-3.278626300438516773e+05
-4.122303504406004795e+05
-4.498068019010982825e+05
-3.136995068282186985e+05
-2.784961839142245008e+05
-3.632970683236838668e+05
-3.083332887534475885e+05
-3.353092803284463589e+05
-3.411788284295260091e+05
-3.070931443458832800e+05
-2.924007314113126486e+05
-4.215851475167512544e+05
-5.094881268900037394e+05
-3.070053917353224824e+05
-2.938087093582897214e+05
-3.502867128411728772e+05
-3.919900716056461679e+05
-3.169239463303553639e+05
-3.482690863029955071e+05
-3.083015575098941335e+05
-2.797013716364366119e+05
-3.652515004616655060e+05
-3.052441879453503061e+05
-3.623871587932337425e+05
-3.363122106036767364e+05
-3.592750822481656796e+05
-3.334555427686093608e+05
-3.343114700718985987e+05
-3.272004425290204817e+05
-3.680589652728671790e+05
-3.637138794869281701e+05
-2.968541349377782899e+05
-2.674446150066186092e+05
-2.981773311899025575e+05
-2.709522151864102925e+05
-3.662639793158254470e+05
-4.094763817352653132e+05
-2.915900191296011908e+05
-3.004034915559447836e+05
-3.580433569495146512e+05
-2.964388881803055410e+05
-3.599307031077755964e+05
-4.152751882886668318e+05
-3.692783254137047916e+05
-3.874390732045744080e+05
-3.216435553911520401e+05
-3.375268364227283746e+05
-2.948909523989471490e+05
-2.650870549787547789e+05
-2.970451884868512861e+05
-3.174143155693951994e+05
-3.232651286974577815e+05
-2.889169426981499419e+05
-3.588235897683086805e+05
-4.192247035127152340e+05
-3.336213472278565168e+05
-3.572682631173555856e+05
-3.552338520452235243e+05
-3.080295592690029298e+05
-4.069468213639306487e+05
-3.882811588638966787e+05
-3.682550360731478431e+05
-3.795749527226538048e+05
-3.353887789176139631e+05
-2.948979360664997948e+05
-3.122701601006303099e+05
-3.377819006277043372e+05
-3.144035279028321966e+05
-2.846896091920900508e+05
-3.025084613193130353e+05
-3.211335833250513533e+05
-4.025044727094029658e+05
-3.939001879785816418e+05
-3.319004022220612969e+05
-3.731317590655108797e+05
-3.072717315626957570e+05
-2.805869763743942603e+05
-3.816147094480096130e+05
-3.926420398413721123e+05
-3.185991521787461825e+05
-2.931858023798783543e+05
-3.733654704146654112e+05
-4.352528477389641921e+05
-3.423573751667196047e+05
-3.035523006006234209e+05
-3.651336482188796508e+05
-3.769641544381968561e+05
-4.164726343334447010e+05
-4.604080612366840360e+05
-3.360914941809073207e+05
-2.893566965831671841e+05
-3.489454815417925711e+05
-3.786736974582572584e+05
-3.300758302957033156e+05
-2.870690464862645022e+05
-3.801724009703976335e+05
-3.890756886649632361e+05
-3.886696655684107100e+05
-3.780887601986585651e+05
-3.327568662830243120e+05
-3.652154748230510741e+05
-3.614992434100652463e+05
-3.648783079375699745e+05
-3.010590014768315596e+05
-3.238381933475095429e+05
-3.881943568760591443e+05
-4.315921669075796963e+05
-2.965919008623708505e+05
-2.979526815655812970e+05
-4.209725809397599078e+05
-3.520766289723814116e+05
-3.099015510610070778e+05
-3.077940755203022272e+05
-3.934226480732492055e+05
-3.513913351776075433e+05
-3.501935449368295376e+05
-3.972888812532554730e+05
-4.003538243912147591e+05
-4.518578195691008004e+05
-3.119105374341825955e+05
-3.094364126665408257e+05
-3.543895672552118194e+05
-3.995945314729938982e+05
-3.600292071795405936e+05
-3.900312809797346126e+05
-3.404513908657433349e+05
-3.575440786237881402e+05
-4.210956249032097985e+05
-3.804372975913865375e+05
-3.806580136598100071e+05
-4.505641238139717025e+05
-3.549649722456300515e+05
-3.752249816055938718e+05
-3.469069250764960307e+05
-3.968216300353835104e+05
-3.284865099013969884e+05
-3.188173051914899843e+05
-2.794530360751303961e+05
-2.766363759864541353e+05
-2.934203401101314812e+05
-2.690369576887799776e+05
-3.920662692777868942e+05
-3.937180036777781788e+05
-3.259762065433341777e+05
-2.818463910216910881e+05
-2.951363289455327904e+05
-2.971637306703004870e+05
-3.661648892384862411e+05
-3.655629620818422991e+05
-3.574014447169881896e+05
-4.050908595242082374e+05
-3.148590273528848775e+05
-3.458635769113808637e+05
-3.796964543672453729e+05
-4.173640752110243193e+05
-3.009757682414698065e+05
-3.087261409886526526e+05
-3.522072886362476274e+05
-3.031673366004881100e+05
-3.642643976625564392e+05
-3.360180243892352446e+05
-3.388050933329614927e+05
-3.904763947672513314e+05
-3.559803447381868609e+05
-3.186375720827786718e+05
-3.871562978067003423e+05
-3.503347215689541190e+05
-3.559000557785411947e+05
-3.996667779506515944e+05
-3.522759087983082864e+05
-3.189489274278166704e+05
-3.610876147747570067e+05
-3.197492402846248006e+05
-3.208029222141819191e+05
-3.581152080915578990e+05
-3.882810472006137134e+05
-4.382218071983386180e+05
-3.484622575816583121e+05
-4.009234277564423974e+05
-3.255657263501073467e+05
-3.293706915733463247e+05
-2.891596432362099877e+05
-2.722395100245141657e+05
-2.775501095595887746e+05
-2.929376393723985530e+05
-3.145499929182324558e+05
-3.141185676765487879e+05
-3.194457217321142671e+05
-3.447356215378355701e+05
-3.328059755596273462e+05
-3.382594633560079383e+05
-3.201234625661012251e+05
-3.230732417993159033e+05
-3.903243798646733048e+05
-3.850107818442547577e+05
-3.426319214874282479e+05
-3.684785490497685387e+05
-3.419594412712988560e+05
-3.253222185036801384e+05
-3.339328433987811441e+05
-3.513873007001107326e+05
-3.119008799726438010e+05
-3.100673213369099540e+05
-3.496458443444956210e+05
-3.885583747363779694e+05
-3.159896224191625952e+05
-3.301255386958259623e+05
-3.017254671056403895e+05
-3.344526218302743509e+05
-2.961115441277101054e+05
-2.939264269091805327e+05
-3.631303932027969859e+05
-3.782459535422073095e+05
-3.212353085221627261e+05
-3.112243289466178394e+05
-3.437906286297282204e+05
-2.946425041524612461e+05
-3.083866070144340629e+05
-3.270719449891678523e+05
-4.240580648499330855e+05
-3.783335142296201666e+05
-3.273227407014560886e+05
-3.516152132969678496e+05
-3.314358247429451440e+05
-2.858755985805793316e+05
-3.292088027561565978e+05
-3.445863831209805212e+05
-4.200150161876159837e+05
-4.075668360114520183e+05
-3.414547885725421947e+05
-3.226435779073503218e+05
-3.245706889902240364e+05
-3.434879413821253693e+05
-3.339991212959846016e+05
-3.485697136602701503e+05
-3.296562953122055624e+05
-3.668918035773240845e+05
-3.347381581422489253e+05
-3.254786411877347273e+05
-4.239696736129539204e+05
-3.963615984327700571e+05
-4.165917189935114584e+05
-3.518734929312617169e+05
-3.250172900280537433e+05
-3.407446110888625844e+05
-2.934703228283068165e+05
-2.947155105827383813e+05
-3.234562967314709094e+05
-3.005886332402933622e+05
-3.528456644128807238e+05
-3.060620420801446307e+05
-3.369232164296823903e+05
-3.834888839611432632e+05
-2.796163453696556389e+05
-2.718823061840815353e+05
-2.770785946081245784e+05
-2.778551395888737170e+05
-3.669310144232623861e+05
-3.944341790371978423e+05
-3.625870446857765201e+05
-3.590741014316217625e+05
-3.424267884747588541e+05
-3.684061917795232730e+05
-3.810824208900600206e+05
-4.273339130070871324e+05
-4.191842650513206027e+05
-4.752700095867127529e+05
-4.041959117988704238e+05
-4.812074196622231393e+05
-4.265771008562908391e+05
-5.022903713072075625e+05
-3.890366276234841789e+05
-4.245471331866455148e+05
-3.659838946725981659e+05
-4.147201515022077947e+05
-3.132060360409808927e+05
-2.794927260063200956e+05
-3.513418673516768613e+05
-3.928915790541950264e+05
-4.039870360713007976e+05
-3.507869840661639464e+05
-3.421412690181729849e+05
-3.638969066572245792e+05
-3.525498865854279720e+05
-3.826895661094763200e+05
-3.377672669396026758e+05
-3.264725021913435776e+05
-3.606992019072170951e+05
-3.314444566794393468e+05
-2.983801390947361942e+05
-2.703882147637023591e+05
-3.455708620528334868e+05
-3.019236253207310801e+05
-3.658678231437225477e+05
-4.141191019818657660e+05
-3.278298399704484618e+05
-2.903384844775328529e+05
-4.539415263790898607e+05
-4.429023565533840447e+05
-3.775662830177343567e+05
-3.085124900662385626e+05
-2.807073795172960963e+05
-2.914841063714130432e+05
-3.846603997460427345e+05
-3.987264729864679393e+05
-3.657441738865546067e+05
-3.105612673792319838e+05
-3.767082596276710392e+05
-3.930344241919590859e+05
-3.385417870520881261e+05
-3.431825884714923450e+05
-3.269456629874332575e+05
-3.055177805946336011e+05
-3.864307442416324629e+05
-3.979933404161735089e+05
-3.006788218447421677e+05
-3.021809552975577535e+05
-3.345897580199203803e+05
-2.867513647075896151e+05
-3.684112486616055830e+05
-3.819793508940067259e+05
-3.776578127134631504e+05
-3.637906170667808619e+05
-3.706628386092821602e+05
-4.267676613307792577e+05
-3.479123179065172444e+05
-3.334080295451175771e+05
-3.309758945873581106e+05
-2.905245689157346496e+05
-3.912657474956138176e+05
-4.336444417381320964e+05
-2.903243976402181434e+05
-3.111539796803391073e+05
-4.303770942259816802e+05
-5.221689937155853841e+05
-3.380219987224669894e+05
-3.314396993149408372e+05
-3.774088576957482728e+05
-4.274610581390606822e+05
-3.686894271957945311e+05
-4.189161775790925021e+05
-3.834196302865573089e+05
-3.536910536230111611e+05
-3.284377250907099806e+05
-3.090128579878379824e+05
-3.627108117347161169e+05
-3.727993887436324148e+05
-3.174470190520667238e+05
-3.288200381353269331e+05
-3.187596369033888332e+05
-3.586105305957226665e+05
-3.863140361452636425e+05
-4.083919494534566184e+05
-3.292235395659026690e+05
-3.626806219745193375e+05
-3.604401766218103585e+05
-3.820767090009450330e+05
-2.823973137625048985e+05
-2.678937317847776576e+05
-3.803199272498058272e+05
-3.223783429028056562e+05
-3.490691126556735835e+05
-3.487676199603500427e+05
-3.219728121647976222e+05
-3.040555552372958045e+05
-4.032441190611876082e+05
-3.436268876774583478e+05
-3.454029890316952951e+05
-3.468045547999346745e+05
-3.899982345608367468e+05
-4.295528003283573198e+05
-3.868599419743351755e+05
-4.215619695079377270e+05
-4.112657324401507503e+05
-3.691254559824306634e+05
-3.512700725224238704e+05
-3.259533884090905776e+05
-4.025966244664959377e+05
-3.916907531167985289e+05
-4.285683572964994819e+05
-5.026347913218626636e+05
-3.432046980107401614e+05
-3.214474224494041991e+05
-4.149104856997083989e+05
-4.406578829575681011e+05
-4.066532108379480778e+05
-3.383936148597401916e+05
-3.720914587787556811e+05
-4.077380793151663383e+05
-4.100480305688388762e+05
-4.066956570825640229e+05
-3.575753188551476342e+05
-3.455481116844774224e+05
-4.230148953876301530e+05
-4.789183178105323459e+05
-4.609051838413604419e+05
-4.090657660334442626e+05
-4.131614932911885553e+05
-4.601870777033041813e+05
-4.394774396619793843e+05
-5.169735935819931910e+05
-3.490972454123770585e+05
-3.358742309337357874e+05
-4.049649479728978476e+05
-3.864236350829300354e+05
-3.376659955554873450e+05
-3.528913210961116129e+05
-3.591944249495998374e+05
-3.622595607600221992e+05
-3.764703105889738654e+05
-3.612672648132757167e+05
-3.660175271900841617e+05
-4.020982777425379609e+05
-3.559749283059401787e+05
-3.467451389714065008e+05
-3.634693297003409243e+05
-3.676885631135715521e+05
-3.415308436416714103e+05
-3.400469583708947757e+05
-4.395360080251584877e+05
-4.829730101503510377e+05
-3.829586674960451783e+05
-4.113840858760568663e+05
-4.842530547147782636e+05
-4.539695344071539002e+05
-3.962564833104414865e+05
-3.639981085772836232e+05
-4.436916311999575119e+05
-4.379755325061580515e+05
-4.437276421929092030e+05
-4.836882266584369936e+05
-3.978857103641747381e+05
-3.772646021217971575e+05
-5.143902458763764589e+05
-5.585571203353242017e+05
-4.761191145945720491e+05
-4.960478401596283657e+05
-4.071503072390535963e+05
-4.177930043009437504e+05
-4.762028689412946696e+05
-4.267971244534670259e+05
-4.589216396956641111e+05
-4.150938293202295317e+05
-4.428439348267309251e+05
-4.038642369806512725e+05
-4.147392802790726419e+05
-4.013233051413192297e+05
-4.384709057837854489e+05
-4.739134415073153214e+05
-5.063996357196507161e+05
-4.837671641917084926e+05
-4.215929394040954649e+05
-4.355472871749562328e+05
-4.443367148465620703e+05
-3.922139769362187944e+05
-3.898098841590425582e+05
-3.666766618161398801e+05
-4.738235633312761202e+05
-5.113640412278738222e+05
-4.314472076349807321e+05
-4.186450506265714648e+05
-4.055600266794229974e+05
-4.276652607462477754e+05
-4.033111610437836498e+05
-4.196827451307250303e+05
-4.406613641394314473e+05
-4.304150378324600752e+05
-3.945369860588410520e+05
-4.156221816329801804e+05
-4.377500914878253243e+05
-4.739387813905603834e+05
-5.221451128274610383e+05
-4.773168954269353417e+05
-3.964494121174835018e+05
-4.110415634244246758e+05
-4.301637300319738570e+05
-3.803769129755918984e+05
-4.365573811306337011e+05
-4.316472933154437342e+05
-3.702314690614803112e+05
-3.714572396596007165e+05
-4.214006330943276989e+05
-3.738652534236233332e+05
-4.166631154993603122e+05
-4.639360131628965610e+05
-3.820502710770916310e+05
-3.928413524885142106e+05
-3.911389003715391154e+05
-4.181192517657194403e+05
-3.707277567301866366e+05
-3.377429099674280733e+05
-4.332225499709580909e+05
-4.049203760335666011e+05
-3.858446310113932122e+05
-4.008525650120561477e+05
-3.701527705187263200e+05
-4.015125158321757335e+05
-4.382448882288464229e+05
-4.390130139748965739e+05
-4.346517500440250733e+05
-4.518713775162327220e+05
-4.453664473366274615e+05
-5.155487188134616590e+05
-3.858473870441538747e+05
-4.150411441436884343e+05
-3.891054492402689066e+05
-3.808514003996892716e+05
-4.143026640458506881e+05
-3.814930885692127049e+05
-3.754581521628125338e+05
-3.931013336811367190e+05
-4.149733864811630337e+05
-4.670336850019991980e+05
-4.037008625190833118e+05
-3.452080926458218601e+05
-3.652943037674438674e+05
-3.603778474622261128e+05
-3.912245084375444567e+05
-4.135172613576164586e+05
-3.668006479977861163e+05
-4.153227404151762021e+05
-4.109631134977250476e+05
-4.752522807265342562e+05
-3.767352309411933529e+05
-3.820843933160886518e+05
-4.457088326530282502e+05
-4.023214356264585513e+05
-3.227322694669625489e+05
-2.982538913688737084e+05
-3.559038804935041699e+05
-3.428957208513137302e+05
-4.043100222050515586e+05
-3.706869987405264401e+05
-3.537736888796169078e+05
-3.937992703259583213e+05
-4.455386335270014242e+05
-5.002199899194231839e+05
-3.414287217405012343e+05
-3.314993304320378229e+05
-3.882163125472431420e+05
-4.124797999494294054e+05
-3.897113477610863629e+05
-4.000899485083826585e+05
-3.484540545807012240e+05
-3.357395136617487296e+05
-3.485004908607954276e+05
-3.194609460383914993e+05
-3.896282367198719294e+05
-3.777105303050216171e+05
-3.468813225017495570e+05
-2.947921039921373012e+05
-2.901747029098210623e+05
-3.115961364599770750e+05
-3.333281099012432387e+05
-3.664083727723474731e+05
-3.282131881243616226e+05
-3.272978442475095508e+05
-3.438839144227972138e+05
-3.986114455398572027e+05
-3.618978168400785071e+05
-3.720100122972308309e+05
-3.337070980682098889e+05
-3.775663714244337170e+05
-3.602637260218563606e+05
-4.142423455653421697e+05
-3.453998755602187593e+05
-3.423007133446650696e+05
-3.181233379812656203e+05
-3.390678016595623340e+05
-2.946336165906568058e+05
-3.045203448289013468e+05
-4.001782587954768096e+05
-4.500107081054748851e+05
-4.050400302667015349e+05
-3.756315460977550829e+05
-3.527937254140184377e+05
-3.973964302657890366e+05
-3.944871631491918233e+05
-3.712885358611727715e+05
-3.686740271584075526e+05
-4.125623777498362469e+05
-3.703920804587382008e+05
-4.237127185860516620e+05
-3.055194763845048728e+05
-2.992321738262317958e+05
-4.160001178079329547e+05
-3.727458918903764570e+05
-3.113500061852610088e+05
-2.785720554256182513e+05
-4.273327126582539058e+05
-3.789240764203207218e+05
-4.085932640103902086e+05
-4.066759284807578078e+05
-3.642221515557009843e+05
-4.008040025503305951e+05
-3.256026954705897369e+05
-3.698512589826385374e+05
-2.866780672927945852e+05
-2.650370637748764129e+05
-3.597749817641460686e+05
-3.090298890024974244e+05
-3.415487483130849432e+05
-3.078141551185761928e+05
-2.820604882809779956e+05
-2.800567972034218838e+05
-3.198837737254617386e+05
-3.405141442394422484e+05
-3.212918269634426106e+05
-3.530212806046655751e+05
-3.525632351315863780e+05
-3.502769842821111088e+05
-4.358887987308651791e+05
-4.999861994037023396e+05
-3.618243880561355618e+05
-4.184836511817711289e+05
-3.616605484865742619e+05
-4.051502134511840413e+05
-3.516666943389963708e+05
-3.762401752854333608e+05
-3.505461214224997093e+05
-3.099669428230775520e+05
-3.153663386236460647e+05
-3.071063982788135181e+05
-3.848164814867076930e+05
-3.951490462030455819e+05
-3.264242691116853966e+05
-3.420782565937421750e+05
-3.595794943038073252e+05
-3.153697924678263371e+05
-3.819594817057921900e+05
-3.578386917359952931e+05
-3.314980141173406737e+05
-3.357084098365493701e+05
-4.361126973154418520e+05
-3.928990398035236867e+05
-3.911219883750255103e+05
-3.636736271695122123e+05
-3.206379358581466367e+05
-3.476072667254654807e+05
-3.256547812132148538e+05
-3.533185827729619923e+05
-3.451884836517430376e+05
-3.825897402790757478e+05
-3.971124259107569815e+05
-3.952115540720833815e+05
-3.055653382165173534e+05
-2.799410602661192534e+05
-3.861150670931772911e+05
-4.578961557928990223e+05
-3.283822046507796040e+05
-2.894625351882328978e+05
-4.147277700029078987e+05
-3.851832953746519634e+05
-2.802593450569891138e+05
-2.671157252678917139e+05
-3.058152062066712533e+05
-3.209306421628928510e+05
-3.637162493670004187e+05
-3.015890696942249197e+05
-3.525015329999958049e+05
-3.171179985332712531e+05
-3.600716850813064375e+05
-3.526298122608415433e+05
-3.514576774888442014e+05
-3.069849777901575435e+05
-3.400671406970284879e+05
-3.200503567110162694e+05
-3.601888233018228202e+05
-3.778135753855172661e+05
-3.175055999464141787e+05
-3.026745518525869702e+05
-3.427961849455406191e+05
-3.450365398758925730e+05
-3.852210129929055111e+05
-3.192655641336444532e+05
-3.294143886155526852e+05
-3.561848964426473249e+05
-4.293853536688775639e+05
-3.635356686237312970e+05
-3.315946341509112390e+05
-2.886707976714145043e+05
-3.002776637157678488e+05
-2.841168372465419816e+05
-3.802086614201141638e+05
-3.956323592740162858e+05
-4.024522017145781429e+05
-4.718505492264537024e+05
-3.206498136704827193e+05
-3.161452420936796698e+05
-3.953637978466045461e+05
-3.844433046015184955e+05
-3.665244614369550836e+05
-3.863593387891924940e+05
-3.961019482829565532e+05
-4.181757784194769920e+05
-3.435961118562320480e+05
-3.321549220608181786e+05
-4.101867990308788721e+05
-4.627368905893528718e+05
-4.125597688478032942e+05
-3.397417594865945284e+05
-3.577168348271567957e+05
-3.656772951077758917e+05
-3.160923528407360427e+05
-3.189214546642965870e+05
-3.121184367181903217e+05
-3.341332475361074903e+05
-3.081436411084611318e+05
-3.015399179063360207e+05
-3.183624913228249643e+05
-3.172256057759561809e+05
-3.630598912232330185e+05
-3.648965659692090703e+05
-3.560863198984587216e+05
-3.757731442307364778e+05
-3.072227379719040473e+05
-3.334362100979929673e+05
-3.502968635119855753e+05
-3.654206963733153534e+05
-3.204395425562105956e+05
-3.135782257407405414e+05
-3.954704286210105638e+05
-4.192053150009797537e+05
-3.211558945579222636e+05
-3.493926878651031875e+05
-3.077919765222805436e+05
-3.204888177703507827e+05
-3.427495572509879130e+05
-3.600616934561107191e+05
-3.197677982881607604e+05
-3.301022953779553063e+05
-3.921124998269859352e+05
-4.085243234116992680e+05
-3.823542000455362140e+05
-4.194035759318133933e+05
-3.416867862425450003e+05
-2.921643923162706778e+05
-3.887486221467820578e+05
-3.885729423646716750e+05
-3.385848873129419517e+05
-3.326620725481627742e+05
-3.135833345396065852e+05
-3.457660905648213229e+05
-3.620500445664993604e+05
-3.171766023885619943e+05
-3.349221187608123873e+05
-3.162250341844008653e+05
-3.535671664232399198e+05
-3.745044520802128245e+05
-3.396932327857006458e+05
-3.278866381860771216e+05
-4.336505525487422128e+05
-3.606433793413906824e+05
-3.489821878251941525e+05
-3.171498484907546081e+05
-3.299864340213155374e+05
-3.001113988578051212e+05
-3.083901936480102013e+05
-3.159566800922187977e+05
-3.052862121343134786e+05
-2.806518174379965640e+05
-3.832062023793517146e+05
-4.505584659949503257e+05
-3.226954199351657298e+05
-3.346516584030152881e+05
-3.096323798392376048e+05
-3.057739769835344050e+05
-3.356665063339121407e+05
-3.070851334176675300e+05
-3.679569753274035756e+05
-3.481929681896755355e+05
-3.706546379887569346e+05
-4.246271952197458013e+05
-3.474079435187670751e+05
-3.441134584855200374e+05
-3.803152385453330353e+05
-4.525478728644361836e+05
-3.206469314020035672e+05
-3.084538465109734097e+05
-3.547837676478617941e+05
-3.644475961915501393e+05
-3.105029505117472727e+05
-2.983829671370319556e+05
-3.143936369259324274e+05
-3.405984164457552833e+05
-3.722071737654308672e+05
-4.324387977478267276e+05
-3.257776045895603602e+05
-3.405175945948332665e+05
-3.024328529359041713e+05
-2.994937186363123474e+05
-3.735879555034452933e+05
-3.609493368142489926e+05
-4.163368003804936889e+05
-3.950022644862637389e+05
-4.157226341376149212e+05
-4.636847517001412925e+05
-3.281564911557572777e+05
-3.321464333964043180e+05
-3.023165824085589265e+05
-3.043083167873433558e+05
-3.634739073818293982e+05
-3.134581496022167266e+05
-3.539192922018045210e+05
-3.785352015007648733e+05
-3.510520701820895192e+05
-3.109726024130799924e+05
-3.636291956470375299e+05
-3.095800724732130766e+05
-3.921250996487482334e+05
-3.138853857902187738e+05
-3.177048479554864462e+05
-3.311653181359914015e+05
-3.413354038257903303e+05
-3.661101401847995003e+05
-3.671213455492915236e+05
-4.006245056891894201e+05
-3.700497359100003378e+05
-3.477334149151651654e+05
-3.588955329545328277e+05
-3.041757385457617347e+05
-3.522799829864650383e+05
-3.281879118692099582e+05
-3.526097304678117507e+05
-3.915914270036417292e+05
-3.954018947126551648e+05
-4.207339999378615175e+05
-3.334252669166941778e+05
-3.560211646850641118e+05
-3.259647315879936796e+05
-3.278869046108056209e+05
-3.775471937797149294e+05
-3.693468116089390824e+05
-3.059435298455852317e+05
-3.248389869986845879e+05
-3.330998587784867268e+05
-3.122375599017222994e+05
-3.225015969989434816e+05
-3.265317182180389063e+05
-3.136845959385054884e+05
-2.814787921421172214e+05
-3.522878924671535497e+05
-3.766204641647356912e+05
-4.246795792157928809e+05
-4.737928708714070381e+05
-2.821591611733413883e+05
-2.970912803941038437e+05
-3.296094989741274621e+05
-2.886359154435959063e+05
-3.398169849638444139e+05
-3.136223689128806582e+05
-3.451812835778657463e+05
-3.724980639766970417e+05
-3.217012884157447261e+05
-3.446253657566167531e+05
-3.169538332315280568e+05
-3.065321153304066975e+05
-3.750224904373719473e+05
-3.241909466545938049e+05
-3.019371912662255927e+05
-3.120781508359113359e+05
-3.845364813287103898e+05
-3.564169893464757479e+05
-3.218637055150136584e+05
-3.504304220583457500e+05
-3.921755749294736888e+05
-4.424145984189367737e+05
-3.019903681159217376e+05
-2.829296531581088202e+05
-3.525821569957580068e+05
-3.635752308663195581e+05
-3.373796235028044903e+05
-3.035052140736109577e+05
-3.062664598768275464e+05
-3.155724625401745434e+05
-3.675773209938184009e+05
-3.601869075296915253e+05
-3.347081408163783490e+05
-3.434164082732038223e+05
-3.452011894504760858e+05
-3.480596312065664097e+05
-3.466013213220731704e+05
-3.746108332765614032e+05
-3.785856025474488852e+05
-4.022689552072410588e+05
-3.503508812938833726e+05
-3.608834236603263416e+05
-3.741117609501599218e+05
-3.603012573285606341e+05
-3.482894534266642295e+05
-3.070570341874423902e+05
-4.240299139592385036e+05
-4.701532753280777833e+05
-4.385076074204997276e+05
-4.986921842898987816e+05
-4.089868002036227263e+05
-3.468929414144174079e+05
-3.724072002092286129e+05
-3.325352677553390968e+05
-3.793854656873854110e+05
-4.037780823377581546e+05
-3.066993602328481502e+05
-3.104215853126067086e+05
-3.523947523224752513e+05
-4.081886096537975245e+05
-3.275594973047791282e+05
-3.569943451450369903e+05
-3.613832985437097959e+05
-3.334022754092032555e+05
-3.396138585239332169e+05
-3.381742541113301995e+05
-3.282141662425145623e+05
-3.054811346584749408e+05
-3.562452608278119587e+05
-3.269383672429760336e+05
-3.342785552894752473e+05
-3.310624313555734698e+05
-3.030544315331878606e+05
-3.246277202065171441e+05
-3.442693493207707070e+05
-3.115441920893166680e+05
-3.788695807001486537e+05
-4.269034861192858662e+05
-3.699795865043184604e+05
-3.867995148818307207e+05
-3.365027287939579110e+05
-3.056940204602360609e+05
-4.204599293986028642e+05
-4.010739973399461596e+05
-2.822465598558076890e+05
-2.942881382932488923e+05
-4.188321401297657867e+05
-3.848433015307272435e+05
-3.535793683487973758e+05
-4.082456781579169328e+05
-3.505904074856826337e+05
-3.041038874664867762e+05
-3.876710952725443640e+05
-3.282588882296140655e+05
-3.408203089253972867e+05
-2.998752464070613496e+05
-3.066640512270531035e+05
-3.325053881593529368e+05
-3.336508630648695398e+05
-3.477789678927095956e+05
-3.677198295729898964e+05
-4.037821703101207968e+05
-3.985710370646013180e+05
-4.778208248036060832e+05
-3.210027513838575687e+05
-3.218508990357703879e+05
-3.173480476220205892e+05
-3.049819577474741964e+05
-3.861978046024788055e+05
-4.609073637850939413e+05
-3.742211691084475024e+05
-4.120043460960221128e+05
-3.288488351039134432e+05
-2.914861567044364638e+05
-3.086265141693043988e+05
-3.120278028927514679e+05
-3.303053846125958371e+05
-3.559646596615544404e+05
-3.070846190009372076e+05
-2.904977964420539793e+05
-3.881345862009780831e+05
-3.919619904904128634e+05
-4.035899105595702422e+05
-4.859718067961062188e+05
-3.437261470790492604e+05
-3.235887116126627079e+05
-3.647272562922577490e+05
-3.336690820922700223e+05
-3.020570659681514953e+05
-3.126679225261293468e+05
-3.538156795050909859e+05
-3.531747030365735409e+05
-3.484286930243771640e+05
-3.002068584861620911e+05
-3.539740393138080253e+05
-3.629055608104721177e+05
-4.005772126130660181e+05
-4.391682868784254533e+05
-3.738562260816391790e+05
-3.565191003045307007e+05
-3.262008295569777838e+05
-3.326768225781683577e+05
-3.289895225444206735e+05
-3.578334342655359651e+05
-3.039555080400098232e+05
-3.259509777615460916e+05
-3.160559276534094242e+05
-2.849753543413281441e+05
-3.912806821487339912e+05
-4.080302558067674399e+05
-3.714315147230721777e+05
-3.443651381677111494e+05
-3.796933038022243418e+05
-4.120406397471656674e+05
-3.156549406983728404e+05
-3.207253694198928424e+05
-3.548115409811051213e+05
-3.640227791495674173e+05
-3.108492047532785218e+05
-3.007935410483727464e+05
-4.240842759914922644e+05
-4.958121336421282613e+05
-3.561722202094864915e+05
-2.965024878935558954e+05
-3.290235000662560342e+05
-3.289360878370635910e+05
-3.105930820324583910e+05
-2.881141429180404521e+05
-3.761219926941468730e+05
-4.417160987362322048e+05
-3.653827983219300513e+05
-4.070473670818437240e+05
-3.373997158223291044e+05
-3.498986210678545176e+05
-3.000516865779411164e+05
-2.827628533592280000e+05
-3.758794244420113973e+05
-4.252914234467241331e+05
-3.682109003597366973e+05
-3.834982696235544863e+05
-3.575753775522437063e+05
-3.639387078538224450e+05
-4.398474646963221603e+05
-5.179289821057619411e+05
-4.222424319314171444e+05
-4.629850478469340014e+05
-3.552659293006120133e+05
-3.282315361337768845e+05
-3.732249970524878008e+05
-3.096418862117858371e+05
-3.423830087067282293e+05
-3.344099852578515420e+05
-4.042624004251433653e+05
-4.464352886903541512e+05
-3.746051267625098699e+05
-3.249130334268369479e+05
-3.276891218132463400e+05
-3.404055415983265848e+05
-3.423406634337664000e+05
-2.900914778712349944e+05
-3.447321736863706610e+05
-3.884180157404129277e+05
-3.486754765943124075e+05
-2.952950228302711039e+05
-3.939743747035763809e+05
-4.620953514851885266e+05
-3.321985115269101807e+05
-2.860032543518746970e+05
-3.182385058614869486e+05
-2.979608754333787947e+05
-4.118788244059553253e+05
-3.687992018547026091e+05
-3.499820070504143951e+05
-3.965401561245872290e+05
-3.022009061764760409e+05
-3.232629074867265881e+05
-3.052702344327697647e+05
-2.776230663649121416e+05
-3.976335276984300581e+05
-4.424852229781941860e+05
-3.476798171777605894e+05
-3.516230059060325730e+05
-4.382265449304212234e+05
-5.246247363809217932e+05
-3.036059305810387013e+05
-3.144916557340467698e+05
-3.437562573326299898e+05
-3.634507745077805012e+05
-3.484857207868001424e+05
-3.377332788368008332e+05
-3.891081385801446741e+05
-4.113454650203860947e+05
-4.267998167998582940e+05
-4.199560877471429412e+05
-4.003781588576454087e+05
-4.036854266038508504e+05
-3.540536400386900059e+05
-3.480551464511100785e+05
-3.234772940082877176e+05
-2.937988905652880203e+05
-3.103516480118590407e+05
-2.889777946274376591e+05
-4.061203360247316887e+05
-4.016161828312430298e+05
-3.177836664586787228e+05
-3.607037747789662099e+05
-3.407120055045523914e+05
-2.888344363038004958e+05
-3.564427721460211906e+05
-4.037933668587446446e+05
-3.768057326431174297e+05
-3.086236250894634868e+05
-3.860171397666208213e+05
-3.727691793804307817e+05
-3.258439361848471453e+05
-3.228839099296465283e+05
-4.055766978651889949e+05
-4.860285285248144646e+05
-3.863843899159059511e+05
-3.417582853719747509e+05
-3.526981962508077850e+05
-3.511994117604814819e+05
-3.459257328615481383e+05
-3.061080936063862173e+05
-3.241156103834391106e+05
-3.110462997644789284e+05
-3.720544199495651410e+05
-3.629578143576793955e+05
-3.811415712421392673e+05
-4.267773885990339913e+05
-3.264903962668418535e+05
-3.411144085131144384e+05
-3.841498845370737254e+05
-4.165065158084417344e+05
-3.857625119392633787e+05
-4.111130253288507811e+05
-3.591810936795900343e+05
-3.062945017344799126e+05
-3.465663772994119790e+05
-3.004717523910471355e+05
-3.906294761913831462e+05
-3.999169919806946418e+05
-3.319496996853626333e+05
-3.084124103635601932e+05
-3.074470885443558800e+05
-2.802002869316607830e+05
-3.217218074020020431e+05
-2.821505044310779194e+05
-3.226524142138196621e+05
-3.137946361267566099e+05
-3.129944954890326480e+05
-3.103405044420458726e+05
-3.399132904669921845e+05
-3.309549204408430960e+05
-3.664078512553488836e+05
-4.241343657367792330e+05
-3.735851493219640688e+05
-3.253431061637357343e+05
-4.167880474756233743e+05
-4.565573889275499969e+05
-3.293639206606945372e+05
-3.193077729985382175e+05
-2.914617909959452809e+05
-2.649944114403147250e+05
-3.306665257111276733e+05
-2.954617051915259799e+05
-3.369547815351889003e+05
-3.738042008945025154e+05
-3.153663698461382301e+05
-2.986602383548548096e+05
-3.752116494344422244e+05
-3.828541193260650034e+05
-3.067157779382876470e+05
-3.048666600201155525e+05
-3.761667639543276164e+05
-4.330413937960103503e+05
-4.148531556162165361e+05
-4.453157143419593922e+05
-3.742706440130409901e+05
-4.362914989304071642e+05
-4.496954989148263703e+05
-4.144677449275245308e+05
-3.347004298803129350e+05
-3.672847542017027154e+05
-3.900033602537225815e+05
-3.202834345171925961e+05
-3.264943815434106509e+05
-3.059682758805596386e+05
-3.708652135000103735e+05
-4.162535472387803602e+05
-3.167401453300890280e+05
-2.770320586029115948e+05
-3.036071107732472592e+05
-3.323335176379525801e+05
-3.399962716385415988e+05
-3.386683499484174536e+05
-3.894271149280542159e+05
-4.276244927287820610e+05
-3.315357025371608906e+05
-3.778901738408928504e+05
-3.642712597621551831e+05
-3.398245112801035866e+05
-3.535993285916894092e+05
-3.391441895999934059e+05
-3.802224229305681074e+05
-3.498154647473244695e+05
-3.380587857825090759e+05
-3.429510203455669107e+05
-3.183109758213574532e+05
-3.461241133616776206e+05
-2.872265308211127413e+05
-2.627993412460130639e+05
-3.296750486794169410e+05
-3.538733419748489396e+05
-3.638693134353903006e+05
-3.539053355902024196e+05
-3.763042085703577613e+05
-3.764432240776732215e+05
-4.184694428113244358e+05
-3.934659201142756501e+05
-2.939768541359048686e+05
-3.158121773335371399e+05
-3.399063299686082755e+05
-3.324693401982916403e+05
-3.625775021848264732e+05
-3.370458028701154981e+05
-3.433863455918157124e+05
-3.959628899297130411e+05
-3.221155099348337390e+05
-3.085651994817094528e+05
-3.208058916417839355e+05
-3.323559782312778989e+05
-3.464560294499369338e+05
-3.921623933653578279e+05
-4.028007651858237223e+05
-4.448218852357920841e+05
-3.798825036858232343e+05
-4.374997683477755054e+05
-3.401022211894591455e+05
-3.135348150109723210e+05
-3.603230673027632874e+05
-3.613614332135181758e+05
-3.597262494833869277e+05
-3.292345596527006128e+05
-3.848828658664302784e+05
-3.821846653556665988e+05
-3.252933890473839128e+05
-3.352775603508325876e+05
-3.297559562837759149e+05
-2.860816591252702638e+05
-3.851365022109952988e+05
-4.076168464306275710e+05
-3.113576694867525366e+05
-3.097314720834466862e+05
-3.950727517889015726e+05
-4.399827483700124430e+05
-3.819694322464068537e+05
-4.492872184504990582e+05
-3.391729388740852592e+05
-3.043204217931063613e+05
-2.920211606077661272e+05
-3.138774251554465736e+05
-3.098399085971591412e+05
-2.924907203324398142e+05
-3.730821333031248068e+05
-3.144902790937453974e+05
-3.168576317436426762e+05
-3.376352396962877247e+05
-4.351259498863375629e+05
-3.446149772924150457e+05
-3.081504941604048363e+05
-3.271521444958221982e+05
-3.066763656080525252e+05
-3.041055159863286535e+05
-2.811457972685668501e+05
-2.863497055523319286e+05
-3.620842893522697850e+05
-3.378353503633459914e+05
-3.416144068943666061e+05
-3.829036651050203945e+05
-3.333372776721461560e+05
-2.939995068526942632e+05
-3.514786469568038010e+05
-4.095582733941582846e+05
-3.104774054256605450e+05
-3.249780082079081913e+05
-3.469869120280526695e+05
-3.001254259833287797e+05
-3.522592046388559393e+05
-3.695195316432632972e+05
-3.781169891276503331e+05
-3.117984973973300075e+05
-3.356160574383402127e+05
-3.081364204534370801e+05
-2.842288131553247222e+05
-2.850923941297195270e+05
-4.079416059395385091e+05
-4.725399991685702116e+05
-3.715751925400480977e+05
-3.737194506712459261e+05
-3.475040757143075461e+05
-3.845869998104101396e+05
-4.048883038870847085e+05
-3.377425735220040078e+05
-3.792572800602297648e+05
-3.184740320776617737e+05
-3.340763611942282296e+05
-3.521098856471515610e+05
-3.887911361875410075e+05
-4.049241416916233138e+05
-3.426994652012106380e+05
-3.002190932663426502e+05
-3.404471985053130193e+05
-3.803671630442443420e+05
-3.218547095522333984e+05
-3.249536778449247358e+05
-3.507525244188184734e+05
-3.393404786579505890e+05
-2.954234413033573073e+05
-2.929630790715516778e+05
-3.711249278994729975e+05
-3.805354570765786921e+05
-2.936826130043098237e+05
-2.922095855282236007e+05
-3.190351663144725026e+05
-3.275825207993712393e+05
-4.159185403206553892e+05
-3.618821055068601272e+05
-3.629783500623084255e+05
-3.976705344944232493e+05
-3.237906866040081368e+05
-3.107267044276084634e+05
-3.313527373975064838e+05
-3.189180905866648536e+05
-3.163644438285898650e+05
-3.193927889056012500e+05
-3.695607544500102522e+05
-3.063060601783572347e+05
-3.929578971540984930e+05
-4.510226590843025479e+05
-3.470184231969210668e+05
-3.500595171660348424e+05
-3.715665780345199746e+05
-3.912981551781158778e+05
-3.549535118765917723e+05
-3.884434304483382148e+05
-3.370163009002797771e+05
-3.208000814040362602e+05
-3.454159319839290110e+05
-3.438919437202077825e+05
-3.328160346452731173e+05
-3.747147258974342258e+05
-3.652869910046471632e+05
-3.728636685644504032e+05
-3.711331962037669146e+05
-4.146313587157065631e+05
-3.074041358094154857e+05
-2.816801950757247396e+05
-3.003361511581712984e+05
-2.967311430639394093e+05
-3.307668151308196248e+05
-3.358355163931712741e+05
-3.955602429419835098e+05
-4.631620786485381541e+05
-3.961665254217922338e+05
-4.019028977104061050e+05
-3.170021912091289414e+05
-2.934274229179753456e+05
-3.749538871710921521e+05
-3.810098675363190123e+05
-3.515855610435967683e+05
-3.466013630818885867e+05
-3.849401996953867492e+05
-4.469161016693876009e+05
-3.370196768974247971e+05
-3.617413115630945540e+05
-3.624461608340599923e+05
-4.199487859211455216e+05
-3.194110659168509883e+05
-3.096085635075600585e+05
-3.750935942000041832e+05
-3.449510867437476409e+05
-3.954855663371893461e+05
-4.267655202612010180e+05
-3.602565811126418994e+05
-4.055413226712904871e+05
-3.239478211735330406e+05
-2.980077354355907883e+05
-3.094535030915060197e+05
-2.848407078107696143e+05
-3.506680840741188149e+05
-3.641650241973326192e+05
-4.369484022907203180e+05
-3.754762576169907697e+05
-2.994947973543337430e+05
-2.928307316973306006e+05
-3.824140528953534667e+05
-3.708663333375817747e+05
-3.664074939192954334e+05
-3.536744966958488221e+05
-3.527714026657981449e+05
-3.377229624712795485e+05
-3.261655603162436164e+05
-3.553536998252005433e+05
-3.076619559723163256e+05
-3.202999681575203431e+05
-3.626682452817747253e+05
-3.475555692744164844e+05
-4.028094009142440627e+05
-3.689218328541531810e+05
-3.109883223872400704e+05
-3.085582083928560023e+05
-3.787946144922381500e+05
-4.396545640657978947e+05
-3.535371847383693093e+05
-3.542020617340080789e+05
-3.465745945653373492e+05
-3.755903014819401433e+05
-3.389968116621124209e+05
-3.654728032394640031e+05
-3.326023593257988105e+05
-3.501525275082078879e+05
-4.075855066087283776e+05
-4.787921064067407860e+05
-3.037080108732244116e+05
-3.286890587385160616e+05
-3.109413917758900789e+05
-2.961702671102512977e+05
-3.333718780792101752e+05
-3.527675062333571259e+05
-3.570672267862224835e+05
-3.554241390438880189e+05
-3.980450501294553396e+05
-4.020870540211210609e+05
-3.486582382359012845e+05
-3.801627045497504878e+05
-3.964878867605960113e+05
-4.154634246095877024e+05
-3.906621688738295343e+05
-4.273003077724225004e+05
-3.938925176524463459e+05
-4.008876358714359812e+05
-3.962170395762019907e+05
-4.341994262924367213e+05
-3.897299091301778099e+05
-4.555048086771300877e+05
-3.389481918813642114e+05
-3.529156242763092159e+05
-4.007241975883914274e+05
-3.681447214607826318e+05
-3.255231511520361528e+05
-3.196891596944297198e+05
-3.652678032775099855e+05
-3.762293108335086727e+05
-3.630756633091836120e+05
-3.220026645071601379e+05
-3.796408129909820273e+05
-4.429481776484074653e+05
-3.060379651182761299e+05
-2.886324742368316511e+05
-3.426186786896644044e+05
-3.897987396915193531e+05
-4.128963509887955734e+05
-3.826554395634853281e+05
-3.479631201182080549e+05
-3.011199721522278269e+05
-3.953079264714698656e+05
-4.486441100935871364e+05
-3.479634647216053563e+05
-3.703181756649134913e+05
-3.471804496908065048e+05
-3.580622931573311798e+05
-3.384737018693172722e+05
-3.117934683435459156e+05
-3.635483148957664962e+05
-3.267823794338469161e+05
-3.282487391564514837e+05
-3.407718590264141094e+05
-3.784308819255458075e+05
-3.818171338599858573e+05
-3.049335243702386506e+05
-3.178659604557470302e+05
-2.914983655989705003e+05
-2.832820612138442229e+05
-3.620975054988806951e+05
-3.612913072859496460e+05
-3.776149798317468376e+05
-3.777061287199145881e+05
-3.161404005486432579e+05
-3.357402002207555925e+05
-3.573606098011648864e+05
-3.282444539430015138e+05
-3.759883420212360215e+05
-3.510356566878861631e+05
-3.565605986702765222e+05
-3.414425704210553085e+05
-3.849832443457896006e+05
-3.171657275201197481e+05
-3.575545529499649419e+05
-3.526435343949074741e+05
-3.943018381079015671e+05
-3.467136888741395087e+05
-4.363403743649147800e+05
-4.060388042949465453e+05
-3.112318914936943911e+05
-3.351102063705249457e+05
-3.353213047116359230e+05
-3.100549857359874295e+05
-3.705912438404685236e+05
-3.252730053709297208e+05
-3.601764602116618189e+05
-4.203578679582150071e+05
-3.374486447050460265e+05
-3.677817082442388055e+05
-3.347930770576609066e+05
-3.451388899100478156e+05
-2.865992426888577174e+05
-2.920706021735861432e+05
-3.952739350368352025e+05
-3.297000340869239881e+05
-3.557183598739429726e+05
-3.673683705645533046e+05
-2.816997676810196135e+05
-2.907280634992949199e+05
-3.126577359430692741e+05
-3.005643172372049303e+05
-3.519410043010869413e+05
-2.971492754324151902e+05
-3.940307201675683609e+05
-4.210968297855188721e+05
-3.558470768131518853e+05
-3.420307288129694061e+05
-3.520175471579479636e+05
-3.366786286503148731e+05
-3.286640114552016021e+05
-3.637720823255030555e+05
-3.152268373683636892e+05
-3.476517065194901079e+05
-3.377895298042892828e+05
-3.422544681547941873e+05
-3.591826130817365483e+05
-3.179811781737573911e+05
-3.652476858172541251e+05
-4.197349865509073134e+05
-3.406521998068582034e+05
-3.314824825882190489e+05
-3.039429004306885181e+05
-2.740621988114317646e+05
-4.023105106851490564e+05
-3.295799715706064599e+05
-3.586662394029375282e+05
-3.690297547594484640e+05
-4.161694551539054955e+05
-3.991172023445458617e+05
-3.562259970841623726e+05
-3.359548340717820683e+05
-3.750629312955627684e+05
-3.345620599201332661e+05
-2.942756445924591972e+05
-2.935767937244666391e+05
-3.417421381009055185e+05
-3.514283282274053781e+05
-3.485008727603105363e+05
-3.268629560018964694e+05
-3.455094014531150460e+05
-2.924016430347666028e+05
-3.369158973973258981e+05
-2.874513388989315717e+05
-3.013687267998485477e+05
-2.804776116887734388e+05
-4.084141986133687315e+05
-3.851437792141119717e+05
-3.441907629887834191e+05
-3.726173375717244344e+05
-3.418233611230137758e+05
-2.901561228803109843e+05
-3.234993880037715426e+05
-3.568987196591855027e+05
-3.370046293990607955e+05
-3.707574834236241295e+05
-3.407349527270858525e+05
-3.062546056037773960e+05
-3.410046194406332797e+05
-3.638149274618835188e+05
-3.214761869814131060e+05
-2.942502094890015433e+05
-3.245346328077983344e+05
-2.992713186542904587e+05
-3.346938074139125529e+05
-3.392653255610070191e+05
-3.791606968410917907e+05
-4.055747649720727932e+05
-3.184424624921875657e+05
-2.901982032971656881e+05
-3.897492398503985605e+05
-4.651031634273435338e+05
-3.204146296452711103e+05
-3.022818852569616865e+05
-3.768441978677522275e+05
-4.306063547486819443e+05
-3.137960517612110125e+05
-3.468680643795662909e+05
-3.134190293854061165e+05
-2.795918565012397594e+05
-4.107761971652844804e+05
-4.202057257538033300e+05
-3.506869185818869737e+05
-3.760089495729947230e+05
-3.196989655176997767e+05
-2.991833075248610112e+05
-3.404733272758140811e+05
-3.753608967162673944e+05
-3.323308946442456217e+05
-3.354528043800979503e+05
-3.332716860285574803e+05
-2.861552559008023818e+05
-3.989481180460135802e+05
-4.437021082984521636e+05
-2.997649633961106883e+05
-2.961400802049491904e+05
-3.517098604395965231e+05
-3.860591201416961267e+05
-3.063405393394473358e+05
-3.406549573657913134e+05
-3.188726788299786858e+05
-3.642256215717683663e+05
-3.690503987999083474e+05
-3.754300175366671174e+05
-3.546107094906507409e+05
-3.410769823926120880e+05
-3.580781696381372749e+05
-2.994849239283364150e+05
-3.660243794241326977e+05
-4.270795450740231317e+05
-4.029883356940113590e+05
-4.837870164224107866e+05
-2.995711739878718508e+05
-3.271286674114078633e+05
-3.620578587000571424e+05
-3.120454023216836504e+05
-3.548096151470190962e+05
-3.246231745517992531e+05
-3.818823991527354228e+05
-3.101129645038612653e+05
-3.299848301631625509e+05
-3.562072776411033119e+05
-3.499208486170562101e+05
-3.601958871516329818e+05
-2.855503214374074014e+05
-2.996306067204031278e+05
-4.077019406560872449e+05
-3.768019054705868475e+05
-3.721107434096090728e+05
-4.306474463172269170e+05
-3.669680573140923516e+05
-3.386343065225463943e+05
-3.872501018146276474e+05
-4.636951581314756186e+05
-3.149930606195814325e+05
-3.493097302135601058e+05
-3.243871017564830836e+05
-2.862075103965738090e+05
-3.410409737723340513e+05
-3.188452894342432846e+05
-3.955880741696135956e+05
-3.466006273758051102e+05
-3.886816783571112319e+05
-3.585682952774162986e+05
-3.538731538290648023e+05
-3.484389658331859973e+05
-3.922381785888234735e+05
-4.650000142522999668e+05
-3.432269710221315618e+05
-3.735820705070112017e+05
-3.504572883169593988e+05
-3.711091282410025015e+05
-3.207646431566952961e+05
-3.192968073000698932e+05
-3.583069379601732362e+05
-3.933649133237840724e+05
-3.369213076307488373e+05
-3.103517015503741568e+05
-3.084081407230742043e+05
-2.802852842853413313e+05
-3.689257301394889364e+05
-3.473994822708807769e+05
-3.405186172389492858e+05
-3.165518419653929886e+05
-3.594546018681270652e+05
-4.002537401317977346e+05
-3.388680910847914056e+05
-3.578172467863917700e+05
-4.091811398371732212e+05
-3.980821107609400642e+05
-2.948804639022041229e+05
-2.801170696165055269e+05
-3.000770542350518517e+05
-3.202345943170528626e+05
-3.170869000322047505e+05
-3.101765136611922062e+05
-4.057251907468281570e+05
-3.716422321003946126e+05
-3.452400411130014691e+05
-2.988603715444271802e+05
-3.152344639497202006e+05
-3.399974723202664172e+05
-3.028817918353704736e+05
-3.223875678093708120e+05
-3.727056971023605438e+05
-3.792654640963523998e+05
-3.817656105052376515e+05
-3.582367807754242676e+05
-3.488635539231537259e+05
-3.480671408525431179e+05
-3.345827343772492022e+05
-2.979691021264700685e+05
-3.812803948200635496e+05
-4.284904219363275333e+05
-3.389569416028926498e+05
-3.283898966904119588e+05
-3.599782202930713538e+05
-3.397594852331341244e+05
-3.705795949507662444e+05
-3.991061145243142382e+05
-3.569152142678396194e+05
-4.098278408014557790e+05
-4.088089616111907526e+05
-4.968113752951053320e+05
-3.956103203829419799e+05
-4.461760002453117049e+05
-3.370285845998253208e+05
-3.098045051840604865e+05
-3.579347553375049611e+05
-3.437949887162366067e+05
-3.922328764187335619e+05
-3.313166895062603289e+05
-3.427478065609033220e+05
-3.324758287113003898e+05
-3.682737145388108911e+05
-4.270082476244519348e+05
-3.497799486539414502e+05
-3.729083904852588894e+05
-3.016496616834629094e+05
-2.783777235053168843e+05
-3.683614097742881277e+05
-3.284982130180734093e+05
-3.921618654255692963e+05
-4.401345772452294477e+05
-3.376806752350491588e+05
-3.751882376277922303e+05
-3.465079969128976227e+05
-3.897403179844571860e+05
-3.427430996389081702e+05
-3.842180065372342360e+05
-3.810695277545194840e+05
-4.429639801481140894e+05
-3.890260076028303592e+05
-4.341619304324872210e+05
-3.758453128351251362e+05
-4.028904893507739180e+05
-3.023967712152385502e+05
-3.104507637831264292e+05
-3.752835468413476483e+05
-3.840487984337738599e+05
-3.774982793940826668e+05
-3.210467544946863782e+05
-3.301690802560107550e+05
-3.066150059790536761e+05
-3.146960661085326574e+05
-2.981994383812141023e+05
-3.692967359496252029e+05
-4.090113961914901738e+05
-3.154379552395640640e+05
-3.165637703958098427e+05
-3.474740513598977705e+05
-3.915865962047256180e+05
-2.916829514760580496e+05
-3.077260852834700490e+05
-3.666757923190447618e+05
-4.241524918784114416e+05
-3.262041261161883012e+05
-3.554315504445337574e+05
-3.512374614819217823e+05
-3.641721054043147014e+05
-3.471677487409835448e+05
-4.003666580127423513e+05
-3.157071821198349353e+05
-2.976652683602576726e+05
-3.345419960747995065e+05
-3.213428005480213906e+05
-3.467789395638902788e+05
-2.929692722122553969e+05
-3.840579775440468802e+05
-4.234290250529392506e+05
-3.384799454349169973e+05
-3.636071308734648046e+05
-3.659960658981020679e+05
-4.168887101857667440e+05
-2.873998993041421054e+05
-3.061515912886818987e+05
-4.139759522403742303e+05
-4.843046115103094489e+05
-3.010281679147782852e+05
-3.031280551648073597e+05
-3.722239583710277220e+05
-4.067529981985741179e+05
-3.269629123424448189e+05
-3.769934751767237321e+05
-4.005859619754277519e+05
-4.240818831569557660e+05
-3.165802325503855827e+05
-3.366867160001737648e+05
-3.024896721573640243e+05
-2.951467779302778654e+05
-2.863589610774628818e+05
-2.689824785702042282e+05
-2.823433046867660014e+05
-2.828501294863197254e+05
-2.989272724185268162e+05
-2.682485216434199247e+05
-3.498799932351568132e+05
-4.047416073121772497e+05
-3.831112274666638696e+05
-3.663556720496491180e+05
-2.914341155637200573e+05
-2.880451619944446138e+05
-4.197452330265670898e+05
-3.859447116243761848e+05
-3.675438298001133953e+05
-3.935180168265010579e+05
-3.078243007271842798e+05
-2.785701240063321893e+05
-3.586798249690839439e+05
-4.050847795970591833e+05
-3.400153442061872920e+05
-3.829717168169404613e+05
-4.092698813535984955e+05
-4.692884140564478585e+05
-3.197344817306480836e+05
-3.492555665306188748e+05
-3.110296337133109919e+05
-2.775805286095564952e+05
-3.194224273320097709e+05
-2.801277851713685668e+05
-4.182630391311792773e+05
-3.586875409097788506e+05
-4.282637312881333637e+05
-4.467448180380170816e+05
-3.766368841155330883e+05
-3.654663193105137325e+05
-2.974072506532042171e+05
-2.869137601535747526e+05
-4.180901414810533752e+05
-3.484251191157691064e+05
-3.554577337738265633e+05
-3.359101316941558616e+05
-3.610536971385810175e+05
-3.751791658357173437e+05
-4.031200486804181128e+05
-3.578396477578125778e+05
-3.650086944335060543e+05
-3.615657365306323045e+05
-2.907401192128333496e+05
-2.752090907469250960e+05
-3.329975005693217972e+05
-3.706862500661366503e+05
-3.898153299362270045e+05
-4.491664416037110495e+05
-3.647138095403883490e+05
-4.105234954710155725e+05
-3.655381156697805854e+05
-3.776916171287089237e+05
-4.084291259396533133e+05
-3.837932079509795294e+05
-3.616671413796185516e+05
-3.184729020617966307e+05
-4.200404556685017305e+05
-3.858006483041370520e+05
-4.054491689747872879e+05
-4.515588274059575633e+05
-3.269162172827654867e+05
-3.184871122211737093e+05
-2.812059813048007782e+05
-2.847121197208702215e+05
-3.698954514171465999e+05
-3.963919218956833356e+05
-3.226934429688586388e+05
-2.980789086446837755e+05
-3.602455061850150232e+05
-4.159881371052058530e+05
-3.438285698592129629e+05
-3.183088651734334999e+05
-3.736617461294718669e+05
-3.234217663408888038e+05
-2.919109971716355649e+05
-3.072695453168057138e+05
-3.837798566885783221e+05
-3.096712960054639843e+05
-3.266157501717309933e+05
-3.127060950831996161e+05
-3.552645713662768248e+05
-3.851201736547049950e+05
-3.905031684239225578e+05
-3.481552333629254135e+05
-3.227444795941070188e+05
-3.135774102022313746e+05
-3.907035193070255918e+05
-3.305721800881547388e+05
-3.061971038232494029e+05
-2.746831385931957047e+05
-2.796656608048906783e+05
-2.628253333140798495e+05
-3.697962427361602313e+05
-3.980867135591458646e+05
-3.185417252525641816e+05
-3.053776484416472376e+05
-3.493589107494207565e+05
-3.349666098614363000e+05
-3.516601390604124754e+05
-4.027237292690198519e+05
-3.390498967015210073e+05
-2.906307918991144397e+05
-2.952453786949343630e+05
-2.805762376143412548e+05
-2.959913260485032224e+05
-2.944523901827929076e+05
-3.358426782149765640e+05
-3.594186860969872796e+05
-2.873947795173228369e+05
-2.797773945031405310e+05
-3.093596994327788707e+05
-3.114473336652502185e+05
-3.061807335670083994e+05
-3.401870488769583753e+05
-3.259137855232660077e+05
-3.317076066896406701e+05
-3.689243925851670210e+05
-3.571238264619846013e+05
-3.339256672709084814e+05
-3.136095059163840488e+05
-3.939896250661421800e+05
-3.376000212535014143e+05
-3.610982114801270654e+05
-3.317803979231634876e+05
-2.758378193050081609e+05
-2.925201682346246089e+05
-3.564680360734399292e+05
-3.593729262528899126e+05
-3.736337770503312931e+05
-3.902342539359924267e+05
-4.062521964530165424e+05
-3.328538492805104470e+05
-3.648916847552193212e+05
-3.032039042407904635e+05
-3.162187727953181602e+05
-3.341832690564400982e+05
-3.671545691671629320e+05
-3.533736677703483147e+05
-3.146813348825442954e+05
-2.990602078065920505e+05
-2.794788840096307686e+05
-2.823325735118360026e+05
-3.123927012921498390e+05
-2.856858055490465485e+05
-3.708461172387925908e+05
-3.190644557926389389e+05
-3.636042459182297462e+05
-4.126624412840555306e+05
-4.388655583428646787e+05
-3.926613254380957806e+05
