-6.075000000000000000e+01
-6.225000000000000000e+01
-6.225000000000000000e+01
-3.545999999999999375e+01
-6.225000000000000000e+01
-6.225000000000000000e+01
-6.225000000000000000e+01
-5.723000000000000398e+01
-6.225000000000000000e+01
-5.275999999999999091e+01
-6.225000000000000000e+01
-6.225000000000000000e+01
-6.225000000000000000e+01
-6.225000000000000000e+01
-6.225000000000000000e+01
-6.225000000000000000e+01
-6.225000000000000000e+01
-6.225000000000000000e+01
-6.189000000000000057e+01
-6.225000000000000000e+01
-6.125000000000000000e+01
-6.225000000000000000e+01
-6.225000000000000000e+01
-6.225000000000000000e+01
-6.225000000000000000e+01
-6.225000000000000000e+01
-6.217999999999999261e+01
-6.225000000000000000e+01
-6.225000000000000000e+01
-6.225000000000000000e+01
-6.221999999999999886e+01
-6.225000000000000000e+01
-6.225000000000000000e+01
-6.225000000000000000e+01
-6.225000000000000000e+01
-6.225000000000000000e+01
-6.215000000000000568e+01
-6.225000000000000000e+01
-6.225000000000000000e+01
-6.225000000000000000e+01
-6.225000000000000000e+01
-6.225000000000000000e+01
-6.225000000000000000e+01
-6.225000000000000000e+01
-6.225000000000000000e+01
-6.140000000000000568e+01
-6.225000000000000000e+01
-6.225000000000000000e+01
-6.225000000000000000e+01
-6.225000000000000000e+01
-6.209999999999999432e+01
-6.179999999999999716e+01
-6.225000000000000000e+01
-6.225000000000000000e+01
-6.109999999999999432e+01
-6.225000000000000000e+01
-6.225000000000000000e+01
-6.225000000000000000e+01
-6.223999999999999488e+01
-6.221999999999999886e+01
-6.225000000000000000e+01
-6.225000000000000000e+01
-6.225000000000000000e+01
-6.225000000000000000e+01
-6.225000000000000000e+01
-6.225000000000000000e+01
-6.225000000000000000e+01
-6.225000000000000000e+01
-6.004000000000000625e+01
-6.225000000000000000e+01
-6.215000000000000568e+01
-6.221999999999999886e+01
-6.190000000000000568e+01
-6.225000000000000000e+01
-6.215000000000000568e+01
-6.225000000000000000e+01
-6.225000000000000000e+01
-6.225000000000000000e+01
-6.225000000000000000e+01
-6.225000000000000000e+01
-6.225000000000000000e+01
-6.225000000000000000e+01
-6.225000000000000000e+01
-6.218999999999999773e+01
-6.225000000000000000e+01
-6.225000000000000000e+01
-6.225000000000000000e+01
-6.225000000000000000e+01
-6.225000000000000000e+01
-6.225000000000000000e+01
-6.118999999999999773e+01
-6.225000000000000000e+01
-6.225000000000000000e+01
-6.225000000000000000e+01
-6.225000000000000000e+01
-6.225000000000000000e+01
-6.225000000000000000e+01
-6.225000000000000000e+01
-6.225000000000000000e+01
-6.225000000000000000e+01
-6.225000000000000000e+01
-6.225000000000000000e+01
-6.225000000000000000e+01
-6.225000000000000000e+01
-6.225000000000000000e+01
-6.225000000000000000e+01
-6.221999999999999886e+01
-6.225000000000000000e+01
-6.225000000000000000e+01
-6.225000000000000000e+01
-6.225000000000000000e+01
-6.082000000000000739e+01
-6.225000000000000000e+01
-6.225000000000000000e+01
-6.218999999999999773e+01
-6.162000000000000455e+01
-6.225000000000000000e+01
-6.225000000000000000e+01
-6.225000000000000000e+01
-6.170000000000000284e+01
-6.225000000000000000e+01
-6.225000000000000000e+01
-6.225000000000000000e+01
-6.225000000000000000e+01
-6.121999999999999886e+01
-6.225000000000000000e+01
-6.225000000000000000e+01
-6.225000000000000000e+01
-6.225000000000000000e+01
-6.215000000000000568e+01
-6.225000000000000000e+01
-6.225000000000000000e+01
-6.225000000000000000e+01
-6.204000000000000625e+01
-6.225000000000000000e+01
-6.225000000000000000e+01
-6.225000000000000000e+01
-6.225000000000000000e+01
-5.910000000000000853e+01
-6.225000000000000000e+01
-5.779999999999999716e+01
-6.225000000000000000e+01
-6.225000000000000000e+01
-6.225000000000000000e+01
-6.225000000000000000e+01
-6.225000000000000000e+01
-6.225000000000000000e+01
-6.225000000000000000e+01
-6.225000000000000000e+01
-6.225000000000000000e+01
-6.225000000000000000e+01
-6.225000000000000000e+01
-6.225000000000000000e+01
-6.225000000000000000e+01
-6.225000000000000000e+01
-6.225000000000000000e+01
-6.225000000000000000e+01
-6.225000000000000000e+01
-6.121999999999999886e+01
-6.225000000000000000e+01
-6.225000000000000000e+01
-6.225000000000000000e+01
-6.225000000000000000e+01
-6.225000000000000000e+01
-6.225000000000000000e+01
-6.225000000000000000e+01
-6.009999999999999432e+01
-6.225000000000000000e+01
-6.225000000000000000e+01
-6.225000000000000000e+01
-6.225000000000000000e+01
-6.225000000000000000e+01
-6.225000000000000000e+01
-6.225000000000000000e+01
-6.179999999999999716e+01
-6.225000000000000000e+01
-6.225000000000000000e+01
-6.225000000000000000e+01
-6.225000000000000000e+01
-6.225000000000000000e+01
-6.225000000000000000e+01
-6.225000000000000000e+01
-6.225000000000000000e+01
-6.225000000000000000e+01
-6.225000000000000000e+01
-5.779999999999999716e+01
-6.225000000000000000e+01
-6.225000000000000000e+01
-6.225000000000000000e+01
-6.225000000000000000e+01
-6.225000000000000000e+01
-6.225000000000000000e+01
-6.225000000000000000e+01
-6.225000000000000000e+01
-6.225000000000000000e+01
-6.225000000000000000e+01
-6.225000000000000000e+01
-6.225000000000000000e+01
-6.225000000000000000e+01
-6.225000000000000000e+01
-6.225000000000000000e+01
-6.170000000000000284e+01
-6.221999999999999886e+01
-6.123999999999999488e+01
-6.225000000000000000e+01
-6.225000000000000000e+01
-6.225000000000000000e+01
-6.225000000000000000e+01
-6.021999999999999886e+01
-6.204000000000000625e+01
-6.225000000000000000e+01
-6.225000000000000000e+01
-6.225000000000000000e+01
-6.223999999999999488e+01
-6.225000000000000000e+01
-6.225000000000000000e+01
-6.225000000000000000e+01
-6.225000000000000000e+01
-6.225000000000000000e+01
-6.225000000000000000e+01
-6.225000000000000000e+01
-6.225000000000000000e+01
-6.225000000000000000e+01
-6.225000000000000000e+01
-6.225000000000000000e+01
-6.225000000000000000e+01
-6.225000000000000000e+01
-6.225000000000000000e+01
-6.209999999999999432e+01
-6.225000000000000000e+01
-6.225000000000000000e+01
-6.225000000000000000e+01
-6.225000000000000000e+01
-6.225000000000000000e+01
-6.225000000000000000e+01
-6.225000000000000000e+01
-6.225000000000000000e+01
-6.225000000000000000e+01
-6.121999999999999886e+01
-6.225000000000000000e+01
-6.225000000000000000e+01
-6.225000000000000000e+01
-6.225000000000000000e+01
-6.225000000000000000e+01
-6.225000000000000000e+01
-6.225000000000000000e+01
-6.225000000000000000e+01
-6.225000000000000000e+01
-6.225000000000000000e+01
-6.225000000000000000e+01
-6.225000000000000000e+01
-6.225000000000000000e+01
-6.004000000000000625e+01
-4.928000000000000114e+01
-6.123999999999999488e+01
-6.225000000000000000e+01
-6.225000000000000000e+01
-6.225000000000000000e+01
-6.225000000000000000e+01
-6.225000000000000000e+01
-6.218999999999999773e+01
-6.225000000000000000e+01
-6.196999999999999886e+01
-6.004000000000000625e+01
-6.225000000000000000e+01
-6.225000000000000000e+01
-6.225000000000000000e+01
-6.225000000000000000e+01
-6.223999999999999488e+01
-6.225000000000000000e+01
-6.225000000000000000e+01
-6.225000000000000000e+01
-6.218999999999999773e+01
-6.225000000000000000e+01
-6.225000000000000000e+01
-6.225000000000000000e+01
-6.225000000000000000e+01
-6.225000000000000000e+01
-5.900000000000000000e+01
-6.225000000000000000e+01
-5.910000000000000853e+01
-6.159000000000000341e+01
-6.225000000000000000e+01
-6.225000000000000000e+01
-6.225000000000000000e+01
-6.225000000000000000e+01
-6.225000000000000000e+01
-6.225000000000000000e+01
-6.225000000000000000e+01
-6.225000000000000000e+01
-6.196999999999999886e+01
-6.225000000000000000e+01
-6.225000000000000000e+01
-6.225000000000000000e+01
-6.221999999999999886e+01
-6.225000000000000000e+01
-6.225000000000000000e+01
-6.225000000000000000e+01
-6.225000000000000000e+01
-6.225000000000000000e+01
-6.225000000000000000e+01
-6.225000000000000000e+01
-6.225000000000000000e+01
-6.225000000000000000e+01
-5.971999999999999886e+01
-3.828000000000000114e+01
-6.225000000000000000e+01
-6.225000000000000000e+01
-6.225000000000000000e+01
-6.225000000000000000e+01
-6.225000000000000000e+01
-6.225000000000000000e+01
-6.225000000000000000e+01
-5.632999999999999829e+01
-6.225000000000000000e+01
-6.225000000000000000e+01
-6.203000000000000114e+01
-6.225000000000000000e+01
-6.225000000000000000e+01
-6.225000000000000000e+01
-6.225000000000000000e+01
-6.225000000000000000e+01
-6.225000000000000000e+01
-6.225000000000000000e+01
-6.225000000000000000e+01
-6.225000000000000000e+01
-6.225000000000000000e+01
-6.225000000000000000e+01
-6.179999999999999716e+01
-6.225000000000000000e+01
-5.996999999999999886e+01
-6.225000000000000000e+01
-6.225000000000000000e+01
-6.215999999999999659e+01
-6.225000000000000000e+01
-6.225000000000000000e+01
-6.225000000000000000e+01
-6.223999999999999488e+01
-4.410000000000000142e+01
-6.225000000000000000e+01
-6.225000000000000000e+01
-6.225000000000000000e+01
-6.225000000000000000e+01
-6.225000000000000000e+01
-6.225000000000000000e+01
-5.590000000000000568e+01
-6.225000000000000000e+01
-6.212999999999999545e+01
-6.225000000000000000e+01
-6.225000000000000000e+01
-6.225000000000000000e+01
-6.089000000000000057e+01
-5.620000000000000284e+01
-6.225000000000000000e+01
-6.225000000000000000e+01
-6.225000000000000000e+01
-6.225000000000000000e+01
-6.225000000000000000e+01
-5.580000000000001137e+01
-6.225000000000000000e+01
-6.225000000000000000e+01
-6.225000000000000000e+01
-6.225000000000000000e+01
-6.225000000000000000e+01
-6.225000000000000000e+01
-5.648000000000000398e+01
-6.225000000000000000e+01
-6.015000000000000568e+01
-6.225000000000000000e+01
-6.225000000000000000e+01
-5.796999999999999886e+01
-6.225000000000000000e+01
-6.225000000000000000e+01
-6.225000000000000000e+01
-6.225000000000000000e+01
-6.225000000000000000e+01
-6.225000000000000000e+01
-6.225000000000000000e+01
-6.225000000000000000e+01
-6.225000000000000000e+01
-6.225000000000000000e+01
-6.225000000000000000e+01
-6.225000000000000000e+01
-5.546999999999999886e+01
-6.221999999999999886e+01
-6.225000000000000000e+01
-6.225000000000000000e+01
-6.225000000000000000e+01
-6.225000000000000000e+01
-6.225000000000000000e+01
-6.225000000000000000e+01
-6.225000000000000000e+01
-6.225000000000000000e+01
-6.225000000000000000e+01
-6.225000000000000000e+01
-6.225000000000000000e+01
-6.225000000000000000e+01
-6.218999999999999773e+01
-6.225000000000000000e+01
-6.225000000000000000e+01
-6.225000000000000000e+01
-6.225000000000000000e+01
-6.225000000000000000e+01
-5.083999999999999631e+01
-4.399999999999999289e+01
-5.003000000000000114e+01
-6.225000000000000000e+01
-5.123999999999999488e+01
-6.225000000000000000e+01
-6.223999999999999488e+01
-6.225000000000000000e+01
-5.252999999999999403e+01
-6.225000000000000000e+01
-6.225000000000000000e+01
-6.225000000000000000e+01
-6.225000000000000000e+01
-6.225000000000000000e+01
-6.225000000000000000e+01
-6.225000000000000000e+01
-6.225000000000000000e+01
-6.225000000000000000e+01
-6.225000000000000000e+01
-6.225000000000000000e+01
-5.119999999999999574e+01
-6.225000000000000000e+01
-6.225000000000000000e+01
-6.218999999999999773e+01
-6.215000000000000568e+01
-6.225000000000000000e+01
-6.225000000000000000e+01
-6.225000000000000000e+01
-6.225000000000000000e+01
-6.225000000000000000e+01
-6.209999999999999432e+01
-6.225000000000000000e+01
-3.300000000000000000e+01
-6.225000000000000000e+01
-6.225000000000000000e+01
-6.140000000000000568e+01
-6.225000000000000000e+01
-6.225000000000000000e+01
-6.225000000000000000e+01
-5.045000000000000284e+01
-6.190000000000000568e+01
-6.225000000000000000e+01
-6.225000000000000000e+01
-6.225000000000000000e+01
-6.225000000000000000e+01
-6.225000000000000000e+01
-6.176000000000000512e+01
-6.081000000000000227e+01
-6.225000000000000000e+01
-6.225000000000000000e+01
-6.225000000000000000e+01
-6.225000000000000000e+01
-6.225000000000000000e+01
-6.225000000000000000e+01
-6.225000000000000000e+01
-6.225000000000000000e+01
-6.225000000000000000e+01
-5.549000000000000909e+01
-6.225000000000000000e+01
-6.225000000000000000e+01
-6.209999999999999432e+01
-6.225000000000000000e+01
-6.181000000000000227e+01
-6.225000000000000000e+01
-6.225000000000000000e+01
-5.871000000000000796e+01
-5.981000000000000227e+01
-6.225000000000000000e+01
-6.225000000000000000e+01
-6.225000000000000000e+01
-6.225000000000000000e+01
-6.225000000000000000e+01
-6.220000000000000284e+01
-6.225000000000000000e+01
-6.223999999999999488e+01
-6.225000000000000000e+01
-6.225000000000000000e+01
-6.225000000000000000e+01
-2.149000000000000199e+01
-6.225000000000000000e+01
-6.225000000000000000e+01
-6.221999999999999886e+01
-6.225000000000000000e+01
-6.223999999999999488e+01
-6.221999999999999886e+01
-6.225000000000000000e+01
-5.039000000000000057e+01
-5.437999999999999545e+01
-6.203000000000000114e+01
-5.445000000000000284e+01
-6.021999999999999886e+01
-6.225000000000000000e+01
-6.225000000000000000e+01
-6.225000000000000000e+01
-6.221999999999999886e+01
-5.029000000000000625e+01
-6.215000000000000568e+01
-6.225000000000000000e+01
-6.225000000000000000e+01
-1.900000000000000000e+01
-6.225000000000000000e+01
-6.225000000000000000e+01
-6.225000000000000000e+01
-6.225000000000000000e+01
-6.225000000000000000e+01
-6.225000000000000000e+01
-6.225000000000000000e+01
-4.364000000000000057e+01
-4.706000000000000227e+01
-6.225000000000000000e+01
-6.181000000000000227e+01
-6.225000000000000000e+01
-6.225000000000000000e+01
-6.225000000000000000e+01
-6.225000000000000000e+01
-6.225000000000000000e+01
-6.225000000000000000e+01
-6.204000000000000625e+01
-6.225000000000000000e+01
-6.225000000000000000e+01
-6.225000000000000000e+01
-6.215000000000000568e+01
-6.215000000000000568e+01
-6.225000000000000000e+01
-6.225000000000000000e+01
-6.173000000000000398e+01
-6.225000000000000000e+01
-6.225000000000000000e+01
-6.225000000000000000e+01
-6.225000000000000000e+01
-4.850000000000000000e+01
-6.225000000000000000e+01
-6.225000000000000000e+01
-6.225000000000000000e+01
-6.225000000000000000e+01
-6.225000000000000000e+01
-4.346999999999999886e+01
-6.225000000000000000e+01
-6.225000000000000000e+01
-6.225000000000000000e+01
-6.218999999999999773e+01
-3.578999999999999915e+01
-6.225000000000000000e+01
-4.929000000000000625e+01
-6.225000000000000000e+01
-4.864000000000000057e+01
-6.215000000000000568e+01
-5.970000000000000284e+01
-6.225000000000000000e+01
-6.225000000000000000e+01
-6.170000000000000284e+01
-6.225000000000000000e+01
-6.225000000000000000e+01
-6.225000000000000000e+01
-6.225000000000000000e+01
-6.225000000000000000e+01
-5.634000000000000341e+01
-6.225000000000000000e+01
-6.182999999999999829e+01
-6.225000000000000000e+01
-6.089000000000000057e+01
-6.225000000000000000e+01
-6.168999999999999773e+01
-6.223999999999999488e+01
-6.225000000000000000e+01
-6.225000000000000000e+01
-6.225000000000000000e+01
-6.146999999999999886e+01
-6.225000000000000000e+01
-6.225000000000000000e+01
-6.225000000000000000e+01
-6.204000000000000625e+01
-5.000000000000000000e+01
-6.215000000000000568e+01
-6.225000000000000000e+01
-6.035000000000000853e+01
-6.225000000000000000e+01
-5.404999999999999716e+01
-6.185999999999999943e+01
-6.225000000000000000e+01
-6.225000000000000000e+01
-6.225000000000000000e+01
-6.225000000000000000e+01
-4.888000000000000256e+01
-6.225000000000000000e+01
-6.225000000000000000e+01
-6.225000000000000000e+01
-6.200000000000000000e+01
-6.223999999999999488e+01
-6.225000000000000000e+01
-5.870000000000000284e+01
-6.225000000000000000e+01
-6.225000000000000000e+01
-6.225000000000000000e+01
-6.225000000000000000e+01
-6.204000000000000625e+01
-6.225000000000000000e+01
-5.910000000000000853e+01
-6.212000000000000455e+01
-6.225000000000000000e+01
-6.225000000000000000e+01
-6.225000000000000000e+01
-6.225000000000000000e+01
-6.225000000000000000e+01
-6.225000000000000000e+01
-4.299000000000000199e+01
-6.225000000000000000e+01
-6.225000000000000000e+01
-6.225000000000000000e+01
-6.225000000000000000e+01
-6.225000000000000000e+01
-6.225000000000000000e+01
-6.225000000000000000e+01
-6.225000000000000000e+01
-6.225000000000000000e+01
-6.225000000000000000e+01
-6.225000000000000000e+01
-6.225000000000000000e+01
-6.225000000000000000e+01
-6.225000000000000000e+01
-6.225000000000000000e+01
-6.225000000000000000e+01
-5.670000000000000284e+01
-6.225000000000000000e+01
-5.859000000000000341e+01
-6.225000000000000000e+01
-6.225000000000000000e+01
-6.225000000000000000e+01
-6.225000000000000000e+01
-6.196999999999999886e+01
-6.225000000000000000e+01
-6.225000000000000000e+01
-6.225000000000000000e+01
-6.225000000000000000e+01
-6.121999999999999886e+01
-6.225000000000000000e+01
-6.121999999999999886e+01
-6.225000000000000000e+01
-6.225000000000000000e+01
-6.223999999999999488e+01
-6.225000000000000000e+01
-6.225000000000000000e+01
-6.225000000000000000e+01
-6.225000000000000000e+01
-6.225000000000000000e+01
-6.225000000000000000e+01
-6.225000000000000000e+01
-6.225000000000000000e+01
-6.225000000000000000e+01
-6.225000000000000000e+01
-6.218999999999999773e+01
-6.225000000000000000e+01
-6.225000000000000000e+01
-6.225000000000000000e+01
-6.225000000000000000e+01
-6.225000000000000000e+01
-6.225000000000000000e+01
-6.225000000000000000e+01
-6.225000000000000000e+01
-6.225000000000000000e+01
-6.225000000000000000e+01
-6.225000000000000000e+01
-6.225000000000000000e+01
-6.225000000000000000e+01
-6.225000000000000000e+01
-6.225000000000000000e+01
-6.225000000000000000e+01
-6.225000000000000000e+01
-6.225000000000000000e+01
-6.225000000000000000e+01
-6.225000000000000000e+01
-6.225000000000000000e+01
-6.225000000000000000e+01
-6.225000000000000000e+01
-6.225000000000000000e+01
-6.225000000000000000e+01
-6.225000000000000000e+01
-5.910000000000000853e+01
-6.225000000000000000e+01
-6.204999999999999716e+01
-6.225000000000000000e+01
-6.225000000000000000e+01
-6.225000000000000000e+01
-6.225000000000000000e+01
-6.225000000000000000e+01
-5.620999999999999375e+01
-6.209999999999999432e+01
-6.225000000000000000e+01
-6.089000000000000057e+01
-6.218999999999999773e+01
-6.225000000000000000e+01
-6.225000000000000000e+01
-6.225000000000000000e+01
-6.218999999999999773e+01
-6.181000000000000227e+01
-6.225000000000000000e+01
-6.225000000000000000e+01
-6.225000000000000000e+01
-6.225000000000000000e+01
-6.225000000000000000e+01
-6.181000000000000227e+01
-6.225000000000000000e+01
-6.223999999999999488e+01
-6.223999999999999488e+01
-6.225000000000000000e+01
-6.225000000000000000e+01
-6.225000000000000000e+01
-6.225000000000000000e+01
-6.225000000000000000e+01
-6.225000000000000000e+01
-6.225000000000000000e+01
-6.225000000000000000e+01
-6.225000000000000000e+01
-6.225000000000000000e+01
-6.225000000000000000e+01
-6.225000000000000000e+01
-6.123999999999999488e+01
-6.225000000000000000e+01
-6.225000000000000000e+01
-6.225000000000000000e+01
-6.134000000000000341e+01
-6.225000000000000000e+01
-6.179999999999999716e+01
-6.225000000000000000e+01
-6.225000000000000000e+01
-6.225000000000000000e+01
-6.225000000000000000e+01
-6.225000000000000000e+01
-6.225000000000000000e+01
-6.021999999999999886e+01
-6.225000000000000000e+01
-6.225000000000000000e+01
-6.121999999999999886e+01
-6.225000000000000000e+01
-6.225000000000000000e+01
-6.225000000000000000e+01
-5.850000000000000000e+01
-6.179999999999999716e+01
-6.225000000000000000e+01
-6.225000000000000000e+01
-4.345999999999999375e+01
-6.225000000000000000e+01
-6.218999999999999773e+01
-6.123999999999999488e+01
-6.225000000000000000e+01
-6.225000000000000000e+01
-6.225000000000000000e+01
-6.225000000000000000e+01
-6.221999999999999886e+01
-6.225000000000000000e+01
-6.225000000000000000e+01
-6.225000000000000000e+01
-6.225000000000000000e+01
-6.225000000000000000e+01
-6.225000000000000000e+01
-6.225000000000000000e+01
-6.225000000000000000e+01
-6.223999999999999488e+01
-6.225000000000000000e+01
-6.225000000000000000e+01
-6.225000000000000000e+01
-6.225000000000000000e+01
-6.225000000000000000e+01
-6.120000000000000284e+01
-6.225000000000000000e+01
-6.225000000000000000e+01
-6.209999999999999432e+01
-6.225000000000000000e+01
-6.225000000000000000e+01
-6.225000000000000000e+01
-6.225000000000000000e+01
-6.225000000000000000e+01
-6.225000000000000000e+01
-6.225000000000000000e+01
-6.225000000000000000e+01
-6.225000000000000000e+01
-6.225000000000000000e+01
-6.225000000000000000e+01
-6.225000000000000000e+01
-6.225000000000000000e+01
-6.225000000000000000e+01
-6.225000000000000000e+01
-6.225000000000000000e+01
-6.221999999999999886e+01
-6.225000000000000000e+01
-6.225000000000000000e+01
-6.223999999999999488e+01
-6.225000000000000000e+01
-6.225000000000000000e+01
-6.225000000000000000e+01
-6.225000000000000000e+01
-6.225000000000000000e+01
-6.225000000000000000e+01
-6.225000000000000000e+01
-6.225000000000000000e+01
-6.225000000000000000e+01
-6.223999999999999488e+01
-6.225000000000000000e+01
-6.225000000000000000e+01
-6.225000000000000000e+01
-6.225000000000000000e+01
-6.225000000000000000e+01
-6.225000000000000000e+01
-6.225000000000000000e+01
-6.225000000000000000e+01
-6.225000000000000000e+01
-6.225000000000000000e+01
-6.021999999999999886e+01
-6.204000000000000625e+01
-6.225000000000000000e+01
-6.225000000000000000e+01
-6.225000000000000000e+01
-6.225000000000000000e+01
-6.225000000000000000e+01
-6.115000000000000568e+01
-6.225000000000000000e+01
-6.198000000000000398e+01
-6.225000000000000000e+01
-6.225000000000000000e+01
-6.225000000000000000e+01
-6.225000000000000000e+01
-6.225000000000000000e+01
-6.225000000000000000e+01
-6.225000000000000000e+01
-6.223999999999999488e+01
-6.225000000000000000e+01
-6.225000000000000000e+01
-6.225000000000000000e+01
-6.225000000000000000e+01
-6.225000000000000000e+01
-6.209999999999999432e+01
-6.225000000000000000e+01
-6.225000000000000000e+01
-6.225000000000000000e+01
-6.225000000000000000e+01
-6.225000000000000000e+01
-6.225000000000000000e+01
-6.225000000000000000e+01
-6.225000000000000000e+01
-6.225000000000000000e+01
-6.225000000000000000e+01
-6.225000000000000000e+01
-6.225000000000000000e+01
-6.225000000000000000e+01
-6.225000000000000000e+01
-6.225000000000000000e+01
-6.225000000000000000e+01
-6.225000000000000000e+01
-6.225000000000000000e+01
-6.225000000000000000e+01
-6.198000000000000398e+01
-6.225000000000000000e+01
-6.225000000000000000e+01
-6.225000000000000000e+01
-6.225000000000000000e+01
-6.225000000000000000e+01
-6.225000000000000000e+01
-6.225000000000000000e+01
-6.225000000000000000e+01
-6.225000000000000000e+01
-6.225000000000000000e+01
-6.225000000000000000e+01
-6.221999999999999886e+01
-6.223999999999999488e+01
-6.225000000000000000e+01
-6.225000000000000000e+01
-6.225000000000000000e+01
-6.225000000000000000e+01
-6.225000000000000000e+01
-6.225000000000000000e+01
-6.123999999999999488e+01
-6.225000000000000000e+01
-6.225000000000000000e+01
-6.225000000000000000e+01
-6.225000000000000000e+01
-6.225000000000000000e+01
-6.223999999999999488e+01
-6.221999999999999886e+01
-6.121999999999999886e+01
-6.225000000000000000e+01
-6.225000000000000000e+01
-6.018999999999999773e+01
-6.225000000000000000e+01
-6.225000000000000000e+01
-6.225000000000000000e+01
-6.225000000000000000e+01
-6.225000000000000000e+01
-6.225000000000000000e+01
-6.209999999999999432e+01
-6.223999999999999488e+01
-6.223999999999999488e+01
-6.225000000000000000e+01
-6.225000000000000000e+01
-6.225000000000000000e+01
-6.225000000000000000e+01
-6.223999999999999488e+01
-6.225000000000000000e+01
-6.225000000000000000e+01
-6.225000000000000000e+01
-6.225000000000000000e+01
-6.225000000000000000e+01
-6.225000000000000000e+01
-6.225000000000000000e+01
-6.225000000000000000e+01
-6.225000000000000000e+01
-6.225000000000000000e+01
-6.225000000000000000e+01
-6.225000000000000000e+01
-6.225000000000000000e+01
-6.225000000000000000e+01
-6.225000000000000000e+01
-6.225000000000000000e+01
-6.021999999999999886e+01
-6.223999999999999488e+01
-6.225000000000000000e+01
-6.182999999999999829e+01
-6.225000000000000000e+01
-6.225000000000000000e+01
-6.225000000000000000e+01
-6.225000000000000000e+01
-6.225000000000000000e+01
-6.225000000000000000e+01
-6.225000000000000000e+01
-6.225000000000000000e+01
-6.210999999999999943e+01
-6.225000000000000000e+01
-6.225000000000000000e+01
-6.225000000000000000e+01
-6.225000000000000000e+01
-6.223999999999999488e+01
-6.225000000000000000e+01
-6.225000000000000000e+01
-6.225000000000000000e+01
-6.225000000000000000e+01
-6.123999999999999488e+01
-6.225000000000000000e+01
-6.079999999999999716e+01
-6.221999999999999886e+01
-6.225000000000000000e+01
-6.223999999999999488e+01
-6.225000000000000000e+01
-6.225000000000000000e+01
-6.225000000000000000e+01
-6.225000000000000000e+01
-6.225000000000000000e+01
-6.225000000000000000e+01
-6.225000000000000000e+01
-6.225000000000000000e+01
-6.225000000000000000e+01
-5.989000000000000057e+01
-6.225000000000000000e+01
-6.225000000000000000e+01
-6.225000000000000000e+01
-6.225000000000000000e+01
-6.225000000000000000e+01
-6.225000000000000000e+01
-6.225000000000000000e+01
-5.879999999999999716e+01
-6.225000000000000000e+01
-6.104000000000000625e+01
-6.225000000000000000e+01
-6.225000000000000000e+01
-6.225000000000000000e+01
-6.123999999999999488e+01
-6.225000000000000000e+01
-6.225000000000000000e+01
-6.225000000000000000e+01
-6.225000000000000000e+01
-6.223999999999999488e+01
-6.225000000000000000e+01
-6.225000000000000000e+01
-6.225000000000000000e+01
-6.225000000000000000e+01
-6.225000000000000000e+01
-6.225000000000000000e+01
-6.225000000000000000e+01
-6.225000000000000000e+01
-6.225000000000000000e+01
-6.225000000000000000e+01
-6.104000000000000625e+01
-6.021999999999999886e+01
-6.225000000000000000e+01
-6.225000000000000000e+01
-6.225000000000000000e+01
-6.225000000000000000e+01
-6.225000000000000000e+01
-6.225000000000000000e+01
-6.225000000000000000e+01
-6.225000000000000000e+01
-6.225000000000000000e+01
-6.221999999999999886e+01
-6.225000000000000000e+01
-6.225000000000000000e+01
-6.225000000000000000e+01
-6.115000000000000568e+01
-6.221999999999999886e+01
-6.225000000000000000e+01
-6.225000000000000000e+01
-6.225000000000000000e+01
-6.225000000000000000e+01
-6.204000000000000625e+01
-6.225000000000000000e+01
-6.225000000000000000e+01
-6.225000000000000000e+01
-6.225000000000000000e+01
-6.223999999999999488e+01
-6.225000000000000000e+01
-6.221999999999999886e+01
-6.225000000000000000e+01
-6.225000000000000000e+01
-6.225000000000000000e+01
-6.225000000000000000e+01
-6.021999999999999886e+01
-6.225000000000000000e+01
-6.225000000000000000e+01
-6.225000000000000000e+01
-6.225000000000000000e+01
-6.225000000000000000e+01
-6.225000000000000000e+01
-6.225000000000000000e+01
-6.225000000000000000e+01
-6.225000000000000000e+01
-6.225000000000000000e+01
-6.225000000000000000e+01
-6.225000000000000000e+01
-6.225000000000000000e+01
-6.121999999999999886e+01
-6.225000000000000000e+01
-6.225000000000000000e+01
-6.225000000000000000e+01
-6.225000000000000000e+01
-6.225000000000000000e+01
-6.225000000000000000e+01
-6.021999999999999886e+01
-6.225000000000000000e+01
-6.225000000000000000e+01
-6.225000000000000000e+01
-6.225000000000000000e+01
-6.225000000000000000e+01
-6.225000000000000000e+01
-6.225000000000000000e+01
-6.225000000000000000e+01
-6.225000000000000000e+01
-6.225000000000000000e+01
-6.225000000000000000e+01
-6.225000000000000000e+01
-6.225000000000000000e+01
-6.225000000000000000e+01
-6.225000000000000000e+01
-6.223999999999999488e+01
-6.223999999999999488e+01
-6.221999999999999886e+01
-6.225000000000000000e+01
-6.225000000000000000e+01
-6.159000000000000341e+01
-6.225000000000000000e+01
-6.225000000000000000e+01
-6.225000000000000000e+01
-6.104000000000000625e+01
-6.225000000000000000e+01
-6.225000000000000000e+01
-6.225000000000000000e+01
-6.225000000000000000e+01
-6.189000000000000057e+01
-6.159999999999999432e+01
-6.225000000000000000e+01
-6.225000000000000000e+01
-6.225000000000000000e+01
-6.225000000000000000e+01
-6.225000000000000000e+01
-6.225000000000000000e+01
-6.225000000000000000e+01
-6.225000000000000000e+01
-6.225000000000000000e+01
-6.225000000000000000e+01
-6.225000000000000000e+01
-6.225000000000000000e+01
-6.223999999999999488e+01
-6.225000000000000000e+01
-6.225000000000000000e+01
-6.223999999999999488e+01
-6.225000000000000000e+01
-6.225000000000000000e+01
-6.225000000000000000e+01
-6.223999999999999488e+01
-6.221999999999999886e+01
-6.225000000000000000e+01
-6.225000000000000000e+01
-6.221999999999999886e+01
-6.225000000000000000e+01
-6.225000000000000000e+01
-6.225000000000000000e+01
-6.223999999999999488e+01
-6.225000000000000000e+01
-6.225000000000000000e+01
-6.225000000000000000e+01
-6.225000000000000000e+01
-6.225000000000000000e+01
-6.225000000000000000e+01
-6.209999999999999432e+01
-6.225000000000000000e+01
-6.225000000000000000e+01
-6.223999999999999488e+01
-6.225000000000000000e+01
-6.225000000000000000e+01
-6.225000000000000000e+01
-6.210999999999999943e+01
-6.225000000000000000e+01
-6.225000000000000000e+01
-6.225000000000000000e+01
-6.225000000000000000e+01
-6.225000000000000000e+01
-6.225000000000000000e+01
-6.225000000000000000e+01
-5.646999999999999886e+01
-6.225000000000000000e+01
-6.225000000000000000e+01
-6.225000000000000000e+01
-6.225000000000000000e+01
-6.225000000000000000e+01
-6.225000000000000000e+01
-6.225000000000000000e+01
-6.225000000000000000e+01
-6.225000000000000000e+01
-6.225000000000000000e+01
-6.225000000000000000e+01
-6.225000000000000000e+01
-6.225000000000000000e+01
-6.021999999999999886e+01
-6.225000000000000000e+01
-6.225000000000000000e+01
-6.223999999999999488e+01
-6.096999999999999886e+01
-6.225000000000000000e+01
-6.225000000000000000e+01
-6.225000000000000000e+01
-6.225000000000000000e+01
-6.223999999999999488e+01
-6.225000000000000000e+01
-6.225000000000000000e+01
-6.225000000000000000e+01
-5.889000000000000057e+01
-6.225000000000000000e+01
-6.225000000000000000e+01
-6.221999999999999886e+01
-6.225000000000000000e+01
-6.225000000000000000e+01
-6.225000000000000000e+01
-6.121999999999999886e+01
-6.225000000000000000e+01
-6.198000000000000398e+01
-6.225000000000000000e+01
-6.225000000000000000e+01
-6.225000000000000000e+01
-6.225000000000000000e+01
-6.225000000000000000e+01
-6.225000000000000000e+01
-6.225000000000000000e+01
-6.225000000000000000e+01
-6.221999999999999886e+01
-6.225000000000000000e+01
-6.225000000000000000e+01
-6.225000000000000000e+01
-6.225000000000000000e+01
-6.225000000000000000e+01
-6.223999999999999488e+01
-6.225000000000000000e+01
-6.225000000000000000e+01
-6.121999999999999886e+01
-6.223999999999999488e+01
-6.223999999999999488e+01
-6.223999999999999488e+01
-6.225000000000000000e+01
-6.225000000000000000e+01
-6.225000000000000000e+01
-6.225000000000000000e+01
-6.225000000000000000e+01
-6.225000000000000000e+01
-6.223000000000000398e+01
-6.225000000000000000e+01
-6.225000000000000000e+01
-6.225000000000000000e+01
-6.225000000000000000e+01
-6.225000000000000000e+01
-6.225000000000000000e+01
-6.225000000000000000e+01
-6.223999999999999488e+01
-6.223999999999999488e+01
-6.225000000000000000e+01
-6.225000000000000000e+01
-6.225000000000000000e+01
-6.225000000000000000e+01
-6.225000000000000000e+01
-6.221999999999999886e+01
-6.225000000000000000e+01
-6.225000000000000000e+01
-6.225000000000000000e+01
-6.225000000000000000e+01
-6.225000000000000000e+01
-6.225000000000000000e+01
-6.225000000000000000e+01
-6.225000000000000000e+01
-6.225000000000000000e+01
-6.223999999999999488e+01
-6.225000000000000000e+01
-6.225000000000000000e+01
-6.225000000000000000e+01
-6.225000000000000000e+01
-6.189000000000000057e+01
-6.225000000000000000e+01
-6.225000000000000000e+01
-6.225000000000000000e+01
-6.209999999999999432e+01
-6.225000000000000000e+01
-6.225000000000000000e+01
-6.153000000000000114e+01
-6.225000000000000000e+01
-6.225000000000000000e+01
-6.225000000000000000e+01
-6.225000000000000000e+01
-6.225000000000000000e+01
-6.225000000000000000e+01
-6.225000000000000000e+01
-6.218999999999999773e+01
-6.225000000000000000e+01
-6.225000000000000000e+01
-5.918999999999999773e+01
-6.225000000000000000e+01
-6.225000000000000000e+01
-6.215000000000000568e+01
-6.225000000000000000e+01
-6.225000000000000000e+01
-6.225000000000000000e+01
-6.218999999999999773e+01
-6.225000000000000000e+01
-6.225000000000000000e+01
-6.225000000000000000e+01
-6.225000000000000000e+01
-6.225000000000000000e+01
-6.225000000000000000e+01
-6.225000000000000000e+01
-6.223000000000000398e+01
-6.223999999999999488e+01
-6.225000000000000000e+01
-6.225000000000000000e+01
-6.225000000000000000e+01
-6.225000000000000000e+01
-6.221999999999999886e+01
-6.225000000000000000e+01
-6.225000000000000000e+01
-6.225000000000000000e+01
-6.225000000000000000e+01
-6.218999999999999773e+01
-6.225000000000000000e+01
-6.225000000000000000e+01
-6.225000000000000000e+01
-6.225000000000000000e+01
-6.225000000000000000e+01
-6.225000000000000000e+01
-6.225000000000000000e+01
-6.225000000000000000e+01
-6.225000000000000000e+01
-6.225000000000000000e+01
-6.225000000000000000e+01
-6.225000000000000000e+01
-6.225000000000000000e+01
-6.225000000000000000e+01
-6.225000000000000000e+01
-5.646999999999999886e+01
-6.225000000000000000e+01
-6.225000000000000000e+01
-6.225000000000000000e+01
-6.225000000000000000e+01
-6.004000000000000625e+01
-6.225000000000000000e+01
-6.225000000000000000e+01
-6.225000000000000000e+01
-6.225000000000000000e+01
-6.225000000000000000e+01
-6.225000000000000000e+01
-6.225000000000000000e+01
-5.659000000000000341e+01
-6.225000000000000000e+01
-6.225000000000000000e+01
-6.225000000000000000e+01
-6.225000000000000000e+01
-6.223999999999999488e+01
-6.225000000000000000e+01
-6.225000000000000000e+01
-6.225000000000000000e+01
-6.223999999999999488e+01
-6.223999999999999488e+01
-6.225000000000000000e+01
-6.225000000000000000e+01
-6.225000000000000000e+01
-6.189000000000000057e+01
-6.225000000000000000e+01
-6.225000000000000000e+01
-6.225000000000000000e+01
-6.225000000000000000e+01
-6.225000000000000000e+01
-6.225000000000000000e+01
-6.146999999999999886e+01
-6.225000000000000000e+01
-6.225000000000000000e+01
-6.225000000000000000e+01
-6.225000000000000000e+01
-6.225000000000000000e+01
-6.225000000000000000e+01
-6.221999999999999886e+01
-6.225000000000000000e+01
-6.225000000000000000e+01
-6.225000000000000000e+01
-6.225000000000000000e+01
-5.000999999999999801e+01
-6.225000000000000000e+01
-6.225000000000000000e+01
-2.200000000000000000e+01
-6.225000000000000000e+01
-6.225000000000000000e+01
-6.225000000000000000e+01
-6.189000000000000057e+01
-6.225000000000000000e+01
-6.225000000000000000e+01
-6.225000000000000000e+01
-6.225000000000000000e+01
-6.225000000000000000e+01
-6.225000000000000000e+01
-6.225000000000000000e+01
-6.170000000000000284e+01
-6.225000000000000000e+01
-5.434999999999999432e+01
-6.225000000000000000e+01
-6.225000000000000000e+01
-6.225000000000000000e+01
-6.225000000000000000e+01
-6.225000000000000000e+01
-6.225000000000000000e+01
-6.225000000000000000e+01
-6.225000000000000000e+01
-6.225000000000000000e+01
-6.225000000000000000e+01
-6.225000000000000000e+01
-6.225000000000000000e+01
-6.225000000000000000e+01
-6.225000000000000000e+01
-6.223999999999999488e+01
-6.225000000000000000e+01
-6.225000000000000000e+01
-6.225000000000000000e+01
-6.225000000000000000e+01
-6.225000000000000000e+01
-6.225000000000000000e+01
-6.225000000000000000e+01
-6.225000000000000000e+01
-6.225000000000000000e+01
-6.223999999999999488e+01
-6.225000000000000000e+01
-6.225000000000000000e+01
-6.225000000000000000e+01
-6.225000000000000000e+01
-6.218999999999999773e+01
-4.254999999999999716e+01
-6.225000000000000000e+01
-5.000000000000000000e+01
-5.729999999999999716e+01
-6.225000000000000000e+01
-6.225000000000000000e+01
-5.021000000000000085e+01
-6.225000000000000000e+01
-6.225000000000000000e+01
-6.225000000000000000e+01
-1.200000000000000000e+01
-2.700000000000000000e+01
-6.225000000000000000e+01
-6.223000000000000398e+01
-6.225000000000000000e+01
-4.903000000000000114e+01
-5.003000000000000114e+01
-6.225000000000000000e+01
-5.900000000000000000e+01
-6.225000000000000000e+01
-6.225000000000000000e+01
-6.225000000000000000e+01
-6.225000000000000000e+01
-6.225000000000000000e+01
-6.225000000000000000e+01
-6.225000000000000000e+01
-6.225000000000000000e+01
-6.223999999999999488e+01
-6.225000000000000000e+01
-5.132999999999999829e+01
-6.225000000000000000e+01
-5.559000000000000341e+01
-6.225000000000000000e+01
-6.225000000000000000e+01
-6.225000000000000000e+01
-6.225000000000000000e+01
-6.225000000000000000e+01
-6.225000000000000000e+01
-6.225000000000000000e+01
-6.225000000000000000e+01
-5.000000000000000000e+01
-6.225000000000000000e+01
-6.225000000000000000e+01
-6.225000000000000000e+01
-6.225000000000000000e+01
-6.225000000000000000e+01
-6.225000000000000000e+01
-6.225000000000000000e+01
-6.225000000000000000e+01
-6.223999999999999488e+01
-6.225000000000000000e+01
-6.225000000000000000e+01
-6.225000000000000000e+01
-6.225000000000000000e+01
-6.015000000000000568e+01
-6.225000000000000000e+01
-6.225000000000000000e+01
-6.021999999999999886e+01
-6.225000000000000000e+01
-6.121999999999999886e+01
-6.225000000000000000e+01
-6.225000000000000000e+01
-6.223000000000000398e+01
-6.225000000000000000e+01
-6.179999999999999716e+01
-6.225000000000000000e+01
-6.225000000000000000e+01
-6.225000000000000000e+01
-6.225000000000000000e+01
-6.225000000000000000e+01
-6.225000000000000000e+01
-6.225000000000000000e+01
-6.225000000000000000e+01
-6.225000000000000000e+01
-6.225000000000000000e+01
-6.225000000000000000e+01
-4.864000000000000057e+01
-6.225000000000000000e+01
-6.225000000000000000e+01
-6.225000000000000000e+01
-6.225000000000000000e+01
-6.218999999999999773e+01
-6.225000000000000000e+01
-6.225000000000000000e+01
-6.225000000000000000e+01
-6.225000000000000000e+01
-6.225000000000000000e+01
-6.223999999999999488e+01
-6.225000000000000000e+01
-6.225000000000000000e+01
-3.100000000000000000e+01
-6.225000000000000000e+01
-6.223999999999999488e+01
-6.225000000000000000e+01
-6.225000000000000000e+01
-6.225000000000000000e+01
-6.225000000000000000e+01
-6.225000000000000000e+01
-6.225000000000000000e+01
-2.700000000000000000e+01
-5.560999999999999233e+01
-6.225000000000000000e+01
-6.225000000000000000e+01
-6.225000000000000000e+01
-6.225000000000000000e+01
-6.225000000000000000e+01
-6.225000000000000000e+01
-6.223999999999999488e+01
-6.225000000000000000e+01
-6.225000000000000000e+01
-6.225000000000000000e+01
-6.225000000000000000e+01
-6.225000000000000000e+01
-6.079999999999999716e+01
-6.225000000000000000e+01
-6.225000000000000000e+01
-6.225000000000000000e+01
-6.225000000000000000e+01
-6.225000000000000000e+01
-6.225000000000000000e+01
-6.225000000000000000e+01
-6.225000000000000000e+01
-6.225000000000000000e+01
-6.225000000000000000e+01
-6.189000000000000057e+01
-6.225000000000000000e+01
-6.225000000000000000e+01
-6.225000000000000000e+01
-6.225000000000000000e+01
-6.225000000000000000e+01
-6.225000000000000000e+01
-6.225000000000000000e+01
-6.225000000000000000e+01
-6.225000000000000000e+01
-6.225000000000000000e+01
-6.225000000000000000e+01
-6.225000000000000000e+01
-6.223999999999999488e+01
-6.225000000000000000e+01
-6.225000000000000000e+01
-6.225000000000000000e+01
-6.225000000000000000e+01
-6.004000000000000625e+01
-6.225000000000000000e+01
-6.215000000000000568e+01
-6.225000000000000000e+01
-6.225000000000000000e+01
-6.170000000000000284e+01
-6.225000000000000000e+01
-6.225000000000000000e+01
-6.223999999999999488e+01
-6.225000000000000000e+01
-6.225000000000000000e+01
-6.225000000000000000e+01
-6.225000000000000000e+01
-6.225000000000000000e+01
-6.225000000000000000e+01
-6.225000000000000000e+01
-6.225000000000000000e+01
-6.225000000000000000e+01
-6.221999999999999886e+01
-6.118999999999999773e+01
-6.225000000000000000e+01
-6.225000000000000000e+01
-6.225000000000000000e+01
-6.223999999999999488e+01
-6.225000000000000000e+01
-6.223999999999999488e+01
-6.225000000000000000e+01
-6.225000000000000000e+01
-6.225000000000000000e+01
-6.225000000000000000e+01
-6.225000000000000000e+01
-6.225000000000000000e+01
-6.225000000000000000e+01
-6.225000000000000000e+01
-6.225000000000000000e+01
-6.225000000000000000e+01
-6.225000000000000000e+01
-6.225000000000000000e+01
-6.225000000000000000e+01
-6.123999999999999488e+01
-6.225000000000000000e+01
-6.221999999999999886e+01
-6.225000000000000000e+01
-6.225000000000000000e+01
-6.225000000000000000e+01
-6.218999999999999773e+01
-6.225000000000000000e+01
-6.225000000000000000e+01
-6.225000000000000000e+01
-6.225000000000000000e+01
-6.225000000000000000e+01
-6.009999999999999432e+01
-6.225000000000000000e+01
-6.225000000000000000e+01
-6.225000000000000000e+01
-6.225000000000000000e+01
-6.223999999999999488e+01
-6.225000000000000000e+01
-6.225000000000000000e+01
-6.225000000000000000e+01
-6.225000000000000000e+01
-6.225000000000000000e+01
-6.225000000000000000e+01
-6.218999999999999773e+01
-6.225000000000000000e+01
-6.225000000000000000e+01
-6.223999999999999488e+01
-6.225000000000000000e+01
-6.225000000000000000e+01
-5.889000000000000057e+01
-6.225000000000000000e+01
-6.225000000000000000e+01
-5.949000000000000909e+01
-6.221999999999999886e+01
-6.225000000000000000e+01
-5.604999999999999716e+01
-6.225000000000000000e+01
-6.225000000000000000e+01
-6.225000000000000000e+01
-6.225000000000000000e+01
-6.225000000000000000e+01
-6.225000000000000000e+01
-6.225000000000000000e+01
-6.223999999999999488e+01
-6.225000000000000000e+01
-6.225000000000000000e+01
-6.225000000000000000e+01
-6.218999999999999773e+01
-6.225000000000000000e+01
-6.225000000000000000e+01
-6.225000000000000000e+01
-6.225000000000000000e+01
-6.225000000000000000e+01
-6.225000000000000000e+01
-6.218999999999999773e+01
-6.225000000000000000e+01
-5.595000000000000284e+01
-4.790000000000000568e+01
-6.225000000000000000e+01
-6.225000000000000000e+01
-6.209999999999999432e+01
-6.214000000000000057e+01
-6.225000000000000000e+01
-6.225000000000000000e+01
-6.225000000000000000e+01
-6.225000000000000000e+01
-6.225000000000000000e+01
-6.225000000000000000e+01
-6.225000000000000000e+01
-6.225000000000000000e+01
-6.225000000000000000e+01
-6.225000000000000000e+01
-6.225000000000000000e+01
-6.225000000000000000e+01
-6.225000000000000000e+01
-6.225000000000000000e+01
-6.225000000000000000e+01
-6.225000000000000000e+01
-6.225000000000000000e+01
-6.225000000000000000e+01
-6.225000000000000000e+01
-6.225000000000000000e+01
-6.223999999999999488e+01
-6.223999999999999488e+01
-6.215000000000000568e+01
-6.225000000000000000e+01
-6.225000000000000000e+01
-6.225000000000000000e+01
-6.225000000000000000e+01
-6.225000000000000000e+01
-6.225000000000000000e+01
-6.223999999999999488e+01
-6.225000000000000000e+01
-6.123999999999999488e+01
-6.221999999999999886e+01
-6.210999999999999943e+01
-6.221999999999999886e+01
-6.223999999999999488e+01
-6.218999999999999773e+01
-6.225000000000000000e+01
-6.225000000000000000e+01
-6.225000000000000000e+01
-6.225000000000000000e+01
-6.225000000000000000e+01
-6.225000000000000000e+01
-6.225000000000000000e+01
-6.225000000000000000e+01
-6.225000000000000000e+01
-6.225000000000000000e+01
-6.225000000000000000e+01
-6.225000000000000000e+01
-6.225000000000000000e+01
-6.225000000000000000e+01
-6.225000000000000000e+01
-6.225000000000000000e+01
-6.225000000000000000e+01
-6.225000000000000000e+01
-6.225000000000000000e+01
-6.225000000000000000e+01
-6.225000000000000000e+01
-6.123999999999999488e+01
-6.225000000000000000e+01
-6.215000000000000568e+01
-5.904000000000000625e+01
-6.225000000000000000e+01
-6.215999999999999659e+01
-6.225000000000000000e+01
-6.225000000000000000e+01
-6.225000000000000000e+01
-6.225000000000000000e+01
-6.225000000000000000e+01
-6.225000000000000000e+01
-6.225000000000000000e+01
-6.225000000000000000e+01
-6.225000000000000000e+01
-6.225000000000000000e+01
-6.221999999999999886e+01
-6.225000000000000000e+01
-6.225000000000000000e+01
-6.225000000000000000e+01
-6.225000000000000000e+01
-6.225000000000000000e+01
-6.225000000000000000e+01
-6.225000000000000000e+01
-6.225000000000000000e+01
-6.190000000000000568e+01
-6.225000000000000000e+01
-6.148000000000000398e+01
-6.218999999999999773e+01
-6.223999999999999488e+01
-5.457000000000000739e+01
-6.225000000000000000e+01
-6.225000000000000000e+01
-6.225000000000000000e+01
-4.895000000000000284e+01
-6.218999999999999773e+01
-6.225000000000000000e+01
-6.225000000000000000e+01
-5.834000000000000341e+01
-6.225000000000000000e+01
-6.225000000000000000e+01
-6.225000000000000000e+01
-5.144999999999999574e+01
-6.225000000000000000e+01
-5.942999999999999261e+01
-6.214000000000000057e+01
-6.225000000000000000e+01
-6.225000000000000000e+01
-6.225000000000000000e+01
-3.700000000000000000e+01
-5.104999999999999716e+01
-6.225000000000000000e+01
-6.225000000000000000e+01
-6.225000000000000000e+01
-6.225000000000000000e+01
-6.099000000000000909e+01
-6.225000000000000000e+01
-6.225000000000000000e+01
-6.225000000000000000e+01
-6.225000000000000000e+01
-6.221999999999999886e+01
-6.018999999999999773e+01
-6.015000000000000568e+01
-4.169999999999999574e+01
-6.225000000000000000e+01
-6.225000000000000000e+01
-5.926000000000000512e+01
-6.225000000000000000e+01
-6.225000000000000000e+01
-6.225000000000000000e+01
-6.118999999999999773e+01
-6.225000000000000000e+01
-6.225000000000000000e+01
-6.225000000000000000e+01
-6.223000000000000398e+01
-6.225000000000000000e+01
-6.221999999999999886e+01
-3.603000000000000114e+01
-6.225000000000000000e+01
-6.221999999999999886e+01
-6.225000000000000000e+01
-5.846999999999999886e+01
-6.225000000000000000e+01
-6.225000000000000000e+01
-6.225000000000000000e+01
-6.198000000000000398e+01
-6.225000000000000000e+01
-6.225000000000000000e+01
-6.225000000000000000e+01
-6.225000000000000000e+01
-6.225000000000000000e+01
-6.225000000000000000e+01
-4.800000000000000000e+01
-6.225000000000000000e+01
-6.225000000000000000e+01
-6.121999999999999886e+01
-6.225000000000000000e+01
-6.225000000000000000e+01
-6.225000000000000000e+01
-6.225000000000000000e+01
-6.225000000000000000e+01
-6.225000000000000000e+01
-7.009999999999999787e+00
-6.225000000000000000e+01
-6.225000000000000000e+01
-6.225000000000000000e+01
-6.225000000000000000e+01
-6.225000000000000000e+01
-6.225000000000000000e+01
-2.203000000000000114e+01
-6.225000000000000000e+01
-6.225000000000000000e+01
-6.225000000000000000e+01
-6.225000000000000000e+01
-6.225000000000000000e+01
-6.225000000000000000e+01
-6.223999999999999488e+01
-6.223999999999999488e+01
-5.025000000000000000e+01
-6.225000000000000000e+01
-5.028000000000000114e+01
-6.225000000000000000e+01
-6.225000000000000000e+01
-6.225000000000000000e+01
-6.225000000000000000e+01
-6.225000000000000000e+01
-6.223999999999999488e+01
-6.218999999999999773e+01
-6.225000000000000000e+01
-6.225000000000000000e+01
-6.221999999999999886e+01
-6.225000000000000000e+01
-5.000000000000000000e+01
-6.225000000000000000e+01
-5.949000000000000909e+01
-6.218999999999999773e+01
-6.220999999999999375e+01
-6.225000000000000000e+01
-6.225000000000000000e+01
-6.225000000000000000e+01
-6.225000000000000000e+01
-6.225000000000000000e+01
-6.225000000000000000e+01
-6.221999999999999886e+01
-6.225000000000000000e+01
-6.225000000000000000e+01
-6.225000000000000000e+01
-6.225000000000000000e+01
-6.225000000000000000e+01
-6.225000000000000000e+01
-6.225000000000000000e+01
-6.225000000000000000e+01
-5.949000000000000909e+01
-6.225000000000000000e+01
-6.225000000000000000e+01
-6.225000000000000000e+01
-6.225000000000000000e+01
-6.223999999999999488e+01
-6.223999999999999488e+01
-6.225000000000000000e+01
-6.225000000000000000e+01
-6.225000000000000000e+01
-6.225000000000000000e+01
-6.225000000000000000e+01
-6.225000000000000000e+01
-6.225000000000000000e+01
-6.225000000000000000e+01
-6.225000000000000000e+01
-6.225000000000000000e+01
-6.225000000000000000e+01
-6.221999999999999886e+01
-6.225000000000000000e+01
-4.700000000000000000e+01
-6.204000000000000625e+01
-6.225000000000000000e+01
-5.000000000000000000e+01
-6.225000000000000000e+01
-6.225000000000000000e+01
-6.225000000000000000e+01
-6.225000000000000000e+01
-6.225000000000000000e+01
-6.225000000000000000e+01
-6.225000000000000000e+01
-6.225000000000000000e+01
-6.223000000000000398e+01
-6.225000000000000000e+01
-6.225000000000000000e+01
-6.225000000000000000e+01
-6.225000000000000000e+01
-6.225000000000000000e+01
-6.225000000000000000e+01
-6.225000000000000000e+01
-6.225000000000000000e+01
-6.225000000000000000e+01
-6.225000000000000000e+01
-6.225000000000000000e+01
-6.209999999999999432e+01
-6.225000000000000000e+01
-6.225000000000000000e+01
-6.009999999999999432e+01
-6.225000000000000000e+01
-6.225000000000000000e+01
-6.225000000000000000e+01
-6.225000000000000000e+01
-6.225000000000000000e+01
-6.225000000000000000e+01
-6.225000000000000000e+01
-6.225000000000000000e+01
-6.225000000000000000e+01
-6.225000000000000000e+01
-6.225000000000000000e+01
-6.225000000000000000e+01
-6.225000000000000000e+01
-6.225000000000000000e+01
-6.215000000000000568e+01
-6.225000000000000000e+01
-6.225000000000000000e+01
-6.225000000000000000e+01
-6.225000000000000000e+01
-6.225000000000000000e+01
-6.225000000000000000e+01
-6.225000000000000000e+01
-6.225000000000000000e+01
-6.225000000000000000e+01
-6.015000000000000568e+01
-6.225000000000000000e+01
-6.221999999999999886e+01
-6.218999999999999773e+01
-6.210999999999999943e+01
-6.225000000000000000e+01
-6.225000000000000000e+01
-6.225000000000000000e+01
-6.225000000000000000e+01
-6.225000000000000000e+01
-6.215000000000000568e+01
-6.215000000000000568e+01
-6.225000000000000000e+01
-6.215000000000000568e+01
-6.225000000000000000e+01
-6.225000000000000000e+01
-6.225000000000000000e+01
-6.225000000000000000e+01
-6.210999999999999943e+01
-6.223999999999999488e+01
-6.225000000000000000e+01
-6.225000000000000000e+01
-6.225000000000000000e+01
-6.225000000000000000e+01
-6.225000000000000000e+01
-6.221999999999999886e+01
-6.225000000000000000e+01
-6.225000000000000000e+01
-6.225000000000000000e+01
-6.225000000000000000e+01
-6.225000000000000000e+01
-6.225000000000000000e+01
-6.225000000000000000e+01
-6.225000000000000000e+01
-6.225000000000000000e+01
-6.225000000000000000e+01
-6.225000000000000000e+01
-6.223999999999999488e+01
-6.015000000000000568e+01
-6.225000000000000000e+01
-6.225000000000000000e+01
-6.209999999999999432e+01
-6.225000000000000000e+01
-6.223999999999999488e+01
-6.225000000000000000e+01
-6.225000000000000000e+01
-5.779999999999999716e+01
-6.225000000000000000e+01
-6.225000000000000000e+01
-6.225000000000000000e+01
-6.225000000000000000e+01
-6.225000000000000000e+01
-6.225000000000000000e+01
-6.215000000000000568e+01
-6.225000000000000000e+01
-6.225000000000000000e+01
-6.225000000000000000e+01
-6.225000000000000000e+01
-6.225000000000000000e+01
-6.223999999999999488e+01
-6.225000000000000000e+01
-6.150000000000000000e+01
-6.223999999999999488e+01
-6.225000000000000000e+01
-6.225000000000000000e+01
-5.889000000000000057e+01
-6.225000000000000000e+01
-6.225000000000000000e+01
-6.225000000000000000e+01
-6.225000000000000000e+01
-6.225000000000000000e+01
-6.225000000000000000e+01
-6.225000000000000000e+01
-6.225000000000000000e+01
-6.225000000000000000e+01
-6.225000000000000000e+01
-6.225000000000000000e+01
-6.225000000000000000e+01
-6.225000000000000000e+01
-6.015000000000000568e+01
-6.215000000000000568e+01
-6.225000000000000000e+01
-6.225000000000000000e+01
-6.225000000000000000e+01
-6.225000000000000000e+01
-6.225000000000000000e+01
-6.225000000000000000e+01
-6.225000000000000000e+01
-6.225000000000000000e+01
-6.225000000000000000e+01
-5.548000000000000398e+01
-6.225000000000000000e+01
-6.225000000000000000e+01
-6.225000000000000000e+01
-6.225000000000000000e+01
-6.225000000000000000e+01
-2.828000000000000114e+01
-6.225000000000000000e+01
-6.225000000000000000e+01
-6.225000000000000000e+01
-6.223999999999999488e+01
-6.225000000000000000e+01
-6.225000000000000000e+01
-6.134999999999999432e+01
-6.225000000000000000e+01
-6.221999999999999886e+01
-6.225000000000000000e+01
-6.225000000000000000e+01
-6.225000000000000000e+01
-6.225000000000000000e+01
-6.223999999999999488e+01
-6.225000000000000000e+01
-6.189000000000000057e+01
-6.225000000000000000e+01
-6.221999999999999886e+01
-6.225000000000000000e+01
-6.225000000000000000e+01
-6.221999999999999886e+01
-6.215999999999999659e+01
-6.225000000000000000e+01
-6.215999999999999659e+01
-6.225000000000000000e+01
-6.225000000000000000e+01
-6.225000000000000000e+01
-6.225000000000000000e+01
-6.221999999999999886e+01
-6.225000000000000000e+01
-6.221999999999999886e+01
-6.225000000000000000e+01
-6.225000000000000000e+01
-6.220000000000000284e+01
-6.225000000000000000e+01
-6.225000000000000000e+01
-6.225000000000000000e+01
-6.225000000000000000e+01
-6.225000000000000000e+01
-6.225000000000000000e+01
-6.225000000000000000e+01
-6.225000000000000000e+01
-6.225000000000000000e+01
-6.225000000000000000e+01
-6.225000000000000000e+01
-6.225000000000000000e+01
-6.223999999999999488e+01
-6.220000000000000284e+01
-6.225000000000000000e+01
-6.225000000000000000e+01
-6.225000000000000000e+01
-6.225000000000000000e+01
-6.225000000000000000e+01
-6.225000000000000000e+01
-6.225000000000000000e+01
-6.225000000000000000e+01
-6.225000000000000000e+01
-6.225000000000000000e+01
-5.896999999999999886e+01
-6.225000000000000000e+01
-6.225000000000000000e+01
-6.225000000000000000e+01
-6.225000000000000000e+01
-6.225000000000000000e+01
-6.225000000000000000e+01
-6.225000000000000000e+01
-6.109999999999999432e+01
-6.225000000000000000e+01
-6.225000000000000000e+01
-6.225000000000000000e+01
-6.225000000000000000e+01
-6.225000000000000000e+01
-6.225000000000000000e+01
-6.225000000000000000e+01
-6.225000000000000000e+01
-5.910000000000000853e+01
-6.225000000000000000e+01
-6.225000000000000000e+01
-6.225000000000000000e+01
-6.225000000000000000e+01
-6.225000000000000000e+01
-6.225000000000000000e+01
-6.225000000000000000e+01
-6.225000000000000000e+01
-6.225000000000000000e+01
-6.225000000000000000e+01
-6.225000000000000000e+01
-6.225000000000000000e+01
-6.225000000000000000e+01
-6.225000000000000000e+01
-6.225000000000000000e+01
-6.225000000000000000e+01
-6.225000000000000000e+01
-6.225000000000000000e+01
-6.225000000000000000e+01
-6.225000000000000000e+01
-6.225000000000000000e+01
-6.225000000000000000e+01
-6.225000000000000000e+01
-6.225000000000000000e+01
-5.135999999999999943e+01
-6.225000000000000000e+01
-6.225000000000000000e+01
-6.225000000000000000e+01
-6.225000000000000000e+01
-6.225000000000000000e+01
-6.225000000000000000e+01
-6.225000000000000000e+01
-6.225000000000000000e+01
-6.070999999999999375e+01
-6.225000000000000000e+01
-6.225000000000000000e+01
-6.225000000000000000e+01
-6.225000000000000000e+01
-6.225000000000000000e+01
-6.204000000000000625e+01
-5.779999999999999716e+01
-6.225000000000000000e+01
-6.225000000000000000e+01
-6.225000000000000000e+01
-6.209999999999999432e+01
-6.223999999999999488e+01
-6.225000000000000000e+01
-6.225000000000000000e+01
-6.225000000000000000e+01
-6.225000000000000000e+01
-6.225000000000000000e+01
-3.044999999999999929e+01
-6.225000000000000000e+01
-6.225000000000000000e+01
-6.225000000000000000e+01
-6.225000000000000000e+01
-6.225000000000000000e+01
-6.225000000000000000e+01
-6.225000000000000000e+01
-5.014999999999999858e+01
-4.514999999999999858e+01
-5.006000000000000227e+01
-6.225000000000000000e+01
-6.225000000000000000e+01
-4.965000000000000568e+01
-6.225000000000000000e+01
-5.904000000000000625e+01
-6.218999999999999773e+01
-6.225000000000000000e+01
-6.225000000000000000e+01
-6.225000000000000000e+01
-6.225000000000000000e+01
-6.134000000000000341e+01
-6.225000000000000000e+01
-5.874000000000000909e+01
-6.225000000000000000e+01
-6.225000000000000000e+01
-5.045000000000000284e+01
-6.225000000000000000e+01
-6.225000000000000000e+01
-6.225000000000000000e+01
-6.225000000000000000e+01
-6.218999999999999773e+01
-6.225000000000000000e+01
-6.225000000000000000e+01
-6.225000000000000000e+01
-6.204000000000000625e+01
-6.225000000000000000e+01
-6.225000000000000000e+01
-3.500000000000000000e+01
-6.225000000000000000e+01
-6.225000000000000000e+01
-6.225000000000000000e+01
-5.054999999999999716e+01
-6.225000000000000000e+01
-6.225000000000000000e+01
-1.105999999999999872e+01
-6.225000000000000000e+01
-6.204999999999999716e+01
-6.225000000000000000e+01
-6.225000000000000000e+01
-6.225000000000000000e+01
-6.221999999999999886e+01
-6.225000000000000000e+01
-6.225000000000000000e+01
-5.065999999999999659e+01
-6.121999999999999886e+01
-6.225000000000000000e+01
-6.225000000000000000e+01
-6.221999999999999886e+01
-6.225000000000000000e+01
-6.110999999999999943e+01
-6.225000000000000000e+01
-6.225000000000000000e+01
-6.204999999999999716e+01
-6.225000000000000000e+01
-6.225000000000000000e+01
-5.587000000000000455e+01
-6.225000000000000000e+01
-6.225000000000000000e+01
-6.225000000000000000e+01
-6.159000000000000341e+01
-6.225000000000000000e+01
-6.225000000000000000e+01
-6.225000000000000000e+01
-6.225000000000000000e+01
-2.854999999999999716e+01
-6.225000000000000000e+01
-6.225000000000000000e+01
-6.212999999999999545e+01
-6.004000000000000625e+01
-6.225000000000000000e+01
-6.225000000000000000e+01
-6.225000000000000000e+01
-5.119999999999999574e+01
-6.225000000000000000e+01
-5.881000000000000227e+01
-5.704999999999999716e+01
-6.225000000000000000e+01
-6.225000000000000000e+01
-5.054999999999999716e+01
-2.228000000000000114e+01
-3.619999999999999574e+01
-6.225000000000000000e+01
-6.225000000000000000e+01
-6.225000000000000000e+01
-6.225000000000000000e+01
-5.104999999999999716e+01
-6.225000000000000000e+01
-6.225000000000000000e+01
-5.090999999999999659e+01
-6.225000000000000000e+01
-6.218999999999999773e+01
-6.225000000000000000e+01
-6.225000000000000000e+01
-6.225000000000000000e+01
-6.225000000000000000e+01
-6.225000000000000000e+01
-6.225000000000000000e+01
-5.078000000000000114e+01
-5.170999999999999375e+01
-2.765999999999999659e+01
-5.465999999999999659e+01
-6.225000000000000000e+01
-5.246999999999999886e+01
-5.035999999999999943e+01
-1.914999999999999858e+01
-6.225000000000000000e+01
-5.090999999999999659e+01
-6.225000000000000000e+01
-6.225000000000000000e+01
-5.484000000000000341e+01
-5.495999999999999375e+01
-6.075000000000000000e+01
-6.225000000000000000e+01
-1.200000000000000000e+01
-6.225000000000000000e+01
-6.070000000000000284e+01
-5.525000000000000000e+01
-5.982000000000000739e+01
-3.900999999999999801e+01
-6.225000000000000000e+01
-6.225000000000000000e+01
-6.225000000000000000e+01
-6.225000000000000000e+01
-5.006000000000000227e+01
-6.225000000000000000e+01
-6.196999999999999886e+01
-6.179999999999999716e+01
-6.225000000000000000e+01
-5.674000000000000909e+01
-5.000000000000000000e+01
-5.010000000000000142e+01
-6.225000000000000000e+01
-5.915000000000000568e+01
-6.225000000000000000e+01
-6.225000000000000000e+01
-6.218999999999999773e+01
-6.225000000000000000e+01
-6.225000000000000000e+01
-6.225000000000000000e+01
-6.218999999999999773e+01
-7.059999999999999609e+00
-6.225000000000000000e+01
-6.225000000000000000e+01
-5.229000000000000625e+01
-4.300999999999999801e+01
-5.560000000000000142e+01
-6.225000000000000000e+01
-5.598000000000000398e+01
-6.225000000000000000e+01
-6.209999999999999432e+01
-5.374000000000000199e+01
-6.225000000000000000e+01
-1.600999999999999801e+01
-6.225000000000000000e+01
-1.400000000000000000e+01
-5.106000000000000227e+01
-5.021000000000000085e+01
-2.300000000000000000e+01
-6.225000000000000000e+01
-4.700000000000000000e+01
-2.405999999999999872e+01
-6.025000000000000000e+01
-6.225000000000000000e+01
-6.225000000000000000e+01
-5.035999999999999943e+01
-6.225000000000000000e+01
-6.225000000000000000e+01
-6.225000000000000000e+01
-5.006000000000000227e+01
-6.218999999999999773e+01
-4.500000000000000000e+01
-5.010000000000000142e+01
-4.100000000000000000e+01
-6.225000000000000000e+01
-6.225000000000000000e+01
-6.225000000000000000e+01
-6.225000000000000000e+01
-6.225000000000000000e+01
-3.603000000000000114e+01
-5.119999999999999574e+01
-6.215000000000000568e+01
-5.003000000000000114e+01
-6.225000000000000000e+01
-6.225000000000000000e+01
-6.225000000000000000e+01
-6.225000000000000000e+01
-6.195999999999999375e+01
-6.225000000000000000e+01
-6.225000000000000000e+01
-6.218999999999999773e+01
-6.225000000000000000e+01
-6.225000000000000000e+01
-5.970000000000000284e+01
-6.225000000000000000e+01
-5.878999999999999915e+01
-6.223999999999999488e+01
-6.225000000000000000e+01
-6.225000000000000000e+01
-5.935000000000000853e+01
-3.221000000000000085e+01
-6.225000000000000000e+01
-6.221999999999999886e+01
-6.225000000000000000e+01
-1.209999999999999964e+01
-6.225000000000000000e+01
-6.225000000000000000e+01
-5.021000000000000085e+01
-6.221999999999999886e+01
-6.114000000000000057e+01
-6.225000000000000000e+01
-6.225000000000000000e+01
-1.105999999999999872e+01
-6.225000000000000000e+01
-6.225000000000000000e+01
-5.036999999999999744e+01
-6.225000000000000000e+01
-6.225000000000000000e+01
-6.225000000000000000e+01
-6.225000000000000000e+01
-6.225000000000000000e+01
-6.225000000000000000e+01
-6.225000000000000000e+01
-6.110999999999999943e+01
-6.225000000000000000e+01
-5.381000000000000227e+01
-5.021000000000000085e+01
-6.225000000000000000e+01
-6.225000000000000000e+01
-6.225000000000000000e+01
-6.225000000000000000e+01
-5.014999999999999858e+01
-6.225000000000000000e+01
-4.606000000000000227e+01
-5.420000000000000284e+01
-6.121999999999999886e+01
-6.225000000000000000e+01
-6.225000000000000000e+01
-6.225000000000000000e+01
-6.146999999999999886e+01
-6.225000000000000000e+01
-6.065000000000000568e+01
-6.170000000000000284e+01
-6.225000000000000000e+01
-6.209999999999999432e+01
-6.225000000000000000e+01
-6.225000000000000000e+01
-5.910000000000000853e+01
-6.225000000000000000e+01
-5.648000000000000398e+01
-6.225000000000000000e+01
-6.225000000000000000e+01
-6.225000000000000000e+01
-6.225000000000000000e+01
-6.225000000000000000e+01
-6.225000000000000000e+01
-6.225000000000000000e+01
-6.225000000000000000e+01
-4.300999999999999801e+01
-5.049000000000000199e+01
-6.225000000000000000e+01
-6.225000000000000000e+01
-6.121999999999999886e+01
-6.218999999999999773e+01
-6.225000000000000000e+01
-6.121999999999999886e+01
-6.225000000000000000e+01
-6.225000000000000000e+01
-6.134000000000000341e+01
-6.223999999999999488e+01
-6.221999999999999886e+01
-6.225000000000000000e+01
-6.221999999999999886e+01
-5.698999999999999488e+01
-6.225000000000000000e+01
-6.225000000000000000e+01
-6.223999999999999488e+01
-6.225000000000000000e+01
-6.223999999999999488e+01
-6.225000000000000000e+01
-6.225000000000000000e+01
-6.225000000000000000e+01
-6.225000000000000000e+01
-6.225000000000000000e+01
-6.204999999999999716e+01
-6.225000000000000000e+01
-6.225000000000000000e+01
-5.819999999999999574e+01
-6.209999999999999432e+01
-6.192000000000000171e+01
-6.225000000000000000e+01
-6.223999999999999488e+01
-6.092000000000000171e+01
-6.225000000000000000e+01
-5.604000000000000625e+01
-6.225000000000000000e+01
-6.225000000000000000e+01
-6.218999999999999773e+01
-6.225000000000000000e+01
-6.225000000000000000e+01
-4.006000000000000227e+01
-6.225000000000000000e+01
-6.225000000000000000e+01
-6.225000000000000000e+01
-6.225000000000000000e+01
-3.800000000000000000e+01
-6.225000000000000000e+01
-6.225000000000000000e+01
-6.225000000000000000e+01
-6.225000000000000000e+01
-6.225000000000000000e+01
-6.225000000000000000e+01
-6.223999999999999488e+01
-5.114999999999999858e+01
-6.225000000000000000e+01
-6.225000000000000000e+01
-5.010000000000000142e+01
-6.225000000000000000e+01
-6.225000000000000000e+01
-6.157000000000000739e+01
-6.225000000000000000e+01
-5.750000000000000000e+01
-6.221999999999999886e+01
-6.225000000000000000e+01
-6.225000000000000000e+01
-5.559000000000000341e+01
-6.225000000000000000e+01
-6.150000000000000000e+01
-5.659999999999999432e+01
-6.225000000000000000e+01
-6.225000000000000000e+01
-6.225000000000000000e+01
-6.225000000000000000e+01
-6.225000000000000000e+01
-5.571999999999999886e+01
-6.117000000000000171e+01
-6.225000000000000000e+01
-5.373000000000000398e+01
-6.225000000000000000e+01
-6.225000000000000000e+01
-6.225000000000000000e+01
-3.228000000000000114e+01
-6.225000000000000000e+01
-6.225000000000000000e+01
-6.225000000000000000e+01
-6.225000000000000000e+01
-5.273999999999999488e+01
-6.225000000000000000e+01
-5.000999999999999801e+01
-6.225000000000000000e+01
-6.225000000000000000e+01
-3.800000000000000000e+01
-6.225000000000000000e+01
-6.225000000000000000e+01
-5.003000000000000114e+01
-6.218999999999999773e+01
-6.225000000000000000e+01
-5.252000000000000313e+01
-6.223999999999999488e+01
-6.225000000000000000e+01
-6.225000000000000000e+01
-6.225000000000000000e+01
-6.223999999999999488e+01
-5.186000000000000654e+01
-6.225000000000000000e+01
-6.225000000000000000e+01
-6.225000000000000000e+01
-6.225000000000000000e+01
-6.179999999999999716e+01
-6.225000000000000000e+01
-6.225000000000000000e+01
-6.220999999999999375e+01
-6.225000000000000000e+01
-6.225000000000000000e+01
-6.214000000000000057e+01
-6.210999999999999943e+01
-6.225000000000000000e+01
-6.225000000000000000e+01
-6.215000000000000568e+01
-6.225000000000000000e+01
-5.463000000000000966e+01
-6.225000000000000000e+01
-6.225000000000000000e+01
-6.225000000000000000e+01
-6.221999999999999886e+01
-6.221999999999999886e+01
-6.225000000000000000e+01
-6.225000000000000000e+01
-5.028000000000000114e+01
-6.225000000000000000e+01
-6.225000000000000000e+01
-6.225000000000000000e+01
-6.225000000000000000e+01
-6.225000000000000000e+01
-6.225000000000000000e+01
-6.225000000000000000e+01
-6.225000000000000000e+01
-6.225000000000000000e+01
-5.915000000000000568e+01
-6.225000000000000000e+01
-6.225000000000000000e+01
-6.225000000000000000e+01
-5.990000000000000568e+01
-6.225000000000000000e+01
-1.102999999999999936e+01
-4.910999999999999943e+01
-5.832999999999999829e+01
-6.221999999999999886e+01
-6.225000000000000000e+01
-5.003000000000000114e+01
-5.346000000000000796e+01
-5.014999999999999858e+01
-6.225000000000000000e+01
-6.192000000000000171e+01
-6.225000000000000000e+01
-1.500000000000000000e+01
-5.235999999999999233e+01
-6.225000000000000000e+01
-6.225000000000000000e+01
-3.801999999999999602e+01
-6.225000000000000000e+01
-6.225000000000000000e+01
-6.225000000000000000e+01
-6.225000000000000000e+01
-6.225000000000000000e+01
-6.225000000000000000e+01
-5.028000000000000114e+01
-6.225000000000000000e+01
-6.221999999999999886e+01
-5.857999999999999119e+01
-5.417000000000000881e+01
-5.968999999999999773e+01
-5.714000000000000057e+01
-6.225000000000000000e+01
-7.029999999999999361e+00
-4.614999999999999858e+01
-6.225000000000000000e+01
-4.762999999999999545e+01
-4.200000000000000000e+01
-6.225000000000000000e+01
-6.225000000000000000e+01
-5.120999999999999375e+01
-6.225000000000000000e+01
-6.225000000000000000e+01
-6.225000000000000000e+01
-6.225000000000000000e+01
-6.204000000000000625e+01
-6.225000000000000000e+01
-6.225000000000000000e+01
-5.829999999999998295e+01
-6.225000000000000000e+01
-4.400000000000000000e+01
-6.225000000000000000e+01
-4.582999999999999829e+01
-6.096999999999999886e+01
-6.225000000000000000e+01
-6.225000000000000000e+01
-4.510999999999999943e+01
-6.225000000000000000e+01
-5.014999999999999858e+01
-2.921000000000000085e+01
-6.225000000000000000e+01
-6.225000000000000000e+01
-5.958999999999999631e+01
-6.004000000000000625e+01
-5.018999999999999062e+01
-5.297000000000000597e+01
-6.225000000000000000e+01
-6.225000000000000000e+01
-5.000000000000000000e+01
-6.225000000000000000e+01
-5.035999999999999943e+01
-6.225000000000000000e+01
-6.225000000000000000e+01
-1.905999999999999872e+01
-6.225000000000000000e+01
-1.505999999999999872e+01
-6.225000000000000000e+01
-5.873000000000000398e+01
-5.275000000000000000e+01
-5.840999999999999659e+01
-5.991000000000001080e+01
-6.225000000000000000e+01
-5.411999999999999034e+01
-6.225000000000000000e+01
-6.223999999999999488e+01
-6.115999999999999659e+01
-6.225000000000000000e+01
-6.225000000000000000e+01
-6.215000000000000568e+01
-6.225000000000000000e+01
-6.225000000000000000e+01
-5.059999999999999609e+00
-5.691000000000000369e+01
-6.115000000000000568e+01
-5.233999999999999631e+01
-6.175999999999999801e+01
-6.225000000000000000e+01
-6.225000000000000000e+01
-5.103000000000000114e+01
-5.341999999999999460e+01
-6.225000000000000000e+01
-6.225000000000000000e+01
-5.065999999999999659e+01
-6.225000000000000000e+01
-6.002000000000001023e+01
-5.100000000000000000e+01
-5.401999999999999602e+01
-5.040000000000000568e+01
-6.179999999999999716e+01
-6.225000000000000000e+01
-6.225000000000000000e+01
-5.039000000000000057e+01
-4.614999999999999858e+01
-5.991999999999998749e+01
-6.225000000000000000e+01
-6.203000000000000114e+01
-6.223999999999999488e+01
-6.225000000000000000e+01
-5.590999999999999659e+01
-5.021000000000000085e+01
-6.215000000000000568e+01
-6.225000000000000000e+01
-6.225000000000000000e+01
-6.225000000000000000e+01
-6.225000000000000000e+01
-6.225000000000000000e+01
-6.225000000000000000e+01
-6.215000000000000568e+01
-5.115999999999999659e+01
-5.231999999999999318e+01
-5.021000000000000085e+01
-6.225000000000000000e+01
-6.225000000000000000e+01
-6.225000000000000000e+01
-6.225000000000000000e+01
-6.225000000000000000e+01
-5.589000000000000057e+01
-6.225000000000000000e+01
-6.225000000000000000e+01
-5.021000000000000085e+01
-6.200000000000000000e+01
-5.054999999999999716e+01
-6.225000000000000000e+01
-5.621000000000000085e+01
-6.225000000000000000e+01
-6.225000000000000000e+01
-6.119999999999998863e+01
-6.225000000000000000e+01
-6.220999999999999375e+01
-3.421000000000000085e+01
-6.225000000000000000e+01
-5.671999999999999176e+01
-6.225000000000000000e+01
-4.921000000000000085e+01
-6.225000000000000000e+01
-6.225000000000000000e+01
-6.225000000000000000e+01
-6.225000000000000000e+01
-6.225000000000000000e+01
-5.779999999999999716e+01
-4.603999999999999915e+01
-6.225000000000000000e+01
-3.900000000000000000e+01
-6.225000000000000000e+01
-6.225000000000000000e+01
-6.223999999999999488e+01
-5.592000000000000171e+01
-5.946999999999999886e+01
-6.225000000000000000e+01
-6.225000000000000000e+01
-6.225000000000000000e+01
-3.728000000000000114e+01
-6.225000000000000000e+01
-5.000000000000000000e+01
-5.054999999999999716e+01
-1.209999999999999964e+01
-6.225000000000000000e+01
-6.225000000000000000e+01
-6.225000000000000000e+01
-4.890999999999999659e+01
-6.225000000000000000e+01
-5.065999999999999659e+01
-4.221000000000000085e+01
-5.900999999999999091e+01
-6.218999999999999773e+01
-6.225000000000000000e+01
-3.792000000000000171e+01
-6.185999999999999943e+01
-6.225000000000000000e+01
-6.225000000000000000e+01
-5.779999999999999716e+01
-6.225000000000000000e+01
-6.225000000000000000e+01
-6.225000000000000000e+01
-6.223999999999999488e+01
-6.225000000000000000e+01
-6.225000000000000000e+01
-6.225000000000000000e+01
-4.314999999999999858e+01
-6.225000000000000000e+01
-6.225000000000000000e+01
-6.225000000000000000e+01
-6.225000000000000000e+01
-6.218999999999999773e+01
-6.225000000000000000e+01
-5.525000000000000000e+01
-6.225000000000000000e+01
-6.218999999999999773e+01
-6.225000000000000000e+01
-6.170000000000000284e+01
-6.225000000000000000e+01
-6.225000000000000000e+01
-6.225000000000000000e+01
-6.225000000000000000e+01
-6.225000000000000000e+01
-6.204000000000000625e+01
-6.225000000000000000e+01
-6.223999999999999488e+01
-6.225000000000000000e+01
-6.209999999999999432e+01
-6.225000000000000000e+01
-6.196999999999999886e+01
-5.770000000000000284e+01
-6.218999999999999773e+01
-6.225000000000000000e+01
-6.225000000000000000e+01
-6.225000000000000000e+01
-6.221999999999999886e+01
-6.225000000000000000e+01
-6.225000000000000000e+01
-6.225000000000000000e+01
-6.225000000000000000e+01
-5.670000000000000284e+01
-6.225000000000000000e+01
-6.225000000000000000e+01
-6.209999999999999432e+01
-6.225000000000000000e+01
-5.231000000000000227e+01
-5.889000000000000057e+01
-6.225000000000000000e+01
-6.225000000000000000e+01
-6.225000000000000000e+01
-6.115000000000000568e+01
-6.225000000000000000e+01
-6.225000000000000000e+01
-6.221999999999999886e+01
-6.225000000000000000e+01
-6.225000000000000000e+01
-6.225000000000000000e+01
-5.746999999999999886e+01
-6.225000000000000000e+01
-6.140000000000000568e+01
-6.225000000000000000e+01
-6.225000000000000000e+01
-6.225000000000000000e+01
-6.225000000000000000e+01
-6.225000000000000000e+01
-6.225000000000000000e+01
-6.225000000000000000e+01
-6.225000000000000000e+01
-5.770000000000000284e+01
-6.170000000000000284e+01
-6.225000000000000000e+01
-6.225000000000000000e+01
-6.225000000000000000e+01
-6.004000000000000625e+01
-6.225000000000000000e+01
-6.225000000000000000e+01
-6.225000000000000000e+01
-4.725000000000000000e+01
-6.225000000000000000e+01
-6.225000000000000000e+01
-2.605999999999999872e+01
-6.225000000000000000e+01
-6.225000000000000000e+01
-5.665999999999999659e+01
-5.000000000000000000e+01
-6.225000000000000000e+01
-4.121000000000000085e+01
-6.225000000000000000e+01
-6.225000000000000000e+01
-6.218999999999999773e+01
-6.225000000000000000e+01
-6.225000000000000000e+01
-5.217999999999999972e+01
-6.225000000000000000e+01
-6.225000000000000000e+01
-6.038000000000000966e+01
-6.159999999999999432e+01
-5.723999999999999488e+01
-6.215000000000000568e+01
-5.000000000000000000e+01
-6.225000000000000000e+01
-6.225000000000000000e+01
-6.225000000000000000e+01
-6.221999999999999886e+01
-6.223999999999999488e+01
-6.225000000000000000e+01
-6.225000000000000000e+01
-6.215000000000000568e+01
-6.054000000000000625e+01
-6.225000000000000000e+01
-6.225000000000000000e+01
-6.225000000000000000e+01
-5.324999999999999289e+01
-6.225000000000000000e+01
-6.225000000000000000e+01
-6.218999999999999773e+01
-6.225000000000000000e+01
-4.600000000000000000e+01
-6.225000000000000000e+01
-6.225000000000000000e+01
-5.290999999999999659e+01
-1.828000000000000114e+01
-6.225000000000000000e+01
-6.104000000000000625e+01
-6.225000000000000000e+01
-6.225000000000000000e+01
-6.225000000000000000e+01
-6.225000000000000000e+01
-6.225000000000000000e+01
-6.225000000000000000e+01
-6.225000000000000000e+01
-6.221999999999999886e+01
-6.225000000000000000e+01
-6.225000000000000000e+01
-6.225000000000000000e+01
-6.225000000000000000e+01
-6.015000000000000568e+01
-6.225000000000000000e+01
-6.225000000000000000e+01
-6.225000000000000000e+01
-6.221999999999999886e+01
-6.210999999999999943e+01
-6.225000000000000000e+01
-6.225000000000000000e+01
-6.225000000000000000e+01
-6.225000000000000000e+01
-6.225000000000000000e+01
-6.225000000000000000e+01
-3.324000000000000199e+01
-6.225000000000000000e+01
-6.225000000000000000e+01
-6.225000000000000000e+01
-6.225000000000000000e+01
-4.865999999999999659e+01
-6.225000000000000000e+01
-6.225000000000000000e+01
-6.150000000000000000e+01
-6.225000000000000000e+01
-5.594999999999999574e+01
-5.550000000000000000e+01
-6.225000000000000000e+01
-6.225000000000000000e+01
-5.679999999999999716e+01
-6.225000000000000000e+01
-6.204000000000000625e+01
-6.225000000000000000e+01
-5.000999999999999801e+01
-6.223999999999999488e+01
-5.993999999999999773e+01
-5.354000000000000625e+01
-6.225000000000000000e+01
-6.178999999999999204e+01
-6.225000000000000000e+01
-3.935999999999999943e+01
-6.034000000000000341e+01
-5.818000000000000682e+01
-6.225000000000000000e+01
-6.225000000000000000e+01
-5.403999999999999915e+01
-6.225000000000000000e+01
-6.225000000000000000e+01
-5.648999999999999488e+01
-6.177000000000000313e+01
-5.846999999999999886e+01
-6.225000000000000000e+01
-6.225000000000000000e+01
-6.107999999999999829e+01
-3.800000000000000000e+01
-5.285999999999999943e+01
-8.000000000000000000e+00
-4.600999999999999801e+01
-5.600000000000000000e+01
-5.117999999999999972e+01
-1.605999999999999872e+01
-3.321000000000000085e+01
-6.225000000000000000e+01
-6.225000000000000000e+01
-5.278000000000000114e+01
-6.215000000000000568e+01
-5.760999999999999943e+01
-6.204000000000000625e+01
-5.405999999999999517e+01
-6.225000000000000000e+01
-6.225000000000000000e+01
-6.225000000000000000e+01
-6.225000000000000000e+01
-6.225000000000000000e+01
-3.826999999999999602e+01
-6.225000000000000000e+01
-6.104000000000000625e+01
-5.857999999999999829e+01
-6.225000000000000000e+01
-3.487000000000000455e+01
-6.225000000000000000e+01
-6.225000000000000000e+01
-6.187000000000000455e+01
-6.035000000000000853e+01
-6.221999999999999886e+01
-6.225000000000000000e+01
-6.225000000000000000e+01
-5.670999999999999375e+01
-6.218999999999999773e+01
-6.215999999999999659e+01
-6.225000000000000000e+01
-4.703000000000000114e+01
-6.218999999999999773e+01
-2.300999999999999801e+01
-5.009000000000000341e+01
-6.225000000000000000e+01
-6.225000000000000000e+01
-6.225000000000000000e+01
-6.223000000000000398e+01
-6.168999999999999773e+01
-6.225000000000000000e+01
-6.204000000000000625e+01
-6.184999999999999432e+01
-6.225000000000000000e+01
-6.221999999999999886e+01
-6.225000000000000000e+01
-6.225000000000000000e+01
-6.225000000000000000e+01
-6.162000000000000455e+01
-3.706000000000000227e+01
-5.874000000000000909e+01
-5.128000000000000114e+01
-1.205999999999999872e+01
-6.225000000000000000e+01
-4.009999999999999787e+00
-6.225000000000000000e+01
-1.810000000000000142e+01
-6.225000000000000000e+01
-6.225000000000000000e+01
-6.225000000000000000e+01
-6.225000000000000000e+01
-6.225000000000000000e+01
-6.225000000000000000e+01
-6.225000000000000000e+01
-5.913000000000000256e+01
-6.225000000000000000e+01
-5.251999999999999602e+01
-6.225000000000000000e+01
-6.225000000000000000e+01
-6.210999999999999943e+01
-6.225000000000000000e+01
-5.000000000000000000e+01
-6.225000000000000000e+01
-1.500999999999999979e+01
-6.225000000000000000e+01
-6.225000000000000000e+01
-6.225000000000000000e+01
-5.212999999999999545e+01
-3.200000000000000000e+01
-6.225000000000000000e+01
-6.225000000000000000e+01
-7.009999999999999787e+00
-6.225000000000000000e+01
-5.332000000000000028e+01
-5.192999999999999972e+01
-5.045000000000000284e+01
-3.100999999999999801e+01
-6.225000000000000000e+01
-5.003000000000000114e+01
