-2.710757346701467085e+01
-2.918601386058276148e+01
-2.442515847519252858e+01
-3.014566703697821382e+01
-4.641007084911259284e+01
-3.425587380275251803e+01
-3.340039950460165841e+01
-3.678342144018384374e+01
-3.525299765054365508e+01
-4.531068968067104663e+01
-3.945274445295397925e+01
-3.862376918084709843e+01
-4.519854630401253104e+01
-4.994169790879986692e+01
-3.947059642071549490e+01
-4.537744156743153212e+01
-4.554864790161562382e+01
-3.487921071378529803e+01
-3.784524240300777365e+01
-3.748840821893594466e+01
-4.712407465191542855e+01
-3.624798232810353227e+01
-4.667757900733626286e+01
-4.286643221519010893e+01
-3.815107906916698255e+01
-4.014875254534912585e+01
-4.859154057830087936e+01
-4.640775434788539400e+01
-5.006402523129406035e+01
-4.239963967926478006e+01
-3.630426176321261522e+01
-4.172618766200285023e+01
-4.451512809662118286e+01
-3.987290065429623098e+01
-4.991457335167180531e+01
-4.620217892180517794e+01
-4.011615559055461233e+01
-3.722523933347432745e+01
-3.731384808786280871e+01
-3.492310989728574100e+01
-3.831427229217558050e+01
-3.664118120865699524e+01
-2.951725411418323475e+01
-3.715378015417756785e+01
-3.030397268374818509e+01
-3.170168038694508894e+01
-2.853062292293026303e+01
-3.424626282414856604e+01
-2.997886853996659084e+01
-3.594634552414925110e+01
-2.547110295320515050e+01
-3.055832577540821049e+01
-3.751346361811187080e+01
-2.706364881433546543e+01
-2.866664576158372313e+01
-2.965061932411982681e+01
-3.334171610500013117e+01
-3.093441779808751946e+01
-2.842377436479469210e+01
-3.200619323900397717e+01
-2.694983071960389154e+01
-2.567861894390340183e+01
-3.204479795076448312e+01
-2.953746174637558397e+01
-2.460106067019935949e+01
-3.401646259140780160e+01
-2.895031622760261669e+01
-3.351729065704532218e+01
-3.698589022858286768e+01
-4.102238069200909365e+01
-2.998287379983705137e+01
-3.113248077765927135e+01
-3.325673600694726417e+01
-2.685464706412184555e+01
-3.337113476122903677e+01
-2.254115976573399749e+01
-3.286146502523996560e+01
-2.748113625259287573e+01
-3.230455233367437984e+01
-3.534779448289957315e+01
-3.548373667706223955e+01
-2.671155531630669344e+01
-3.485066684851772578e+01
-2.602190402042863226e+01
-2.848102459557929933e+01
-2.582495403342526785e+01
-2.332640463288214505e+01
-2.458084108095556175e+01
-3.454640490843319611e+01
-3.973053005385549596e+01
-4.022682719906597981e+01
-3.356979215588005161e+01
-3.690838859560653162e+01
-3.341018226450221817e+01
-3.367497307865859568e+01
-4.100989873765245619e+01
-4.652153473104939252e+01
-4.002335193525498624e+01
-4.049623328179942661e+01
-4.273739407849138416e+01
-3.797487579463226126e+01
-4.579506854190253051e+01
-3.779273934246988631e+01
-4.582070517897420814e+01
-4.572531230985553208e+01
-5.118232593232266936e+01
-4.568919533589898663e+01
-4.796826496230947612e+01
-4.177272953398610866e+01
-4.483796835481084031e+01
-4.479930222956335228e+01
-5.126287947018440860e+01
-4.086067801509051378e+01
-4.695520952546528548e+01
-5.282088230072016444e+01
-4.623560095844924689e+01
-3.811958888462574180e+01
-4.389542852016682417e+01
-4.380824581020537778e+01
-3.671739084993564717e+01
-2.315825738723034988e+01
-1.657520184947481567e+01
-2.611455349033709084e+01
-3.081060690921106726e+01
-3.299704064862287112e+01
-3.070275355855907407e+01
-2.570118171848728039e+01
-3.044236362056807010e+01
-2.798566600502527280e+01
-2.684968699867586039e+01
-2.882856779500350086e+01
-3.579337788473723947e+01
-2.822808925841923156e+01
-3.925352090633521129e+01
-3.584956530844656442e+01
-3.279554050352777494e+01
-2.937465020867356102e+01
-2.560130032736185512e+01
-3.064315257152593119e+01
-3.642437170354921960e+01
-3.002377948397528229e+01
-2.687847475034848443e+01
-3.231613710326917754e+01
-3.240838448707556552e+01
-2.911973176557109610e+01
-2.978317388079616990e+01
-2.736421396262712236e+01
-2.820143906484880247e+01
-3.303139974108232479e+01
-2.981306296211791107e+01
-3.346476376311395029e+01
-3.780726786478131629e+01
-3.008800728374750832e+01
-2.908030498151869381e+01
-3.492541324846417439e+01
-3.682731387860599881e+01
-3.208131782253921216e+01
-3.717889237940697456e+01
-3.860206207715032889e+01
-3.192531399239805623e+01
-3.130062996643115270e+01
-3.257867213670635920e+01
-3.517097456316159310e+01
-3.846530693896129804e+01
-3.606394061898124903e+01
-3.129842601339315777e+01
-3.835449683254557840e+01
-3.531406123139301201e+01
-3.410938344270571321e+01
-2.807822340520224458e+01
-2.167305755055116379e+01
-2.549188965550896668e+01
-2.875577840710668553e+01
-2.355872818182227846e+01
-2.325205659746191245e+01
-2.781733335885669334e+01
-2.691410315878132664e+01
-3.428128125042790941e+01
-2.851110416219484733e+01
-3.327802447449546719e+01
-3.029976457990493799e+01
-2.852761511132290551e+01
-2.618577586827496972e+01
-2.941992640694557082e+01
-2.698663140361591317e+01
-2.911847998734258525e+01
-2.571451105346455890e+01
-3.350762647500865654e+01
-3.156265379333198595e+01
-2.950168568857837670e+01
-3.055192998839136465e+01
-2.255098863152764821e+01
-2.332497713824886176e+01
-2.805065457718182031e+01
-2.811525794899861452e+01
-3.024791231255268187e+01
-3.448150796787076189e+01
-3.275189598456979212e+01
-2.742047831237428213e+01
-3.274519560672523966e+01
-2.326377768780090705e+01
-2.557481710393820151e+01
-2.447698373338802114e+01
-2.995959297706351165e+01
-3.246495657119354661e+01
-1.437159430624964607e+01
-1.943965377876655154e+01
-2.143368581873643564e+01
-2.870313505463291293e+01
-2.022960795391087530e+01
-2.509550273556659405e+01
-1.254561198106644859e+01
-3.479629385354112969e+01
-2.886183456738701025e+01
-2.768689715281514907e+01
-3.466402660983842310e+01
-2.131313563512636478e+01
-2.959417257625664988e+01
-3.022205974879353718e+01
-2.563669273301509932e+01
-3.148845659490369897e+01
-3.072293320320631338e+01
-2.062087918493071470e+01
-3.092538234229022365e+01
-2.847941473569918003e+01
-3.802147715534999151e+01
-2.072476058830871892e+01
-3.790197064354372003e+01
-2.995942562402591847e+01
-3.596128210071269393e+01
-3.833394269716246328e+01
-2.986056053294356616e+01
-3.214475404000191361e+01
-2.851987306569704472e+01
-2.791231681376364193e+01
-3.043547684108045104e+01
-2.929179963800441655e+01
-2.767037009505858336e+01
-1.248247689970174257e+01
-1.935376252428260102e+01
-2.997697334680433201e+01
-2.985903795813977624e+01
-2.897052482897728254e+01
-3.274560350786464369e+01
-1.214046192738084784e+01
-3.664149876445937792e+01
-3.357780714033270186e+01
-2.856420311784777866e+01
-3.532533968940009572e+01
-3.779092496555188774e+01
-2.911073092878002200e+01
-2.735397999827457483e+01
-3.593239165622780007e+01
-2.220370363237095290e+01
-3.794007005853872272e+01
-3.847598032775339050e+01
-2.661967598546704039e+01
-3.356409608435627945e+01
-2.770507833242613671e+01
-3.213989774478509531e+01
-2.879311213311969908e+01
-3.643881909443577172e+01
-3.191153424801698790e+01
-3.211604583723930517e+01
-3.265524026648223810e+01
-3.558463239909547582e+01
-3.478198900161915930e+01
-3.390922845923567763e+01
-3.385726380758792686e+01
-3.205220951463054035e+01
-3.767895375432252081e+01
-3.832631275059323883e+01
-4.138770549883854244e+01
-3.235415362699073683e+01
-3.324123357390497091e+01
-2.851198948475049022e+01
-3.209979914398635970e+01
-3.222485406728315382e+01
-3.844871119455947195e+01
-2.939072458891869744e+01
-3.351752755602623779e+01
-3.225779216786092007e+01
-3.399377229121966337e+01
-3.137309559268283365e+01
-3.594818369517052759e+01
-3.648956493933026479e+01
-3.270271240738575358e+01
-3.310964948679457365e+01
-3.512743317831674972e+01
-3.570048652037979764e+01
-3.888198320059971991e+01
-3.308947977385985695e+01
-2.885092314826734139e+01
-2.415928649112569815e+01
-2.538382553112844775e+01
-2.577386147322224375e+01
-3.030669785759613077e+01
-2.880473981812401263e+01
-2.291155650617212913e+01
-3.382580543386152527e+01
-2.607164755830456926e+01
-2.819409805993959495e+01
-2.424222088358794025e+01
-2.623513232100374637e+01
-3.030253958063962472e+01
-2.853508496853873311e+01
-3.113170548085428280e+01
-2.842173477431612838e+01
-3.005683830136400658e+01
-2.723763875326532613e+01
-3.513752755633019831e+01
-2.915886342713391599e+01
-2.711331537863559760e+01
-3.072131384537021503e+01
-2.263950468777382952e+01
-1.203021804808835959e+01
-3.201718421097662315e+01
-3.440917818137722151e+01
-3.065317395672360234e+01
-2.681921752811565440e+01
-2.655691666957631369e+01
-3.333306498410907182e+01
-3.308037306025420321e+01
-2.696204410531413842e+01
-3.062545102295174360e+01
-9.583701087427058951e+00
-2.703685383855264490e+01
-2.863103913407413259e+01
-2.594177270977021266e+01
-2.934024620532726502e+01
-3.510554781929162260e+01
-2.982253318164667277e+01
-2.750593379694202767e+01
-2.713106658689837758e+01
-2.641586615081716616e+01
-2.906566646932789411e+01
-3.008425780703296937e+01
-2.366316208114882969e+01
-3.128411254417585141e+01
-1.489947341046312168e+01
-2.463309882665943817e+01
-2.862466728667623528e+01
-2.305024586596532288e+01
-1.740551289648648137e+01
-2.516177022860859580e+01
-9.992000958649049025e+00
-1.669694761245560599e+01
-1.137395371189932369e+01
-2.829349765614033885e+01
-2.816593555064219956e+01
-2.748338595605904899e+01
-2.141752175655765456e+01
-2.392210758539680171e+01
-2.501476034466542586e+01
-1.118196030284551590e+01
-2.123657767834811949e+01
-1.108064113994661248e+01
-1.242818057695315836e+01
-1.118136155118868480e+01
-2.547612075761851003e+01
-2.250943404561903094e+01
-2.063437625394419683e+01
-2.919602158088464350e+01
-3.038412238018403855e+01
-2.705120665206667852e+01
-2.491962098605047160e+01
-2.517872419339558832e+01
-1.714783174018944933e+01
-2.991061926547204308e+01
-2.780682856946798154e+01
-3.327439786583112635e+01
-2.794707438831866853e+01
-2.794252658701874381e+01
-3.372859511675384425e+01
-3.130183814101028617e+01
-3.217512910277699234e+01
-3.406902612578355161e+01
-3.282007556293980599e+01
-3.454235683005136082e+01
-3.472882955493339097e+01
-3.139087154598595930e+01
-3.477593595492840706e+01
-3.640336251463940442e+01
-3.427400432734751234e+01
-3.468622671553494996e+01
-3.244478865363272746e+01
-3.364290048575028891e+01
-3.430116198530816263e+01
-4.154870130021438968e+01
-3.541994237613850061e+01
-4.002790784763406151e+01
-4.151611090199207155e+01
-3.492916982813922289e+01
-3.576940067036326099e+01
-3.404981938782547957e+01
-3.697798645021534725e+01
-3.410731915122267566e+01
-1.296315246065376137e+01
-2.936701125309375016e+01
-3.016585142145435583e+01
-3.167708682121359232e+01
-2.831119405021480162e+01
-2.398772660150722302e+01
-2.846692177130367796e+01
-2.501890359364810124e+01
-2.829691688624391688e+01
-3.142095229477539675e+01
-3.275744194862102887e+01
-2.877525751816325794e+01
-2.843998652991562537e+01
-2.778984495138687194e+01
-3.075297764825132418e+01
-2.832586272931185434e+01
-3.081227177026851649e+01
-2.799852697829206605e+01
-2.740864614649808217e+01
-2.249599243167733675e+01
-2.448901225515089308e+01
-2.784825476797890076e+01
-2.848157307074613698e+01
-1.147260707968547599e+01
-1.489780103108729570e+01
-1.508800472866680131e+01
-9.329272368696639006e+00
-1.067006423759357681e+01
-2.819457402341561547e+01
-3.045169510118231315e+01
-1.697745100622868719e+01
-9.758119898654207702e+00
-2.189954207155276578e+01
-1.060052019133880563e+01
-1.050425951002158698e+01
-2.878692720716703235e+01
-1.230242840017709050e+01
-1.902985973363767513e+01
-2.673762086726952703e+01
-2.621069410436131264e+01
-1.417889356510552368e+01
-9.828957928173570835e+00
-1.123929269786900953e+01
-2.667848016704796876e+01
-1.812473808227031924e+01
-9.096407351334852009e+00
-9.886545466252766090e+00
-1.521242907188217508e+01
-2.308776847008568467e+01
-2.847265036262239590e+01
-2.189188127090653069e+01
-1.118347949237806027e+01
-1.004121969570148210e+01
-9.147690942151415427e+00
-1.045933067368540037e+01
-2.534812596485173941e+01
-1.067834621812124141e+01
-9.737516832391046151e+00
-1.105509592552263776e+01
-2.258309975826691485e+01
-1.100979226257492449e+01
-1.049103784923118177e+01
-1.051883706508638561e+01
-1.046939044372999383e+01
-2.581606129630513990e+01
-1.206015883656919563e+01
-1.147892480848721952e+01
-2.070679996473479179e+01
-2.610265586133311189e+01
-1.064405278579773118e+01
-1.528232343699462170e+01
-1.105830661279884808e+01
-9.958016192448173598e+00
-1.675854606146057435e+01
-1.542935697281962071e+01
-2.120743969544917462e+01
-2.527536093820493335e+01
-1.056056805397920861e+01
-2.532261841424190507e+01
-2.119505272912708094e+01
-2.563428395540645255e+01
-2.708676907005667545e+01
-2.903169995419700911e+01
-2.926153255703868439e+01
-2.737524822271994651e+01
-2.959523313060186922e+01
-2.740373170872539177e+01
-2.573107806990198299e+01
-2.447401443203326465e+01
-2.426764459583987943e+01
-3.013921443410176337e+01
-2.594695672578627921e+01
-2.992196978250088435e+01
-2.308433535349876209e+01
-2.716284551144344661e+01
-2.552923000778132590e+01
-2.607897466558700472e+01
-2.758737735294334215e+01
-2.789666756866515129e+01
-2.756617242876108165e+01
-2.591941452631931497e+01
-2.507695864149688347e+01
-2.203692729667672268e+01
-2.339016496971112602e+01
-1.078404719347617480e+01
-1.628375804026856954e+01
-1.805512158374506626e+01
-2.163534758218867182e+01
-1.037372366265876522e+01
-1.897649000128199148e+01
-9.834238971607808466e+00
-1.018594933227468680e+01
-9.994893607740250374e+00
-2.587915555741985685e+01
-9.034825174867457065e+00
-8.895033206719308083e+00
-9.822021738732502172e+00
-1.485509525092263594e+01
-9.640165962329016125e+00
-1.680345018701480342e+01
-9.724033487497782957e+00
-1.032270486411582766e+01
-1.113057269071100386e+01
-2.609017098830561565e+01
-2.714538464535970874e+01
-2.272742871040200896e+01
-2.232185603378248473e+01
-8.981441936075389876e+00
-9.146708813539243366e+00
-8.389900392197043644e+00
-1.975455946461055845e+01
-1.701119629054549520e+01
-2.128387012239954146e+01
-1.294978494726681895e+01
-1.778519432115492549e+01
-9.217700302884473729e+00
-2.274334315084868763e+01
-8.529154225906321329e+00
-2.627986396378787504e+01
-2.283675991712922837e+01
-1.069971565088760279e+01
-9.478501934238964921e+00
-9.432372179540218227e+00
-1.055872340970583956e+01
-1.563439177010521952e+01
-1.047112929516576862e+01
-8.742775720588834787e+00
-1.780250932157834853e+01
-1.016288590782912671e+01
-2.334977612769189648e+01
-9.817812317615063122e+00
-1.170260170020469026e+01
-2.060558510652341013e+01
-8.190760379801959701e+00
-1.089733704178253149e+01
-9.656021368315389708e+00
-9.902505187436178247e+00
-1.041436891802748121e+01
-9.444781122241382221e+00
-1.010407141306619572e+01
-9.922391007481543568e+00
-1.031695316399922291e+01
-8.832873087193565453e+00
-2.289371649200038661e+01
-1.000155205019029658e+01
-8.596936005806462333e+00
-9.542007722188134977e+00
-2.094967614677856815e+01
-9.491037732181659692e+00
-9.027608011614413286e+00
-1.001393625339888871e+01
-9.319664046006012725e+00
-9.485053822310774763e+00
-1.095660339455579013e+01
-8.399358293338861969e+00
-8.425775345675942773e+00
-7.815638055237284831e+00
-8.988932557478049645e+00
-1.078587682749522259e+01
-1.064283591923004657e+01
-1.968981874530608067e+01
-9.031935386326980009e+00
-1.061782204967481746e+01
-1.079135843848981580e+01
-1.098364543069761901e+01
-1.154456612992314568e+01
-1.010937659990594817e+01
-1.122558822963308778e+01
-8.719186420919200486e+00
-1.216115111405805216e+01
-9.838667878676584877e+00
-9.961074176658344825e+00
-8.678493102791804858e+00
-9.184152763821714416e+00
-9.181924560616376851e+00
-9.303096610399427036e+00
-1.041616007944098321e+01
-9.377257486126078234e+00
-8.789693225515902597e+00
-9.583546219982435943e+00
-8.939561114240873962e+00
-1.004670884453663149e+01
-1.049779235571816827e+01
-8.591108649814508169e+00
-1.033188836182621095e+01
-8.459007143408088680e+00
-1.031731068553093777e+01
-8.059644903700638352e+00
-2.351094533610892157e+01
-9.582458909256217794e+00
-1.055647685797002389e+01
-1.007444611903457954e+01
-1.011818605527956549e+01
-1.201944384352067097e+01
-1.031538303834184944e+01
-1.300281099534254281e+01
-8.838761354086866362e+00
-1.142254653448232737e+01
-9.776012448066195404e+00
-8.397293023347462082e+00
-1.248554534021009310e+01
-1.228211254477336389e+01
-1.053623448974805044e+01
-1.109859160175755299e+01
-9.775272409550879615e+00
-1.132786291018761382e+01
-1.274747167284356841e+01
-2.579072712945760770e+01
-9.321696277367170325e+00
-9.854870079782383385e+00
-9.783878176767450086e+00
-9.497049419354503641e+00
-9.665743947076357756e+00
-1.055966648933786978e+01
-1.305167982213476030e+01
-8.484128328209095571e+00
-9.826232791252325072e+00
-8.937622558535197825e+00
-1.133634631054914443e+01
-1.010690183008796161e+01
-1.035703497214290358e+01
-1.125367309532008875e+01
-1.504795217445194488e+01
-1.409718634995441811e+01
-1.029570732005893063e+01
-1.040655906551783794e+01
-1.274340861240412792e+01
-1.082018816967617347e+01
-1.169191919018353154e+01
-8.999741279243584913e+00
-8.815720965602769965e+00
-1.768776654851549779e+01
-1.183549024954271367e+01
-1.017996455156462332e+01
-2.376779192804177043e+01
-1.008419884469909533e+01
-1.084231557043647065e+01
-2.148231850237576168e+01
-1.099924918826486575e+01
-1.172482366486148031e+01
-2.166066005674779049e+01
-9.797826034143527707e+00
-9.793271459401404755e+00
-9.528086041541866891e+00
-9.094806192797845412e+00
-1.090057303876694306e+01
-1.083844452898062549e+01
-1.058799343969069895e+01
-1.318839978994970785e+01
-1.124791982189103834e+01
-9.828816201496120897e+00
-1.333800074468666530e+01
-8.887318395893117895e+00
-1.022560396671388894e+01
-1.012190795856721159e+01
-1.540826893876010040e+01
-1.055536915309380852e+01
-9.069447253872239045e+00
-8.380249066209595199e+00
-9.562480802430208371e+00
-9.571877180268089091e+00
-1.137723449793066877e+01
-9.651738083037534111e+00
-9.921514669489591043e+00
-1.657621300911305440e+01
-2.534118481420177815e+01
-2.611844695033493480e+01
-2.586225054507660559e+01
-1.020680526085841677e+01
-2.740440845090995836e+01
-9.039339562241746506e+00
-9.022789404184262452e+00
-1.096436158901112279e+01
-1.903643002200024625e+01
-1.505069247860841664e+01
-8.998291373152653705e+00
-9.692595153868044378e+00
-1.028551085125002551e+01
-1.428246808646793475e+01
-9.900834790323761680e+00
-9.549689893805769714e+00
-8.869119391791295826e+00
-9.382623882610356958e+00
-9.490618240197653321e+00
-9.976453524944627560e+00
-9.783690606772921683e+00
-1.011952445891986407e+01
-1.990355126731214241e+01
-9.338920565755431724e+00
-9.928453098118096065e+00
-9.839158823321410452e+00
-9.572061092524469572e+00
-1.086813542324970783e+01
-1.545694454678217689e+01
-1.110122948016402233e+01
-1.066761837845969829e+01
-1.013022515743192287e+01
-9.313917296929840717e+00
-1.121505405986158799e+01
-9.003526555273067444e+00
-2.030183646267715858e+01
-8.968865949889419653e+00
-1.007604050434628640e+01
-1.182527442687637631e+01
-9.765290774688185849e+00
-1.485252185135373360e+01
-1.039212122871616018e+01
-1.095848414380739833e+01
-8.193059887771099170e+00
-9.046538718635611431e+00
-1.162853884754317768e+01
-1.010614444352145114e+01
-9.536362322861037910e+00
-9.211528681024942600e+00
-9.415888353978020930e+00
-1.170052603299894223e+01
-8.455473985058219455e+00
-8.839756422411671366e+00
-1.057896956188060322e+01
-8.952687916789928479e+00
-8.626427244223284774e+00
-8.898875667347541096e+00
-8.793295283309946697e+00
-8.841483363190981493e+00
-1.002631458713726076e+01
-1.228258683457026557e+01
-8.559430581636229718e+00
-1.054160607132182470e+01
-1.098676967516192171e+01
-9.790024580235304086e+00
-8.072329644294853779e+00
-2.486665127935891917e+01
-8.870648260454663259e+00
-9.227376856007273531e+00
-2.476169084283146660e+01
-1.035010498911889876e+01
-9.024286413140652385e+00
-9.374150489935207275e+00
-9.413732987280896580e+00
-8.878436668885512972e+00
-1.079660105541069903e+01
-1.017936555696336143e+01
-9.980743266324692442e+00
-1.090264876792421411e+01
-1.137145161113438085e+01
-1.011850878005046717e+01
-8.180266679276865460e+00
-8.522030044092423040e+00
-8.285467569668300669e+00
-8.864034696077959907e+00
-8.335615844241445416e+00
-1.105069699077634837e+01
-2.024253764476439699e+01
-1.156696095789196654e+01
-8.767192326588919116e+00
-1.045890518314466178e+01
-9.610276728046658334e+00
-1.070994044189892769e+01
-8.460698052662053215e+00
-8.922249566594398829e+00
-1.021140494342205862e+01
-2.467392576633518786e+01
-9.870578302292793538e+00
-9.375699170076517319e+00
-1.018718415362904395e+01
-1.078265702977638618e+01
-9.683353663764961539e+00
-9.123611702018139979e+00
-1.008629227165067377e+01
-9.337336841540992083e+00
-9.319544599269306673e+00
-9.497890133988587280e+00
-9.188183518746120271e+00
-8.627351846233018762e+00
-1.074499889069343261e+01
-1.024684104110115612e+01
-9.730870790724774011e+00
-8.473932178398493775e+00
-7.851257329424635500e+00
-1.096701648418189201e+01
-9.504851644967050817e+00
-8.875054183146316333e+00
-9.595054506700947172e+00
-7.976706019667696879e+00
-9.687611813824757334e+00
-9.762124490494356266e+00
-9.108638948891373488e+00
-1.122090046031650168e+01
-9.966512411978488473e+00
-9.956964917859204789e+00
-1.125321675178043002e+01
-8.130443080074956086e+00
-8.972329068376051708e+00
-8.511663014744954125e+00
-9.223001139671042736e+00
-9.351309890941516656e+00
-1.201899907562357228e+01
-1.000850401867910122e+01
-1.126399879870364451e+01
-1.048738228015448115e+01
-9.017967667198137249e+00
-9.012146025224945234e+00
-8.441140059146402308e+00
-1.038693200618127754e+01
-9.309862143862607908e+00
-1.006266763867667891e+01
-9.350183069332832275e+00
-1.125783850291850818e+01
-9.674543930578151318e+00
-9.421936558858892141e+00
-9.754062181290462874e+00
-1.012270030955156663e+01
-9.797924449639641153e+00
-9.066824447845261759e+00
-1.136085885870479650e+01
-9.310540515442779608e+00
-9.477587258436161122e+00
-8.649259981322591884e+00
-9.423012636350330595e+00
-9.962531810508505004e+00
-1.050046658826571111e+01
-9.148835469784698304e+00
-1.097962602704865809e+01
-1.004020416769913027e+01
-9.850531079193039830e+00
-8.716258414813923494e+00
-9.488786905432991858e+00
-9.635557199384813032e+00
-1.014884146507486129e+01
-9.176537433745121319e+00
-1.747612989399368999e+01
-8.147147352676476828e+00
-1.283419175481158980e+01
-8.812902930584538552e+00
-8.006353260497419910e+00
-1.143066136017472978e+01
-8.226105123014605169e+00
-8.850133275943001365e+00
-1.031281263815931126e+01
-1.050587594854986229e+01
-8.413960603392249382e+00
-1.012119749600109309e+01
-8.975807324875074045e+00
-1.075105400237428910e+01
-9.165323503722250464e+00
-9.061867500087263494e+00
-1.253098160916493775e+01
-9.674165662584007563e+00
-1.043922050787211475e+01
-9.411322579199975280e+00
-9.487478061617613534e+00
-9.573066050911961611e+00
-9.185876676975377464e+00
-9.273152019922957123e+00
-9.493966175405901708e+00
-9.382016258672518205e+00
-9.402897924687627196e+00
-1.077849760913371213e+01
-1.028134191692649146e+01
-8.907727475835040210e+00
-8.117276283907091994e+00
-9.047539347288291012e+00
-9.637564458532475342e+00
-8.244696777822280609e+00
-9.610303589325587481e+00
-8.601714363490136961e+00
-9.992287460663527909e+00
-1.004801763715571816e+01
-8.878547518862207610e+00
-9.985369207429856786e+00
-1.042118569008036388e+01
-9.259181545991248541e+00
-9.800524083702230271e+00
-1.030507213960005330e+01
-1.073687506044239015e+01
-9.653202815901677170e+00
-8.485196894796166234e+00
-8.075460199813615958e+00
-8.604978455207813681e+00
-9.175693480004301961e+00
-9.535652847644916719e+00
-9.429258868390705928e+00
-9.807686009075094802e+00
-1.025480556754718364e+01
-8.084556922711788829e+00
-9.023121959146511273e+00
-8.878710197157161588e+00
-9.982270663970187030e+00
-8.987627435460826320e+00
-8.686156973442848539e+00
-9.198991065885467222e+00
-9.166828298546036535e+00
-9.631465600437719488e+00
-1.040310666884175639e+01
-9.543928577006843383e+00
-9.433000448221072531e+00
-9.645618510356582576e+00
-9.425953633664629905e+00
-8.287885771016926029e+00
-1.000985645649676847e+01
-8.440166739411921526e+00
-8.615823888626216842e+00
-8.804428413206569104e+00
-9.221153101719490763e+00
-1.074695693423685405e+01
-9.098993162951742875e+00
-8.788324707966049587e+00
-8.514516332093204909e+00
-9.234700333603614197e+00
-9.124038498514133622e+00
-8.470019099947482033e+00
-9.837124760195822049e+00
-9.689698300797502384e+00
-9.928292556367866339e+00
-9.310226299020341045e+00
-9.727467934975772224e+00
-9.795723819733821003e+00
-8.534467134973624525e+00
-8.915600145220272665e+00
-9.754473628053847989e+00
-9.620827889938055932e+00
-8.750328668347908234e+00
-9.839559545996209522e+00
-7.994647266683822195e+00
-7.932620289349072706e+00
-8.336407405257935110e+00
-1.030475364975711372e+01
-8.508536903918189509e+00
-9.335609293900482442e+00
-1.004448834865737084e+01
-1.003716481960918827e+01
-1.095672054280140806e+01
-1.061653525934057107e+01
-1.012488761672685200e+01
-1.069762472641428275e+01
-1.079815381436728394e+01
-1.019169210373564383e+01
-8.814045666913926880e+00
-1.058250551702593434e+01
-1.017891925631907490e+01
-9.449027146365928331e+00
-1.029662959159733226e+01
-8.294085998720015951e+00
-1.107178371886257473e+01
-9.859174105693425005e+00
-9.639826434988925996e+00
-1.065772677639193056e+01
-9.150247026670708550e+00
-8.706673124451780765e+00
-8.709997874537158680e+00
-9.988428971409870627e+00
-9.088314137221940925e+00
-9.795702766656868121e+00
-9.596800306767612199e+00
-8.665707346384031950e+00
-1.397915621887709925e+01
-1.028455201739820524e+01
-1.047536923172710921e+01
-9.655646144179899082e+00
-9.418368892088141209e+00
-9.812393622289738104e+00
-1.126409473192649635e+01
-8.488888359558725227e+00
-9.144274895741490994e+00
-8.884471931667437872e+00
-8.062555701560459198e+00
-8.611117881589040124e+00
-9.410555021927484276e+00
-1.099858769481267551e+01
-1.034014194856539426e+01
-9.183159810432487191e+00
-9.347310902521121179e+00
-9.591747096828646235e+00
-9.096347179317604059e+00
-9.626562261270095178e+00
-1.079732993273957575e+01
-1.481090176348944887e+01
-8.967874379085914782e+00
-8.907756759438996141e+00
-9.621158634465183823e+00
-9.436506915139666773e+00
-8.947475570370132303e+00
-1.001640120495841479e+01
-9.336489871651753703e+00
-8.459543703093130418e+00
-8.128673292609496670e+00
-8.156411322305029188e+00
-9.216193086163766424e+00
-9.175512661400016867e+00
-1.303190577636801883e+01
-8.977853545437721294e+00
-8.902122680342156258e+00
-9.426148071900154690e+00
-1.431588863299417191e+01
-9.741692579512735151e+00
-8.211352669199902365e+00
-1.110357760792455295e+01
-1.110763244660911120e+01
-8.658422922231256535e+00
-9.764100433160454173e+00
-8.624331217248510484e+00
-1.172263636302121803e+01
-9.765868061138588629e+00
-9.028391188803936984e+00
-9.960921540532963192e+00
-1.263843875098332781e+01
-9.075214363170386989e+00
-1.010697190424152758e+01
-8.112080064860396789e+00
-9.059836536069113322e+00
-8.879880201670736994e+00
-9.717290750787762832e+00
-1.106453670704498471e+01
-8.402720817695877642e+00
-9.182197993122224844e+00
-1.037484261481275816e+01
-1.020031584164510896e+01
-1.091524704794796996e+01
-9.323898196348826772e+00
-8.972182011673462299e+00
-9.554807338613903411e+00
-9.939327532179785152e+00
-1.008238580448645649e+01
-9.014335867710478567e+00
-8.624236633486290771e+00
-8.722227670494749674e+00
-1.021847512541409131e+01
-8.429934671545138869e+00
-8.781925015826589132e+00
-9.076235838816034018e+00
-7.761073182419414351e+00
-1.136478804168361734e+01
-8.002584019572269725e+00
-8.974846264838191701e+00
-9.983752011000504467e+00
-8.728658833944791695e+00
-8.578778094813705124e+00
-8.242845828846771639e+00
-1.062609605072368169e+01
-8.784442436276465926e+00
-8.932698352569190092e+00
-9.486175176371073547e+00
-1.051729357013077504e+01
-8.101721598024422377e+00
-8.884893332809063793e+00
-9.037778821956999664e+00
-8.773942295587513485e+00
-8.818081320453940108e+00
-9.357392368975807173e+00
-9.749315728137604609e+00
-8.168350876399413707e+00
-1.806354609100407771e+01
-8.986814711886147222e+00
-8.962135810611016495e+00
-1.113950932641283664e+01
-1.124628341589976621e+01
-9.353951243500596036e+00
-1.001917953169881415e+01
-1.004203953936370119e+01
-8.800929221703615468e+00
-7.929902078269980947e+00
-1.020851370767688238e+01
-9.771724772526168223e+00
-8.781403130868532969e+00
-1.468493519255047453e+01
-1.078332906399342406e+01
-8.148623760330167443e+00
-9.811650762730392827e+00
-8.468037373178868066e+00
-9.164433675712620797e+00
-1.012907508525881717e+01
-9.112709214277534997e+00
-1.109209078597371168e+01
-9.576997491106789440e+00
-1.133717378618657712e+01
-1.154322405433446086e+01
-1.091532909485588831e+01
-9.826260366590821249e+00
-1.297029089670586721e+01
-1.148561651877877132e+01
-1.125248561987388562e+01
-1.113943941056053255e+01
-8.810402215505950707e+00
-9.918323261333465979e+00
-9.641361083852727276e+00
-1.254279832764105507e+01
-1.093408814601277079e+01
-1.110865575674422168e+01
-9.986664670638036867e+00
-8.559081627940987147e+00
-9.677838432203966335e+00
-8.251079447662712951e+00
-9.772178054321939200e+00
-9.634354045426494650e+00
-9.149707209479476688e+00
-1.032755178804922025e+01
-8.525192532109771903e+00
-2.641427244844028621e+01
-9.900162921388785620e+00
-8.574321906648151526e+00
-8.501458554191222206e+00
-1.011765809588757214e+01
-8.301627384709050261e+00
-9.133059914508381283e+00
-9.570135249778475739e+00
-9.287263482313155905e+00
-8.736716847092653282e+00
-8.993520853502309009e+00
-9.831919873280719813e+00
-1.049776142521648481e+01
-9.357664143381144939e+00
-1.023894538236228691e+01
-9.752378266467786716e+00
-9.885498666335406526e+00
-8.764011225097464219e+00
-1.109468717900703361e+01
-8.950673934427769041e+00
-8.794799817271169218e+00
-1.022670579752730902e+01
-9.008141421792931425e+00
-8.877760443609487240e+00
-9.393029409929793516e+00
-1.026396231709737883e+01
-2.127876142509708401e+01
-1.045833880198498100e+01
-1.098292177237454759e+01
-9.168556257497352036e+00
-8.864078663456036011e+00
-9.741955611589906638e+00
-8.509375766034439792e+00
-1.035936589853961642e+01
-8.937429860248341740e+00
-8.794755521477510385e+00
-9.371790749282361332e+00
-1.031394628587460893e+01
-9.089640224825780379e+00
-9.054280993812948708e+00
-8.403301655150919203e+00
-1.051876996256249974e+01
-1.061213490556223427e+01
-8.593829625866451494e+00
-1.026326521773651024e+01
-9.785616865522865027e+00
-1.008488985579781883e+01
-1.039984200817271365e+01
-1.067801716232906273e+01
-1.003941430412938196e+01
-1.032185710514058563e+01
-9.769857804891978859e+00
-1.000360073379596315e+01
-9.992363359887736607e+00
-1.070381769597464050e+01
-9.738867106088308745e+00
-8.499930522295327862e+00
-1.258410446186141307e+01
-9.777277883803931147e+00
-1.061936308571323195e+01
-9.600109437235497367e+00
-9.796444009195630187e+00
-9.231038935185896577e+00
-9.538697406917552968e+00
-8.495484307793672585e+00
-8.504447613333024236e+00
-1.046177651769772687e+01
-1.100402299479295998e+01
-9.147709372487167201e+00
-8.863920003382306234e+00
-8.826128476892716179e+00
-9.083960743935509896e+00
-1.000274427645353548e+01
-9.002151823148528464e+00
-9.739925230330781503e+00
-1.029352482735360397e+01
-1.040238993248295252e+01
-8.762017741085667666e+00
-9.917722399643739806e+00
-9.417899059402181194e+00
-9.798476530080694857e+00
-2.422691052906007059e+01
-1.014283817668193421e+01
-1.143893478189255219e+01
-8.996487172157658918e+00
-9.736611820486906765e+00
-9.005719624761777453e+00
-9.500345728193789085e+00
-8.098311498092183314e+00
-9.675375860443027776e+00
-1.055975093734513770e+01
-8.886391430082129617e+00
-1.141564273491439430e+01
-9.465702685882835254e+00
-9.366394713889869550e+00
-8.798146242653988480e+00
-9.334085881224577719e+00
-2.353869633470742073e+01
-1.041363002099137702e+01
-1.831904996540259845e+01
-8.512080972850935012e+00
-8.830150057237275973e+00
-9.499065202655760487e+00
-9.605509271289754736e+00
-9.236439397606922341e+00
-8.855271580506007822e+00
-9.665509186189888524e+00
-8.811437197370963759e+00
-8.460451954879630421e+00
-8.954959712994245535e+00
-9.827664219213664509e+00
-9.605841388710622653e+00
-9.259451894181092158e+00
-9.332802711996535550e+00
-9.469631431316827275e+00
-9.853764709029277924e+00
-8.996014251243130033e+00
-9.717764054838104570e+00
-9.206128903350347059e+00
-9.360148787658090441e+00
-8.745639006622358380e+00
-9.238053136220687023e+00
-9.825817100263691373e+00
-8.782723536362038175e+00
-8.746808373330564379e+00
-1.103222001048944811e+01
-8.900625982382603496e+00
-9.724589710865517489e+00
-8.914434813453814499e+00
-9.511561798195371509e+00
-8.699954659728895479e+00
-9.244303326194177828e+00
-8.816859106945464930e+00
-9.709988279372835152e+00
-1.154007695443327819e+01
-9.446174630316541254e+00
-9.422610739609687869e+00
-8.304716612409249521e+00
-9.806324674315630929e+00
-9.065629617571024923e+00
-1.036872434510794427e+01
-9.126335119756975089e+00
-1.991861116177931734e+01
-9.405652143196883586e+00
-9.475823088223537027e+00
-1.044626280850737921e+01
-1.015965200216091446e+01
-7.947755021817252796e+00
-7.937719636768626685e+00
-9.340063255901114303e+00
-1.482050879099746687e+01
-8.413612245394446632e+00
-1.075250878979622904e+01
-1.024769644541713021e+01
-9.108282646073682542e+00
-8.737041790780480710e+00
-2.026645621655435292e+01
-9.042938420712047787e+00
-7.987217306383564974e+00
-9.913863380125700786e+00
-8.848282370485486936e+00
-9.605444533027879928e+00
-1.101527955345589938e+01
-9.898621385341343171e+00
-9.424847420028799050e+00
-7.953901192889311744e+00
-1.269550466483018702e+01
-8.466682982141643166e+00
-8.971979833816943639e+00
-1.001856000133900082e+01
-9.598477364103825238e+00
-8.671799572468732009e+00
-8.224817781547251627e+00
-8.113927135389172207e+00
-8.437670239295686159e+00
-8.861109717779518391e+00
-8.323095102712768423e+00
-8.876240981130283814e+00
-8.465472319782657351e+00
-8.285854993619238940e+00
-8.361604335531383825e+00
-1.067220064301170446e+01
-8.804431031985540557e+00
-7.682437007242240767e+00
-7.914082496662986799e+00
-1.003358934251433787e+01
-9.619861442298914156e+00
-1.026771538054813782e+01
-9.259595659333305306e+00
-1.009279275305380352e+01
-7.506201611886199387e+00
-9.134347119065044041e+00
-8.525532577047954419e+00
-8.865650697159253468e+00
-9.483458018769704623e+00
-9.255237212991488605e+00
-9.810848095150955572e+00
-8.644307135919076401e+00
-8.352632158653793937e+00
-1.113090976226989071e+01
-8.343938008900877890e+00
-8.952701346623772594e+00
-7.878978906947970984e+00
-1.033366863969175675e+01
-1.005786869175259746e+01
-9.892043538207108355e+00
-9.285148260952952981e+00
-9.537933219422317421e+00
-8.526980454096690920e+00
-9.056584160879882717e+00
-8.198846120598497933e+00
-8.811245430020560931e+00
-8.210139291203828904e+00
-9.546627774497297381e+00
-8.456775712697597314e+00
-9.748298741269193712e+00
-8.851417113889375798e+00
-8.895313340535608404e+00
-7.626820870333100189e+00
-8.257212483249940504e+00
-8.591034581301745021e+00
-8.082014254142752208e+00
-9.282845370374223748e+00
-9.849935029749923743e+00
-9.852096592773847306e+00
-9.490769707805373656e+00
-8.962674489156933433e+00
-8.425932395460275615e+00
-9.005753470042902720e+00
-9.602457863657654968e+00
-8.176875971071233096e+00
-8.569780905134020799e+00
-7.960420564503932539e+00
-9.713956962394982853e+00
-9.132640702238496999e+00
-8.028489209500619950e+00
-9.788916049757153459e+00
-9.149429740090809560e+00
-9.327177301010125987e+00
-8.107230230780086089e+00
-9.550321727928535509e+00
-9.161803405465626327e+00
-9.761918478882980921e+00
-9.286131280150941691e+00
-9.420981587885863817e+00
-9.065624402765516621e+00
-8.919103305268318849e+00
-8.678690879780008416e+00
-8.325910757317114275e+00
-8.425531808459147953e+00
-8.664540848271066409e+00
-8.702164268923192836e+00
-8.053245816224455567e+00
-8.962675100102297066e+00
-9.315146992341620802e+00
-9.282340457523920563e+00
-8.703860587238112956e+00
-8.854771701293797648e+00
-9.204719603159313479e+00
-1.034275519291007939e+01
-9.481834337758241915e+00
-9.268771943294701998e+00
-9.149753366146846645e+00
-8.794972406820511068e+00
-9.100583634451531623e+00
-9.339372888420339081e+00
-8.069303255009195652e+00
-8.937333775052538343e+00
-8.076157814108233524e+00
-8.868325799927518460e+00
-8.762689945575473871e+00
-8.691470013196862965e+00
-9.207393738104149961e+00
-9.565906202159364824e+00
-8.574420404850799926e+00
-9.767032426225298991e+00
-9.788017617338294230e+00
-8.255127004600426588e+00
-8.597910313417456152e+00
-8.650950214195566090e+00
-8.994002613190616557e+00
-8.586783201054887016e+00
-9.003924663609865320e+00
-9.068676979567220187e+00
-1.002012251175552571e+01
-8.964607298253627121e+00
-9.883182866974848935e+00
-9.186699601939553261e+00
-8.763765203018939687e+00
-9.733111158176805944e+00
-8.708033844399162504e+00
-8.198900552685234544e+00
-9.945001106682097358e+00
-9.044516959233632747e+00
-1.023081564608021665e+01
-8.484264266741037730e+00
-7.879149926241085566e+00
-8.316719929071286543e+00
-9.423375290057290243e+00
-8.938998916152581131e+00
-9.229087908239337779e+00
-9.850837305659144505e+00
-8.621253711082692561e+00
-9.246268904861924653e+00
-8.305869829455987841e+00
-8.580054816816572227e+00
-8.226619555518480453e+00
-9.298793071600007565e+00
-8.427626732094301687e+00
-8.496861148270893338e+00
-9.366296741258727465e+00
-8.371721002637872999e+00
-9.203183737519745833e+00
-1.028182658551787831e+01
-8.459686457285325645e+00
-7.970700025227435148e+00
-8.993996465157874098e+00
-1.077016424095309510e+01
-1.039312913185166742e+01
-9.453849758439476503e+00
-8.996406628381079074e+00
-9.567108972328355776e+00
-9.170264752749799797e+00
-9.171726729203522055e+00
-8.737243702016540325e+00
-9.170753603745129823e+00
-8.415779575764215537e+00
-9.234621519506150733e+00
-9.349748008094987739e+00
-9.372411421791044361e+00
-8.585070404200289218e+00
-8.348733151591545720e+00
-8.900120662848598485e+00
-9.579361396408010876e+00
-9.418777764462349822e+00
-9.827053805039442480e+00
-8.149862462518861150e+00
-7.998400137748035377e+00
-8.322086786214734744e+00
-8.029503274792622491e+00
-8.622152207542651325e+00
-9.867450591302738161e+00
-9.274486398048725988e+00
-9.073550481527073330e+00
-1.098685313285881193e+01
-9.413481520975921057e+00
-8.911212101471036817e+00
-8.394114260780504821e+00
-9.839119449855916244e+00
-9.199824711027421387e+00
-7.785338137927034552e+00
-9.728815232537623814e+00
-8.911528079353184140e+00
-8.510720950230574289e+00
-9.137620829034602821e+00
-8.203812046013672088e+00
-9.215313910945443610e+00
-8.667878828961022464e+00
-8.243047750931681961e+00
-9.203159697261618533e+00
-9.036385841337347458e+00
-8.693829899093389102e+00
-8.531306844931730637e+00
-8.841535003411420846e+00
-9.299109527992820645e+00
-8.767761468444930983e+00
-9.979376067559419639e+00
-8.689730866827568789e+00
-9.509568650509677923e+00
-8.590584817056662104e+00
-9.571484239779103120e+00
-9.667102668685654265e+00
-9.200682865533336141e+00
-1.511741611489652648e+01
-8.729072416306893345e+00
-1.298617392517393831e+01
-9.124379789900638471e+00
-9.625943473052178234e+00
-9.206442048437871506e+00
-9.940268897122495062e+00
-1.011795650813058955e+01
-1.091355323688913437e+01
-9.102088177484459308e+00
-1.073675147310756373e+01
-8.978174403770349699e+00
-9.044788865135311440e+00
-9.134283854287323479e+00
-9.614065922157264410e+00
-8.553928410253291759e+00
-1.074326494483885064e+01
-9.393855053638805686e+00
-8.381837478607872427e+00
-9.039577840369604544e+00
-9.798099580279949095e+00
-9.510375758487960240e+00
-8.604025737347857472e+00
-9.921236679833267402e+00
-1.094181742511125144e+01
-8.455311704258242855e+00
-8.700351087422573571e+00
-9.436372164628901160e+00
-1.211707757799566920e+01
-1.000550943695380823e+01
-9.910238047423543861e+00
-9.331080248064555605e+00
-9.745849973427457513e+00
-9.127517552396263056e+00
-9.735080946530823454e+00
-1.634858771608308459e+01
-1.234286729708122188e+01
-9.386030825393353538e+00
-8.417204056096807108e+00
-9.336785002628712249e+00
-8.362423773334544563e+00
-1.032272975581562058e+01
-9.545550257366489433e+00
-8.847727177476089722e+00
-9.209626584554982287e+00
-9.534366609961029582e+00
-9.528049686393393003e+00
-9.023193064780905104e+00
-9.070293656549880623e+00
-8.319031485432621054e+00
-9.439524595200252222e+00
-1.004872071441725723e+01
-8.362653109314386768e+00
-9.262989249722838991e+00
-9.371766731580638776e+00
-1.002182032645040799e+01
-1.034640146544212058e+01
-8.754948657159451031e+00
-1.180591827014182904e+01
-8.610557888577778485e+00
-9.855640518696640484e+00
-9.381323970274557666e+00
-7.860877976460997729e+00
-8.318209176681044426e+00
-9.533640202074179726e+00
-9.489240622608264175e+00
-8.598489308953821464e+00
-9.858888574863435394e+00
-9.828165421389002177e+00
-1.033498780023671060e+01
-8.017143200611073439e+00
-1.010515499013218488e+01
-1.100638786471610864e+01
-1.017008045195428068e+01
-1.094093922912278671e+01
-2.170107480694202096e+01
-2.012082144653551552e+01
-8.197782166440219953e+00
-1.086079352346291138e+01
-8.369135327947917702e+00
-1.029810495298971240e+01
-1.090176902890045874e+01
-9.821119408242223514e+00
-8.694888273847954707e+00
-9.903250950372383343e+00
-9.470132305340456469e+00
-1.068808980102340200e+01
-8.642590100759075966e+00
-8.996575554070558312e+00
-9.181324426000962546e+00
-8.818377597808375157e+00
-8.713152849731908844e+00
-8.619830611446483104e+00
-7.979958164481322669e+00
-9.083444512960088701e+00
-9.462477460364478787e+00
-8.071367167055838010e+00
-8.887282538722729441e+00
-9.875922607153546195e+00
-9.317168198687326708e+00
-1.074199589979963498e+01
-9.868231503070850508e+00
-8.744064373501064580e+00
-8.364780607480012620e+00
-7.774946235338205724e+00
-8.625032861158953068e+00
-9.467577014319454420e+00
-9.093762668088839263e+00
-9.398080172369720486e+00
-8.636092038377842783e+00
-8.036447421443879691e+00
-8.523685854897824044e+00
-8.481455748624298963e+00
-9.646996241064865529e+00
-8.648568351091769912e+00
-8.957710452164642234e+00
-9.368594329772717444e+00
-9.962979602619709496e+00
-9.365146975661199136e+00
-9.106077362485081039e+00
-1.006210467483050230e+01
-9.015989141197023216e+00
-8.272345701641489413e+00
-9.254113414219949263e+00
-1.036984449534684849e+01
-8.949630102397300391e+00
-9.658294798787098401e+00
-1.033346662983558595e+01
-9.756613809223678047e+00
-9.878645830977438536e+00
-8.559707914951870222e+00
-8.368489481147467046e+00
-1.014024442321590236e+01
-9.315999589256264812e+00
-8.429748244707205629e+00
-8.601853683975985376e+00
-9.433462189378152729e+00
-7.915034073022242822e+00
-8.227984477924811912e+00
-8.416465147690137982e+00
-8.337699718054787823e+00
-7.874106786082998966e+00
-8.994187358455178583e+00
-9.320066393659001136e+00
-8.879226481116365477e+00
-9.560915219115447172e+00
-8.625127206184012962e+00
-1.145528285631454857e+01
-9.236926002089273169e+00
-7.708272825210217505e+00
-8.698532181751776449e+00
-8.595361904253968177e+00
-9.532453740205253823e+00
-9.244226841590391430e+00
-9.253974896504630010e+00
-8.440316520821689039e+00
-1.059944051737451254e+01
-8.185148107613901658e+00
-9.074318628106459172e+00
-9.424271589940767413e+00
-1.113350187208484243e+01
-1.105703705074007104e+01
-9.823493198174739760e+00
-8.397604936666015263e+00
-9.676541414663629936e+00
-9.268320635575905797e+00
-8.886475502187298758e+00
-9.036217094581601827e+00
-7.884779660902967890e+00
-8.270968706358125644e+00
-8.671177241179373496e+00
-1.024532192758992366e+01
-1.036955300028581384e+01
-8.469211338640374009e+00
-9.268342300011571666e+00
-8.297139133679051426e+00
-8.762008886649494954e+00
-9.433514195656856671e+00
-8.700192384658524958e+00
-8.259129883268071737e+00
-8.789366199228346943e+00
-8.037952053179425960e+00
-8.834483646786427613e+00
-9.583224216982630494e+00
-9.714603564698418126e+00
-9.104824277597705517e+00
-8.623791688997869187e+00
-9.699332292696675850e+00
-9.470021323005497038e+00
-9.698278272377915954e+00
-9.671911434747489267e+00
-8.470715703593864276e+00
-9.418704686306654139e+00
-8.995901093079249122e+00
-1.011124219521841816e+01
-1.041329706606776107e+01
-9.138954889528630332e+00
-9.934611308676082331e+00
-9.844982641504095966e+00
-9.744678018334800740e+00
-8.534808842617312763e+00
-8.583954730046498227e+00
-8.627934333107747378e+00
-8.638667680037993790e+00
-8.694080054689262482e+00
-8.903401637948187286e+00
-8.629292774023454626e+00
-9.504296574253640273e+00
-9.273676125993491226e+00
-8.120506344910209506e+00
-7.789938460914516583e+00
-8.406232905197770222e+00
-8.589604980683574809e+00
-9.226720331221001103e+00
-8.718615842153649709e+00
-8.668082909234540168e+00
-8.796155883077192428e+00
-9.689330841544114392e+00
-8.097974686686473689e+00
-1.042825713482191574e+01
-9.203740612366051010e+00
-9.602587326858701644e+00
-1.008720723665458685e+01
-9.138288349075416761e+00
-1.022843381033609056e+01
-8.744090344570507156e+00
-8.687740365604883053e+00
-9.068088963318388096e+00
-8.356888776560882803e+00
-8.721773798961397262e+00
-2.300599083594321570e+01
-9.876234775500050134e+00
-8.762193489480241126e+00
-8.974486234439080334e+00
-8.495718598230434182e+00
-1.082322457429699192e+01
-1.033082514334926039e+01
-8.125919397399460564e+00
-1.024538878389754260e+01
-9.753828930492090876e+00
-8.592396793872664418e+00
-8.609445947910382202e+00
-8.988061174809985232e+00
-8.535270783390997096e+00
-9.644901491668104399e+00
-9.353630678543922272e+00
-8.691550821812162653e+00
-8.500344090791378093e+00
-8.087767254060324262e+00
-7.823810649898325309e+00
-9.324225054195949269e+00
-8.315279031823914480e+00
-8.750212941927770771e+00
-9.030600714563213671e+00
-8.850089261226482762e+00
-9.325666621397704859e+00
-9.768424651574227013e+00
-8.406737263016935913e+00
-9.176240752376767063e+00
-7.997819209779736482e+00
-8.442193289894166952e+00
-1.038279730520851452e+01
-8.729067219738148253e+00
-8.639488368435291221e+00
-8.814653277879301640e+00
-8.602924355273096069e+00
-9.175946837475454032e+00
-7.981898566717642751e+00
-9.403770990281101305e+00
-8.821335947665518873e+00
-8.554980334377024320e+00
-8.948816565499395637e+00
-8.819268556912556178e+00
-9.034562543193567663e+00
-1.025097744820276979e+01
-8.354040169238766467e+00
-9.808425024993649544e+00
-8.312763502192545673e+00
-8.726432781108718117e+00
-8.626651478893551328e+00
-8.693581782350287668e+00
-8.179256874235806052e+00
-8.041580164941235509e+00
-1.053148327297553166e+01
-8.359562547687934497e+00
-9.081008549180623390e+00
-8.576690907640015737e+00
-8.610116894043621016e+00
-1.067062116206501088e+01
-8.855212667840413943e+00
-9.539950835466541434e+00
-1.027036642287220936e+01
-1.048236930793540544e+01
-8.811250743669988950e+00
-9.218324849707476787e+00
-9.025415900713904094e+00
-9.985839793094683614e+00
-9.074973060793110946e+00
-8.063447045385633061e+00
-9.019539550728309152e+00
-8.914908809811068480e+00
-9.497304887277731922e+00
-9.002461425087474822e+00
-8.555634727859752431e+00
-8.386753001235961236e+00
-7.886674072100049671e+00
-9.905196721493016554e+00
-8.493610674353570644e+00
-9.123904702808044220e+00
-9.121952068842912098e+00
-8.979612873391337402e+00
-8.775777039631083909e+00
-9.493011655322327158e+00
-1.003819272422898123e+01
-9.464971865913001992e+00
-9.534793073672302555e+00
-8.788049331659815167e+00
-8.701016184585210311e+00
-9.248953538085466164e+00
-1.048619996035352031e+01
-9.087174245249856952e+00
-9.640164326159858632e+00
-8.727815383969602436e+00
-9.832390303714847235e+00
-8.110620099065416255e+00
-9.415367663558663835e+00
-9.041862032462171683e+00
-8.363446263679444215e+00
-1.065871506511063593e+01
-8.165907373249467582e+00
-8.469439616483706246e+00
-8.262755977418409614e+00
-8.150395474732528456e+00
-8.626565743801670294e+00
-8.251574021410188919e+00
-8.320022130818101047e+00
-8.480760808319804056e+00
-8.193040070134529174e+00
-1.007750790138529062e+01
-8.940677690318667103e+00
-9.260431827544692851e+00
-9.625852041487577893e+00
-8.738046706333408409e+00
-9.420850934592351678e+00
-9.364873941446010264e+00
-8.655689822093215469e+00
-8.618752237261467997e+00
-8.641460544730053428e+00
-8.233420314708414622e+00
-8.941325674801364087e+00
-9.272305250438218849e+00
-8.460431962256000915e+00
-7.996108730644303719e+00
-7.947101587676581147e+00
-8.279949288637389770e+00
-8.317972124331193484e+00
-9.382195297311362481e+00
-9.427518969378891001e+00
-8.339704946103932315e+00
-7.772796400456046584e+00
-8.120452521419640135e+00
-9.512804524568990061e+00
-9.786346725131007673e+00
-8.785502722321380631e+00
-8.544820531953343234e+00
-8.504052122065370867e+00
-8.624241068456232284e+00
-8.712375810466022941e+00
-7.901249757254669603e+00
-8.635012853896618878e+00
-9.242991481943352738e+00
-8.249976275798767134e+00
-9.078960370870813534e+00
-8.384777890237515408e+00
-8.834530708761143103e+00
-8.289211834544765622e+00
-8.357265935819187419e+00
-9.148351718135227628e+00
-9.028079087544394810e+00
-8.154862498940779858e+00
-8.627404214467849997e+00
-8.883433650479366506e+00
-8.800028327380740478e+00
-8.667975633299253246e+00
-8.859391987660032441e+00
-8.980986982718739853e+00
-9.579929901713578388e+00
-8.261317539890505657e+00
-8.655871000363502432e+00
-9.098296721898739392e+00
-8.220704419654499162e+00
-1.003259357553882936e+01
-8.112637948903728358e+00
-8.344555872653584672e+00
-9.599174873576505007e+00
-8.047867672610721002e+00
-8.247536333810014497e+00
-9.053348494404223956e+00
-8.793562284264758944e+00
-8.783245566163579099e+00
-9.661067178618290896e+00
-9.465243566080060234e+00
-9.156714211477053666e+00
-8.382484717002604668e+00
-9.313056201926858790e+00
-8.289245768953241722e+00
-9.209390127736300613e+00
-9.053691645026612278e+00
-8.559212670896389596e+00
-8.404321843018500715e+00
-9.120037362003438730e+00
-8.206128801734623224e+00
-7.930530755084005179e+00
-7.953638008143125049e+00
-9.185739992961952538e+00
-8.534018402650712432e+00
-8.523220785447383818e+00
-8.423827306231496337e+00
-8.708958986843738259e+00
-9.464675348848567538e+00
-9.134732615697034319e+00
-8.364126265195165999e+00
-9.153625575502230660e+00
-8.508758175357696629e+00
-8.781079996425281919e+00
-8.654856522314350542e+00
-8.735487269398985788e+00
-8.689082708846589398e+00
-8.359054229961648375e+00
-8.273660282622120832e+00
-8.505845228218884557e+00
-8.326857668363476961e+00
-9.405166397487269236e+00
-8.261946729279356916e+00
-7.654518699054863262e+00
-8.256438891448482309e+00
-8.481737755305060134e+00
-8.457051074648362032e+00
-9.005921903241425497e+00
-8.358836801499691660e+00
-8.748257277248280062e+00
-7.979452457028754608e+00
-8.923847252464705448e+00
-9.087627552661636798e+00
-8.139368962771079907e+00
-9.802104623906336300e+00
-8.702936386015274195e+00
-8.328956825993007129e+00
-8.142435587659480944e+00
-9.245692451907132181e+00
-8.404772715377605508e+00
-9.296715740969673902e+00
-9.164931877069625088e+00
-8.854709421354595378e+00
-8.239605238927854458e+00
-7.920269952754713572e+00
-8.885525471747868664e+00
-9.099284828034996053e+00
-9.232828481472591164e+00
-9.050865842926572924e+00
-9.514345362031660258e+00
-8.632402465578124406e+00
-8.725282713251294453e+00
-8.350090325655177281e+00
-9.044133380809197931e+00
-9.581568351528662930e+00
-8.912620816438064253e+00
-9.084019592037581248e+00
-9.033197800986986437e+00
-8.124606142018375721e+00
-8.938327258363230499e+00
-9.446390085798451963e+00
-9.253204100144666100e+00
-8.220276965169402317e+00
-9.369158277346404162e+00
-1.060415664012695203e+01
-8.860823447160631972e+00
-8.408708011769901347e+00
-8.217358116155100589e+00
-8.686510917426650380e+00
-8.501158726283025047e+00
-8.874175887222227388e+00
-9.209508887494811447e+00
-9.010548727867165653e+00
-9.278009978594003115e+00
-8.662652725197551362e+00
-8.619606437577420621e+00
-8.192789150514432350e+00
-8.263546762305184146e+00
-7.527827778683899851e+00
-8.606888089169371980e+00
-7.730349984843494227e+00
-9.623437895724649138e+00
-8.445481243583227382e+00
-1.041412946461555400e+01
-8.839260982829729940e+00
-9.799333313700751447e+00
-8.542069026355967765e+00
-8.030806543382714935e+00
-9.168524714612679816e+00
-8.700865274202257638e+00
-8.827712812002243226e+00
-8.595948707334981620e+00
-9.038532988724757189e+00
-8.016123054417416682e+00
-9.375105369386684373e+00
-8.496625408469265395e+00
-8.022298888956227003e+00
-9.018380837313568321e+00
-8.976407585078010953e+00
-8.532989779769549088e+00
-9.008929990553012246e+00
-9.561668869060987674e+00
-8.848046830286294906e+00
-8.284374511379759554e+00
-9.107493634011774475e+00
-9.989566380510225940e+00
-8.852692207853117168e+00
-8.786523387535838836e+00
-9.085638900663431272e+00
-9.435502960286942908e+00
-8.655829629395290326e+00
-8.532732365985880918e+00
-9.479701383623297062e+00
-8.254308815413319067e+00
-7.776509439168421522e+00
-8.033314971368263002e+00
-9.572986217606695547e+00
-8.086882491484232105e+00
-8.405728056974892226e+00
-9.284892741107958258e+00
-9.381058917388296337e+00
-9.311061528274620969e+00
-8.287906093513093708e+00
-8.833045043695390675e+00
-8.313182553797618723e+00
-9.751063163705330439e+00
-9.641879448139453856e+00
-8.449528718647517422e+00
-9.304447274412263269e+00
-8.606522645340557887e+00
-7.756325410205926474e+00
-8.323955313053390981e+00
-7.831881661863576483e+00
-9.024773229067532654e+00
-7.788712867614043134e+00
-8.695293993111496533e+00
-8.700933112873359576e+00
-9.911669264985746963e+00
-8.190650373637367920e+00
-8.479433723258319233e+00
-8.816781880493214985e+00
-8.634187380341804996e+00
-8.352272078531425947e+00
-9.352552294026502011e+00
-7.919460151519770008e+00
-8.292152312851724716e+00
-8.944907218561658269e+00
-8.472438528187028695e+00
-9.071739311596267896e+00
-8.211243052094740591e+00
-8.040557642222692536e+00
-8.893340390480188873e+00
-8.604901552345079807e+00
-8.935417661136234813e+00
-8.235271973026424774e+00
-7.937860452406543033e+00
-8.347829782451309910e+00
-9.173145098025852207e+00
-8.729421361982732108e+00
-8.748290263965055047e+00
-8.708099395746874194e+00
-8.418043817674663032e+00
-8.118365066529051433e+00
-9.737747770047034734e+00
-1.009687569561586074e+01
-8.430480057870077815e+00
-7.898719947494955207e+00
-8.658646124218835283e+00
-7.710852232057856526e+00
-8.325877991561545954e+00
-9.204777381933274327e+00
-7.945116865625692526e+00
-8.095323308630902659e+00
-8.287797522483119295e+00
-8.894963546222134809e+00
-8.464124557607158650e+00
-8.531176151633903970e+00
-8.658606538516071538e+00
-8.658416995815198192e+00
-8.551557424178596989e+00
-9.906696690763318713e+00
-8.211108312933147246e+00
-8.429067305236209506e+00
-1.022397068441350498e+01
-8.392072510278607567e+00
-7.696478774853831695e+00
-9.912197509578476229e+00
-8.083155712540472493e+00
-8.643295176663080781e+00
-8.696344718450053080e+00
-9.436791872833644845e+00
-8.501369537162332790e+00
-8.791808078076888577e+00
-8.753513597105786914e+00
-1.002924563476931397e+01
-8.411670619241689906e+00
-8.830823155428470628e+00
-9.054565892736455623e+00
-8.725128238113455836e+00
-8.409319466799573206e+00
-8.075627965589003310e+00
-8.363308650201938477e+00
-7.828321707772133209e+00
-1.000830914200250632e+01
-8.095035079116243537e+00
-9.197777422091068189e+00
-8.490739223000252522e+00
-7.749169191489169606e+00
-8.834821062229705646e+00
-8.187564093966042122e+00
-9.357044299628324069e+00
-9.792232254667167624e+00
-7.854559033074664853e+00
-8.592724985033626695e+00
-8.427664172219774485e+00
-9.359576416080178873e+00
-8.602255823285632985e+00
-8.314338018385178941e+00
-7.991458433711937204e+00
-8.462251632099937027e+00
-8.616121362183383425e+00
-9.075312929182700827e+00
-7.866056009112464054e+00
-9.082052597363166058e+00
-9.659729606428859583e+00
-8.795504944190886576e+00
-8.295919697394312564e+00
-8.211786731114981919e+00
-9.020408415920774914e+00
-8.289918781531259384e+00
-9.027838441194230512e+00
-9.161754672895831675e+00
-8.581118586306105911e+00
-9.823272506068676080e+00
-9.385567663884211598e+00
-8.932747793652476176e+00
-8.025597628381280657e+00
-8.555746829386619012e+00
-8.420540432407381815e+00
-8.152796572982476064e+00
-9.218777232237172825e+00
-8.933110470947207560e+00
-8.329050260109955417e+00
-8.593867591496282543e+00
-8.553312038140227003e+00
-8.527070425569210244e+00
-7.556907302961086259e+00
-8.381162738727370609e+00
-8.705190151653372510e+00
-8.866185173309402145e+00
-8.284641068981560608e+00
-8.200999243453461318e+00
-9.327139417524263010e+00
-9.772090765022632297e+00
-8.386067508272221360e+00
-8.643693656384254353e+00
-8.719713391795934854e+00
-8.152467328816877412e+00
-9.324384025986287128e+00
-8.605752317053436684e+00
-9.067959883733410109e+00
-8.203411808264590377e+00
-8.314816204360006680e+00
-8.760269377383046674e+00
-7.907273818552431166e+00
-8.385028684062547200e+00
-1.001936609413690960e+01
-8.009485316022376011e+00
-7.797609301067286225e+00
-8.560866329167284405e+00
-8.085159446864675914e+00
-9.203853880253962672e+00
-7.740934687660816493e+00
-8.440557425645504708e+00
-8.361815031239521190e+00
-8.079086232107718146e+00
-8.741757817933445196e+00
-8.659438075600906615e+00
-8.077776779828120368e+00
-8.352594410434102556e+00
-8.487914980138905108e+00
-9.356067970623335839e+00
-8.634763502404480207e+00
-8.988622178256029827e+00
-8.027869574841103528e+00
-8.358024797589976629e+00
-8.243363970565171783e+00
-8.343763048292398565e+00
-7.933613631919129716e+00
-8.811619211190485856e+00
-9.520161400409536512e+00
-7.925311481353658039e+00
-8.709504069688986050e+00
-8.225274484342072867e+00
-9.312774094322771035e+00
-8.907507981211033155e+00
-8.482101816358319724e+00
-8.541742297618224455e+00
-7.881240043248579852e+00
-8.835042322457592689e+00
-8.489219404608114417e+00
-9.231287959168271939e+00
-9.080490600786935929e+00
-8.177960610879118519e+00
-1.111240072785141564e+01
-9.272951938720876086e+00
-8.391106286751764287e+00
-1.018133711281860698e+01
-9.069561430819527814e+00
-9.806764981396250747e+00
-8.435820525115504509e+00
-8.841424411414676499e+00
-9.241745961184959057e+00
-8.464862319695969362e+00
-8.077585459930512357e+00
-8.052306093299335998e+00
-8.598626570844926320e+00
-9.519746422705626543e+00
-8.344638632402507028e+00
-7.948272768330184590e+00
-8.282435646229627579e+00
-8.628682147038734485e+00
-8.991634139872831000e+00
-8.433501605989077277e+00
-8.233462685291433658e+00
-8.979891131273975091e+00
-7.933273962899237475e+00
-9.720103799625443131e+00
-8.369998164524497852e+00
-8.989829597009714846e+00
-8.273600225711287948e+00
-9.171670892815972920e+00
-9.943702484081580195e+00
-9.135758898765503844e+00
-8.493359791498926725e+00
-8.025828540305619541e+00
-8.657038049976346628e+00
-8.794718008390315589e+00
-8.733942125739211804e+00
-8.149440274575967535e+00
-8.030941589037857042e+00
-7.875781425338248098e+00
-8.665497318287252781e+00
-7.834504789731202123e+00
-8.576804610185924105e+00
-8.176509162266569319e+00
-8.837789594711482621e+00
-8.111139904907766152e+00
-8.506456777852710260e+00
-8.502625107391880377e+00
-8.456901803294901043e+00
-8.186152465980864434e+00
-9.069532943825246107e+00
-8.438674853203638193e+00
-8.310681202570059156e+00
-8.687819751159642223e+00
-8.123231616293471902e+00
-8.536575333523662934e+00
-8.491056631082445350e+00
-9.793421119903660710e+00
-8.388887387553916497e+00
-8.856387639862756345e+00
-8.184645030046127090e+00
-9.159158632783460874e+00
-8.482579271023576339e+00
-8.412691713502718827e+00
-9.040074106547338673e+00
-8.889089007417133814e+00
-8.754729938468358341e+00
-8.283975621290295521e+00
-8.943631661153508716e+00
-8.339475891098722116e+00
-8.820287291701442101e+00
-8.522216057673661638e+00
-8.470275440154861002e+00
-8.111006593206342430e+00
-8.744470569013419237e+00
-8.379480308747821127e+00
-8.795834338461844482e+00
-8.039338448910326562e+00
-9.220759511709086809e+00
-9.080113382287372303e+00
-8.483801248553419327e+00
-9.452393724918840334e+00
-8.296465268172259044e+00
-8.533822598524880121e+00
-8.296892026971304901e+00
-8.729175845820220658e+00
-9.189487206217055615e+00
-7.846871312260530473e+00
-9.878887923220744938e+00
-8.230680931570013570e+00
-1.121237054956826817e+01
-8.198620234887624036e+00
-9.192978026248884049e+00
-8.825867499416023776e+00
-8.342463105404297252e+00
-8.609889056919229233e+00
-8.433370306241183556e+00
-8.741638720983244681e+00
-9.036703218520582226e+00
-8.062935145484910748e+00
-8.750792735523784671e+00
-8.459910341594722993e+00
-8.332780558574222951e+00
-8.599324334731905495e+00
-8.719052630300032192e+00
-8.784450014326470324e+00
-9.011064779409332814e+00
-8.009407184716490491e+00
-7.797419535443111727e+00
-8.656614970020191535e+00
-8.457258554510866944e+00
-8.436600218939782181e+00
-7.703363604953404220e+00
-8.355724834294917969e+00
-8.225095767957448345e+00
-1.004750643450103098e+01
-8.660664407682235222e+00
-8.832016542371405876e+00
-9.356875527759241251e+00
-8.775163260312892177e+00
-8.827162563928723671e+00
-8.452733624807907020e+00
-8.547999633014086385e+00
-8.369114893914666453e+00
-8.263002315301989142e+00
-8.372357453457638599e+00
-8.870367051684031168e+00
-7.854676332211816714e+00
-8.610919830770342287e+00
-8.647202113099623944e+00
-9.491350710291627024e+00
-8.257836574865974555e+00
-8.567489055096215722e+00
-8.503348467386913967e+00
-9.988138672824566910e+00
-8.069165354776320243e+00
-1.012946347049654960e+01
-8.708818159042857943e+00
-8.355716862685289570e+00
-8.433352472853838933e+00
-8.545208295098793982e+00
-8.657269906881195354e+00
-8.400092877973104777e+00
-9.058684425647030025e+00
-8.537316464822906070e+00
-8.823229594809133047e+00
-7.947876101821174544e+00
-1.003858647281573191e+01
-1.016829124161555775e+01
-9.274516648207034919e+00
-8.772773104653939669e+00
-8.046415210744777724e+00
-8.085630874795802114e+00
-8.511789290504490069e+00
-8.033738151038731345e+00
-8.297690979102654296e+00
-8.128638973577780646e+00
-8.454382501776555259e+00
-8.661321487373008665e+00
-8.652076226019964622e+00
-8.963025035051591871e+00
-8.279258007586257406e+00
-8.481741819136876970e+00
-8.317579770423492391e+00
-8.735081746323533736e+00
-9.653695660515118959e+00
-9.975114594220832132e+00
-8.371114064970509361e+00
-8.998048832310642453e+00
-8.971716252665704161e+00
-8.856569401190611757e+00
-7.846422837075579082e+00
-9.473653901364013308e+00
-8.184675874410958230e+00
-9.493074653896689696e+00
-7.968702918671681346e+00
-9.178391664445141984e+00
-7.948312963190373281e+00
-8.806395617472109194e+00
-8.255861713268799917e+00
-9.806645979113405076e+00
-8.475418099342739708e+00
-8.370934897854249712e+00
-8.812479802593474076e+00
-9.643932274315009323e+00
-9.128443511300364577e+00
-8.186788592041962076e+00
-1.006114023973905347e+01
-8.634880258162773714e+00
-8.331940184690051154e+00
-8.508503474684051326e+00
-8.411786926531409136e+00
-8.548043612482736364e+00
-8.784449440596544534e+00
-9.164150530623176749e+00
-8.930537570551539517e+00
-9.091771834643957106e+00
-9.083548929340365063e+00
-8.714437427203360897e+00
-8.401495513385253133e+00
-8.090960335437003437e+00
-8.539343692427348032e+00
-8.217511846884347548e+00
-8.765402525687116864e+00
-8.026890432724187008e+00
-8.695792554874829605e+00
-8.890935692230153009e+00
-8.552553498125483600e+00
-8.845290759894933075e+00
-1.107272836696669138e+01
-7.921413369951379124e+00
-8.741895281470487333e+00
-1.034077953784195536e+01
-8.643582621927373921e+00
-1.057322438057811276e+01
-8.378506733511615678e+00
-8.926680725608989064e+00
-1.007146176731510323e+01
-8.025574859338394873e+00
-8.155285476933562094e+00
-8.701725034302658202e+00
-8.202161666841620402e+00
-8.222064298622067113e+00
-8.546674838057162660e+00
-9.268457476517761862e+00
-8.927633430168587125e+00
-8.555171621119109560e+00
-9.361976925622617074e+00
-8.022257093040362719e+00
-9.155046330801681620e+00
-8.727531022480322420e+00
-8.584532400058764168e+00
-8.690666773964935032e+00
-8.940253829421354936e+00
-8.472142085674359890e+00
-8.486593452505326596e+00
-8.620293906280290130e+00
-8.836396418445785272e+00
-8.868995224625594531e+00
-8.305058631528032365e+00
-8.314901550515592987e+00
-9.099885907418750364e+00
-9.093788226324058144e+00
-9.212957042241278316e+00
-8.323689833429149587e+00
-8.455612944164569100e+00
-8.305582503219355317e+00
-8.056624938214307363e+00
-9.111582957269149574e+00
-8.394474523144397793e+00
-8.469262865393583084e+00
-8.644895533614853633e+00
-9.745125866833381778e+00
-8.342499088054802669e+00
-8.321903846461765397e+00
-8.104785535939498686e+00
-8.644634652930333729e+00
-8.719153262057480092e+00
-9.193627933443105249e+00
-8.317644390803188514e+00
-8.379070955991890557e+00
-8.730346309340088595e+00
-9.392221891343286444e+00
-8.625987133836805043e+00
-8.583680733777999450e+00
-8.227079998981571052e+00
-9.185558357515265726e+00
-9.374022370166665397e+00
-9.396336975910843492e+00
-8.535951601970774405e+00
-8.798927059849972920e+00
-8.579486843146185038e+00
-9.033640273040196789e+00
-8.640472326247696344e+00
-8.283353911822242566e+00
-8.599313075366149306e+00
-9.439016813806169637e+00
-8.670823385006901418e+00
-8.019185392996297068e+00
-9.082202018952651557e+00
-8.848350015795132251e+00
-9.107409094777045411e+00
-9.402536383566442169e+00
-9.098009725836213590e+00
-8.232500344432809314e+00
-9.147444852487897293e+00
-8.261996651834929040e+00
-8.327400703845251329e+00
-8.535171498568621118e+00
-9.517010736118828973e+00
-8.705405233012413646e+00
-9.230198726008822518e+00
-8.646837011962164254e+00
-8.650715597155269165e+00
-8.713687903783732480e+00
-7.895218299408114149e+00
-7.925341440894536404e+00
-8.477938493274676190e+00
-8.422276245638721903e+00
-8.289196968465050830e+00
-8.095156485876868757e+00
-8.953647400228389230e+00
-8.598829118342191435e+00
-9.078807924735377455e+00
-8.577490959808075743e+00
-8.312327886115264519e+00
-8.707731090547095931e+00
-9.886818955696471178e+00
-8.655464111171495389e+00
-8.390191513186868733e+00
-8.088135273224150268e+00
-8.186491338079306956e+00
-8.846682923800516463e+00
-8.451312130477463214e+00
-8.674841722279426293e+00
-8.754017304961889678e+00
-8.224570198229704587e+00
-8.215244657200365452e+00
-8.360965092153790579e+00
-9.090984891375439858e+00
-8.495756877382712347e+00
-9.140385584568409882e+00
-8.451417981313895211e+00
-8.310679919130423698e+00
-8.926945868837641740e+00
-8.824572672148667252e+00
-9.339137834506562541e+00
-8.626822001539643736e+00
-8.798353133528006964e+00
-8.761975144806957161e+00
-8.762383016465046026e+00
-8.477101706104100742e+00
-8.569716422634229502e+00
-8.475616252238271642e+00
-9.389686881969641519e+00
-8.276990396274419126e+00
-8.467767208603252271e+00
-8.304468696812508099e+00
-8.770270182795577796e+00
-8.554336232997719947e+00
-8.910984054890713324e+00
-8.292857456765291957e+00
-8.657738812928402083e+00
-8.023225255447735904e+00
-8.251964103789545035e+00
-9.597851107726333098e+00
-9.236950845239055852e+00
-8.205283380532858217e+00
-8.229168648846897582e+00
-7.979612109474603088e+00
-8.137158912495427998e+00
-9.307950307001704005e+00
-8.883895892858138410e+00
-8.169489527162873799e+00
-7.921114089909670142e+00
-8.436879084239977900e+00
-8.195315543145619941e+00
-8.539508409926842347e+00
-9.687024181662573952e+00
-8.642277323073590978e+00
-8.692847674110506517e+00
-8.439841221402417659e+00
-8.639803373916114637e+00
-8.566193053975055705e+00
-8.772602898345905231e+00
-8.589971245421503809e+00
-8.748679028841815253e+00
-8.311011333224884723e+00
-8.810591387614985948e+00
-8.733158542340685671e+00
-8.250681555320939609e+00
-8.129668508120879267e+00
-9.105030137219774389e+00
-7.970354166080744207e+00
-8.853673800445987396e+00
-8.237686078642033394e+00
-8.143123422219453289e+00
-9.135204041930190755e+00
-8.197743107478066449e+00
-8.100908852904179724e+00
-7.865669583295638034e+00
-7.750124987421383338e+00
-8.131040452610633906e+00
-8.068075457099991965e+00
-8.734243865355855618e+00
-8.512519030089322314e+00
-8.446660319830431973e+00
-8.466141037861456553e+00
-8.575842308296573790e+00
-8.277620451862027551e+00
-8.283359971707495717e+00
-8.486300522835648508e+00
-8.503300977799321814e+00
-8.880906341413151495e+00
-8.455932067939391672e+00
-8.457591917043290053e+00
-8.617023164237444632e+00
-8.575564085483772914e+00
-8.306870490890823078e+00
-8.800683053541325407e+00
-8.587957388985794083e+00
-8.514835782525214114e+00
-8.534180386880484193e+00
-9.010792009768175959e+00
-8.474188055120542629e+00
-8.578573285272810267e+00
-8.403031220851474359e+00
-8.268110076013162058e+00
-8.680743995890752629e+00
-8.069736118433688432e+00
-9.111889234972336382e+00
-8.503578686912460327e+00
-8.509094706834639865e+00
-8.660619754240062917e+00
-9.010397947555100373e+00
-9.377044167540853792e+00
-9.095534114050492391e+00
-8.718633729430072421e+00
-8.601095627591288206e+00
-9.129752922119893199e+00
-8.489713741265459745e+00
-8.514858709087876676e+00
-8.772844841887637912e+00
-8.531210198719577420e+00
-8.473770410541684228e+00
-8.827675783043630986e+00
-8.481981686399064913e+00
-9.140960618709456753e+00
-8.487032916525725668e+00
-8.146352487976932011e+00
-8.337775680216552132e+00
-8.520389008034875644e+00
-8.449866187215530289e+00
-8.259561558520045921e+00
-8.481508951100749982e+00
-8.759287680715294400e+00
-7.926099252624640101e+00
-8.968229081903098532e+00
-8.561361139241260076e+00
-8.833134360675904517e+00
-8.664131148178467967e+00
-9.119219134086961276e+00
-8.441125689698335322e+00
-8.132899716108386912e+00
-8.217850924793577150e+00
-8.604683059562329817e+00
-8.118807068744727573e+00
-8.353700193135138008e+00
-9.406246607227259915e+00
-8.470700141391501958e+00
-8.674971756970871084e+00
-8.308101669044408055e+00
-8.409744433626819671e+00
-8.176380927212226979e+00
-7.692147289745793870e+00
-8.780987515379557351e+00
-8.343975235743998908e+00
-9.034926075058178796e+00
-8.096166939804540164e+00
-8.378329858804072217e+00
-9.277367591417025494e+00
-8.620655203664604471e+00
-8.496268897840714374e+00
-8.636816361329183067e+00
-8.338983227829476874e+00
-8.616220981477129115e+00
-8.902729539509047996e+00
-8.196530563676313719e+00
-7.791068236908627043e+00
-8.725673428604494575e+00
-8.250375276061111762e+00
-8.019472599405112589e+00
-8.522492902248883340e+00
-9.553624413002268057e+00
-9.448329755673226416e+00
-8.143794925226234938e+00
-8.731799449898117516e+00
-8.825531890824962034e+00
-8.046927920914223265e+00
-8.344113849187985821e+00
-8.866121557121669383e+00
-8.201171688932129555e+00
-8.207071012472351157e+00
-8.283105064536691486e+00
-8.285137483583209672e+00
-8.045390525501730394e+00
-8.661883603524838549e+00
-8.219924874878699939e+00
-8.216114999264679142e+00
-7.763656578772479833e+00
-8.254545670152481307e+00
-8.877390841196145743e+00
-8.196461012041616812e+00
-8.016705716529731518e+00
-8.838758266844402911e+00
-9.650462841831226157e+00
-9.057647868770525079e+00
-8.689358906943775551e+00
-9.282889193410479578e+00
-8.443341472147654514e+00
-9.204161232069404619e+00
-8.356048768571787022e+00
-8.183987716803489576e+00
-8.461176981325367663e+00
-9.209961733966135711e+00
-8.103848640727079555e+00
-8.302279428967736408e+00
-7.885261662449748243e+00
-8.339881625364757411e+00
-7.881805472891858955e+00
-8.374468445487483592e+00
-8.292020197139031268e+00
-8.168199770102395618e+00
-8.117115124259594694e+00
-7.636296656015023387e+00
-9.514926084454867095e+00
-8.626562401894904752e+00
-8.647179455222820721e+00
-8.789363873500819935e+00
-8.693181461862398152e+00
-9.400269008359543932e+00
-8.545894203249293497e+00
-7.949734525114902084e+00
-9.552590119319372519e+00
-8.655161292078858537e+00
-8.252839554227493934e+00
-8.400388351239920226e+00
-8.109006101615326756e+00
-8.536127074521282054e+00
-8.400182070289412550e+00
-9.195333287809704714e+00
-7.661511818252353834e+00
-9.296272498701171116e+00
-7.996316038587263364e+00
-8.679889993834828843e+00
-9.225303463570568852e+00
-7.886076718040511579e+00
-9.051476267687311505e+00
-8.494026831678132439e+00
-7.919212946301904310e+00
-9.031257946361160194e+00
-9.342140651882438362e+00
-8.250634967136583953e+00
-8.737034280701195144e+00
-8.184392619931685431e+00
-7.916960479652681570e+00
-8.340842286631602320e+00
-8.509004435703563018e+00
-8.311751136094938985e+00
-9.493435142726642795e+00
-8.282220723237115223e+00
-7.874363420289517634e+00
-8.771053136371884662e+00
-8.072845538191643300e+00
-8.832034693993016106e+00
-8.539776046337093973e+00
-7.781281791636313727e+00
-7.876265210531938621e+00
-8.507411088960049383e+00
-8.880094431472020489e+00
-8.468081414638689353e+00
-8.044448649622587766e+00
-8.039716722825151152e+00
-8.020592582860823327e+00
-8.875036003439577215e+00
-8.471580135755679919e+00
-8.817077124972689361e+00
-8.198792009353285337e+00
-7.760737309435826958e+00
-8.545701007853852005e+00
-8.200222821292495468e+00
-8.296707024084462034e+00
-8.390122576630130169e+00
-8.740126225122581971e+00
-8.768979896704701460e+00
-9.039214038207733282e+00
-9.752702763634902183e+00
-8.253117252791097869e+00
-8.317394147548267114e+00
-7.988723462064896808e+00
-8.120483325690608822e+00
-8.973477137815342175e+00
-8.726439511269600047e+00
-8.784828369642903922e+00
-8.187896540765869702e+00
-8.644666579222265668e+00
-8.484125992671170735e+00
-8.391399094057897301e+00
-8.619154345200612966e+00
-8.239562267425757369e+00
-8.225479991551008396e+00
-8.160870191731859791e+00
-8.395683076332394634e+00
-8.496975328868847654e+00
-8.237350810889420671e+00
-8.052357828617720870e+00
-8.123013362038671303e+00
-8.329063728545706979e+00
-7.828162432891803135e+00
-8.459736848485096772e+00
-8.455321033518165663e+00
-8.535455085142421794e+00
-8.189341148844951235e+00
-8.180048142323359528e+00
-8.404094417273876516e+00
-8.680030895676795311e+00
-8.640860325301954248e+00
-7.996322881721061648e+00
-7.850673628573407115e+00
-8.050332663268855882e+00
-8.727360657319218618e+00
-7.909969251872931650e+00
-7.786728425071743231e+00
-7.882717900292901092e+00
-9.729959549481767667e+00
-8.433539613142945868e+00
-8.544811653748084268e+00
-8.288358121752953167e+00
-8.429026906892069348e+00
-8.542723013286229516e+00
-9.267363994478172273e+00
-7.948483379818288341e+00
-8.937106967061026808e+00
-8.485277530207314456e+00
-8.436822793736114434e+00
-8.171607144248580923e+00
-7.876505328664554995e+00
-8.880195427922327411e+00
-8.701414480109656679e+00
-7.959975706660738837e+00
-8.043480143609427202e+00
-8.704601134273262986e+00
-8.142681454533835961e+00
-8.459538916642937778e+00
-7.836806192703599905e+00
-8.171909798755152110e+00
-8.161288932926535011e+00
-7.810930906816865971e+00
-8.430211814363664402e+00
-8.697665848249620524e+00
-8.312783805264299275e+00
-8.476516511746273963e+00
-8.085792444957931480e+00
-8.840938408766925605e+00
-8.936639216584561396e+00
-7.957865868632032047e+00
-8.692844514795710964e+00
-8.359805774206161999e+00
-8.028631759063300066e+00
-8.020979254378739043e+00
-8.846586550402578908e+00
-8.295307521858786615e+00
-7.640425585386175555e+00
-8.149974267149776352e+00
-8.930812347220900449e+00
-8.755242343528220061e+00
-7.945019666741153230e+00
-7.993405161431860861e+00
-8.148721650294975305e+00
-7.907874705132909909e+00
-8.375141943023770352e+00
-7.644350624664108196e+00
-9.015863367467876088e+00
-8.879600352967626620e+00
-8.407928787495329459e+00
-8.505629299222084327e+00
-8.634000611468509945e+00
-8.420166559306947462e+00
-8.552835547331719468e+00
-8.409609895761130716e+00
-9.423323087105249130e+00
-9.042216026891638947e+00
-9.600672837291861939e+00
-8.530924962499963016e+00
-8.634482469314363584e+00
-8.097597849063710385e+00
-9.215782550329812750e+00
-7.735381343271644283e+00
-8.429723275303921071e+00
-7.993000529652933395e+00
-8.935080793468488380e+00
-8.536971924740374362e+00
-8.492893598482874395e+00
-8.166713284782263216e+00
-8.606652447704707498e+00
-8.048803514027644823e+00
-8.162782732657419160e+00
-8.275666366999992363e+00
-7.996839557560953438e+00
-8.217009960364702437e+00
-7.812682099542513470e+00
-8.833014107579870711e+00
-9.030911787108953703e+00
-8.809748492014996657e+00
-8.141620137204981233e+00
-9.743489985280703536e+00
-8.663752730880750264e+00
-8.018261123749097052e+00
-8.070671793114383874e+00
-9.232443187779468374e+00
-8.216042759830859410e+00
-9.023183855444756318e+00
-9.022832888554166431e+00
-8.272225669686900318e+00
-8.453513960612212941e+00
-8.170744559412247199e+00
-8.710556565903175397e+00
-8.067411134664533634e+00
-7.877771542320015641e+00
-8.138175998896235441e+00
-8.536850829340224323e+00
-8.981859046828791548e+00
-8.090559855686390023e+00
-7.939568605051205097e+00
-7.899798590950009469e+00
-8.366302547186604599e+00
-8.046434243823238575e+00
-7.983854904420500276e+00
-9.590084932671262052e+00
-8.107309911987714557e+00
-8.847810921468340695e+00
-8.329221364424620688e+00
-8.721902843499490743e+00
-8.799092733253209175e+00
-7.782582239793589096e+00
-8.770434641642578910e+00
-8.344333315969615583e+00
-8.318189642090775493e+00
-8.204360683473820970e+00
-8.076240909859585315e+00
-9.292427340309126649e+00
-8.154749822743777798e+00
-8.081549185340396235e+00
-8.041570393815870688e+00
-8.345736164843057026e+00
-8.301818267901941439e+00
-8.046653504658468847e+00
-8.643662717074684920e+00
-8.107596477352691622e+00
-8.379854427356070445e+00
-8.110282371680774816e+00
-8.350451892458528036e+00
-8.038666384988900404e+00
-8.298720323523845366e+00
-8.010056816578916994e+00
-8.335673105546153039e+00
-8.293406620725562561e+00
-8.464182897710921694e+00
-8.047014604854986430e+00
-7.661282415863805539e+00
-8.025018918473902474e+00
-8.852900643209105525e+00
-8.626117614135655032e+00
-8.090560084571524868e+00
-7.990920863694736198e+00
-8.603866601884261556e+00
-8.426887752194755166e+00
-8.818982306867440002e+00
-8.268328318356687134e+00
-8.025250041612691732e+00
-7.825620450840901299e+00
-8.860781132945382055e+00
-7.944031407856591898e+00
-8.129210853535434822e+00
-8.399822780227792052e+00
-8.274890262936215990e+00
-7.984272372384623395e+00
-8.183592113028456794e+00
-7.980038523255039706e+00
-8.124824067354280643e+00
-8.391592509170243019e+00
-8.771020417489413745e+00
-8.502371220502014992e+00
-8.057844845363803188e+00
-8.563335890883692514e+00
-8.853232377525909413e+00
-8.192046693054077622e+00
-8.170964867245611885e+00
-8.452076721674142590e+00
-9.191779303966367110e+00
-8.442719936508106926e+00
-8.556308078344846635e+00
-8.317398758311959739e+00
-8.506611427475522902e+00
-9.340074235049183216e+00
-8.261301491981372536e+00
-8.766047363285613514e+00
-8.054931659454190651e+00
-8.584508722171644735e+00
-8.327872005512244158e+00
-7.811728846017505390e+00
-8.104494087033032201e+00
-8.063854207967017018e+00
-7.686305575156378467e+00
-7.890808843695166885e+00
-8.308730016547741570e+00
-7.814440955403476607e+00
-8.895609661260273526e+00
-7.959128205396059030e+00
-7.918515142951592978e+00
