-3.558456077605053025e+01
-2.929677800962089762e+01
-3.618400710473067505e+01
-2.954654043915384065e+01
-4.010594118297463240e+01
-5.237813544475225314e+01
-4.104129597366625148e+01
-3.017780448657289583e+01
-3.475038887894277195e+01
-3.010640793544187233e+01
-3.427351892382417731e+01
-3.196629503898030933e+01
-3.765773049068786094e+01
-3.791559718574431770e+01
-3.686910440966052249e+01
-4.290813523238062288e+01
-2.773955685999466780e+01
-1.286567257490146865e+01
-1.834880518170985297e+01
-2.171005042844087285e+01
-2.091498797361599671e+01
-2.885153568621305098e+01
-3.352885848929994239e+01
-3.819327756602369561e+01
-3.321055700252188103e+01
-2.605936832753444321e+01
-2.568971642067419481e+01
-2.046043657679274119e+01
-2.863162303635141015e+01
-2.336390298917481445e+01
-2.524286800070066050e+01
-2.326114635748488269e+01
-2.036822680681194697e+01
-2.219245086948578560e+01
-1.765821036470649830e+01
-2.174212318065045935e+01
-2.220393030975773740e+01
-2.556925987687581525e+01
-1.173354045010186297e+01
-2.218918189797518892e+01
-2.570181414868280712e+01
-1.600220116647161817e+01
-2.487362020332892598e+01
-1.410707170693201995e+01
-1.968116697255976533e+01
-1.876262145080182364e+01
-1.571280776825069303e+01
-1.990303759643968107e+01
-1.725063718964441151e+01
-1.606168876260630540e+01
-1.292881424589510608e+01
-7.633036057250748740e+00
-1.778295382308526484e+01
-1.920185964872228368e+01
-1.295324685745533522e+01
-1.311842492497221713e+01
-1.233286416547900544e+01
-2.259588206861103643e+01
-1.646026287478274952e+01
-2.265516100564299151e+01
-2.148181576363012013e+01
-2.120411334806754766e+01
-2.104177483579087848e+01
-2.948248113398603820e+01
-2.110213239432642141e+01
-2.006277658532468777e+01
-1.264262501570143549e+01
-1.943607174258582759e+01
-1.638652968022999801e+01
-1.252955686157663173e+01
-2.092659784432918002e+01
-1.894453607291750430e+01
-2.666920314540457682e+01
-3.074730123679645644e+01
-2.655353110253567905e+01
-2.228975522181452718e+01
-2.008311262068802350e+01
-2.705411592384784214e+01
-2.368887022893120076e+01
-1.991319915529610540e+01
-1.909030723120290673e+01
-2.206441888858714861e+01
-2.609586232940366912e+01
-2.220586216127956902e+01
-2.052033726481141329e+01
-1.820992859224024940e+01
-1.559530668253095698e+01
-2.295802810181560716e+01
-1.306738286833017604e+01
-1.979744800417015682e+01
-2.205429881617360266e+01
-1.425398306524395231e+01
-1.126187246270326980e+01
-1.375212252505907351e+01
-1.619450229848226996e+01
-1.393588944127169604e+01
-1.314367842608555748e+01
-1.496213485527713161e+01
-1.382103185219085439e+01
-1.677675552470345721e+01
-1.776549094638292914e+01
-1.264346242565812339e+01
-2.170481158574473213e+01
-1.631473690622201644e+01
-1.525639756340402720e+01
-2.055941822336675173e+01
-3.164152231862269460e+00
-1.536387354738074684e+01
-1.074789738380660253e+01
-1.207339004735718824e+01
-3.334995841799607952e+00
-6.445116717836222087e+00
-7.152750039012129690e+00
-1.460685121631274264e+01
-1.896682551952263296e+01
-9.253101531084682918e+00
-3.000119021669247932e+00
-1.137084238038438322e+01
-1.393635069133600801e+01
-8.504115610402889658e+00
-2.817778473710046860e+00
-1.144580544624781915e+01
-2.421902838404025715e+01
-1.312170225863805761e+01
-1.567631127118244905e+01
-1.358378151493968566e+01
-4.868106423723291165e+00
-1.014203542467301311e+01
-3.049295913397131574e+00
-2.237961606395165504e+01
-1.407535420576879481e+01
-3.549298822128998943e+00
-1.185099835327084428e+01
-5.603628439702898589e+00
-1.246259986342401405e+01
-8.851749738906512732e+00
-2.013337673077693424e+01
-1.620240346297307710e+01
-1.037346396177294316e+01
-2.773559574228150915e+00
-2.445489582936270523e+01
-2.132809263468991645e+01
-2.230407413561135144e+01
-2.016215411332549934e+01
-1.815877087859518113e+01
-9.968070342869461697e+00
-7.247710441725142338e+00
-2.191282730688172364e+00
-1.123799344878139195e+01
-9.679604454186373275e+00
-3.934541737312985177e+00
-5.655814494446581797e+00
-8.025787424300006023e+00
-5.761870613307750411e+00
-6.055624510995002652e+00
-1.639131647699560901e+01
-8.692678502115020578e+00
-4.449085302940653186e+00
-8.356369205209897899e+00
-6.163722780816241809e+00
-2.950358689294187986e+00
-1.013329517337324681e+01
-6.096354646949356137e+00
-1.063463572608450747e+01
-7.518636077070611989e+00
-4.076326003321456781e+00
-7.775015072152307027e+00
-6.031958482249986986e+00
-1.645507700206434221e+00
-2.037756668652579428e+00
-5.269039061194794371e+00
-4.132260929964627572e+00
-2.907330673736966187e+00
-6.552835728827266060e+00
-4.448163374014292515e+00
-2.276627309417156297e+00
-9.162448280669943657e+00
-2.763300582317839815e+00
-2.227177434032629577e+00
-2.370404219048424910e+00
-1.252717956353031958e+01
-6.043454680334201967e+00
-8.696686019779559018e+00
-5.113455966991407919e+00
-7.392907132920664814e+00
-1.954687508328831314e+00
-4.625636054166112565e+00
-1.417950940306127805e+01
-8.113311984547584288e+00
-7.050242344442922082e+00
-4.153818938816002948e+00
-2.005943883925857207e+00
-1.755097527682873304e+00
-2.983042567454028404e+00
-1.428988297360298709e+01
-4.881281851897928625e+00
-8.228305166667331250e+00
-2.245112528563096177e+00
-2.648992518158589160e+00
-3.238693663591414307e+00
-1.596731034890042533e+00
-2.720397998437358744e+00
-1.010636625728872140e+01
-4.547099264008954478e+00
-1.937585691460516291e+00
-2.667246899266188631e+00
-7.456638564667989577e+00
-1.802772454502562027e+01
-3.451888686553727492e+00
-1.283462340784905109e+01
-6.868838303110572419e+00
-9.677502956204103057e+00
-5.872084466294080762e+00
-8.532414661524828858e+00
-1.467362110674976350e+00
-2.940929258390049927e+00
-1.832591287108692768e+01
-5.267777597764473185e+00
-8.009919068172552059e+00
-3.950726767187470845e+00
-6.278656391157922734e+00
-8.019915928678333472e+00
-9.833183043609890817e+00
-8.724564829775898644e+00
-1.903272217698402713e+00
-1.291781506674902547e+00
-2.303066427408521744e+00
-2.971596830138382384e+00
-2.370638020254497214e+00
-2.683580993884223442e+00
-1.167514972481041546e+01
-8.881745676962987446e+00
-3.704355820407112532e+00
-3.052424649529572598e+00
-3.383898079710902618e+00
-2.468651411444720001e+00
-2.482002492507644487e+00
-9.633014702528113204e+00
-2.966997360638369496e+00
-3.190521635265384681e+00
-1.809819126636001974e+00
-1.368656423663812127e+01
-3.585540017212096586e+00
-2.647178684833657147e+00
-4.674419513249260305e+00
-2.304208645696976809e+00
-4.459511834692668764e+00
-2.821630084887616352e+00
-2.650623734516897922e+00
-2.526786716955168099e+00
-1.864472221796579232e+00
-2.220412873339461246e+00
-2.210912964742681730e+00
-1.342032284133175990e+00
-1.602639843545572429e+00
-1.555425561136534629e+00
-2.431580939411095432e+00
-4.179937423789001905e+00
-7.957715005962259447e+00
-2.068012481686139825e+00
-2.254272688892446919e+00
-1.847652106566194163e+00
-1.748861181583485580e+00
-1.616832617385806303e+00
-4.783780829259073997e+00
-4.291928140002847059e+00
-1.802259428758879567e+00
-1.959041850998639811e+00
-1.586445777077362784e+00
-4.665726433667092721e+00
-2.688040338426514353e+00
-3.491589351910917571e+00
-1.662889468421367312e+00
-3.140952263433975489e+00
-3.190778379157312106e+00
-1.973005818871665484e+00
-9.795370615920810931e-01
-1.731821977997592521e+00
-1.521572139898466514e+00
-1.428208991442873943e+00
-1.594627477007102723e+00
-1.810615877236574800e+00
-1.976530562861040341e+00
-1.904885401473944251e+00
-2.043644227178704753e+00
-1.290498056022382656e+00
-1.148736202701612585e+00
-1.429064717098123438e+00
-1.777649499481279038e+00
-1.973405634168292622e+00
-1.657490022360164295e+00
-1.891398456933061745e+00
-1.219500520844259750e+00
-1.376751556226210038e+00
-1.766154707087532305e+00
-8.785842685230301541e+00
-2.141193456482309898e+01
-1.889794849122884424e+00
-2.698896041687746106e+00
-3.379775845699005909e+00
-2.259601804397502356e+00
-1.662596959211736447e+00
-2.385718567841677018e+00
-3.012524872096505657e+00
-2.632112483899054833e+00
-1.882770652298675795e+00
-1.920404331998256886e+00
-2.417571714188007537e+00
-1.990792229015678316e+00
-2.006223501593260572e+00
-2.115194838681552003e+00
-1.818284626558068773e+00
-2.321753595453730501e+00
-2.605855275002723292e+00
-2.015785973839909762e+00
-2.053408590980192461e+00
-2.265371696070684226e+00
-5.046529077589820389e+00
-1.935624555440990102e+00
-2.650715178444392084e+00
-2.221969419646747212e+00
-1.579352573119205738e+00
-2.431659600375434493e+00
-2.067951335806692104e+00
-1.337318086666728911e+00
-1.517651626038547308e+00
-1.068207533837764567e+00
-2.035161884899167273e+00
-1.835978048128197537e+00
-2.130570633914800727e+00
-1.090659932660899889e+00
-2.254150927746549460e+00
-2.300381150379276374e+00
-2.385856238199975277e+00
-1.865373723106535264e+00
-1.682970280432752874e+00
-2.033904992287638880e+00
-1.996159843312764526e+00
-1.450344703402130397e+00
-1.667497006999690834e+00
-1.901520383331393838e+00
-1.991753366011357551e+00
-1.548269936057899754e+00
-2.233922425040627768e+00
-3.152350309468185063e+00
-1.602251181528000945e+00
-2.571606496288936228e+00
-3.514337727617373286e+00
-1.620740502322483456e+00
-1.393798420912070846e+00
-2.405652756804823156e+00
-1.923525438565138135e+00
-1.509465952200637506e+00
-1.861999643200262122e+00
-2.158255086971144543e+00
-2.360596968251940986e+00
-2.576556526947381354e+00
-2.414832193868738042e+00
-2.635816749328310671e+00
-1.606864186788468984e+00
-2.642383753892223464e+00
-2.331850771805595191e+00
-2.225409357889816864e+00
-1.974657462687197551e+00
-2.191989023140120896e+00
-3.120552317074844595e+00
-1.983085292391453258e+00
-2.839104970922654125e+00
-2.148862449784473938e+00
-2.450817776841391460e+00
-5.505765201760620009e+00
-3.217170191228894360e+00
-2.439196235112250033e+00
-2.435642453297472976e+00
-1.626879401619213628e+00
-3.019179703977288298e+00
-1.542069327928614841e+00
-2.830465358955236876e+00
-1.334574741792029062e+00
-1.924355033960411632e+00
-1.634954600181570017e+00
-2.668261374779425044e+00
-2.456942126653933300e+00
-2.018322345043650046e+00
-1.846388597955642696e+00
-2.018551637868652993e+00
-1.672497425966806839e+00
-2.745162554016663758e+00
-2.942645021506383074e+00
-1.967113002858322579e+00
-2.686209685816759674e+00
-2.000350380518751692e+00
-1.881178778454009493e+00
-2.186787354500203229e+00
-4.362403212045234291e+00
-1.507811698740203488e+00
-3.216226463179599815e+00
-2.634032438956275701e+00
-2.189884569630388800e+00
-3.983818958201205351e+00
-1.381156390106924592e+00
-2.817955359153909711e+00
-4.457019767192668347e+00
-2.830630349519632105e+00
-6.032425672961908347e+00
-3.561854491702542092e+00
-2.465450569763091959e+00
-2.584077741147719820e+00
-1.738480719752507397e+00
-1.958672366222893979e+00
-2.524290790160339526e+00
-2.613893260762202519e+00
-1.778797665414621143e+00
-4.176889888016387609e+00
-2.975772197981621403e+00
-2.492396088767315998e+00
-2.502830191971113560e+00
-2.241106857323591939e+00
-1.108661886405189367e+00
-2.017788805091788262e+00
-6.313185943250199550e+00
-2.106444101433716742e+00
-1.938413568137460796e+00
-2.804224589899081188e+00
-2.628161373899755571e+00
-2.197778010991002784e+00
-4.585315211073388575e+00
-1.314973062404446225e+01
-2.119196244763491777e+00
-2.921813091030530440e+00
-2.245512244206056884e+00
-2.980613353059688109e+00
-3.370608836716788570e+00
-1.938357085261701140e+00
-6.686401962815838651e+00
-1.924303334452577374e+01
-1.456984830088252103e+01
-1.162622975851159346e+01
-2.876959487487007472e+00
-2.655420634740277563e+00
-3.196409522350386556e+00
-3.745594115280784564e+00
-2.850112933176818686e+00
-2.906982992618419637e+00
-2.739111422623961900e+00
-2.301051304190748326e+00
-2.609679643629458479e+00
-7.414008972942973230e+00
-2.168433769243114817e+00
-2.081657273965020760e+00
-2.385323843105210173e+00
-2.742910586605580292e+00
-1.098570487076227487e+01
-5.980754793704321948e+00
-1.908893342372045332e+00
-1.902003233008548566e+00
-2.892326079601160949e+00
-2.417994135525677990e+00
-2.097592685981196414e+00
-2.997736313664923991e+00
-2.084814248125140601e+00
-4.540124672198869504e+00
-5.634984093834138896e+00
-2.267654519137388025e+00
-2.420811121642009400e+00
-3.131916376533818269e+00
-5.651378810630368399e+00
-2.449455766572046667e+00
-2.525395867158338081e+00
-4.222768252071486650e+00
-3.019444061058151441e+00
-3.287881938812429627e+00
-7.528928741241706746e+00
-2.164710460308105322e+00
-1.350391056122142830e+00
-2.155466080911309756e+00
-1.933125414099441608e+00
-1.695275228679277602e+00
-2.674286664364454502e+00
-7.355196390014961061e+00
-2.117024864837310894e+00
-2.196701497884890220e+00
-5.091876317768112337e+00
-2.261331135095541178e+00
-1.860007137627361029e+00
-2.480706902337666886e+00
-2.416166641318079567e+00
-3.431105153879111302e+00
-2.618368533637407847e+00
-2.224749752794194180e+00
-2.505274512139913146e+00
-2.485768159030163016e+00
-1.943508107601754853e+00
-2.875407957625004673e+00
-2.845366137358744663e+00
-3.579562803599812160e+00
-2.875226058459522616e+00
-2.792577180109910628e+00
-2.737095899234197383e+00
-2.396644099462087674e+00
-2.301799476846426717e+00
-1.952067253538253944e+00
-2.381213415656054710e+00
-2.806952642261092201e+00
-3.689928366415526906e+00
-2.360020688384450338e+00
-2.841075662375263100e+00
-2.237875277709102662e+00
-9.450355936826376535e+00
-3.006176754922453842e+00
-2.210024470412884412e+00
-1.976248555971556575e+00
-3.002148501512557743e+00
-1.711874895421770182e+00
-4.207513443173545475e+00
-2.113127780530911881e+00
-1.769060106487273742e+00
-2.801364576761701031e+00
-2.867453045355047969e+00
-8.019695244057043482e+00
-2.069271305487233814e+00
-2.409566114632583300e+00
-2.508463750956758442e+00
-2.462028360862289933e+00
-2.714342951043359875e+00
-4.248126497741387730e+00
-2.912034455448710979e+00
-1.078619950463499322e+01
-8.039730513024862191e+00
-2.092953020860269131e+00
-3.039367434418298597e+00
-1.947105085174511085e+00
-2.065430745470677287e+00
-2.447748006214021554e+00
-2.591957462511229160e+00
-4.333172215417278039e+00
-2.624371385803734302e+00
-1.745287003016110283e+00
-2.801604963227442902e+00
-2.759265979956420090e+00
-2.572670528609798613e+00
-2.271809336954460967e+00
-2.350741389535272674e+00
-2.032159920643391793e+00
-1.791225134184589729e+00
-2.614161846828074065e+00
-2.000325883222966006e+00
-2.441441931032750645e+00
-1.884183726297153250e+00
-2.600110229107073234e+00
-3.186412186924962420e+00
-3.166682986321621485e+00
-2.256340845448073562e+00
-2.810785794136843929e+00
-2.438866007443664774e+00
-2.344147399040602320e+00
-2.767849552486170595e+00
-1.937866887027228868e+00
-1.485224539521729170e+00
-1.940936663451314548e+00
-2.304323639629952236e+00
-2.419345136868700230e+00
-2.411869768145201043e+00
-2.816619003917345765e+00
-2.906634605749893741e+00
-5.529681384354821816e+00
-1.869098462347169143e+00
-1.655881315855577185e+00
-3.148067634937310011e+00
-2.901543908034253771e+00
-2.025676816790994650e+00
-2.211066992564344691e+00
-2.299355430030264102e+00
-1.785922376931553091e+00
-2.280026099995588140e+00
-3.145795596277375594e+00
-2.255532728421127509e+00
-2.616270921207566325e+00
-2.222884285208252209e+00
-2.612856243653065125e+00
-1.533339956876192067e+00
-1.813873898275609964e+00
-3.609275944797666114e+00
-2.809304727989265782e+00
-2.540093305278612323e+00
-2.436426826607323459e+00
-2.020345250895049460e+00
-2.999177292112073623e+00
-1.636428655591166681e+00
-1.887908358339803971e+00
-2.256085419016616633e+00
-2.658907057591897161e+00
-2.318922990557232389e+00
-1.667052787757026477e+00
-1.842047046590896020e+00
-3.743423018620990472e+00
-2.241351463951116951e+00
-4.290653148748794443e+00
-8.687828078485402727e+00
-2.276301160633747322e+00
-1.381501647437228586e+00
-1.838971797958859122e+00
-2.871102377488296220e+00
-2.569128174955585653e+00
-1.554121885251687374e+00
-1.574940552742433608e+00
-2.434407131617608133e+00
-1.956772487944632877e+00
-2.468362426884264327e+00
-1.953192581433173647e+00
-3.691320471478871212e+00
-2.380425480497204038e+00
-2.362033397410326252e+00
-2.855241802953496943e+00
-2.968105127712211910e+00
-2.154333530062900515e+00
-2.852866779913007633e+00
-8.057403242905296636e+00
-2.755087622447459861e+00
-2.800108863941558113e+00
-2.782696786035439906e+00
-2.542017454542765620e+00
-2.063847747681522460e+00
-3.547915801972820304e+00
-2.567317374407227515e+00
-3.126107067191939759e+00
-2.766083067030435494e+00
-2.496748158861976208e+00
-2.071414124150557257e+00
-2.278179338662841502e+00
-2.620924560948755477e+00
-2.135226786822065126e+00
-2.146146972971108013e+00
-3.394054421909407537e+00
-2.972488870904494096e+00
-1.983901030865982795e+00
-3.421761335053295827e+00
-1.946142489233642969e+00
-4.811504526040097041e+00
-2.194534761032471692e+00
-4.589815703119853652e+00
-3.288240279581101433e+00
-3.111858228030842888e+00
-1.747404501975988955e+00
-1.841979517493486540e+00
-2.420790280857392673e+00
-2.014397422840496610e+00
-6.769589494346567093e+00
-3.108552264047043323e+00
-1.733767701518237780e+00
-1.866951029541926044e+00
-2.413829064843950434e+00
-6.706316808988185940e+00
-4.022552264391914711e+00
-4.544843660025328802e+00
-2.455897002396210116e+00
-5.316735947228178993e+00
-2.085206765758849112e+00
-2.206257371828026059e+00
-2.346545752704078502e+00
-6.320370923361465110e+00
-2.108822920705848425e+00
-2.349959585573490273e+00
-2.176773809310971863e+00
-2.793710324580906512e+00
-3.039953314707691590e+00
-4.424993957735773975e+00
-2.109597287738974369e+00
-1.397729565638023086e+00
-1.799131919200182894e+00
-1.812448794723443779e+00
-7.065007709810310566e+00
-2.003096142633651766e+00
-2.085801054280878031e+00
-3.552913454252105474e+00
-2.592228348596562260e+00
-1.945176104665668593e+00
-2.037434462321690898e+00
-2.486120549357947684e+00
-2.164430048751962765e+00
-1.912417158007693185e+00
-2.219867330108405756e+00
-3.370323358896962773e+00
-2.959075795184800572e+00
-1.895981900045420776e+00
-1.977451526123425118e+00
-2.097558362607441662e+00
-2.336740945023159544e+00
-2.851913700223806636e+00
-3.950236335367532714e+00
-2.062391837238059189e+00
-5.120680107726689911e+00
-2.512975706332047476e+00
-1.969679767246314883e+00
-2.060454070632047330e+00
-2.222138690775058212e+00
-2.603255623798219620e+00
-2.102446405961689191e+00
-2.650630059542801842e+00
-1.644288055936977910e+00
-1.618285673173941230e+00
-3.048434832115423987e+00
-1.818879433647166532e+00
-1.098052046351892796e+00
-1.456647916866729231e+00
-2.139105795292834511e+00
-2.474506487274669819e+00
-2.106989479135414900e+00
-3.100202526616181675e+00
-2.892379167187862699e+00
-2.850898071433122460e+00
-3.063620143468511525e+00
-1.394188233144554312e+00
-2.197443208824230165e+00
-2.423352169520723187e+00
-4.946377099824880830e+00
-2.296198371168598484e+00
-1.754032630663330483e+00
-2.569590485770307797e+00
-6.985117211851277652e+00
-2.228288940136801344e+00
-2.665917432979575619e+00
-3.151389086072292400e+00
-2.198805830163133912e+00
-7.200441318629200893e+00
-1.687457463066629693e+00
-2.842945797742280511e+00
-2.508206709822498048e+00
-1.452277432607662622e+00
-3.103331253011261559e+00
-2.638761230102112165e+00
-2.278123335180717302e+00
-2.803602381539171962e+00
-1.940880117766431656e+00
-2.972881171171124493e+00
-2.438256691339619309e+00
-4.075856744998181291e+00
-1.562031766229738716e+00
-2.119753914085834356e+00
-2.367310351721801709e+00
-2.181960661890259612e+00
-3.253294887275697267e+00
-2.020228790277471820e+00
-1.893725226740260670e+00
-2.971141208122966670e+00
-2.924276518888020426e+00
-2.191759361599506573e+00
-2.108250238817428901e+00
-2.632233402028405500e+00
-1.749387477804206892e+00
-2.310655205105499821e+00
-1.695332411425002128e+00
-3.309322881283398576e+00
-2.415071898599934208e+00
-1.950791869880299290e+00
-2.227423666460930374e+00
-2.605160087086336063e+00
-2.341074721892678845e+00
-1.618482792949315963e+00
-1.494376257306775369e+00
-1.642782161737274427e+00
-2.243913947371559470e+00
-1.321599567609452741e+00
-1.589064222460274456e+00
-2.872021464525498224e+00
-2.228737125739575831e+00
-2.657062399190631918e+00
-2.112036765011378492e+00
-1.308721367830907312e+01
-4.236373634756366080e+00
-3.086914407589934850e+00
-1.346983486635926752e+01
-2.142966444693961137e+00
-2.334466601001556896e+00
-3.061620308445729854e+00
-2.834945440269045935e+00
-2.131948700821447051e+00
-2.102152282682879125e+00
-1.788402517245531120e+00
-2.525116306107057174e+00
-2.561317975051044193e+00
-1.870906003599294598e+00
-3.327486446420070632e+00
-3.112493745569781645e+00
-1.875792755509701593e+00
-1.985910233115582457e+00
-2.398566039187761234e+00
-3.009317698506233540e+00
-1.780890187549929005e+00
-9.487438049117368877e+00
-2.412662764232932577e+00
-2.547728168251041758e+00
-2.408330231146383227e+00
-1.749968816888185286e+00
-1.982165875017130263e+00
-3.081731215989004902e+00
-2.704104272033425183e+00
-2.538282335711397053e+00
-1.785888780769881334e+00
-1.844027401291079116e+00
-1.472805120966516945e+01
-2.031064432246768803e+00
-1.467202040134189645e+00
-1.914304662231142373e+00
-2.554850243325083703e+00
-2.086301944536259168e+00
-2.601799271493150378e+00
-1.797637615182468673e+00
-1.996825707131844707e+00
-3.262495472325275259e+00
-2.752872715747443078e+00
-2.482870904488905683e+00
-4.753834149046399560e+00
-4.335763320009211164e+00
-1.623025247779643632e+00
-2.018413005918612058e+00
-2.500438686043850112e+00
-5.002445290899886210e+00
-4.518898892519099597e+00
-1.891811425962928839e+00
-1.633893880011974886e+00
-2.314731942189811154e+00
-2.154571453545834903e+00
-2.874662808904662192e+00
-1.667379812614381507e+00
-2.488216402494832558e+00
-2.152400312425999829e+00
-1.904765992656999973e+00
-2.371797168988289073e+00
-1.713064750570604255e+00
-2.158010152002524773e+00
-1.546579625815042380e+00
-2.082742680073629948e+00
-3.680803794734033296e+00
-4.309825829983285672e+00
-2.265312596825607816e+00
-1.941299558956938620e+00
-2.271278808116934833e+00
-1.233374376213109747e+00
-1.592780748288502135e+00
-2.549165330086125447e+00
-1.725967097758940971e+00
-1.629763449499148642e+00
-2.514513825013741766e+00
-2.188405704994688783e+00
-1.906847528718758511e+00
-1.779017352915328809e+00
-2.599612734773722789e+00
-1.667803414120237582e+00
-2.299556067297095385e+00
-1.848065941093771869e+00
-1.902407270739845391e+00
-1.899401232034167109e+00
-1.798062580249406794e+00
-1.804280203066726207e+00
-2.210556574695440091e+00
-1.367819945736704623e+00
-2.232723036540260164e+00
-1.598756421175713482e+00
-2.270706791582220774e+00
-2.571123514921461073e+00
-1.561996357625005327e+00
-2.297683101254072380e+00
-1.922544580437432149e+00
-1.722397689635100537e+00
-1.885304149426975995e+00
-2.106586951812919661e+00
-2.164858788571502490e+00
-1.769949404844402663e+00
-2.193648712872368289e+00
-1.692867610177988924e+00
-2.032355483658824014e+00
-2.014143629328331464e+00
-2.570174851925068449e+00
-2.210919424556740065e+00
-1.836781479272287854e+00
-2.154393686436189892e+00
-2.553151433154416061e+00
-2.303032186305227658e+00
-1.696718351406484748e+00
-1.651517205410298672e+00
-2.964226992544930717e+00
-2.311088924534494105e+00
-2.477113555625409358e+00
-2.276685335241704244e+00
-2.369141005900496477e+00
-2.127372903896077361e+00
-1.932914733304629040e+00
-2.513921476102827679e+00
-1.990771683442989826e+00
-2.047522051392739240e+00
-2.854258978350868059e+00
-2.777894315428604433e+00
-2.457829377744716659e+00
-2.735983063769957369e+00
-2.508363451561280488e+00
-3.222002160568956164e+00
-1.502402671061164208e+00
-1.391840654303214686e+00
-1.335194866814194192e+00
-1.469742965949607738e+00
-1.588539373088645013e+00
-1.895425692275955809e+00
-2.028351138000285214e+00
-1.943020660208985451e+00
-1.401774055076726588e+00
-2.103235310015874937e+00
-2.853422071322293085e+00
-2.160769256023133966e+00
-1.842277103747152811e+00
-2.445222974124545257e+00
-2.645367070500350248e+00
-1.731922869061230719e+00
-1.614362562913329135e+00
-2.464758328385038944e+00
-2.235615882102276242e+00
-2.345417272961100696e+00
-5.876461068683185296e+00
-1.790660800874225078e+00
-2.639124617087234004e+00
-2.435340803502306084e+00
-1.738031678315103967e+00
-2.098217160365524858e+00
-2.153309485560535919e+00
-2.263396072705425865e+00
-2.557143803274318561e+00
-1.658420542090191407e+00
-2.366900636997874230e+00
-2.050583529320002985e+00
-1.247357342482280584e+00
-2.726492659735527013e+00
-2.425477318516458425e+00
-1.532266180721456594e+00
-2.078755700774152615e+00
-1.374198978967875906e+00
-1.675017040972063276e+00
-1.173571116331185049e+00
-2.197044632784059814e+00
-1.845330099952519287e+00
-2.147106377982328951e+00
-2.037320825596164564e+00
-2.147589968461412369e+00
-2.205474731332384142e+00
-2.108704494298004217e+00
-1.495970641750248298e+00
-1.998819353017081024e+00
-1.996873614951224729e+00
-3.332764548472058497e+00
-1.903189046989822497e+00
-2.285249357587053165e+00
-1.872999972505146049e+00
-1.539730801981328501e+00
-1.878321791533304141e+00
-1.932242283787871884e+00
-2.437148481055997795e+00
-3.674211856488621031e+00
-2.365158779847618131e+00
-2.407445572810484435e+00
-1.622073142701109472e+00
-5.773443992685578507e+00
-2.280791895194750118e+00
-1.513096879501618197e+00
-1.984395189629494904e+00
-2.017010836141006624e+00
-2.546375319539948556e+00
-1.941002736534827466e+00
-3.275166854611172962e+00
-1.683263870250811589e+00
-1.854785856692124923e+00
-3.216645516738974919e+00
-2.199459375677667694e+00
-1.868366711893790333e+00
-1.840028103938333937e+00
-3.823280123740548486e+00
-2.488309511997102597e+00
-6.734998378881851266e+00
-2.977105134734503888e+00
-2.960786358263732598e+00
-1.657322940855518345e+00
-2.326330131665708567e+00
-2.353455951626708398e+00
-2.574064069987884729e+00
-2.525302013526378175e+00
-1.953804164423091461e+00
-2.228639102325954635e+00
-2.149648277950586550e+00
-1.458236739984570596e+00
-2.412557883594840025e+00
-1.548790153889720855e+00
-1.500302296360347620e+00
-2.339763573801845187e+00
-2.203141196011588310e+00
-2.698503181179776167e+00
-2.187784409071284131e+00
-1.553911652083795447e+00
-3.244533771140721612e+00
-1.634159948253509187e+00
-1.366612119434867045e+00
-2.588780657256537943e+00
-4.504693490035521997e+00
