-6.201254542267995440e+00
-1.488998159967406920e+01
-7.120039983565845887e+00
-1.498710531976615989e+01
-1.948150233993851188e+01
-1.698258803530858430e+01
-2.832942735693482206e+01
-1.313150190953257024e+01
-1.009145991620343885e+01
-7.994223849979067431e+00
-6.310599661292358498e+00
-6.217729640238762734e+00
-1.463490421487843562e+01
-9.190510775902746232e+00
-5.605238728918056523e+00
-4.615866476324856471e+00
-9.903742702062642067e+00
-3.514393031644213128e+00
-3.372166015210318779e+00
-1.346844115801711084e+01
-6.138812881276259681e+00
-1.107609863289092011e+01
-1.361042923142752237e+01
-7.677469508315912350e+00
-1.495126576930696594e+01
-1.282361001975405657e+01
-1.880209030862645392e+01
-2.122294861042526648e+01
-1.807591476687209919e+01
-2.004912173455286251e+01
-3.224720288829205117e+01
-2.627072928820943432e+01
-1.159750448332245476e+01
-5.647961928168871992e+00
-1.004708472519537565e+01
-1.618884433472794626e+01
-7.950560694082738245e+00
-1.640080785983755973e+01
-8.762580512136970867e+00
-8.913705168473304852e+00
-1.127363289080070174e+01
-1.686656075600141591e+01
-1.029827836465858404e+01
-5.488035954164952379e+00
-1.243105966719490496e+01
-2.820087509803625281e+01
-1.415017746406558707e+01
-1.925492860591559818e+01
-1.914747845204074039e+01
-2.445651861941786720e+01
-1.547322413951606102e+01
-1.767875434145067359e+01
-2.140431750495535823e+01
-1.938866237394545777e+01
-1.213177488757658118e+01
-2.023569973768639585e+01
-1.659330849039303146e+01
-8.968172718608130367e+00
-9.003297808538590630e+00
-1.525047360683747399e+01
-1.210379238939265534e+01
-7.427467841296257589e+00
-4.745946184158094994e+00
-4.915649886913854516e+00
-1.280712349017276530e+01
-7.033138711693145417e+00
-1.644302860281488066e+01
-9.918999601575229974e+00
-8.595170132521603890e+00
-5.016620192969427627e+00
-1.104708887946491913e+01
-1.147565953340069633e+01
-1.826255615394498477e+01
-1.697106417781348853e+01
-6.902692573111472107e+00
-9.883675097911243768e+00
-5.769899082988669825e+00
-1.141901557757050689e+01
-8.964531294978952403e+00
-3.822136397912725414e+00
-6.600932690072493614e+00
-5.793444639637457705e+00
-5.126461865266477069e+00
-4.764651793577147743e+00
-4.135031752157678042e+00
-3.774170010509227513e+00
-2.938845394260080734e+00
-4.046024665059200665e+00
-1.602356357751796523e+00
-2.314852581100946605e+00
-2.004666392075468817e+00
-1.882342022130654602e+00
-1.747814655784782012e+00
-3.037480626871874811e+00
-3.348454008974080853e+00
-1.839123885250776302e+00
-2.370137752672366815e+00
-1.777571890214258321e+00
-2.716885315346938778e+00
-2.013891526640359420e+00
-2.369972033271269041e+00
-2.515906535563432467e+00
-1.549979782065923795e+00
-5.143313018265295966e+00
-2.768861757043355354e+00
-3.101450049027920208e+00
-2.743840137121453360e+00
-2.572386646765950857e+00
-2.762055299949595089e+00
-2.234054082128057672e+00
-1.824079859047777141e+00
-1.875668677512999372e+00
-1.771815845521329535e+00
-1.728259149554356222e+00
-1.390118616032867793e+00
-2.159746786924385820e+00
-3.347293436577783332e+00
-3.255001606129738434e+00
-1.608763584528228652e+00
-2.158583286135006940e+00
-1.964675812668428723e+00
-1.679372875659963738e+00
-2.204610354780299097e+00
-2.245661456611988793e+00
-2.451904484249785909e+00
-2.035238623494778132e+00
-1.737045235730660719e+00
-1.811857340592557764e+00
-6.090866858139328599e+00
-1.588275660423303748e+01
-8.227797976721229034e+00
-2.187181394894230912e+00
-1.855349043246798058e+00
-2.033955718845429139e+00
-1.679056046630816423e+00
-2.406698139554705129e+00
-1.724454676579854295e+00
-1.635015239914111573e+00
-2.203666038154151963e+00
-2.734026060405042369e+00
-1.526935127475283371e+00
-1.702461052792254126e+00
-4.045183553464225312e+00
-1.558408588739067069e+00
-1.777925989905399629e+00
-3.133207487560992544e+00
-3.108062272097794843e+00
-2.629952714599420815e+00
-2.637049911512476363e+00
-2.962044104829332891e+00
-4.409278559307788115e+00
-6.511410287049592682e+00
-1.119923840000259352e+00
-1.437290960839351817e+00
-1.858095549368139032e+00
-1.843482603927659058e+00
-1.802451563860724804e+00
-1.282470086114504859e+00
-1.503593910221902474e+00
-1.790430313559577380e+00
-2.006753607539914164e+00
-1.992057357683700625e+00
-2.721357210671735416e+00
-1.515231818269740627e+00
-1.972554073652333706e+00
-6.014207202278589293e+00
-1.930521238078759971e+00
-1.983796250567033459e+00
-1.169645468518834885e+00
-7.732578069713542668e-01
-1.705423958763592873e+00
-1.712643145091943486e+00
-1.965500449463102761e+00
-4.398982595551530927e+00
-2.880106767729468054e+00
-3.034290028911556636e+00
-9.423109772164689701e+00
-4.354556354211304381e+00
-2.402884701528563482e+00
-1.825107958744786929e+00
-2.052143347336571555e+00
-1.298371306280920123e+00
-1.540660811372322136e+00
-1.592396455501255970e+00
-4.647178476141137438e+00
-2.319363618230371848e+00
-1.771533367547819093e+00
-1.306902801981317586e+00
-1.623472826373067335e+00
-1.522554879636207170e+00
-1.764545561480479474e+00
-1.154818922924139679e+00
-1.485586018365624650e+00
-2.222549414192324768e+00
-1.649028844606486910e+00
-3.965758713592820950e+00
-3.617235447454627106e+00
-2.966257836356080091e+00
-2.130164022324021023e+00
-1.801931632051461785e+00
-2.405890983228329283e+00
-2.585293353039790354e+00
-1.425724986325052734e+00
-1.356657847453175636e+00
-2.866777371747838643e+00
-1.876042827418524350e+00
-1.345818367055977349e+00
-1.957565631364074576e+00
-2.329891031593049000e+00
-1.798146908859710846e+00
-1.734114616303479961e+00
-4.220285139604324165e+00
-4.223808182786069843e+00
-4.018916615536716641e+00
-3.912689937170400700e+00
-1.572564790294419756e+00
-1.930428456870989518e+00
-1.730402252739051905e+00
-1.850613259546539213e+00
-4.413056907715631638e+00
-4.692209448751706091e+00
-3.807943524619251008e+00
-2.749206102205357105e+00
-1.929500198784501963e+00
-2.046202862669841860e+00
-1.464671131657766523e+00
-1.733114500339244968e+00
-1.662464849563793923e+00
-1.418668494779528944e+00
-1.663853558547624623e+00
-1.807353891495406817e+00
-1.538178848930065179e+00
-2.332992417207936153e+00
-6.420129170860628953e+00
-7.884531089560940842e+00
-3.465657458703670368e+00
-4.876309526044822817e+00
-4.231974071212063038e+00
-2.490030344877947499e+00
-2.236110315399271631e+00
-1.974090502214814524e+00
-1.742184111087101694e+00
-2.167941968153769938e+00
-2.339392080213820169e+00
-2.035920250860602465e+00
-2.831539778907263827e+00
-1.467767383812898618e+00
-4.058511918298384202e+00
-8.571784211640892437e+00
-6.162093709155787913e+00
-3.906135845921472782e+00
-2.606928845327369793e+00
-2.256108786239563901e+00
-1.754212574387680412e+00
-1.586375082904410760e+00
-8.638070846443897111e+00
-8.347632754062241034e+00
-7.112331057465901551e+00
-4.318523945655010188e+00
-2.621380642598022170e+00
-2.056798694908572145e+00
-2.386967725852714661e+00
-1.983309461718042899e+00
-1.879394846575283440e+00
-1.594880796686328539e+00
-2.524158380979408367e+00
-4.481894333275779019e+00
-2.585974940399483835e+00
-3.825922255677628669e+00
-5.104716829919350829e+00
-5.848701060374711602e+00
-2.225471565458052936e+01
-1.642989739064435284e+01
-1.568375010402187542e+01
-1.476544610015696435e+01
-1.868424732886292361e+01
-1.198015408584773311e+01
-1.334456112067179490e+01
-4.351865305327114797e+00
-6.279234964801856833e+00
-5.197752559461807031e+00
-5.377678380499262722e+00
-4.409047124407237561e+00
-2.670350770056078016e+00
-2.842630358678444047e+00
-2.088066937687343749e+00
-2.007163963674613250e+00
-2.488862594617241797e+00
-1.640187177428339860e+00
-3.820559452998279593e+00
-3.905057484640502174e+00
-4.003233530039713273e+00
-3.180251132831766636e+00
-2.961105157957011791e+00
-2.204096808613912106e+00
-2.634006303147881312e+00
-2.698191649873122433e+00
-4.284805435363305826e+00
-9.462736144332380306e+00
-5.094704063697316876e+00
-8.368847110783786292e+00
-5.454563217176098711e+00
-2.490306209315865438e+00
-2.263942353067153856e+00
-8.177261534620368977e+00
-1.660434529828179606e+01
-2.907735298749807384e+01
-1.135204554081110651e+01
-5.815542892330466174e+00
-4.961413150862783006e+00
-4.940548795620887113e+00
-3.881959935336744216e+00
-4.249905255374990531e+00
-4.636026737421752308e+00
-4.656335368991307178e+00
-2.154649000105875345e+00
-2.629469895560806680e+00
-2.391497491197922987e+00
-2.934088678277284146e+00
-1.912264258823764385e+00
-3.188206856842805248e+00
-2.281587734013589941e+00
-2.578461739347163828e+00
-3.337827717781009618e+00
-3.996096604031928123e+00
-2.545036097216614390e+00
-6.178961286097425898e+00
-5.535309048179181346e+00
-2.846436287628040240e+00
-2.101456469055570597e+00
-2.902562299274978663e+00
-3.445705991161568615e+00
-9.163973603369150567e+00
-9.358751463647269730e+00
-4.098581901917648374e+00
-3.081323501245691432e+00
-2.771905762091009695e+00
-1.785529029276894386e+00
-2.132532509713375823e+00
-2.032588332209793069e+00
-2.487903369864587155e+00
-2.696243222055405564e+00
-3.525781261774173725e+00
-3.778967650994993210e+00
-1.220786912481311681e+01
-1.104110408508743646e+01
-3.056659528725401920e+00
-3.701971613623874280e+00
-7.515795756171621100e+00
-7.387652711000162853e+00
-2.946527437165030516e+00
-3.296210561731011790e+00
-1.040632761645833249e+01
-1.414169902527980938e+01
-8.306767237177451690e+00
-5.929458469386423403e+00
-5.958090822933123754e+00
-6.803275378362878989e+00
-4.615499942604892603e+00
-4.473529088532545828e+00
-6.179827894056378668e+00
-3.300201693316094254e+00
-5.281805733968299776e+00
-6.704164664779445282e+00
-4.984122354370689401e+00
-2.719304180485279332e+00
-3.034113861693728875e+00
-4.265658933665186225e+00
-6.287253515703259410e+00
-4.647071990422481313e+00
-4.752263850120401756e+00
-4.293366088101222999e+00
-1.938822218536099928e+00
-2.313377095272691530e+00
-1.524931526362236500e+00
-2.342586951174463028e+00
-4.496140025904574067e+00
-3.139585839349289920e+00
-3.111874869569176472e+00
-2.198111973065787872e+00
-3.188242695283305839e+00
-4.192604403556963177e+00
-5.967379442829686020e+00
-1.010789565160920667e+01
-7.166463170959008089e+00
-3.631029699296704827e+00
-3.146795092089808232e+00
-2.379004502602796833e+00
-2.438174314001374743e+00
-4.017969023421421149e+00
-8.358749627659346260e+00
-3.507878657628658914e+00
-3.178037102114417589e+00
-2.619915697987860614e+00
-4.028928316828734424e+00
-4.784540942096396243e+00
-1.354415379758283322e+01
-9.400671250481984487e+00
-6.112681217596195538e+00
-3.976810828196532199e+00
-4.308445041575252432e+00
-3.939095265285305292e+00
-3.549895102283147086e+00
-2.110445362718081252e+00
-3.131386816189489330e+00
-3.907808853239181701e+00
-5.834551629241968129e+00
-1.457016103642709304e+01
-1.231820386527444811e+01
-5.319797042398127118e+00
-2.202504697864028138e+00
-2.011981345441841373e+00
-2.615604899257531368e+00
-2.781136303813326105e+00
-2.106787972150408805e+00
-2.168250465218068523e+00
-3.137251097988698056e+00
-1.760776021113168222e+00
-3.095321819750941117e+00
-5.903677314671762488e+00
-5.483967295988668944e+00
-3.952802073919471582e+00
-3.123608861359699951e+00
-3.484408675848867709e+00
-2.368403575284209861e+00
-1.879898170213280650e+00
-2.713852471321303028e+00
-2.544517149874057527e+00
-4.932931015252156826e+00
-4.299830019469307096e+00
-3.765840826640157069e+00
-4.373954934799662908e+00
-8.607204676305940438e+00
-1.489975440101367177e+01
-1.434984938065770699e+01
-2.732418062118535218e+01
-1.477205675474813873e+01
-5.542233103882330703e+00
-6.086024197159532356e+00
-3.737764758836435330e+00
-5.044700460546298615e+00
-2.786130966159439559e+00
-2.946718405449031852e+00
-4.511865093240425395e+00
-4.480053917758521465e+00
-6.834007387848273218e+00
-4.867134983632801948e+00
-8.433876320785085312e+00
-4.543551663391506956e+00
-5.327533534548672733e+00
-4.570209054142802430e+00
-1.031261371965847573e+01
-8.523477251168751323e+00
-3.121682648974056562e+00
-3.986753883895903350e+00
-6.133989991149871202e+00
-3.076207640964187195e+00
-2.129833142808659652e+00
-2.464215704836998810e+00
-2.306249619632418923e+00
-3.108551778325374215e+00
-5.837283586343507302e+00
-6.842250052803932725e+00
-2.370407865929372360e+00
-6.085607102513030497e+00
-5.329427128341659881e+00
-4.607987150308587410e+00
-7.097972826480622111e+00
-4.386986378310794521e+00
-4.812199816483916592e+00
-5.396809483278611097e+00
-8.617599135287861145e+00
-7.868239019149640967e+00
-3.705860542499282317e+00
-5.861988994198324754e+00
-1.121411537676709180e+01
-1.287772192969745255e+01
-6.565454956630209615e+00
-8.320515696386483029e+00
-1.147486173098532092e+01
-9.595863870150067143e+00
-5.490640699646234246e+00
-3.459411136609993775e+00
-4.224936118393929796e+00
-4.310652912744811438e+00
-2.970009094073891465e+00
-2.709389943863010686e+00
-2.758382935250955015e+00
-5.554516011870050285e+00
-3.912352382378643245e+00
-3.604718272164218806e+00
-2.595137665945469685e+00
-2.627868018669187400e+00
-3.511732816561657256e+00
-2.521208958224994579e+00
-2.159475731314534741e+00
-4.056987190644290031e+00
-3.546753368845609877e+00
-3.212237092484594214e+00
-3.107071030760755637e+00
-8.687816420079421675e+00
-1.040960691488753120e+01
-4.400610823558890772e+00
-5.950333881657442703e+00
-6.114194429091719840e+00
-7.505101585551900989e+00
-5.503132631833981492e+00
-6.837022313169374144e+00
-1.546776070636470024e+01
-5.421541722500226257e+00
-6.998905006933022754e+00
-7.090372491066057492e+00
-4.047729841482264668e+00
-2.043909206852336791e+00
-3.725048626405219387e+00
-3.001879961223215876e+00
-5.833932275236401566e+00
-2.459178749563973199e+01
-1.794741970906840223e+01
-1.655760166747260342e+01
-1.661476445983107197e+01
-1.481974660004341793e+01
-1.161080881235880113e+01
-1.432365974741829007e+01
-7.887790312479010524e+00
-1.230737591868405367e+01
-7.175997622567866330e+00
-5.281547021836850320e+00
-5.135539974866683899e+00
-3.699034427242958056e+00
-3.219548382940435438e+00
-4.407425625912000378e+00
-1.025627020597910999e+01
-5.501498037307814393e+00
-7.112715884734237548e+00
-7.600199704803065615e+00
-6.940286905594263978e+00
-3.521403660569413674e+00
-3.400159340064912161e+00
-4.371625122831628296e+00
-6.510612030976541398e+00
-4.041259159744615026e+00
-5.862067724762590970e+00
-4.967798739139491992e+00
-7.140153303168831123e+00
-6.901873073905544054e+00
-6.440651575319026989e+00
-1.384083436693029867e+01
-2.325377324537096868e+01
-3.115999803539462221e+01
-1.358100933153410672e+01
-1.348024104423364555e+01
-1.337436309714938787e+01
-2.179119699044587932e+01
-1.789096192501536109e+01
-2.052150416951977263e+01
-2.880077194685474140e+01
-1.940006509122944678e+01
-2.370795100839394109e+01
-1.659048656775801689e+01
-2.529670790710762418e+01
-1.268557790841652277e+01
-1.142782977407183154e+01
-1.066552389915399424e+01
-1.198141664128743322e+01
-7.376477182785205144e+00
-7.821232638949305205e+00
-6.327962541960609144e+00
-6.977845485094761102e+00
-8.280226517856233315e+00
-1.055170619122373132e+01
-1.270979224791808626e+01
-7.409890356729959215e+00
-7.745837701005121367e+00
-7.187168230904290134e+00
-8.476330675324026842e+00
-5.440810237879630584e+00
-9.061213078323389070e+00
-5.903693472525602282e+00
-1.350210231568577512e+01
-1.382129025167211367e+01
-1.218128528553320500e+01
-7.382515220221789853e+00
-7.054760954469665890e+00
-5.600055212294988038e+00
-7.239783741326789368e+00
-4.207074252732635244e+00
-6.032063140390565792e+00
-5.103009549327151007e+00
-6.163983545694802224e+00
-3.527952821682223128e+00
-2.748835607317515084e+00
-6.975924387964660411e+00
-3.084641514696541797e+00
-1.030327024163548266e+01
-5.995462050785396180e+00
-6.877128175765935936e+00
-1.494872410764287096e+01
-2.643367814310701647e+01
-1.390574911864268692e+01
-7.954322922663632056e+00
-1.580076501499023145e+01
-1.092192836161454572e+01
-1.243698074298852063e+01
-6.944895984521457954e+00
-1.398623228916750172e+01
-8.055548909093934284e+00
-5.213778938184393752e+00
-7.611105543129834672e+00
-1.560040416432732968e+01
-1.220981387295893050e+01
-1.506025854623155524e+01
-1.944231366428957131e+01
-1.556511957631095910e+01
-1.266550652011181377e+01
-1.628616336886276628e+01
-8.616235408123449346e+00
-1.123566339890054877e+01
-2.703216133908517804e+01
-2.195209615247243562e+01
-2.303374156154138674e+01
-2.664941560132532317e+01
-2.209996645014481587e+01
-1.495152517799673042e+01
-1.095609612676218170e+01
-8.251081522231679344e+00
-1.159604736196472174e+01
-4.207524465282808990e+00
-5.945911725266924464e+00
-1.172039484018952926e+01
-4.475049313478763224e+00
-1.026485535402478355e+01
-1.064797356481956747e+01
-3.692910923207390894e+00
-6.806104578390335114e+00
-7.002450830280445793e+00
-9.458048608415859704e+00
-7.035854438167389979e+00
-6.545201188736506026e+00
-5.574917715308006727e+00
-4.117233094512253722e+00
-5.152517423853771206e+00
-8.327947501755691206e+00
-1.142432278177941818e+01
-1.042516066659891294e+01
-6.828300766114948850e+00
-6.602277885108684963e+00
-5.766221197814765276e+00
-6.263307301502901048e+00
-4.194013865861196066e+00
-6.649765452838619417e+00
-1.323180203217443562e+01
-8.168881506908483914e+00
-6.645272123903121830e+00
-1.020613910665448820e+01
-1.330909950902106331e+01
-6.836752088042541864e+00
-6.144778099834939944e+00
-2.076114335716720660e+01
-2.056043875592138193e+01
-1.732633741415023110e+01
-6.330080379925279388e+00
-4.178847103207961489e+00
-5.905549705214428791e+00
-2.916268179324144061e+00
-4.499512126093553555e+00
-3.381561896161092040e+00
-6.665926491898355621e+00
-1.641850588195546123e+01
-1.350106933922563535e+01
-7.981277693798913830e+00
-6.588890586059173771e+00
-1.216441134500976062e+01
-1.274958990194744146e+01
-6.054791470950303456e+00
-4.775331089085462111e+00
-1.048002702892855886e+01
-1.077785096502866402e+01
-1.305484270780062594e+01
-1.150464585005744489e+01
-4.993017472191403350e+00
-1.245366772047210802e+01
-1.741658468847334262e+01
-2.178515379021711595e+01
-1.678366426923295407e+01
-1.142421765767894115e+01
-1.557660002087170525e+01
-8.933444859593137721e+00
-6.806232662543811429e+00
-1.043613259153664075e+01
-1.169425594738147822e+01
-1.681856846221582202e+01
-8.320395711365017988e+00
-6.565445144075558126e+00
-4.929304432321035101e+00
-8.077420828430959432e+00
-8.747150321667858108e+00
-1.814043306947599277e+01
-2.208154995984300228e+01
-1.449824600545572650e+01
-1.229858039914519807e+01
-7.887862444114628779e+00
-1.015355019421628313e+01
-1.331138956967766696e+01
-3.991415860537510962e+00
-1.015035660962794140e+01
-6.842388983640587341e+00
-6.789569666875497234e+00
-1.800600863836429610e+01
-2.128961836468853264e+01
-1.282026211456936693e+01
-2.215964625939410837e+01
-1.298887021921161455e+01
-1.434944144976179459e+01
-1.656735762856585481e+01
-9.301292572721504115e+00
-5.567207538228680086e+00
-8.120441030966805585e+00
-9.307119750756060128e+00
-3.158714848900673999e+00
-5.042410034472524671e+00
-7.310332887322803508e+00
-3.695897638513391481e+00
-5.091734913686420505e+00
-8.732163628670928546e+00
-1.133944636771752990e+01
-1.712683610257714051e+01
-1.356091995079177259e+01
-6.453622437835592862e+00
-3.862134695508165017e+00
-4.129373629261182010e+00
-5.155370339234737642e+00
-6.155909122311467030e+00
-7.093434081333365171e+00
-9.083505581134062368e+00
-7.741920173318964871e+00
-5.299442574620663926e+00
-1.019566621456738886e+01
-6.529913693902900995e+00
-6.529462541123428387e+00
-4.669357707256577505e+00
-5.850343393671236569e+00
-3.583590283686214573e+00
-3.041575323294608335e+00
-7.159985589824564123e+00
-7.810048889630560431e+00
-4.930262180699278574e+00
-6.385394497489331300e+00
-9.723258679974906116e+00
-1.477075786588351036e+01
-1.073128447404083197e+01
-8.887885540098066528e+00
-1.115019761932394537e+01
-1.322848200817304054e+01
-1.588058120355140801e+01
-1.372740738005385452e+01
-1.408548896579273091e+01
-1.057550548209345642e+01
-1.351022623234873343e+01
-1.708139165745721400e+01
-1.502205015020873269e+01
-9.068166740741988363e+00
-9.525631436278041875e+00
-1.326947547405370287e+01
-8.944835937364315370e+00
-9.127484815372380211e+00
-1.209152332386625694e+01
-9.296618846721575125e+00
-6.184251658860942413e+00
-9.205171678936167723e+00
-3.021841440738585849e+00
-5.567203882803152482e+00
-3.998532953284272828e+00
-4.869032287659171843e+00
-1.154616129933895863e+01
-1.398825897696602993e+01
-1.418337221128344439e+01
-1.166796799567792142e+01
-1.203219554608999076e+01
-1.943090128251834159e+01
-1.871588615609707773e+01
-1.303902091135162955e+01
-7.798288491454604454e+00
-8.640415167143608244e+00
-9.511944251641049064e+00
-6.508544031982975930e+00
-4.474355119891449739e+00
-7.230111629556403408e+00
-4.345890702063553768e+00
-7.970120074541781285e+00
-3.566372194531072015e+00
-4.872501788299715919e+00
-2.626727181177355597e+00
-3.507410522947318032e+00
-6.657307365641373487e+00
-6.469472952418074740e+00
-4.843582529525257030e+00
-1.199645080549959886e+01
-3.894799511084104715e+00
-9.462634960213097912e+00
-1.197349996176030373e+01
-4.274018855269865469e+00
-3.188195428105449203e+00
-4.621299171824655438e+00
-8.101368647790767596e+00
-6.772986478939770016e+00
-9.567110873621468059e+00
-6.239654424473670247e+00
-1.467247595920658476e+01
-7.818930178112054818e+00
-1.645234266252074917e+01
-8.014608711732938318e+00
-7.519356445927900090e+00
-4.813240509293243541e+00
-9.372849218530980409e+00
-5.256948064637408713e+00
-4.988005255464433851e+00
-7.053631368891426945e+00
-9.612398711680533836e+00
-8.055481246730250788e+00
-8.305615038162891040e+00
-5.396327078185582771e+00
-4.121431497800298160e+00
-4.218015010920022512e+00
-3.102469727644741937e+00
-3.714954982272094419e+00
-3.518945081355844717e+00
-3.903736715126674639e+00
-4.178012429959590435e+00
-3.721891734680234265e+00
-3.365932655382296357e+00
-2.614422416388975545e+00
-1.831091748221530313e+00
-4.157033953339023036e+00
-5.605487591960247151e+00
-4.507178534157775474e+00
-1.392916894635206937e+01
-1.430302037460675635e+01
-1.016055263741121628e+01
-2.001489727208814173e+01
-1.574285896415635300e+01
-1.514349626337010868e+01
-1.885747729730501376e+01
-1.553754232260938650e+01
-1.231877322277132869e+01
-7.542109414139886781e+00
-1.022597386450317458e+01
-8.393099990300523672e+00
-6.159351362427489818e+00
-5.872998666377315935e+00
-6.689126301419130449e+00
-4.052589368173984852e+00
-5.558321884021784065e+00
-4.135030844210069390e+00
-5.308030822274456106e+00
-4.489657101213351709e+00
-4.903612320407348513e+00
-5.212532166986826532e+00
-5.186857808556712079e+00
-5.781175047013342727e+00
-3.846041108856379953e+00
-4.381835803962599307e+00
-3.366948770658348522e+00
-2.780868975795813824e+00
-8.257403792469585113e+00
-2.954274487889617440e+00
-6.976222715667825369e+00
-2.531621563408545050e+00
-5.426468292208759259e+00
-7.334321265070382623e+00
-3.054051909462553116e+00
-4.058436727241574005e+00
-3.430981094225904471e+00
-7.658720712502434580e+00
-7.740324674807892436e+00
-4.361890344569633093e+00
-8.513249551949241933e+00
-1.058700966547285027e+01
-1.457632018027768694e+01
-9.648921053025802053e+00
-5.429715343242816239e+00
-2.988488112703263866e+00
-2.316374976738885483e+00
-4.075259820840252623e+00
-5.123330088125201520e+00
-5.337580469924344762e+00
-3.780939796273185660e+00
-4.159721077511246534e+00
-8.720419561692080990e+00
-1.162025807849701486e+01
-1.152859763349256284e+01
-3.944306359511417170e+00
-2.950635521657795302e+00
-2.551476319303414897e+00
-2.939653203662606629e+00
-1.227796966527247058e+01
-1.093153167752332422e+01
-1.431784863858246837e+01
-1.039894928441874633e+01
-1.573285265482925688e+01
-1.508160223657634980e+01
-1.370418098002209284e+01
-1.330823202163924890e+01
-1.597366162069539541e+01
-1.650586532893078484e+01
-1.196079098234782911e+01
-7.369895039996373853e+00
-7.582075811299194612e+00
-7.299838055331272280e+00
-9.052904159066166301e+00
-1.030484616554033650e+01
-1.565524318489506506e+01
-1.142776716183882968e+01
-9.168023281129848101e+00
-1.046067604543630125e+01
-1.684402238043810840e+01
-1.233940114185103987e+01
-7.416941423952135182e+00
-1.329804478786900290e+01
-1.178955960870993813e+01
-1.357840541306910254e+01
-1.380322785754072790e+01
-7.304097912370546730e+00
-6.995829069568737957e+00
-1.502552503744932011e+01
-1.098946630446639183e+01
-1.652032044174015013e+01
-1.288435505761931310e+01
-1.132050017746357895e+01
-9.853398743080154176e+00
-1.264887140969752544e+01
-1.287769343793336851e+01
-5.250508930023793042e+00
-1.594559601526620973e+01
-8.688503549341724863e+00
-1.131134739178539483e+01
-1.251226403391819453e+01
-1.241784877427698319e+01
-1.048895288002585602e+01
-5.618281330053386924e+00
-4.434072439546799416e+00
-5.949571479290458598e+00
-1.126969395845658184e+01
-6.043010830446749360e+00
-1.139009713677889124e+01
-9.781344689231838530e+00
-9.362638867444534441e+00
-7.322251999441363068e+00
-1.107321975855384721e+01
-5.059934322951969321e+00
-7.865043212376733983e+00
-1.638181298443880962e+01
-9.266851564234544369e+00
-1.011675868126325462e+01
-1.199808238695276330e+01
-1.021627128540318807e+01
-1.239811639580385716e+01
-6.411495260062223700e+00
-1.187703846313887723e+01
-1.570253612026971624e+01
-1.267652410536187091e+01
-7.222355153245935355e+00
-3.825143600309902414e+00
-3.780465281212547879e+00
-3.676763110312212923e+00
-2.817515403232642157e+00
-3.823107794617530253e+00
-4.384668575301540194e+00
-1.025002241368487077e+01
-8.660320050723054663e+00
-2.041020259892039945e+01
-1.640911200202376463e+01
-9.118246798400488018e+00
-3.406339624476154793e+00
-3.819606125530143892e+00
-6.661053580637582350e+00
-5.670485867253354684e+00
-2.767227890892276498e+00
-6.362621596086817100e+00
-3.891178236577976346e+00
-2.865583145519770447e+00
-3.882317006397342229e+00
-3.856615061486752261e+00
-5.679678276995814734e+00
-4.789722993279197816e+00
-5.320177958150759778e+00
-3.450386996174954035e+00
-7.980133120718249096e+00
-5.948669522784092223e+00
-4.745459876292199120e+00
-4.716056812122362274e+00
-3.149571082819508039e+00
-3.744198116372843721e+00
-5.481211784995308811e+00
-4.217644688366262606e+00
-4.665267871782455167e+00
-4.551120179528242993e+00
-4.762554812945235305e+00
-3.557295644258092970e+00
-4.019223249761631145e+00
-5.996867985736932916e+00
-6.421668462524118937e+00
-1.502082490146058547e+01
-7.996047576357070419e+00
-1.556821168660858667e+01
-1.511050875451853059e+01
-1.432133308488385026e+01
-8.798227393138956742e+00
-7.088767968782512696e+00
-4.227635179133087284e+00
-2.802549445010480866e+00
-3.081886896557243904e+00
-4.761965248984535215e+00
-4.026482158761014674e+00
-3.085964938863056783e+00
-3.851103080851600247e+00
-2.794660590493375452e+00
-1.595058632896223960e+00
-3.340485775606645280e+00
-2.599599006120267397e+00
-8.048727657400585045e+00
-2.637894098593803971e+00
-2.671046302305581932e+00
-3.878803239718910500e+00
-2.940059691768282413e+00
-4.497938421181139290e+00
-3.644048951771013289e+00
-3.288256329290179192e+00
-8.336266163839178844e+00
-6.374002706836755294e+00
-2.802539389026149852e+00
-5.051610154710845180e+00
-5.538125547054088216e+00
-4.735826659576940045e+00
-4.507265128411392041e+00
-2.983282881400798559e+00
-3.955863221778153527e+00
-3.039536430502247644e+00
-3.055124048044097318e+00
-2.354608936705533839e+00
-3.165488577834303818e+00
-3.117311279148055725e+00
-3.327281306558140805e+00
-2.890745699861454021e+00
-1.609931293153116005e+00
-3.804279667970113632e+00
-7.057953498664724101e+00
-4.464856897933580981e+00
-5.865213202476500243e+00
-6.380652304888714710e+00
-3.356410888330373599e+00
-2.881269978822174949e+00
-2.583223692078424616e+00
-3.176454641925731792e+00
-5.611039376930751388e+00
-8.184162635741190073e+00
-4.376615178184522392e+00
-7.314825467782434032e+00
-3.209371734561307754e+00
-4.825428608109874062e+00
-3.619270388324744570e+00
-5.766606052612513800e+00
-3.319450053257455124e+00
-1.654027135948821670e+00
-2.377795551058354828e+00
-4.515988990226911248e+00
-6.270877018034670236e+00
-1.426960155074739056e+01
-1.738158032740652459e+01
-1.201376266946969196e+01
-8.708872498265472828e+00
-6.611578744797651730e+00
-8.547442359404705314e+00
-5.358712753191330336e+00
-3.111197721926256321e+00
-2.873541205895437933e+00
-2.942459768538036702e+00
-3.569304425112554746e+00
-2.353124525206089501e+00
-3.240179080145343171e+00
-2.372538499339980511e+00
-1.998207371709249447e+00
-2.113919591762043915e+00
-2.282482214022229616e+00
-4.015480484491157576e+00
-3.000030795773789283e+00
-2.811047119252831461e+00
-3.895584166790138081e+00
-4.219658326269342119e+00
-5.306624201361392679e+00
-1.516722382059737484e+01
-8.628299905804995618e+00
-3.405442616329839023e+00
-4.452378477030585202e+00
-3.269900675752022590e+00
-2.115980824295798701e+00
-3.780133896142570116e+00
-7.337431306786606378e+00
-7.706927436628941308e+00
-2.760682520446340327e+00
-4.413522087172599306e+00
-3.923812373254910835e+00
-4.044203942304306132e+00
-6.761075739028227005e+00
-5.203997864214479740e+00
-1.065919735326498063e+01
-1.053366822329525121e+01
-6.218990859290358664e+00
-2.405189412343046840e+00
-3.768094192263073960e+00
-6.032747677289115984e+00
-3.735741307722483029e+00
-2.990698887332858380e+00
-7.176718922570597847e+00
-8.345208049283547425e+00
-1.293867471346591635e+01
-8.123981820394108766e+00
-3.882491627369694331e+00
-3.238001107679407742e+00
-4.377437412583464749e+00
-2.584298353518966973e+00
-1.804073878917734852e+00
-2.014034648178745890e+00
-3.514334698694983938e+00
-1.766914508852788224e+00
-4.644057294582059292e+00
-3.801351562703056519e+00
-7.239801343553376789e+00
-7.664642113265618839e+00
-3.146312258540266527e+00
-4.477659966053757934e+00
-2.759223426727094086e+00
-3.235142303225021720e+00
-2.023828844713158936e+00
-4.722999314553558925e+00
-5.579221389994089897e+00
-2.672843285036670569e+00
-1.999968943948373656e+00
-1.864860955130662301e+00
-1.334791240133438972e+00
-3.735765322541503952e+00
-8.505273084485050816e+00
-5.830677530061119107e+00
-5.410739833720863423e+00
-6.210504669711617076e+00
-5.008923698161208193e+00
-5.054124324015003999e+00
-4.462023157425159425e+00
-5.425135010266944668e+00
-5.222428785751503710e+00
-6.324083605711099842e+00
-5.801881431413290713e+00
-3.495014339773916845e+00
-2.531309419543431360e+00
-3.092877977404623557e+00
-5.480908403401696383e+00
-1.375626923740672503e+01
-7.776376709215857552e+00
-3.489894483946859527e+00
-3.444422517772903092e+00
-1.421912958912735059e+00
-1.675275180653772455e+00
-2.001874603320200396e+00
-6.387598797313685850e+00
-4.122207744512566663e+00
-3.862179767826959154e+00
-1.157968162933489786e+01
-9.515782433309244226e+00
-1.976025262063263233e+00
-2.441745030537029404e+00
-5.605414720951459984e+00
-7.234393403854505245e+00
-9.088583286296000097e+00
-3.802125640345400459e+00
-3.924920063755912736e+00
-6.679866109953729314e+00
-3.423322425169218253e+00
-3.359039317304207017e+00
-1.489173247971633307e+00
-7.961059627079390744e+00
-9.966060403825132141e+00
-3.127421376735089797e+00
-8.275725794910092858e+00
-3.426147781578857909e+00
-2.358912455103382655e+00
-2.622251851562927616e+00
-4.470539727321960477e+00
-2.699670401854518786e+00
-2.305064891060574883e+00
-4.700163519451227678e+00
-1.662809237119716732e+00
-1.573070910094586994e+00
-1.362582430395328892e+00
-3.698441634432162672e+00
-2.747197850380336259e+00
-1.388650034169401914e+00
-3.570678830363342549e+00
-3.192950889546928739e+00
-4.029612956000085511e+00
-5.046080491348906349e+00
-3.021213678710434891e+00
-9.827899626781158915e+00
-1.066492972785362170e+01
-7.892300951053101699e+00
-3.927298241046411231e+00
-2.118297923671486505e+00
-3.707529340024263487e+00
-5.041910583632292386e+00
-3.170307748433510042e+00
-4.156476569572547852e+00
-4.313978587398201725e+00
-2.601684762954387775e+00
-2.133448068318014368e+00
-1.809521757571474820e+00
-3.706997905138027960e+00
-1.514804820232549476e+00
-1.469807070485604328e+00
-3.244730642623143702e+00
-2.750551372901841596e+00
-3.711888439820203445e+00
-7.740926280903813961e+00
-1.142750817029069133e+01
-2.183904433900984898e+01
-1.733726707159579306e+01
-1.839598594226850992e+01
-2.308598268352832505e+01
-1.519853190475997629e+01
-1.775928289466090959e+01
-1.803845552945696085e+01
-1.195389527077753300e+01
-1.843918721384813253e+01
-2.008237853488004276e+01
-2.041017487352696236e+01
-8.547101128125129677e+00
-1.170931348245185433e+01
-1.277746466469294440e+01
-1.469887800051327176e+01
-1.282106819050052415e+01
-1.416830468323013292e+01
-1.700350313355491139e+01
-1.408263511322394912e+01
-6.862551265591658733e+00
-1.359018795077101238e+01
-5.493240628563823336e+00
-9.531448920742130682e+00
-8.688710771886423601e+00
-5.802156007492099477e+00
-5.252472640343535559e+00
-7.576335058025653879e+00
-6.515090228266749328e+00
-1.437538491376605698e+01
-6.394499385054117191e+00
-9.483182047902756651e+00
-8.403397840293829191e+00
-1.570055410800705786e+01
-1.704782555699269508e+01
-7.998370755254792464e+00
-8.277004167053469530e+00
-4.086816416813353392e+00
-1.135619261524752943e+01
-1.566923584653536139e+01
-1.934085587935529205e+01
-1.773912064841952230e+01
-1.646345073276541271e+01
-1.459570686799977679e+01
-1.142067061473150424e+01
-8.385831913448477337e+00
-1.178315409558492277e+01
-5.459474530383877422e+00
-1.222420387081896109e+01
-1.156716173427221861e+01
-6.631825992633520350e+00
-6.492380375814274629e+00
-4.755057788582685241e+00
-9.869655287317415926e+00
-4.963356504608924524e+00
-5.780194413014647203e+00
-4.163049806088507054e+00
-6.138121152276100112e+00
-4.877078630373210544e+00
-3.215417320975965776e+00
-4.282462647547806256e+00
-4.001349353232269479e+00
-3.589416523170522844e+00
-9.202397453767444446e+00
-5.209200744003654293e+00
-4.936390720456230063e+00
-7.992530970267658574e+00
-4.953289870410245932e+00
-2.575426428162062020e+00
-5.578588940582563716e+00
-9.153035429519052357e+00
-1.474315188626352047e+01
-9.920378105344303421e+00
-8.384817235471237140e+00
-4.451466575726509944e+00
-2.650162489658702381e+00
-5.106443268869314878e+00
-4.847413739173033420e+00
-4.893015698297866756e+00
-8.007338025168618145e+00
-8.316536429689538323e+00
-6.332977616797574427e+00
-4.147222566618432360e+00
-7.280232490321681738e+00
-2.438507163705455394e+00
-1.821671098938056010e+00
-2.111702686201992307e+00
-2.100242785120051803e+00
-2.115816499877505752e+00
-3.728917618573755366e+00
-3.050378853795528755e+00
-1.708868523279946983e+00
-2.286640242148853197e+00
-3.707894742072318728e+00
-5.299656255806317162e+00
-2.661738105970967716e+00
-2.328569096660744631e+00
-3.610134082863055482e+00
-1.861844335989104815e+00
-2.949480605365519370e+00
-3.220823949716918211e+00
-3.243030944410002281e+00
-2.155225965455560555e+00
-4.595610753531684800e+00
-1.875994132847613738e+00
-1.984952359190712334e+00
-3.543728015831978606e+00
-3.243941264666287516e+00
-5.398504270582866305e+00
-4.254833746164702113e+00
-3.621511894097373840e+00
-7.456938895288282687e+00
-7.624538467350061133e+00
-5.282142725406729689e+00
-2.557598822671331984e+00
-4.668009099985509280e+00
-4.251880941603725539e+00
-4.454355349173386713e+00
-1.485316976411082290e+00
-2.254185096970408253e+00
-2.567083967772136877e+00
-1.779830379025162834e+00
-2.372680393898944473e+00
-2.457025413797348179e+00
-1.391031170485814705e+00
-3.372782633593392809e+00
-2.565597789185909861e+00
-2.388687990626469748e+00
-2.618210377604962336e+00
-6.623029781018889395e+00
-1.415886558940641748e+01
-9.823727851775757358e+00
-2.799585650943702042e+00
-2.783957641246731285e+00
-1.908846921628851723e+00
-9.893606145574808108e-01
-2.125639530059402205e+00
-2.003742833971652093e+00
-2.364980605746128450e+00
-2.154088825646858663e+00
-3.419115736477936096e+00
-1.758513097906498901e+00
-2.140843459853502218e+00
-1.800779857668650008e+00
-1.758226400193063199e+00
-1.810584241841789899e+00
-2.472568715201777678e+00
-1.635771950641359496e+00
-1.496153977109129674e+00
-2.402820398207137220e+00
-2.044748156118017857e+00
-1.520803273508450459e+00
-1.370174458084572278e+00
-1.749973008535059549e+00
-2.154767318981000379e+00
-3.759765464241674682e+00
-1.284680429427413006e+00
-1.658989699118929018e+00
-1.754852072895746851e+00
-2.714246813043411866e+00
-1.689185557050378428e+00
-1.401494688881251394e+00
-6.897622175063970573e+00
-2.651832946941029778e+00
-2.097596042848623554e+00
-1.704593044855355455e+00
-3.090947032049176091e+00
-1.823839441258763516e+00
-4.444117106075063717e+00
-1.829136896031535731e+00
-7.792565996788890281e+00
-1.835511773059557594e+00
-4.615810919799979040e+00
-7.107765195405063352e+00
-7.693431380689371046e+00
-2.858321649504747874e+00
-4.060558145569845401e+00
-1.916268387296072406e+00
-2.279977307671835263e+00
-1.441444411042656748e+00
-2.387902985198707473e+00
-1.929897667611756074e+00
-1.695744955733964776e+00
-2.463145570591243949e+00
-2.527922596403447297e+00
-2.910056317031199047e+00
-2.610134444294617939e+00
-3.044721711567437428e+00
-3.049313937917531359e+00
-3.017259883756188366e+00
-2.431783959432512798e+00
-3.258841245230617467e+00
-1.012900550493258578e+01
-1.559633056886245939e+01
-1.343853725792687470e+01
-8.351173379358142412e+00
-5.567126330686924085e+00
-5.255687052134110360e+00
-2.798295096977194252e+00
-3.913697763488600323e+00
-3.278970898746464968e+00
-3.388672921601120880e+00
-2.708663739607013454e+00
-3.189637357178116694e+00
-2.969273049244496310e+00
-2.158623684020896327e+00
-3.896257285908272028e+00
-6.595918363939010653e+00
-4.328634484242921410e+00
-4.636542670642445962e+00
-4.750716838025363487e+00
-5.785460526463624298e+00
-2.988558000505287637e+00
-2.888617127934546058e+00
-1.947068120181208783e+00
-2.499421627246063871e+00
-2.769138044402848386e+00
-3.371364910382522950e+00
-4.330940396954703786e+00
-2.345407750402026981e+00
-1.815612834486527216e+00
-3.896393380189872691e+00
-3.023536747250028078e+00
-3.248637086388026951e+00
-2.173622834496486522e+00
-2.059340197995313648e+00
-2.064075870103772026e+00
-2.631391067627358638e+00
-3.066909861147501637e+00
-2.803580351156393924e+00
-5.836658708397213680e+00
-8.657748200003332784e+00
-2.443674151660228500e+00
-4.012663381568257748e+00
-3.567439843823542844e+00
-2.237778166291043203e+00
-2.968874589048625445e+00
-2.060895789501084874e+00
-3.897361981393050012e+00
-2.618999748610899125e+00
-2.484453048346303650e+00
-3.003473566475857393e+00
-2.583208676627409606e+00
-5.779573180271122546e+00
-2.839328445842784543e+00
-2.789950375307809427e+00
-1.486408898436200943e+00
-2.579448558568114169e+00
-2.087278390070953726e+00
-2.161630682250216484e+00
-1.628149154981665347e+00
-2.132620103411537738e+00
-2.040134086698406346e+00
-2.971253833601170680e+00
-2.435830668192019210e+00
-1.707103916293030599e+00
-2.049271049360672059e+00
-2.925781532364789772e+00
-7.373723197624131309e+00
-8.978207305547464046e+00
-4.176016135743632951e+00
-2.531000241223488878e+00
-2.672501479948551140e+00
-2.441375227463813857e+00
-2.245821394176727548e+00
-1.916937263712335415e+00
-7.398987153880511869e-01
-1.327583231715141698e+00
-1.088798167358149049e+00
-3.618287086682723253e+00
-3.439730828995393175e+00
-2.096493554267203852e+00
-2.862295039315246648e+00
-3.837850087166323920e+00
-4.177074148316433977e+00
-4.227748090519481750e+00
-2.594629208237632767e+00
-2.480920395655837662e+00
-3.660923507764446416e+00
