-7.792298783096941683e+00
-1.657165866057573567e+01
-1.014644181841555159e+01
-2.779643602490581245e+01
-3.470753106994169457e+01
-2.995670612624651952e+01
-3.184682535289417515e+01
-7.559800008293776408e+00
-2.503253718911056680e+01
-1.729300303596441424e+01
-6.395196539523227308e+00
-7.179345063806356286e+00
-1.093264411164929406e+01
-5.871117340575696453e+00
-5.078288034068289214e+00
-6.461909144294223140e+00
-7.749010784679150277e+00
-1.179853330616314722e+01
-1.589875248889777382e+01
-1.465677792517929490e+01
-1.793664586222534751e+01
-2.711662743905715445e+01
-1.151032520222597100e+01
-1.695610363303736179e+01
-1.452497457238483669e+01
-1.430116580777222346e+01
-1.327990883356502216e+01
-1.098697072192068092e+01
-9.613443397635478505e+00
-1.071515806748846167e+01
-7.985271012945250213e+00
-7.234921827455046639e+00
-1.262555046730917674e+01
-1.043542516216670712e+01
-1.110465152783980791e+01
-2.473964602039822935e+01
-2.832835475974816930e+01
-2.678913587131580343e+01
-6.668218505515894456e+00
-1.479981521766130825e+01
-8.964070517879072497e+00
-1.289417545240600660e+01
-1.350327318211413541e+01
-2.922276456715714943e+01
-3.110545086872436116e+01
-2.736007751250664199e+01
-3.043035181567730518e+01
-2.329726379836678518e+01
-1.969964175619352531e+01
-2.828207409419461982e+01
-1.718610332734238355e+01
-2.068728009033052828e+01
-2.828958238679307513e+01
-2.326746940608718006e+01
-2.278534102922954219e+01
-2.924133821003977118e+01
-2.777246719261770025e+01
-2.716828442372830210e+01
-9.123509400330698682e+00
-1.479451439297811532e+01
-1.389894734604558657e+01
-1.009116439828363454e+01
-1.022633609555154877e+01
-8.633125845718625513e+00
-8.488226312238301929e+00
-6.956382583590253965e+00
-8.212043614578858453e+00
-9.954871549093910588e+00
-6.782688652989194544e+00
-8.202259189251311255e+00
-6.574063567026749766e+00
-5.298680798968041117e+00
-4.239960339189760674e+00
-6.041838592036638644e+00
-8.051330972371237849e+00
-6.464483352442698560e+00
-4.711747817894461399e+00
-4.286880841947554366e+00
-2.859446902099661347e+00
-2.987894179740584022e+00
-4.836135025968374634e+00
-4.489810678266615618e+00
-4.307679216527191990e+00
-3.962303094073313492e+00
-2.717303856186055189e+00
-5.850898614272280973e+00
-6.553399205874949729e+00
-5.854305590251726699e+00
-2.760524074148072327e+00
-5.613203009312905500e+00
-6.136047060036864842e+00
-6.332029055386976246e+00
-6.289340939661387964e+00
-3.636214254583906680e+00
-5.328753426589750930e+00
-3.593375050932855252e+00
-2.643872498095389378e+00
-3.733020519368203782e+00
-4.355314584107207843e+00
-5.077997355337012131e+00
-2.498970187140875598e+00
-3.637502784513487963e+00
-8.912529141234706742e+00
-4.646706958802188758e+00
-4.876633240450951590e+00
-3.650813235174168891e+00
-1.011014021837269894e+01
-4.024190940828595409e+00
-3.491683088997142637e+00
-3.774842714090087092e+00
-5.258222202505346665e+00
-3.784787272584259288e+00
-9.683365240464937074e+00
-3.518653556671214933e+00
-3.686965522612881685e+00
-2.175901487203739215e+00
-3.164005131106694790e+00
-7.188725995777490496e+00
-3.067154945867768934e+00
-3.592268906958627550e+00
-5.965540044206862902e+00
-3.880992755119233806e+00
-2.616929215390989327e+00
-3.357840525677890042e+00
-2.432312200841463490e+00
-5.985143395978222536e+00
-9.897181909188271121e+00
-2.773700585765052296e+00
-3.722415266431327918e+00
-5.600143583471385966e+00
-6.617532203494128851e+00
-4.997457711292851990e+00
-4.151210248887117871e+00
-4.160836843694064591e+00
-4.506819624969526927e+00
-4.744694197665363156e+00
-4.847786840597830604e+00
-5.339140785671284029e+00
-1.495174095267695291e+00
-2.281251701600799819e+00
-2.695791811662640480e+00
-4.388001573556902457e+00
-1.441788442178389085e+00
-1.276965252696246500e+00
-1.154121095924498741e+00
-1.691924400161841202e+00
-4.461192702525926812e+00
-4.782326648602348129e+00
-2.729211403334916852e+00
-4.995473800641954121e+00
-2.126928108451811905e+00
-1.851590278295015324e+00
-3.099429082851100858e+00
-1.385196542035053602e+00
-4.737480308548736474e+00
-1.934622970949164245e+00
-4.032323651436822587e+00
-4.671110307579763976e+00
-7.686457601662514350e+00
-2.048762869130734021e+00
-4.783562073837804185e+00
-3.866699019582510832e+00
-3.353788602073493941e+00
-6.843047882509777580e+00
-1.283435424469964836e+01
-3.889075060494210589e+00
-7.512347682660005077e+00
-3.058713150885236320e+00
-4.496453425048547281e+00
-7.951410209452395961e+00
-5.534414372347400857e+00
-3.418300420371355397e+00
-5.395157046381729771e+00
-6.857786913444039456e+00
-4.554328364501417425e+00
-5.851415213962128270e+00
-4.668523945831977606e+00
-5.783591916417759826e+00
-3.832761256912730286e+00
-4.739878041611373050e+00
-2.609205002474931145e+00
-4.405423613688900453e+00
-1.286933950093042789e+01
-3.491501817108142003e+00
-4.253418261762901942e+00
-2.222715453852993406e+00
-8.969631480892640951e+00
-1.816955038525839283e+00
-1.008080087058302965e+01
-7.290480629875432328e+00
-2.374430035806373684e+00
-1.087151314818702375e+01
-1.100888712373557965e+01
-6.800418715306044248e+00
-6.058157565583806914e+00
-1.049465403446523659e+01
-6.570545274582806350e+00
-6.790314493736980594e+00
-3.752276270372111533e+00
-3.788113353910027570e+00
-4.310093971262129564e+00
-4.019467019731903790e+00
-2.196954412518243860e+00
-5.495046095819014376e+00
-2.219139990776839433e+00
-2.593618227544786770e+00
-1.602358570381487546e+00
-2.910035023518988240e+00
-2.737859071569957337e+00
-3.524155293161926217e+00
-1.097220944066359394e+00
-2.565218692137179346e+00
-2.838301563024255625e+00
-1.889705522776752744e+00
-4.697092692259998259e+00
-1.786679137528841776e+00
-4.256318714629067301e+00
-2.078446780065176025e+00
-3.906651253591127748e+00
-2.544626608932176737e+00
-3.741495585596808393e+00
-1.364280880308721411e+00
-3.223350031320875608e+00
-2.226541319987918044e+00
-2.399427033599583758e+00
-2.309290977389735655e+00
-2.566010087442300858e+00
-1.727268193684406539e+00
-5.475111987481606768e+00
-3.882331039015783247e+00
-3.351658436741574487e+00
-2.378145285594678082e+00
-2.211724958409224673e+00
-6.390010422996981632e+00
-6.383950101106218966e+00
-3.087564570876385250e+00
-3.560443216676757672e+00
-4.976727468501065843e+00
-5.361355103718246085e+00
-6.015917340154961046e+00
-2.404437107950546881e+00
-2.185383023097896782e+00
-9.852854814673992934e+00
-4.882283262920397604e+00
-3.142393302249933740e+00
-3.050741246274871976e+00
-4.311108027886239924e+00
-4.048621612486937416e+00
-9.009123062380918867e+00
-5.079387729356621861e+00
-2.689812129836866905e+00
-4.613251083312612799e+00
-5.243264300350936935e+00
-5.126745383635261888e+00
-6.405694785593772700e+00
-3.258942379249219368e+00
-4.059272431208539089e+00
-4.574419980809451225e+00
-7.662213007436355916e+00
-7.589749731179428416e+00
-1.884627974355262969e+00
-4.322370114307649835e+00
-3.271570299083484734e+00
-3.737892247064959594e+00
-5.234576187934946390e+00
-5.713540264694656479e+00
-5.001417147070671199e+00
-2.866186028531451768e+00
-2.977907046006529335e+00
-3.255129715904425680e+00
-2.800405778068491891e+00
-2.787244713402295737e+00
-1.740673695301207857e+00
-2.779545759061889498e+00
-3.889555347314874734e+00
-4.965892393175083797e+00
-3.040862029201807815e+00
-2.400943238064221941e+00
-1.978626007078778670e+00
-3.439603047065662000e+00
-2.775345502653495000e+00
-1.644838503674838748e+00
-2.602112452914083107e+00
-2.780916023110545421e+00
-5.128305618689639189e+00
-1.939275021582242520e+00
-2.307711755530167608e+00
-2.733708572703712036e+00
-4.343587824335181757e+00
-2.915374568708475778e+00
-3.878386152151762190e+00
-4.462494686815138500e+00
-3.942240696382950826e+00
-3.410184394603835045e+00
-4.792267034764886802e+00
-3.591548016458335546e+00
-2.401276380104387265e+00
-2.876202630407534766e+00
-5.308638710012458795e+00
-3.717291466124114319e+00
-4.211603163291139040e+00
-5.000254291523186900e+00
-4.565279037133014306e+00
-2.979009556684678817e+00
-3.534646772284606442e+00
-2.179252887665964700e+00
-3.057009346669284700e+00
-1.301172442337967805e+00
-1.711023338127038551e+00
-3.589884230961075673e+00
-1.881988919141756256e+00
-1.719979764383764209e+00
-1.963879640358061174e+00
-1.954305814362806482e+00
-2.446848096700251496e+00
-1.650662494118844581e+00
-3.454434064206207466e+00
-1.576537004970574474e+00
-2.482775061391691018e+00
-1.625018239335186854e+00
-1.770694014515456161e+00
-2.327962551298319305e+00
-1.540707636090968613e+00
-3.447973881742648405e+00
-1.774547856299991011e+00
-2.937234599858856932e+00
-6.185544248749210716e+00
-2.949375402366108734e+00
-4.139373982835743426e+00
-7.777261430441751777e+00
-3.151435560217417997e+00
-4.602936035638757417e+00
-4.018092051890651106e+00
-3.864012549247257233e+00
-3.410548342776321906e+00
-4.321646516129720617e+00
-7.164422473121440760e+00
-7.322606035612716724e+00
-6.265795478624449188e+00
-2.532080976588573673e+00
-5.222196431969579500e+00
-5.553977536599528086e+00
-3.802857560209004006e+00
-4.606402533410856037e+00
-4.512793758430753144e+00
-5.787706023017163304e+00
-7.070896108300338767e+00
-4.727861340008132629e+00
-3.055254279486237845e+00
-3.243775281797329768e+00
-3.782804108881957728e+00
-5.141463332665660246e+00
-4.202903205018431620e+00
-6.616986425022542306e+00
-6.542164597847358820e+00
-5.695713006822522573e+00
-1.736659518188075069e+00
-4.373084476405903587e+00
-2.120507288390939049e+00
-5.559459495393361372e+00
-8.092301578413062302e+00
-4.778739870580221982e+00
-6.389619921502892375e+00
-2.094786569298106471e+00
-8.578946227466724750e+00
-1.071582612602377438e+01
-1.643709907563627226e+01
-1.347144159782614281e+01
-1.362581115847545732e+01
-1.353916239985883152e+01
-1.333813850032782256e+01
-8.684096953817839193e+00
-7.461445133092516002e+00
-1.265103459155277932e+01
-1.996360979367564426e+01
-2.275324910286435909e+01
-1.950059313904721137e+01
-1.360633418136599460e+01
-9.549247450392753578e+00
-7.188897478472245695e+00
-3.687978737600953849e+00
-1.401357460279846201e+01
-1.033553620117660365e+01
-7.482102072784567959e+00
-1.229619423475414486e+01
-1.703002808854328620e+01
-1.624500020367852571e+01
-1.176409827408814834e+01
-2.081653443925142355e+01
-1.552197445766771011e+01
-1.995625607655537692e+01
-1.602484396215991325e+01
-1.526449710612671851e+01
-1.365336088094685785e+01
-1.476541537429956819e+01
-1.529085253274939582e+01
-1.280287027354823337e+01
-1.172962659717615530e+01
-2.754491282362032223e+00
-3.502674315298749619e+00
-3.054663614708939434e+00
-8.919162868065912519e+00
-9.104941455183269028e+00
-3.203574351777848772e+00
-7.104314049794304253e+00
-2.748814816735021260e+00
-3.997818338762813006e+00
-4.404105519388486378e+00
-3.451455602364543740e+00
-4.905396225319065273e+00
-8.824045080508051697e+00
-8.796248382146991673e+00
-3.904001930273492071e+00
-4.390949868139386147e+00
-3.246229813049140489e+00
-7.953151682499182584e+00
-4.589333513499973982e+00
-7.516166369010065296e+00
-4.329002160065912541e+00
-5.728709773864546939e+00
-1.036877286040708590e+01
-8.182619165054953569e+00
-5.506306945114957330e+00
-7.827971219741733933e+00
-7.001217270313236263e+00
-1.088814754083154135e+01
-1.087070788201151395e+01
-8.566490700085262588e+00
-6.808235948994148856e+00
-1.301546717625589800e+01
-1.113992839882852159e+01
-6.294633602879343925e+00
-9.638926069815749731e-01
-6.473686509476507034e+00
-2.344411250182629303e+00
-6.062119693972823242e+00
-4.390918750279582561e+00
-2.614939194750481644e+00
-2.185382739381857231e+00
-2.799463156112766526e+00
-2.306862957228066779e+00
-2.755166181002834946e+00
-2.170383036431083656e+00
-3.034986693389039480e+00
-2.925612300176522407e+00
-2.486308289497680235e+00
-2.903721869473631756e+00
-2.997282708241434168e+00
-3.008532464056155487e+00
-2.063355955749178960e+00
-2.626254222104707381e+00
-3.740165993374026332e+00
-2.579411341653568890e+00
-2.546669674017123963e+00
-1.948040305904224390e+00
-2.600076331582814593e+00
-1.896007578800420701e+00
-2.304367850271285434e+00
-2.761363077563523838e+00
-2.712702469537958905e+00
-1.900316026846095241e+00
-3.417569299915185432e+00
-2.610279584051191648e+00
-1.765102337639941954e+00
-3.382139355112915968e+00
-2.661191923616103239e+00
-2.074302753807894195e+00
-2.975038413005167026e+00
-3.667493864757421562e+00
-2.337983111342290421e+00
-2.919310080552462772e+00
-2.639662826040070964e+00
-2.055380201611279656e+00
-2.635263455880040961e+00
-2.493217920445928382e+00
-2.269519006021951668e+00
-3.283861023369357479e+00
-2.090817058485081148e+00
-3.833425109771774419e+00
-3.142771062343323596e+00
-1.283699205459692738e+00
-1.456968993267724333e+00
-2.992726203653361061e+00
-2.849830407148302935e+00
-1.411165245783828848e+00
-3.152500462882798615e+00
-1.757781520492823546e+00
-2.742213998777848882e+00
-1.658196077596889140e+00
-1.760317230317278714e+00
-2.348439641597474647e+00
-2.164243423591822868e+00
-2.103256694329901144e+00
-1.174416386312200355e+00
-1.902382019370065347e+00
-2.416297090753315668e+00
-1.327751813985818874e+00
-1.692360086761200311e+00
-2.312286234770017934e+00
-2.367260156910832247e+00
-2.131939500248356545e+00
-2.622064243734466782e+00
-2.663920850503957105e+00
-1.978278064830065741e+00
-2.884687552544736633e+00
-2.366594165903415536e+00
-2.291422473536649740e+00
-1.163042792561705729e+00
-1.278541196849916961e+00
-1.866770985065516752e+00
-1.654408552369546426e+00
-2.079437159990246364e+00
-9.396329203700127808e-01
-1.258110359045212068e+00
-2.338454272419367541e+00
-1.339994773869177980e+00
-1.442838603828361155e+00
-2.029121313488966738e+00
-2.025297749572517514e+00
-2.332374825040167909e+00
-1.645841413722125779e+00
-2.599568025352371414e+00
-1.332201574539951361e+00
-2.228163205853748163e+00
-1.986402107579628318e+00
-1.372705163129319894e+00
-1.549063852428417043e+00
-1.596330779497165286e+00
-1.431671149217926375e+00
-1.898652461280913917e+00
-2.159852857543706151e+00
-2.497775892366847827e+00
-1.834992772099792502e+00
-1.835321226078032941e+00
-1.611180533602209808e+00
-1.940203229952428554e+00
-1.619514384148629693e+00
-1.435537832540625613e+00
-2.031845520898825530e+00
-9.744962810485865434e-01
-1.722065530916556009e+00
-1.341679145292546504e+00
-1.460239497540644082e+00
-1.973101207683916281e+00
-1.984203299552234734e+00
-2.537025976409166717e+00
-2.291402630711518729e+00
-2.021467626387353445e+00
-1.999716196880381158e+00
-1.831261673270668799e+00
-2.477499765094677286e+00
-2.565833329689246156e+00
-1.855234637031540457e+00
-2.633869434265731169e+00
-1.629011232183238622e+00
-1.648262694783337423e+00
-1.394068508308090815e+00
-1.977283758550168580e+00
-3.081470983709135858e+00
-1.588251810158501032e+00
-2.047853611966293119e+00
-1.429195407394236783e+00
-1.486795095761417773e+00
-1.670980074457374398e+00
-5.166679709289224931e+00
-3.214367120961778124e+00
-2.265960245317850674e+00
-4.429175798537621667e+00
-2.915252833527054666e+00
-2.509514323189799168e+00
-2.642345172335736514e+00
-2.604439969010937439e+00
-3.778535221994417270e+00
-1.908410670336000203e+00
-1.579279380110109265e+00
-2.081013766482190164e+00
-1.779456680649929456e+00
-2.085307763191916131e+00
-1.909313178839367575e+00
-2.325451417604055937e+00
-2.688508297470288522e+00
-2.488639115876962293e+00
-2.498998985421467811e+00
-1.494056214875920441e+00
-2.093284715335142820e+00
-2.205723161916813169e+00
-2.935496588479034497e+00
-2.208277723480776000e+00
-2.443887841509709169e+00
-1.774213385631387530e+00
-2.397278689736058510e+00
-2.238421435303656448e+00
-1.910021949730219104e+00
-1.865205725098917133e+00
-1.788807142932723249e+00
-1.199970512450518889e+00
-1.365406813566063526e+00
-1.508873836642134370e+00
-1.778941987486100773e+00
-1.714303173560929983e+00
-1.984812233117944746e+00
-1.763402218468485438e+00
-1.894296671483501004e+00
-2.717300883194434746e+00
-1.506771222852073100e+00
-1.758567968566073780e+00
-2.535676633443642025e+00
-2.257840311499524688e+00
-2.621630372355273852e+00
-2.869396379790871698e+00
-1.859993067242652343e+00
-1.927501601436789391e+00
-2.897030043236737740e+00
-8.211239490386496698e+00
-7.573598805289066149e+00
-3.776107358956081406e+00
-2.052209979306366172e+00
-2.315906983800562369e+00
-2.714609366212836772e+00
-2.630776304781651476e+00
-2.406760099992278690e+00
-1.745025327683546568e+00
-1.350650728484670049e+00
-2.232740612604785291e+00
-2.470075812147633609e+00
-1.699424323678452087e+00
-2.988541239184310250e+00
-1.405551617277862375e+00
-2.750899971900529373e+00
-2.427036133888401892e+00
-2.140573987594440286e+00
-2.174400981264240418e+00
-1.566540388286231877e+00
-1.224921612865634390e+00
-2.336931517917962609e+00
-1.428024877103002632e+00
-5.469059187263233035e+00
-1.693260402477512860e+00
-2.362365372210536218e+00
-1.727522111366929014e+00
-1.117852885882983482e+00
-1.800661661118983403e+00
-1.626781837684813992e+00
-2.138507944396716542e+00
-1.743153701609104544e+00
-2.253210669950056477e+00
-1.638968328720306733e+00
-1.558054717919894250e+00
-2.256497495870812386e+00
-1.946888227500329638e+00
-3.067062809984475891e+00
-3.930887559218988248e+00
-3.649907918369563298e+00
-4.830800781932389043e+00
-4.194186439291390123e+00
-3.717961640626682662e+00
-2.665472858858029870e+00
-2.478379232211675554e+00
-3.280810789902778080e+00
-2.310391048510269663e+00
-2.346222265866122036e+00
-3.505361450308658533e+00
-3.020517872342866283e+00
-3.289277917116153027e+00
-2.313521981863285504e+00
-3.142594182088685795e+00
-1.627601761564447802e+00
-1.679759294338711184e+00
-9.643928433001546230e-01
-1.231111713440421251e+00
-1.849091238134376480e+00
-4.695623434307322874e+00
-1.632515687373571334e+00
-2.320926234338033911e+00
-1.847683425597366202e+00
-1.401900698418904190e+00
-2.074609746660521115e+00
-4.229535552776207297e+00
-2.006961130919534764e+00
-1.235261603649715489e+00
-1.530537259714167542e+00
-2.201203402804215781e+00
-2.552920027840694939e+00
-1.696116115386329559e+00
-1.727543051187316658e+00
-1.576027746039483590e+00
-2.280037871167895691e+00
-1.866577225679725283e+00
-1.447583745324604987e+00
-1.436732211900076051e+00
-1.478870965901154300e+00
-2.092260870324007094e+00
-1.370079938756554760e+00
-1.877956552760008613e+00
-2.085874690116590990e+00
-1.488758134977626213e+00
-1.957354962080717353e+00
-1.564370767826251285e+00
-1.315658667918746083e+00
-1.606294604419954419e+00
-2.063779113347778971e+00
-1.741968059419269022e+00
-1.830297959591692392e+00
-1.598739402491829553e+00
-1.300545811017303821e+00
-1.338552338191862034e+00
-1.290308430912304294e+00
-1.015972783505642685e+00
-1.166465274466291557e+00
-1.115555394772152820e+00
-1.509023239665511884e+00
-1.190194896828764559e+00
-2.356719618352984824e+00
-1.545702236707950705e+00
-1.588950379458411000e+00
-5.533106566537048465e+00
-3.576803236130830399e+00
-2.357081860308757992e+00
-2.466740192824207423e+00
-1.309291529297336609e+00
-1.420767269778281383e+00
-1.095934600812262794e+00
-1.556075448126505556e+00
-2.715249486245218336e+00
-2.067114841852273788e+00
-1.926930179661613174e+00
-1.200133953967083666e+00
-1.406807511972685054e+00
-3.464990896014715549e+00
-1.654904472714723962e+00
-1.841802338961739727e+00
-2.498318596285849402e+00
-3.152844327705475624e+00
-3.248059779313508866e+00
-2.900106018439190247e+00
-1.522264495437787524e+00
-1.592645511805319325e+00
-1.610626802737293195e+00
-1.421165093088939235e+00
-2.196254467832361001e+00
-1.518499088019962695e+00
-1.017258810317805295e+00
-1.510608170852797860e+00
-2.103827025646724636e+00
-2.498367887528791353e+00
-1.911659531146223667e+00
-1.519546928851738921e+00
-9.543718412951746055e-01
-1.312116433221116374e+00
-1.460991631387024814e+00
-1.587982879386494073e+00
-1.232743219755059849e+00
-2.247781425815218892e+00
-2.635602393892634066e+00
-2.780264367852663732e+00
-2.982492134243635462e+00
-1.988285065543650365e+00
-2.046101658037564164e+00
-2.783908291324732609e+00
-3.061672816417465803e+00
-1.146907946185567795e+00
-1.200676842728791271e+00
-1.605337331455806593e+00
-1.617098662644187890e+00
-1.207233377494412396e+00
-1.196745973695036769e+00
-1.288326540466970371e+00
-1.328997453531091777e+00
-2.696145751938350266e+00
-1.273558050637682681e+00
-1.318725156393605991e+00
-2.495908441450789716e+00
-1.753735159696771628e+00
-2.421086497606753873e+00
-1.963403979349467532e+00
-1.321490952456381596e+00
-1.323211378448177822e+00
-2.036484096307673575e+00
-9.414626083707345883e-01
-1.477176783891795742e+00
-2.436736955555386164e+00
-2.961550890811416092e+00
-1.825694250093477189e+00
-1.374385700067108029e+00
-2.040508865839319785e+00
-2.232938276311686288e+00
-9.005609960803171443e-01
-1.095745660454175097e+00
-1.801679439273676575e+00
-2.617358279364605522e+00
-1.152848020617965430e+00
-1.287465765654037808e+00
-1.319703636778056133e+00
-2.567856077052449226e+00
-1.298591914135051262e+00
-1.294197522400938771e+00
-1.226766807936721548e+00
-1.597939872329749544e+00
-1.753464730715470044e+00
-1.259424277070586351e+00
-2.282839396136335797e+00
-1.512103000590141244e+00
-1.137761718172391134e+00
-8.348627400199897242e-01
-9.339296634103063655e-01
-2.191621199229621730e+00
-9.300474421392238566e-01
-1.066501551483415300e+00
-1.737881386170528231e+00
-1.419622715430091109e+00
-2.059532121253110581e+00
-1.536438632106531310e+00
-1.310110785834037284e+00
-1.045853624953755112e+00
-1.184862582632492334e+00
-1.027238188271828889e+00
-2.637485793663882028e+00
-3.572389297832704091e+00
-2.797011575889168267e+00
-1.189542793696017897e+00
-2.413349781797753391e+00
-1.906474316050088103e+00
-1.374177830756667440e+00
-9.214381672486569030e-01
-1.599616715325900440e+00
-1.336702013767308905e+00
-1.382987419219442238e+00
-2.164299390326608563e+00
-1.687871585410407826e+00
-1.698697717815511155e+00
-1.710075813698256342e+00
-1.307980279698043757e+00
-1.495040165522258935e+00
-1.277627436492655200e+00
-1.856777889410486493e+00
-1.354638342301994314e+00
-1.722161586167214598e+00
-3.101702640197444349e+00
-1.996828387274605987e+00
-2.283229344286432205e+00
-1.730388387613982282e+00
-1.684773505262807003e+00
-1.561120968529744246e+00
-1.759579339124087705e+00
-3.586952443304005644e+00
-1.463501383387608934e+00
-1.480154410009375310e+00
-2.390450661205026250e+00
-1.827952023961695316e+00
-2.651902206732293266e+00
-9.045933521654108134e-01
-2.355633868647860396e+00
-1.671599019790587226e+00
-2.290768896048372305e+00
-1.455779016065892106e+00
-1.784762027715838695e+00
-1.924930097028366038e+00
-2.264429821163608914e+00
-1.339966627831935542e+00
-1.010673129878711274e+00
-3.127575247952693704e+00
-2.019839021895382558e+00
-1.787746478435558561e+00
-1.287873970761065356e+00
-1.522529471756095099e+00
-1.760996763766069506e+00
-2.338213654536891895e+00
-1.756738863659714989e+00
-1.260845817688147186e+00
-1.562061968185910921e+00
-2.395321285273499523e+00
-1.209989503459465654e+00
-1.289647268054089357e+00
-2.296832614705743847e+00
-3.044001877404710843e+00
-2.273670909561124276e+00
-1.416604283709522072e+00
-1.025877804424317752e+00
-2.103582920471786633e+00
-1.879800292653727833e+00
-1.889520394032289108e+00
-2.319526862275921975e+00
-2.216637972872044671e+00
-1.614379462069130522e+00
-1.996432557702912058e+00
-2.531377157014499168e+00
-1.440053083479531537e+00
-1.236420894199400378e+00
-1.326314508894363087e+00
-1.388248512489931086e+00
-1.116022824600218399e+00
-2.091356404498581512e+00
-1.622175518271208983e+00
-2.137981310959936376e+00
-2.192704292389560550e+00
-1.946649554220633904e+00
-2.557490379041781114e+00
-2.793854971738075399e+00
-2.066521371799168172e+00
-2.811979405317202474e+00
-3.088428417903282597e+00
-1.991369093853760042e+00
-1.870030285919438207e+00
-1.153969020291226055e+00
-2.114722892920442909e+00
-3.015765205241516256e+00
-3.119804954245875894e+00
-2.889059320206456505e+00
-2.601654045818877936e+00
-3.289234743558031582e+00
-2.155745244098867364e+00
-1.126838901842879936e+00
-2.563916954292810413e+00
-1.404099311103981451e+00
-6.603242683219454623e-01
-2.447327648136890410e+00
-4.051788542135962068e+00
-3.364338494413244174e+00
-2.660976798915294594e+00
-2.776418066301152621e+00
-3.920614529381058144e+00
-2.958878462046279356e+00
-4.013249628276563286e+00
-1.962331244728316548e+00
-2.443806102120021251e+00
-2.059039110398719341e+00
-1.893781725845166353e+00
-1.811202118513203008e+00
-1.854151780496008595e+00
-2.203602928232353264e+00
-1.070818136000008858e+00
-1.291248822095346860e+00
-9.874459015819780916e-01
-1.510039783703781113e+00
-1.414231490763893762e+00
-2.177461769642713207e+00
-1.774319455647513255e+00
-1.389782860050912117e+00
-1.455892325032901891e+00
-1.494955417587834789e+00
-3.419271190540207339e+00
-1.522039651100875357e+00
-5.970199930069268746e-01
-3.143062862128180868e+00
-1.323042878643312603e+00
-1.106049794514022189e+00
-1.115603225453961844e+00
-1.818068382580474429e+00
-1.158629199893431494e+00
-1.630468431671330709e+00
-1.064392899239219537e+00
-1.472709135204265163e+00
-2.016013572759815187e+00
-1.209366393009953633e+00
-1.898617355455601841e+00
-1.871454626558389789e+00
-1.253900121256357858e+00
-1.671183336669866071e+00
-3.020362516181135604e+00
-2.088974862034709723e+00
-1.742305938376066177e+00
-1.680795116465068073e+00
-1.432360471833559634e+00
-1.631287334460643335e+00
-1.264227483436113353e+00
-2.060120357130797331e+00
-1.832907784866152134e+00
-1.224960829490800984e+00
-1.813440132317863718e+00
-1.757998383619279403e+00
-8.795704947008701202e-01
-1.969591795693727221e+00
-9.629685993171762659e-01
-1.261926420641724889e+00
-1.766104264625572906e+00
-1.247778227130796003e+00
-1.325151214016526247e+00
-1.348827542560741000e+00
-1.002913797018897046e+00
-1.185324598030756738e+00
-1.366043588354383109e+00
-1.656699072600119615e+00
-8.915379464046105928e-01
-1.155153607045830588e+00
-1.094651812837045046e+00
-1.371378868959385766e+00
-1.124136543515307674e+00
-1.367644726256237231e+00
-1.454003991768592297e+00
-8.471801030959638101e-01
-6.074331948500243383e-01
-1.070976951296329860e+00
-1.503853864520173333e+00
-1.219146993793328360e+00
-1.219774359446206935e+00
-8.845720840934409024e-01
-5.844572673507762994e-01
-8.690263507784913299e-01
-1.354727070958922974e+00
-9.938597191716556090e-01
-8.512250567020314129e-01
-1.225389998493290999e+00
-9.453762206310497573e-01
-9.760641213461221932e-01
-1.144056418717511070e+00
-8.466309264338266471e-01
-1.092812089877805759e+00
-1.099221397269631861e+00
-1.304872332305556881e+00
-1.002508616043881418e+00
-7.451280182497215243e-01
-1.410524764733025682e+00
-9.278312429322239652e-01
-1.242007112658818357e+00
-1.058697949616897560e+00
-1.175988332884205345e+00
-1.447775557373154776e+00
-1.103932296577205374e+00
-1.455929082897507776e+00
-8.315813944329213392e-01
-8.798814360185823746e-01
-1.267584768031021936e+00
-2.049157469363439343e+00
-1.095715147122509281e+00
-1.114515665014126133e+00
-1.203007149987711966e+00
-6.089685372763298243e-01
-1.416632048285144663e+00
-1.093258075424343945e+00
-8.693107169927716260e-01
-1.233976235980601688e+00
-1.420659012868506599e+00
-9.255753621742643933e-01
-1.411102964680072347e+00
-1.721391451194376199e+00
-1.426093632669672040e+00
-1.032588879071442367e+00
-1.026210664632101643e+00
-8.523186340634927305e-01
-6.977248490037870621e-01
-1.461599254654732505e+00
-1.049511216158719229e+00
-1.296320421223560393e+00
-9.388604141713653428e-01
-1.770126676793886800e+00
-9.375402305919572354e-01
-7.986735737341953412e-01
-1.313268603063604267e+00
-9.706356331928522874e-01
-1.296405772761643371e+00
-7.781585789338487658e-01
-7.197014462103754617e-01
-9.329884284502742986e-01
-8.326502133187811960e-01
-6.800157064177879684e-01
-1.343276438696141106e+00
-1.087297631872417236e+00
-9.780138029133764732e-01
-6.768209091946231215e-01
-1.129948646786901101e+00
-8.471440894222029838e-01
-1.380282132734064415e+00
-7.066850596155903608e-01
-6.954171940882656333e-01
-1.058206612628329824e+00
-1.530477068705152766e+00
-1.132277520621272293e+00
-1.015916807389227738e+00
-1.075557671313527974e+00
-1.053323426099946669e+00
-9.643157322402428067e-01
-1.191592605752989309e+00
-1.663684346425468696e+00
-6.814493226526553427e-01
-1.322042797223371036e+00
-9.956789187443932931e-01
-5.487689508933023541e-01
-7.864673349545604486e-01
-7.943106877167945834e-01
-1.624919154017819389e+00
-1.048996882132567920e+00
-9.501204167947699952e-01
-1.176072127891854890e+00
-1.392630179269313873e+00
-1.122291593320069891e+00
-6.429071550852519801e-01
-8.201022835105032938e-01
-2.127138714201745273e+00
-9.269950620982060352e-01
-7.333883365837191581e-01
-8.771535777815051560e-01
-1.238880418245379422e+00
-1.180368016718530644e+00
-1.180588541607750841e+00
-9.523029660334199065e-01
-8.759477078745330214e-01
-8.855185025792139397e-01
-7.555947098780341209e-01
-1.472874267451897534e+00
-1.252895944130057115e+00
-1.571306017611765693e+00
-5.095611866412077529e-01
-1.407525426607777019e+00
-8.499896750040802917e-01
-8.927406553699598346e-01
-1.449398540863126250e+00
-1.546392017230727722e+00
-6.029214755881872057e-01
-9.211093227129120153e-01
-1.269024299642909304e+00
-9.633696319151316967e-01
-8.757056694588832846e-01
-8.955808505719365931e-01
-9.264747995999530472e-01
-1.259642662805297464e+00
-9.170938263930589196e-01
-1.008981284000675327e+00
-1.149843190050340302e+00
-1.228554095616471331e+00
-9.911089016527350193e-01
-9.823347328062750350e-01
-9.253580537221204327e-01
-1.473057745703173271e+00
-1.176777491149915367e+00
-7.789890890725976735e-01
-8.987469825533984658e-01
-9.523532714257965104e-01
-1.166483831884435718e+00
-6.655124507582697024e-01
-1.660895966431138460e+00
-1.382913960493693084e+00
-9.888755571934338962e-01
-7.458152608778669812e-01
-1.102569232883256589e+00
-9.565817265308658168e-01
-8.121575280449667700e-01
-1.213537070070050738e+00
-7.739992549853743631e-01
-1.189804281967236532e+00
-1.557368614685574082e+00
-8.723202892541479514e-01
-1.244586294842641827e+00
-8.888524123122186760e-01
-8.708766948208067626e-01
-1.631554239108887305e+00
-9.081521552039050205e-01
-1.107305708984511083e+00
-9.319146242756237708e-01
-1.052401510807775775e+00
-4.074711950833864726e-01
-8.988212752136478523e-01
-4.811018871903079974e-01
-1.286266445982004125e+00
-1.133440975131056350e+00
-8.271026366341411862e-01
-1.049938208838296916e+00
-9.978750964603619877e-01
-9.477447350826424532e-01
-9.957640734752835066e-01
-7.389625464398785759e-01
-1.399141863191499358e+00
-6.634813346067741646e-01
-7.703355797405578853e-01
-1.024314342705491265e+00
-7.190509494162895532e-01
-5.078986030364320836e-01
-8.260516213936761609e-01
-8.829808401579192223e-01
-9.577823280599384592e-01
-9.645844230593829671e-01
-8.530181289605265338e-01
-8.816879885755578572e-01
-8.443003733581755377e-01
-9.874761023155316231e-01
-7.143335556741922110e-01
-7.197326167489108695e-01
-7.497836319257487059e-01
-1.304299412831055438e+00
-9.531211975429088046e-01
-9.944939956750061816e-01
-1.007191160703311494e+00
-8.688230616299342790e-01
-6.887056864719848237e-01
-6.357598719319845770e-01
-8.334626007895834521e-01
-6.686919808344248262e-01
-9.178497802695423369e-01
-1.315006359895428689e+00
-1.385159262565779148e+00
-9.318767155601339613e-01
-1.284753233955183482e+00
-6.276439502880841736e-01
-6.481363486451168221e-01
-1.024142492560452533e+00
-8.492449130052958095e-01
-1.322571124914453611e+00
-7.852135091455749727e-01
-8.434764951682360845e-01
-5.022773525928969640e-01
-1.214978729838324334e+00
-1.255480486948578278e+00
-9.993187865195650721e-01
-9.225363961376847888e-01
-7.555943834985011653e-01
-5.321183894995228369e-01
-9.451676997854401296e-01
-7.176594209018041237e-01
-9.029991150726360827e-01
-6.583325264334196625e-01
-1.714984024514043970e+00
-6.702974312684609748e-01
-6.499582559753134259e-01
-6.267175228900480066e-01
-7.946744538363013088e-01
-8.379127467351540348e-01
-6.905808612732503571e-01
-6.233893404750702194e-01
-8.354850474668784610e-01
-5.354826115889039784e-01
-8.549178482981818483e-01
-8.720095311197226806e-01
-6.321684121325514827e-01
-6.106114553753974050e-01
-7.346800170496207150e-01
-1.514893023000124961e+00
-8.063634558662914342e-01
-1.058153287815140731e+00
-9.230262604440276908e-01
-1.409684190297290085e+00
-7.455342183443754989e-01
-9.556972375073985448e-01
-7.361243513486627199e-01
-1.010713621076249069e+00
-8.515943058779955610e-01
-7.824007797245643436e-01
-1.129880152194626231e+00
-1.074296094082517916e+00
-1.374784844796216987e+00
-7.682924093063732141e-01
-7.733021823243958481e-01
-7.011017442461645599e-01
-9.968205024536884729e-01
-7.865026955137502940e-01
-8.251145831417049381e-01
-7.532681903026815506e-01
-9.647768627799735430e-01
-8.635662226627242033e-01
-1.117122671164611836e+00
-7.819897907311924579e-01
-1.809764738930922601e+00
-1.278531821225089349e+00
-4.809112485439201445e-01
-6.907772510042011760e-01
-1.551111285116029581e+00
-1.148701214470679632e+00
-1.377641926215237955e+00
-1.413618635107470434e+00
-1.449929062710438199e+00
-6.988075997212832569e-01
-8.721765786582189595e-01
-1.349291960513539612e+00
-6.194079679422476170e-01
-5.701861951710853749e-01
-7.787566403168302287e-01
-1.675465535065762124e+00
-9.876716998447928608e-01
-1.424232273209564026e+00
-1.174181649065417554e+00
-1.575828001669712153e+00
-1.081375426101371717e+00
-7.756057946382033386e-01
-7.124000297399863957e-01
-6.901691970839051171e-01
-8.660395993016364313e-01
-1.191670657467835515e+00
-1.053417676496218647e+00
-8.277970855075790224e-01
-6.852438219430035948e-01
-1.169183244064727401e+00
-1.119521991838033470e+00
-1.021805519855363942e+00
-9.259593415793173632e-01
-1.042108385876900689e+00
-7.459228166313096597e-01
-8.246842448038844697e-01
-1.199926642078855910e+00
-1.326954572694423184e+00
-1.169131604807140734e+00
-1.060104826010091816e+00
-1.055011913408482105e+00
-9.502380948531099492e-01
-9.675019041038528389e-01
-1.363587177871490752e+00
-1.260380433750310392e+00
-1.349786280726415155e+00
-5.504841159860188737e-01
-7.095790347033323897e-01
-7.716580713899061639e-01
-5.678971498755250868e-01
-7.720820698829704565e-01
-6.820913750642476625e-01
-1.512541718551268843e+00
-8.482459102216882707e-01
-1.185730954552460359e+00
-1.197934805339153419e+00
-1.402490291532089817e+00
-1.537492882543087136e+00
-1.006959703991242350e+00
-2.351576641859432382e+00
-1.266376151438366238e+00
-1.065703818472486519e+00
-1.215639515665560833e+00
-7.328799515098183281e-01
-1.183171927009537328e+00
-1.399201621677227170e+00
-9.056791287251093614e-01
-1.182356984794444843e+00
-9.952840773251376838e-01
-1.524045759076740003e+00
-6.733863080439715931e-01
-1.102314913575321409e+00
-9.545328671230571826e-01
-6.442581514672451881e-01
-5.827189859200376798e-01
-5.240887412005119650e-01
-7.536721561001721303e-01
-8.255927358604338018e-01
-9.663035227297976926e-01
-1.510956488460313496e+00
-2.318689314161286763e+00
-1.509918691476155317e+00
-1.128008000715055470e+00
-6.948811302386623812e-01
-9.809718817031605198e-01
-1.580169027251303149e+00
-1.016220998200883185e+00
-2.122878583164161892e+00
-1.849265888320778428e+00
-7.600323501994099562e-01
-9.705732217561842123e-01
-1.120406894237971684e+00
-1.161297001179898869e+00
-9.972886318856684085e-01
-7.986326087972729360e-01
-8.306169048631679708e-01
-9.456219634139664265e-01
-1.319995785005593669e+00
-1.165235431999258608e+00
-1.169309757635554226e+00
-1.633221188956633707e+00
-8.919785368999716413e-01
-8.306984851886359822e-01
-9.003750771393629337e-01
-1.027187444154473495e+00
-1.546502028697435138e+00
-1.282006463745452685e+00
-9.423834470600395141e-01
-9.652954521006906763e-01
-1.206918677742978785e+00
-1.454013988039090988e+00
-1.282360163883257353e+00
-1.196859013615535927e+00
-1.075527358087504215e+00
-8.864990294741148524e-01
-7.329151255503224549e-01
-6.468761591597169680e-01
-6.377096769453782787e-01
-1.073265756830504625e+00
-1.448094420089086842e+00
-1.245435575908400816e+00
-9.299112389473956908e-01
-6.039426448537068559e-01
-1.795196144856776144e+00
-1.084080384258930163e+00
-7.864566550010451129e-01
-8.325810215712792228e-01
-9.451801900922507382e-01
-1.270444251789574652e+00
-7.717241577491991134e-01
-1.461977343470335811e+00
-6.825887364052833917e-01
-1.262671306496780721e+00
-1.481292590876860604e+00
-9.469101149429682840e-01
-6.708608664475610439e-01
-1.460457968038898491e+00
-9.949547503323710185e-01
-8.910367403617975857e-01
-1.363817592474717344e+00
-9.497900477234739736e-01
-6.644667390104942450e-01
-1.623020207135650095e+00
-1.220140596634031072e+00
-1.258694629333425352e+00
-9.022943261118316904e-01
-1.438720538576666375e+00
-1.012166013823037058e+00
-1.472233089741403989e+00
-9.021479025006166053e-01
-1.132104458881958875e+00
-2.020143570678532452e+00
-9.908163908940097464e-01
-8.647588677966254744e-01
-8.474774172947294737e-01
-1.013788492170305311e+00
-1.063374958421841709e+00
-8.986536335472576909e-01
-6.402220145903237958e-01
-9.369724221609089243e-01
-8.783918975939035700e-01
-5.758770914513807737e-01
-9.977173214486697583e-01
-7.996988758991877555e-01
-9.611471092679813033e-01
-8.650723859992561771e-01
-8.409729094374805980e-01
-6.262625817864486688e-01
-1.383618646978869160e+00
-1.688707538490578308e+00
-1.743632273872064875e+00
-1.626421881622272858e+00
-2.071839169328836050e+00
-1.510749359955529059e+00
-1.140571554418083000e+00
-1.565879006278263263e+00
-1.227336832198103744e+00
-1.683200643443746536e+00
-5.692782879084054004e-01
-1.587579671160476824e+00
-1.638975531861146306e+00
-1.853587766495570888e+00
-1.520284216049649029e+00
-8.277875514279248170e-01
-7.067658161267275085e-01
-9.199871848603021762e-01
-1.265668868070551234e+00
-8.781417480952946608e-01
-1.226034176183864677e+00
-1.159010308514658139e+00
-8.816202034048984393e-01
-9.977672306097228327e-01
-8.589626132074840159e-01
-8.375760671842941152e-01
-1.288642398993069760e+00
-1.095980474430891194e+00
-2.594004573322020946e+00
-1.611750847206426140e+00
-2.340607527155389000e+00
-1.132833018193429853e+00
-1.479514385976061552e+00
-7.375571956967816867e-01
-1.099693147567592177e+00
-9.126706125114263379e-01
-1.477294211299936100e+00
-1.649159762042876176e+00
-1.085821649081282647e+00
-6.580362603572904590e-01
-1.146581189970961923e+00
-1.014193496518750459e+00
-1.993518899528177402e+00
-3.772843418242168401e+00
-1.173627787001199296e+00
-1.105100925258225786e+00
-9.153569926131249757e-01
-1.036845430467580709e+00
-8.189570033997756182e-01
-6.694256944439406221e-01
-8.825279720306155040e-01
-1.015709380336323520e+00
-7.573198295420545678e-01
-9.194050757383279704e-01
-7.284356325255136877e-01
-1.272007307147343003e+00
-1.552574437708428068e+00
-1.054840447231515155e+00
-1.377603235582034902e+00
-1.156380130414422114e+00
-1.036175663989731266e+00
-1.334918852728737448e+00
-2.115496388233123248e+00
-1.702564142662589930e+00
-1.857705126338543344e+00
-1.742253378891833515e+00
-8.094051808104935075e-01
-2.009475878045753561e+00
-1.261150160386150576e+00
-1.255650044074867910e+00
-7.427660640087270227e-01
-2.166340633229832502e+00
-2.023519798185795526e+00
-1.839794980495940147e+00
-1.493821090040781785e+00
-1.277783483848939916e+00
-1.273880177635406286e+00
-1.576600078145665496e+00
-6.538515014491429467e-01
-5.278934035537491409e-01
-1.385450262572683444e+00
-1.338487091367563053e+00
-1.075820359983657104e+00
-1.203407447889206283e+00
-1.123545320169367923e+00
-9.030668752423983703e-01
-1.420219613254615432e+00
-1.327867796209184492e+00
-1.762255908415985006e+00
-1.481322033347273859e+00
-1.265621864514153483e+00
-1.163762818066312876e+00
-1.961662249539017466e+00
-7.855472546530823941e-01
-1.212874188539115883e+00
-1.604333039402742633e+00
-1.297369549775215569e+00
-1.274810199315310921e+00
-9.228206747121668885e-01
-1.635259498656739030e+00
-1.736428328715910352e+00
-1.130268706262613998e+00
-8.609618013104407552e-01
-1.282417769922465256e+00
-9.521783152914079507e-01
-1.377387099111630153e+00
-1.577140221581468715e+00
-1.131632175523142658e+00
-6.376584902053757942e-01
-8.744243568323329940e-01
-1.939108709084168769e+00
-1.177388694796366320e+00
-1.524886819167453167e+00
-1.620704747289053893e+00
-1.013589539180604682e+00
-1.300512894483825566e+00
-1.309119073865137484e+00
-1.280229264535950096e+00
-1.361604540682189723e+00
-1.647907701602163266e+00
-1.040951526791787485e+00
-4.550341483175384116e-01
-4.587397002308241101e-01
-1.164040779150954830e+00
-1.137104003914274353e+00
-1.189218023736912100e+00
-1.018673639054662017e+00
-7.124400453958821267e-01
-4.878677452576392626e-01
-7.310021195371105840e-01
-5.543496632454758544e-01
-1.067625503025544154e+00
-9.521539382704308219e-01
-8.935238829787528481e-01
-7.607800800526024476e-01
-1.082250758285961512e+00
-8.514205996082501171e-01
-1.260755791805049153e+00
-7.680796647719037029e-01
-1.400566724439550770e+00
-1.180591037441861779e+00
-1.320942662022651648e+00
-7.252911828041795905e-01
-9.343365797839582321e-01
-1.010314585900953910e+00
-1.296576958742918784e+00
-1.436680940015122143e+00
-7.396052015661362944e-01
-1.349686160129244028e+00
-8.919493098178732371e-01
-8.720166368959690884e-01
-9.489420120605760456e-01
-1.257452722897412833e+00
-1.350004427076084923e+00
-9.393433506420998391e-01
-8.277814896381765486e-01
-8.451547000063308612e-01
-9.456407644822424352e-01
-9.874032237064709339e-01
-2.309063749738532234e+00
-1.267096152448662583e+00
-1.241669008077532999e+00
-8.742325657477936218e-01
-2.128789656667022800e+00
-1.999467786495294108e+00
-1.686006659930065821e+00
-1.157525710035816280e+00
-1.163559472340943701e+00
-1.108629112505205239e+00
-2.420210500695025413e+00
-9.206493915640210357e-01
-3.965105371673544599e-01
-1.564344511758051670e+00
-7.587935227801833049e-01
-8.076926596628101196e-01
-8.574202453516437394e-01
-1.153045700694120157e+00
-1.118821485149874118e+00
-1.723340093430319131e+00
-1.572382646034278908e+00
-1.220595820554639221e+00
-8.494960042200663253e-01
-9.465200213716535860e-01
-1.615923176331128364e+00
-1.262178241034942472e+00
-1.059636498372357405e+00
-9.853789503349590362e-01
-1.773966806662087503e+00
-2.980541231665414958e+00
-1.358025057426500704e+00
-9.844255515515071275e-01
-1.053371009017230353e+00
-1.742033451577280401e+00
-1.370389786630741957e+00
-1.947936645354041652e+00
-1.300304048127017387e+00
-9.421184495431715877e-01
-1.006603086909536815e+00
-1.177290848180392757e+00
-8.896357983796886471e-01
-9.264789304096144873e-01
-8.273142723142996591e-01
-1.051775005214566461e+00
-1.316059328014308027e+00
-1.221183028596721565e+00
-1.247833979614921818e+00
-1.075375105801821496e+00
-1.324941249616051087e+00
-1.892394540773238765e+00
-1.124865312424555563e+00
-9.820784082058285902e-01
-1.015114385072682923e+00
-8.099361062214142093e-01
-8.869814991263903492e-01
-8.188707165828366108e-01
-7.858721222787188321e-01
-5.259473265322020197e+00
-5.558036461536006279e+00
-2.522764750209097517e+00
-8.196604662009935316e-01
-1.101145044555144503e+00
-1.164654131314635466e+00
-7.278854620998975733e-01
-9.230461569907748576e-01
-6.311796297287839419e-01
-1.346245950748287346e+00
-1.168329925248513312e+00
-1.034173234515031847e+00
-9.770791753433800686e-01
-1.411924219223687826e+00
-5.304333999194495997e-01
-8.873427557676606403e-01
-1.110819508851643045e+00
-9.595165798050935280e-01
-1.195975745277034763e+00
-1.219820890934453672e+00
-1.360052791916458448e+00
-7.727097303476508916e-01
-7.336436909726730127e-01
-8.632863111535289402e-01
-9.484627647869391387e-01
-2.555842735345120076e+00
-1.309552127115414022e+00
-1.088832680312057821e+00
-8.494189282168496113e-01
-5.871084921576038562e-01
-8.490333699203799211e-01
-9.187936687302271643e-01
-8.846519192633113260e-01
-1.197056522766314801e+00
-5.151035049539781641e-01
-7.207089899389031995e-01
-7.301468688209418190e-01
-8.820613834815292931e-01
-9.925448045906126726e-01
-8.811721184538677809e-01
-9.242999109941678615e-01
-7.417310810953368083e-01
-7.325365025391542551e-01
-8.477075703968635079e-01
-6.491960604032948057e-01
-9.281104357128657778e-01
-1.227026958212077634e+00
-1.548827140864891483e+00
-1.037176065601375985e+00
-6.721974287006623472e-01
-1.639525281821533564e+00
-1.122029458021202020e+00
-1.238061649582762547e+00
-1.524337249852336873e+00
-1.059672554514122567e+00
-5.978940035015758436e-01
-1.003160178081664133e+00
-7.658501239349886358e-01
-7.592467738690371615e-01
-8.331049389235036795e-01
-8.734855741378190208e-01
-1.034072279372151071e+00
-9.537096636500337343e-01
-1.534522161493793391e+00
-1.303280111287846266e+00
-1.016244950107504819e+00
-5.522056836565778504e-01
-5.217526426970672260e-01
-1.018617070871893793e+00
-9.207591515718597242e-01
-1.893279552715284142e+00
-1.315508277485723188e+00
-1.402707017091090025e+00
-9.859572559485588750e-01
-8.025112929062337974e-01
-3.479110115257181834e-01
-8.722027317516483080e-01
-7.298076008378756585e-01
-1.347828301787086014e+00
-6.420750574738235406e-01
-1.242178669588815065e+00
-2.005534658926213520e+00
-8.281875194004958418e-01
-7.607123579675568736e-01
-7.904696891347412491e-01
-5.476713183168628873e-01
-6.598695759064845401e-01
-9.936742800476016102e-01
-8.818110640295605540e-01
-7.107648870164561261e-01
-8.169490365317103597e-01
-1.178384404086267878e+00
-6.750538928169216302e-01
-5.439901913513593978e-01
-7.949492333242913489e-01
-6.344335017069115956e-01
-1.279807782949437867e+00
-5.025193673360222046e-01
-7.894298446571352823e-01
-9.741255909706306726e-01
-1.291623986604175212e+00
-1.861853709472420126e+00
-1.507016694908997589e+00
-2.926314040495938240e+00
-2.801133576765054034e+00
-1.485887134065864812e+00
-1.364500774262228378e+00
-1.728014012761658114e+00
-1.711890161602360072e+00
-1.642059188648850698e+00
-8.128845904359772723e-01
-7.745116714653786927e-01
-7.994741574396951878e-01
-6.590387050798016677e-01
-5.329458019154108550e-01
-6.495033428561084454e-01
-1.774849151372724476e+00
-1.222263296538858679e+00
-1.200485124138813475e+00
-8.252888551070949319e-01
-1.242632230765144508e+00
-8.468922544942694142e-01
-6.588471216795499519e-01
-5.622059161383393677e-01
-8.753696258104677330e-01
-9.918202263084260339e-01
-1.022092425752241018e+00
-1.136163002106244102e+00
-1.606471747508161130e+00
-7.133390317471837161e-01
-8.046176589051730055e-01
-7.334454601041523469e-01
-1.183223631151316013e+00
-1.257908576949219093e+00
-5.422058665755686846e-01
-5.014867146522871133e-01
-1.291112354159828612e+00
-7.860011332020622188e-01
-5.988707086523360479e-01
-7.111287664433366684e-01
-8.595098021002495203e-01
-1.203699080231661167e+00
-8.634732218262407555e-01
-8.635637827450064474e-01
-7.396557201013941318e-01
-6.421948787699042205e-01
-8.939280773894489052e-01
-6.904193195845474973e-01
-6.862235598269437187e-01
-7.276235666523813705e-01
-5.919603457067799113e-01
-8.906560487150556593e-01
-8.064524498548965026e-01
-1.095787600991968258e+00
-4.812636932157890457e-01
-9.876560510820115990e-01
-1.093532038710288701e+00
-1.197814407041490670e+00
-1.302274147380186875e+00
-9.408463103591420129e-01
-1.227905632800862179e+00
-1.204290201805090943e+00
-1.379597493632498173e+00
-8.903603279959203531e-01
-7.001955657679977962e-01
-1.713257112916180658e+00
-6.060878105203340027e-01
-2.803140305994756165e+00
-1.077261316416880499e+00
-9.194003726923594133e-01
-1.584852456974527701e+00
-8.661313131790971953e-01
-1.537106976372737188e+00
-5.800013950353165582e-01
-8.381911768167822352e-01
-9.881710879004438342e-01
-6.456540586137785587e-01
-1.563892951159744582e+00
-7.766631286046951077e-01
-1.159779705096421143e+00
-5.657828335759650384e-01
-1.011853614688831726e+00
-6.829952505779592897e-01
-6.282417364549143235e-01
-8.493341132194857090e-01
-1.260035155666713980e+00
-9.020488158479964547e-01
-6.684217808132479899e-01
-1.152206751307409682e+00
-9.918004429217567308e-01
-1.832537655755707151e+00
-1.234258995249708724e+00
-1.010580596034544865e+00
-1.465456611554806665e+00
-1.571138110373347940e+00
-1.299446114492197824e+00
-8.340638848080501599e-01
-1.330198973365678938e+00
-9.792321633477353293e-01
-7.726262314942164977e-01
-1.436155865764835005e+00
-1.264196453057722769e+00
-8.337584256828243223e-01
-9.002164761514769298e-01
-9.944998472348888230e-01
-1.093484446236916430e+00
-1.026708091262138023e+00
-1.645797679561138205e+00
-6.793702256653747495e-01
-8.206398094097456797e-01
-8.544311644783452175e-01
-7.761848471987029541e-01
-1.495622986036367674e+00
-5.464431693280217273e-01
-5.928891455252879306e-01
-9.564621433228120972e-01
-9.864671415456953696e-01
-9.778100474327622305e-01
-7.267046699821403388e-01
-8.943213651911586792e-01
-7.416679077985529611e-01
-1.133278200863976792e+00
-5.175916266687198286e-01
-9.341608360860493843e-01
-7.198501062906150771e-01
-8.105197684122714685e-01
-1.918152098516995308e+00
-1.190324983334202225e+00
-1.128739495009733140e+00
-1.521912668393921919e+00
-1.020627486217349444e+00
-8.819208359270461761e-01
-1.321323697100950323e+00
-6.616160031585405221e-01
-8.962261766756152159e-01
-6.378986555244755552e-01
-8.881668183793847149e-01
-6.946158184794763990e-01
-5.007463223202256453e-01
-1.018263847004830192e+00
-6.995864853001113604e-01
-1.245236824911590379e+00
-2.476531358789592741e+00
-1.213373958023904020e+00
-1.495877429600295683e+00
-1.646221880701846940e+00
-1.243056725372684301e+00
-6.026721407383408557e-01
-1.045828239659641890e+00
-6.413463530189673634e-01
-1.264730032529103765e+00
-2.120424267360455861e+00
-9.363078531110663461e-01
-4.021369600093381846e-01
-8.316982759423034999e-01
-6.040033936762725375e-01
-8.885414092977764744e-01
-8.370684825433697407e-01
-9.825711472750072728e-01
-1.070219496616129140e+00
-7.628475344129544977e-01
-7.994745838882745259e-01
-2.647907462485985519e+00
-1.492729508449381459e+00
-2.929829152075316134e+00
-1.642839873481661606e+00
-1.739223695608461684e+00
-2.151554967271176455e+00
-1.029723028402570906e+00
-6.475732940538877491e-01
-5.462480962023648079e-01
-1.399937496243514268e+00
-6.413087589351808004e-01
-1.093593113589580890e+00
-7.600714609421024281e-01
-9.366417879936133062e-01
-9.930128034690173244e-01
-9.564676980169669607e-01
-1.046139724788068159e+00
-9.525536026660489375e-01
-6.088960828443686912e-01
-8.142719867133233480e-01
-1.243949288218201499e+00
-7.814326812420567814e-01
-1.023615915199914683e+00
-6.269718869408718032e-01
-7.397542392282095980e-01
-7.132227983602683619e-01
-9.901960058737940829e-01
-6.725483585435868550e-01
-5.990997025010580401e-01
-5.249819357732787850e-01
-1.031466168506667724e+00
-1.074922783195358500e+00
-7.818692850504512792e-01
-1.338825122125756106e+00
-7.944525621605963428e-01
-8.126372281004426990e-01
-1.095076704176591864e+00
-7.161460896448426094e-01
-8.719962215096049851e-01
-7.899362106976388631e-01
-8.385644001008216719e-01
-8.182815024664324977e-01
-8.911902375334461723e-01
-1.118016341153375892e+00
-6.281393011545108873e-01
-2.184679885858985315e+00
-9.399117962026212192e-01
-8.301055033431480323e-01
-6.607228487719808419e-01
-5.094529219620782534e-01
-7.035920491741528560e-01
-6.970318676232225563e-01
-7.441624826434314333e-01
-5.424395597183981899e-01
-1.041208230301677418e+00
-5.751740414873145468e-01
-7.489992082869728618e-01
-9.330260841162667518e-01
-6.373785425485991585e-01
-6.706683529794122967e-01
-7.829685443711197346e-01
-7.409275751757836703e-01
-1.005046141482365485e+00
-1.865936441716375738e+00
-4.028859759032433763e-01
-1.581442294878673716e+00
-6.658291736292596408e-01
-5.008025422699693419e-01
-8.845700319804074008e-01
-1.187026371864061236e+00
-1.310614706580608635e+00
-1.735773202584574015e+00
-8.587527712557901927e-01
-1.684877140455326661e+00
-8.456265363826613868e-01
-1.366547826364124418e+00
-1.045471265197182031e+00
-4.089291575093683684e-01
-5.290547017217133163e-01
-1.114852934867178291e+00
-6.789649081278665843e-01
-9.094955094084168357e-01
-8.434901876349047978e-01
-8.558490640754535805e-01
-1.239941121841020344e+00
-1.562460947856971538e+00
-8.785284599763648616e-01
-7.562419240316741176e-01
-1.063368406544052513e+00
-1.685917371387676056e+00
-8.327613248529627255e-01
-1.692682092628035928e+00
-3.940956435263960889e-01
-8.090823535622707618e-01
-6.628397176497058396e-01
-8.656898003842521394e-01
-6.211265669872053641e-01
-9.277992664636015574e-01
-5.226231631221208707e-01
-1.337905569557377383e+00
-7.605134007088657500e-01
-6.980332210189079678e-01
-6.146244116690940951e-01
-6.635788780041239621e-01
-7.716605240344766026e-01
-8.955430432516688910e-01
-8.021825014448806801e-01
-6.307721798890350007e-01
-3.868357757607304159e-01
-1.875833702569839723e+00
-1.615258533810209673e+00
-7.993113547194077295e-01
-5.598051793011676880e-01
-5.390603244104112957e-01
-1.421127633065467633e+00
-7.586512104264903078e-01
-5.974574228287401478e-01
-1.252338102898439942e+00
-8.742234935344713742e-01
-1.021619026867121471e+00
-1.249203644942590730e+00
-8.367127490534547185e-01
-6.947875316526863632e-01
-1.565200102618120370e+00
-6.049748868336842778e-01
-7.503510249327940418e-01
-8.861584659135117725e-01
-1.994051372921138876e+00
-9.234110169167112359e-01
-8.166745369472154792e-01
-6.104739137061515608e-01
-8.174762539839107722e-01
-7.878194076477240682e-01
-1.196437043167369207e+00
-8.910337029755260874e-01
-6.909202983291973243e-01
-5.990363825229433337e-01
-4.381961914470731689e-01
-1.175060505387841348e+00
-8.894469219886657063e-01
-1.076561383793755100e+00
-4.135482076992562095e-01
-7.991690195692444654e-01
-5.961641969811483088e-01
-8.193318947934641328e-01
-7.481285488766691305e-01
-7.290019230268445227e-01
-1.186300324074821333e+00
-6.728565314473039516e-01
-6.157105479671554082e-01
-7.728999745765855467e-01
-1.145258812764316625e+00
-7.069447405725626243e-01
-8.081811618153984522e-01
-1.360176388803780556e+00
-5.650816564575394940e-01
-1.128230461359432057e+00
-8.321877224584166566e-01
-1.863223440452158597e+00
-1.352814194003628900e+00
-6.050815627798639129e-01
-1.236202655102018211e+00
-6.962062003220619300e-01
-6.764776876012676965e-01
-6.334486351966347462e-01
-1.177103318981149060e+00
-1.724601004314623820e+00
-6.167129980089445240e-01
-1.599096570339446188e+00
-6.677138065156339453e-01
-9.682796671697243562e-01
-2.482363107340511466e+00
-1.009822958911412050e+00
-5.354710210098789780e-01
-1.040123429532983979e+00
-1.086067841943823442e+00
-7.622085329958335764e-01
-6.993005047580578282e-01
-5.548440771969879171e-01
-9.863103377774989911e-01
-1.217644220583294912e+00
-1.407145887655953054e+00
-8.682258221463658998e-01
-8.655035036716610675e-01
-7.636476081448784203e-01
-1.132666832118911948e+00
-7.290860494753007570e-01
-5.416564334438227490e-01
-8.302017184967825925e-01
-7.792261516465870397e-01
-1.182287341942937164e+00
-8.688238281575563215e-01
-5.397682566879911104e-01
-4.928961513904459579e-01
-7.321055514865776326e-01
-8.312343653522346054e-01
-8.794270407026493208e-01
-7.199651768512115302e-01
-1.798633862328276045e+00
-7.034347861713189376e-01
-1.038580829472417699e+00
-6.424226363681166951e-01
-1.325111043584040749e+00
-9.494847366063994265e-01
-1.324505802384028152e+00
-1.255240359109131454e+00
-1.341081315734368395e+00
-8.378574621856837989e-01
-1.147089525798225873e+00
-6.838693137033340363e-01
-8.951454136197969369e-01
-9.548086281805537867e-01
-5.750965916385266663e-01
-7.483742745819662590e-01
-1.540743800243924211e+00
-9.878360308356934905e-01
-9.958856671633197211e-01
-3.210200269555820163e-01
-9.020227974810840488e-01
-5.562847854868261388e-01
-9.746536540644438196e-01
-7.609190814520853108e-01
-9.917164035162028268e-01
-1.131097121728033450e+00
-6.621494163590871951e-01
-1.109940723063857160e+00
-1.742058624794335708e+00
-1.011551033779944264e+00
-1.752416308644828336e+00
-1.907813607113862719e+00
-8.490994605073528545e-01
-4.537302614342089147e-01
-1.682253273560869067e+00
-1.044519304257420123e+00
-6.796207425109167533e-01
-6.712105790595176424e-01
-1.078358371600321997e+00
-6.978758260321953344e-01
-9.551472781325764938e-01
-8.598838775091239839e-01
-1.529820270997081844e+00
-1.035233084900695211e+00
-6.140744978750410921e-01
-6.018158558185172646e-01
-6.732531282106873904e-01
-3.645539098510919840e-01
-1.419640934346430239e+00
-7.021578559907959427e-01
-5.582845418190989228e-01
-1.538868386304601543e+00
-7.988388242139261575e-01
-8.025532102150015890e-01
-7.797695048805245444e-01
-1.158239643616064019e+00
-8.262265539763434807e-01
-6.913550808670040349e-01
-8.899554355079283274e-01
-1.228917496142081234e+00
-4.704115285013982239e-01
-4.994663314942757171e-01
-7.992743548281661115e-01
-7.735446142304251982e-01
-7.546667797643906717e-01
-6.703778966230796721e-01
-6.554422171839227040e-01
-9.768519645436966048e-01
-6.514645870703226205e-01
-1.100573400706106764e+00
-1.132277234429414303e+00
-1.275682136978262937e+00
-1.261116687791823621e+00
-6.247348424690524205e-01
-5.429518921883669247e-01
-5.422480094231257874e-01
-1.132110422913965797e+00
-6.319886076966754196e-01
-7.471688352392696908e-01
-7.754749700660854561e-01
-8.428530590892121532e-01
-7.789257150795432239e-01
-7.417069831580551664e-01
-7.810537241181153556e-01
-6.403752445293943163e-01
-5.622791935789814843e-01
-7.858103407377483585e-01
-7.734379497852397201e-01
-8.690015584867494258e-01
-4.036079221345574841e-01
-1.113281391091973438e+00
-8.464975315011261658e-01
-5.962832966459761241e-01
-6.318231223765045090e-01
-4.568270591391385693e-01
-6.383072285836534077e-01
-6.949491734241696195e-01
-8.590007278808383662e-01
-8.093084436479929256e-01
-6.737806411369716697e-01
-1.513412585607554872e+00
-7.897519991030691466e-01
-9.615325014811937354e-01
-1.527838848934128579e+00
-2.270133449837976602e+00
-9.018749886954871009e-01
-7.456793378386669113e-01
-1.018233263041521175e+00
-4.563184826414521389e-01
-6.720815920145882805e-01
-1.041987701486070561e+00
-4.290134763499076076e-01
-7.787527214014809962e-01
-9.092905222294056511e-01
-7.482293258071949227e-01
-5.251047270818649526e-01
-1.704806732557441418e+00
-9.562747298145979347e-01
-1.049315951501782695e+00
-1.574220487975672711e+00
-9.209793510299274510e-01
-6.440214753091927369e-01
-6.145623323388255121e-01
-8.095491553256677353e-01
-3.143503762152206060e-01
-6.646874624034290191e-01
-9.319452691411522771e-01
-4.496585557548486989e-01
-7.557809099908487926e-01
-7.611773814102179569e-01
-8.568417571111922593e-01
-7.754712140331608827e-01
-9.909545048790014965e-01
-8.014182060372693206e-01
-5.045766242123103096e-01
-5.027815760818719060e-01
-8.481997411731792003e-01
-5.672806031533930149e-01
-7.492365342964550923e-01
-7.227298031674069811e-01
-5.459745113167224773e-01
-5.540923136047928299e-01
-9.149920115663281450e-01
-1.059487349488277719e+00
-1.329417111035446464e+00
-3.272376434262682654e-01
-5.274302018878668230e-01
-1.771503836912605934e+00
-6.230382599517916287e-01
-1.137987619916845716e+00
-4.463515939107657315e-01
-6.693171461228935026e-01
-7.820392920990170138e-01
-6.824079375021168126e-01
-6.905627521240239597e-01
-8.181073930535027738e-01
-8.485026191426766617e-01
-8.093701998123220553e-01
-8.479085499729520636e-01
-8.284707773695504374e-01
-7.099261667824594557e-01
-1.530047484797196322e+00
-1.018051048238771683e+00
-1.185870446029945846e+00
-4.533437516144704360e-01
-6.564785855213505217e-01
-7.142205533855768840e-01
-7.528396571244221347e-01
-8.568795634982104836e-01
-8.110952890296883044e-01
-1.265171235596955324e+00
-3.719034145951626291e-01
-4.573084458006017594e-01
-7.485635230032836596e-01
-8.284787067056909038e-01
-1.178556669267100565e+00
-5.633717737088095312e-01
-6.204335566986313166e-01
-7.804694654556173505e-01
-9.400704335880658569e-01
-4.061365847949142127e-01
-5.675572810435554061e-01
-5.718778331558371786e-01
-4.727394185990841380e-01
-6.168078763088017391e-01
-1.144053265892752247e+00
-7.760799938165616751e-01
-1.427489945361698043e+00
-1.001458295871636706e+00
-7.977002593422979349e-01
-7.844389110762508555e-01
-1.113447904509958342e+00
-9.414979622849115604e-01
-1.451256832111023520e+00
-1.326490733450398807e+00
-7.625221020000230165e-01
-4.502009682227747223e-01
-4.614456084763698396e-01
-5.845697534626508318e-01
-6.270032310891002769e-01
-5.968033290932065471e-01
-7.225011945046166950e-01
-5.459904648557641904e-01
-7.673105787685601253e-01
-6.546920332824451849e-01
-7.506126262386304537e-01
-1.027561609509161755e+00
-7.047264827074191107e-01
-9.453213934845970945e-01
-6.138895876079839553e-01
-4.858250671897258455e-01
-7.260483146218844608e-01
-7.768042701870466749e-01
-1.049520493886965111e+00
-1.691676220345535775e+00
-5.005558184764751228e-01
-1.651751194350880692e+00
-9.687872422985616128e-01
-6.466437613969211462e-01
-6.044334794938188704e-01
-5.794102254803602525e-01
-6.433112970530476815e-01
-8.069721914399804463e-01
-3.291565263917245465e-01
-1.259555333768056951e+00
-8.570923288139401519e-01
-7.611368624020218299e-01
-9.395750850417854405e-01
-8.948527255436022898e-01
-8.646826666378985005e-01
-9.958666197365102501e-01
-1.088100699684918293e+00
-7.738145678870123056e-01
-1.005382035936178031e+00
-1.529140035210218018e+00
-1.026816157476253322e+00
-6.884548699839505570e-01
-6.669185125665965108e-01
-6.423741426573305047e-01
-5.890721883980059026e-01
-5.165829764772361665e-01
-6.850328500769212736e-01
-5.851600532871847893e-01
-7.690788929798461071e-01
-8.151988574485169448e-01
-5.357905210591422662e-01
-4.352625820931737000e-01
-7.239227399957152143e-01
-7.568087583155905795e-01
-6.324002043411394158e-01
-1.375430037875017275e+00
-4.598151026446416489e-01
-6.139237562227307654e-01
-6.424007747508150290e-01
-1.099504306861544656e+00
-8.699001346994060802e-01
-6.970194994160887614e-01
-5.586992380531623503e-01
-7.988852329849354117e-01
-9.500941289720405969e-01
-5.613089942433422408e-01
-9.579721116377124535e-01
-1.127280831803149530e+00
-4.789001226803339395e-01
-9.769935131284014362e-01
-4.674382943947790747e-01
-9.458426264886058421e-01
-6.017633473699101065e-01
-6.053083317282790254e-01
-5.536370669140265877e-01
-3.666194250353293493e-01
-6.364301524145049571e-01
-7.519137548454856157e-01
-1.486395505494863434e+00
-5.746605050908295542e-01
-6.795054868631886791e-01
-9.059188027421550826e-01
-6.611555495118507375e-01
-7.148856022493725870e-01
-7.302445600233485878e-01
-1.004598489047217713e+00
-8.772795713038162857e-01
-3.789712499068633167e-01
-1.810988867791292423e+00
-1.626338813115599802e+00
-8.916494834169267358e-01
-5.342237884234621870e-01
-9.724062691932817692e-01
-3.873891919300229136e-01
-7.340310712585675912e-01
-6.555453822205749015e-01
-6.754805652864387389e-01
-6.422152132200448227e-01
-8.199691336571622857e-01
-9.821870777144072751e-01
-4.548337859729705279e-01
-9.130654786915627374e-01
-9.999729928900038534e-01
-7.469813571773213923e-01
-6.858788507729052242e-01
-8.694987019432846020e-01
-7.930974114678174258e-01
-7.739677648985255898e-01
-6.406222659343601133e-01
-6.936279507229867747e-01
-1.199391089700134527e+00
-1.132038926137520773e+00
-1.051151305789516988e+00
-1.144945579206970043e+00
-6.723276237635066321e-01
-1.266602559616398560e+00
-9.187600637289324856e-01
-1.769468109876732864e+00
-7.193122249196360896e-01
-5.691001416521007661e-01
-8.167749347761155132e-01
-8.231207743035185986e-01
-1.375101103669622349e+00
-7.907949556580258221e-01
-5.886343355106588016e-01
-1.030453639723305725e+00
-1.039571134274153152e+00
-8.141807950039783304e-01
-5.763523833249756256e-01
-5.854980609855700013e-01
-5.149229039490896831e-01
-5.716335336586655380e-01
-5.135889748112506537e-01
-6.619871179129632743e-01
-6.610544152654124206e-01
-5.647489216808890822e-01
-6.992171350539397867e-01
-5.418502560452818084e-01
-9.243788597631079629e-01
-6.726980316248192260e-01
-8.975561366112451145e-01
-5.225111473408576845e-01
-4.999630874685221382e-01
-6.572148838850148111e-01
-1.106923667735751460e+00
-8.645283787944285647e-01
-6.344552635969313847e-01
-5.458706583948117474e-01
-6.475292562928225415e-01
-6.114871176454429458e-01
-6.350903359699636708e-01
-6.002301741669708868e-01
-5.195345025285507123e-01
-4.794024788010687876e-01
-5.234902851008105262e-01
-9.112808725522877351e-01
-5.413623342392707150e-01
-6.981753779258818016e-01
-6.453024774043680800e-01
-7.842324070094551791e-01
-6.695181155558977970e-01
-8.235646164688434911e-01
-5.144673270536225251e-01
-1.072025386250186729e+00
-1.444018718033349469e+00
-1.251350150920998772e+00
-9.654849691389377764e-01
-7.974658933252334325e-01
-7.995990798440291147e-01
-6.118813833442650063e-01
-8.385677620537186350e-01
-9.812400452297300735e-01
-8.090767426564304809e-01
-5.695050412673108298e-01
-1.198272464376065161e+00
-8.918655154633323701e-01
-7.960426403996178069e-01
-6.361551395787202745e-01
-5.389451572139108970e-01
-5.969131581608957404e-01
-4.702350406880637101e-01
-5.236384963610113408e-01
-5.174097866757816355e-01
-8.493055761796666214e-01
-6.065714632616057145e-01
-8.400566672669661505e-01
-1.148129240094048154e+00
-7.089770337615211027e-01
-8.103394571325063245e-01
-3.688473203222383257e-01
-4.566025383232742429e-01
-4.952086846542398391e-01
-6.304897669659749182e-01
-1.189900563437144010e+00
-6.102107052713214852e-01
-7.025964666803820036e-01
-5.185375171533889160e-01
-6.513877710908724250e-01
-6.365231150359449419e-01
-8.742138230427606294e-01
-5.519707140876644047e-01
-4.857918369632611699e-01
-7.465084435850369848e-01
-9.054086531227493184e-01
-1.116773408602402151e+00
-6.950477573240649853e-01
-5.963236861696511459e-01
-2.112603190818450827e+00
-4.609655823820885678e-01
-6.966513288737652410e-01
-5.239662806970305509e-01
-6.979476275430740451e-01
-4.291090025977442046e-01
-6.310948333947574707e-01
-4.459442230020959630e-01
-4.611043801853548785e-01
-6.227271369496817366e-01
-7.918457406473667914e-01
-4.931674800304203243e-01
-1.470598235763118433e+00
-5.491721332997072658e-01
-5.909941057267034115e-01
-5.458413948137463834e-01
-5.317712322054944929e-01
-4.048051399308773557e-01
-4.453398182564857199e-01
-6.917562112148885056e-01
-7.461845197020781084e-01
-6.761698912822081686e-01
-5.593398490517619281e-01
-6.350451423587680777e-01
-5.777942007406576819e-01
-7.646324188523381249e-01
-7.517062670612609798e-01
-4.840326380916357696e-01
-6.559282376017823157e-01
-5.747878896887744782e-01
-9.884176086920142268e-01
-6.259907349403482923e-01
-1.555120824858672979e+00
-4.953890222899266504e-01
-7.180454728578479218e-01
-5.907344712235128581e-01
-1.031481579897561618e+00
-1.538526908438611507e+00
-1.017250430500934444e+00
-1.325071283583965975e+00
-6.914798335957188513e-01
-5.130993983449267937e-01
-6.544963038217489482e-01
-5.202555773843513531e-01
-5.547172359501015837e-01
-7.807758126923928232e-01
-9.333021483595441703e-01
-1.307850636224874519e+00
-1.148424125364479575e+00
-9.392818430148013320e-01
-7.506785722333026989e-01
-9.513490983576022852e-01
-7.096914526558341096e-01
-7.971953334684662718e-01
-1.133455452292472243e+00
-3.893091701995089471e-01
-4.405711532784763462e-01
-7.406883509294535095e-01
-7.246530500152434939e-01
-6.708302577492136765e-01
-8.010613874042057381e-01
-1.252529642929759657e+00
-8.744634948993182944e-01
-6.640355075914960992e-01
-1.339766404059885119e+00
-4.783424210548572475e-01
-5.053337431724829187e-01
-7.100362647137717920e-01
-1.443248126467229220e+00
-5.845777243180472205e-01
-8.098384379353650298e-01
-7.688455483143649127e-01
-6.808666307507083015e-01
-7.597383828523511795e-01
-5.963303148689276245e-01
-4.184228652629873868e-01
-6.065412823776767937e-01
-6.845398463026416414e-01
-6.751424427973853337e-01
-4.313812300325391980e-01
-4.243069728549682118e-01
-7.907222977664800645e-01
-4.891522094045744340e-01
-7.007461746328007557e-01
-6.199524378010756731e-01
-7.915987979757640458e-01
-6.020710344724953256e-01
-5.919564071396781202e-01
-3.678713285680364486e-01
-8.845149484134884332e-01
-6.709376057175775454e-01
-8.077895935890881951e-01
-6.883044558124966628e-01
-4.668918885333946944e-01
-9.990899539259158191e-01
-1.653578433163519046e+00
-9.613335200012256276e-01
-5.123598617739769656e-01
-7.095186988415573826e-01
-5.704186813443656856e-01
-7.121870880757777966e-01
-3.759019511938141433e-01
-6.887054883515827397e-01
-1.260233241460839260e+00
-6.995630735479059226e-01
-1.571360059740015691e+00
-9.317557703137377967e-01
-5.872263622676449080e-01
-6.144939764162545837e-01
-8.432031755864216604e-01
-7.292863471398145503e-01
-9.485291128180554088e-01
-7.019503836962399657e-01
-6.071083212438460608e-01
-6.376252247557084862e-01
-9.386103614923084759e-01
-5.888579563844995590e-01
-4.924887721010579034e-01
-1.151620792330092513e+00
-9.569777719831394913e-01
-4.147329970228355034e-01
-9.151314663514927839e-01
-1.386399249627368935e+00
-8.855705904684874064e-01
-4.805435606269445881e-01
-6.125376054452916774e-01
-8.460238692113885017e-01
-6.542624629566546890e-01
-7.540899668689475810e-01
-6.113674250795557708e-01
-9.400415944008053692e-01
-1.676029929664985429e+00
-3.797291553716358181e-01
-5.080981377277311584e-01
-6.464572197113426233e-01
-9.363311413316138809e-01
-6.410063845624168755e-01
-5.917372379999642495e-01
-8.089996532111219940e-01
-4.623936372302224762e-01
-6.057215413563429296e-01
-5.894044150070050225e-01
-1.194358924006283074e+00
-4.879085974673308956e-01
-4.533347090591773876e-01
-4.850273920480024925e-01
-9.170470359688446260e-01
-1.065988581173612282e+00
-8.228741462433795117e-01
-5.601135047522484145e-01
-6.423584620428697267e-01
-5.641167691609986212e-01
-6.506631265147193588e-01
-7.185048923416529343e-01
-7.652937528709097270e-01
-7.058923641519335712e-01
-1.343627785070705905e+00
-7.370969810465672900e-01
-1.096846541489878479e+00
-7.419511796381109692e-01
-9.484443099094181928e-01
-1.390760704077739218e+00
-5.673897915819093862e-01
-7.996263186884252638e-01
-6.564803186064024354e-01
-8.166010994469042883e-01
-1.854254010164113842e+00
-7.353641543149121995e-01
-7.243521495477336369e-01
-1.083220837297806494e+00
-1.025768512990816284e+00
-6.790552839910473093e-01
-5.059862555367293790e-01
-8.320918078395929118e-01
-8.741762520655170787e-01
-5.850457646483908647e-01
-4.073478486557071121e-01
-8.592908805526475735e-01
-7.846427499744449419e-01
-4.918206279820040439e-01
-6.265530949837920804e-01
-7.788801761506259913e-01
-1.444689928755082287e+00
-4.787546187048029034e-01
-5.097236049937385882e-01
-7.056142495391838354e-01
-5.029122759312744106e-01
-5.680320007703524299e-01
-8.109245186375262371e-01
-7.335727824027783450e-01
-6.758341502897354802e-01
-7.145178030425233251e-01
-4.790957438971485960e-01
-8.842233536725346843e-01
-4.997724402078586592e-01
-9.583957154802547063e-01
-9.299060922438563415e-01
-1.003881550780348242e+00
-8.191987786869048271e-01
-7.703930933945707382e-01
-8.112054899075396008e-01
-5.465114961261646753e-01
-8.135140984302180467e-01
-5.540825006739453773e-01
-4.455337857752972863e-01
-8.878840440410362689e-01
-5.865361608304772156e-01
-5.982190747495593763e-01
-9.292601156477124924e-01
-1.503435472058645583e+00
-6.766411403843097805e-01
-1.131071749326721720e+00
-1.037054707848304780e+00
-1.199387036010841845e+00
-6.543297606688531776e-01
-1.062765167796568377e+00
-1.841085565946751323e+00
-6.179381860960675432e-01
-1.700589210834347442e+00
-6.529029353620017240e-01
-8.416196544589114037e-01
-8.220442066291717698e-01
-4.001295166368707412e-01
-4.264179176212639089e-01
-7.656475746958673056e-01
-6.759228862497882462e-01
-8.952060834956188096e-01
-8.402277100019202027e-01
-8.461114155520075286e-01
-8.553356514281101886e-01
-8.071228744562767288e-01
-1.049009638017277535e+00
-6.582075104734002036e-01
-8.283005047233317208e-01
-9.979143533152734502e-01
-7.345536532159225862e-01
-4.600782569674645717e-01
-7.890028667268793594e-01
-1.091047974019460076e+00
-5.289758489862137480e-01
-4.750719357562817047e-01
-1.456070474660465797e+00
-6.246538678274499157e-01
-5.553106563639148563e-01
-6.116735256032416190e-01
-9.626879771283254339e-01
-8.759699158968079491e-01
-7.835112741578779127e-01
-5.113781770212868505e-01
-7.156609234066635405e-01
-8.144221616265875374e-01
-7.669717844936502216e-01
-5.960664037022951334e-01
-1.017378886604750399e+00
-8.072934146691815860e-01
-7.681955762440160207e-01
-8.562792684684434885e-01
-9.004523898736234155e-01
-8.548498490190598043e-01
-7.467899160717350604e-01
-5.522144300786481219e-01
-7.037731978827104218e-01
-4.180804487781857315e-01
-1.317260865770281342e+00
-7.061223556721588634e-01
-1.209732472105214063e+00
-9.093231656834304122e-01
-1.270149831885186931e+00
-8.284156425316457906e-01
-1.345741695934899118e+00
-6.008748797495893079e-01
-9.992150515333059202e-01
-6.126475794698960087e-01
-6.174814645799895363e-01
-6.079458887571393966e-01
-1.868415741608823177e+00
-6.617230700231114815e-01
-1.418097444458567225e+00
-9.383046295399365411e-01
-6.223194885518188446e-01
-6.294748639095381071e-01
-3.484958120961283989e-01
-7.476414844166480167e-01
-1.730327709149269255e+00
-6.880044342823585790e-01
-9.637653085966231270e-01
-5.671996403465374703e-01
-8.523308915248768436e-01
-6.626144218240660466e-01
-4.959047315033576209e-01
-8.293308343083566347e-01
-9.690018831666572519e-01
-5.568088836521751794e-01
-6.107812371992262790e-01
-7.243195666585078296e-01
-9.192440560999034505e-01
-6.776429871374697322e-01
-9.183426470118449814e-01
-6.328211002868630031e-01
-8.405169791596125428e-01
-6.176020035905823713e-01
-4.516290249857546346e-01
-3.628012006433028458e-01
-1.001799927407972302e+00
-1.216909838236740038e+00
-6.382775459088817493e-01
-6.575506029019747567e-01
-1.772017532886474678e+00
-6.745548238476332115e-01
-6.259273636681487174e-01
-6.130184933202524888e-01
-8.103334353379233468e-01
-1.643765510267514385e+00
-5.119747318807457148e-01
-7.723589518785746177e-01
-5.716390985071309050e-01
-7.458526419924862427e-01
-1.530798521659429978e+00
-8.320038559061108119e-01
-1.161573440454881867e+00
-8.004705845654976892e-01
-1.826325588110185416e+00
-3.571224157231009388e-01
-7.858950786316566406e-01
-7.187641044355992381e-01
-6.806243062202412819e-01
-1.739664846647234642e+00
-8.277782491095150297e-01
-8.935921245124377466e-01
-8.067730717364289816e-01
-1.899096630870019897e+00
-7.660394277738432622e-01
-3.990073978018277567e-01
-5.202852033315648050e-01
-5.416061846259291324e-01
-6.118660333470976598e-01
-8.532726748560149899e-01
-7.031162303866552721e-01
-8.916363729408148808e-01
-7.688328934127010017e-01
-8.766590699076149962e-01
-5.700808552289310382e-01
-8.588186320549375807e-01
-6.609036152352063542e-01
-8.064356767394507131e-01
-9.360753182450405330e-01
-1.098913923995639585e+00
-8.447463338227338969e-01
-5.763871302224486959e-01
-1.348480015771556184e+00
-6.057308573764779158e-01
-6.919696173918189475e-01
-1.347605601959446453e+00
-6.827942545891495518e-01
-6.047177749281243964e-01
-6.164357961939326280e-01
-5.390855634771087868e-01
-3.050756424928841581e-01
-4.988954300282228416e-01
-9.327296494207061306e-01
-9.123063374184997576e-01
-1.025090553311307717e+00
-7.275817037976212154e-01
-1.821308395461521901e+00
-4.772330093380136029e-01
-4.156900594051415876e-01
-6.462804543864302254e-01
-7.687060365059862344e-01
-1.013744898150054974e+00
-1.222837567274221549e+00
-8.501755735900403677e-01
-8.780153907097931754e-01
-9.662420287885489234e-01
-5.566471543621371865e-01
-5.975754398674245627e-01
-3.853392163733467268e-01
-6.336151919989957415e-01
-1.041407380091646351e+00
-8.648715942823821390e-01
-9.665209637938696474e-01
-1.234830658462112041e+00
-3.770963859385331185e-01
-5.537937585889725067e-01
-7.315520058900594202e-01
-8.032263129088240694e-01
-7.657130210756398769e-01
-9.642881012299320265e-01
-5.497843331451519600e-01
-9.948849915684915279e-01
-6.008062306319318369e-01
-6.661653814875825308e-01
-3.545017808908382806e-01
-1.893406429871145713e+00
-4.156037963693466897e-01
-6.218700818829112631e-01
-5.982749431133982387e-01
-6.590359728075340096e-01
-7.268909147387827563e-01
-6.570496337870012082e-01
-4.872611440970959218e-01
-4.133466026003027594e-01
-4.783452425420797738e-01
-6.421626886654611122e-01
-5.145802176812378503e-01
-7.870413435834090476e-01
-5.097377240188717407e-01
-7.223726208113094849e-01
-7.180281861608621696e-01
-7.580274536437627830e-01
-5.082929361610901697e-01
-4.013419787357933033e-01
-4.167162017008023689e-01
-1.420380114335039412e+00
-9.392295545773052812e-01
-7.115856394940205387e-01
-7.758974844976934682e-01
-1.330469131971826258e+00
-4.923676782435791877e-01
-5.247855519655610923e-01
-5.672130871931816420e-01
-4.989134147676539399e-01
-6.925777592049763287e-01
-6.681271037973266491e-01
-1.207399399545460605e+00
-3.729323438728425200e-01
-7.440703376115661571e-01
-8.756002823579082106e-01
-7.155809265612499415e-01
-5.785045832706974256e-01
-5.592789247499212468e-01
-4.646056768565821615e-01
-3.436257524972082811e-01
-4.274370849934938099e-01
-8.529202150559950235e-01
-5.474430525857888474e-01
-4.779427351790215273e-01
-6.886029147090013680e-01
-9.337723041051659845e-01
-4.169115144608626089e-01
-6.199209855300307215e-01
-7.232059449785982475e-01
-8.625153260051932058e-01
-6.596097527939709382e-01
-7.988323461880768583e-01
-8.715581569832158149e-01
-6.234021753634590990e-01
-7.470509482955013381e-01
-1.050021146980203657e+00
-6.449415165988615639e-01
-8.742282390579342310e-01
-1.130409363740500162e+00
-7.677456472076594762e-01
-9.407198431736496502e-01
-6.222797509149881057e-01
-7.309101590891646794e-01
-7.459003245977124941e-01
-1.214647552463732350e+00
-9.676196648868160555e-01
-5.718029826236458169e-01
-1.008150394406236883e+00
-6.158315487608967409e-01
-5.956941144183209857e-01
-4.885167396236388959e-01
-7.598712278073538329e-01
-6.903169316368608088e-01
-5.385951737107111947e-01
-5.925669961273400954e-01
-4.281780348415053505e-01
-8.082999331954060507e-01
-6.303110148377932820e-01
-8.633936893695481896e-01
-7.875935443799972902e-01
-1.492934066370610102e+00
-9.147426074647291294e-01
-5.203472337187253771e-01
-9.674451171066852373e-01
-9.674776194376724092e-01
-1.639799620463514129e+00
-5.991936400721333822e-01
-9.149032830796551830e-01
-5.510307041494958424e-01
-6.033238335955493081e-01
-8.157099988060461104e-01
-9.629421661706178970e-01
-1.084151708536872594e+00
-5.192711765620819930e-01
-1.009896360921999969e+00
-8.622891950630640068e-01
-6.577585827490147752e-01
-7.430653486584773981e-01
-3.875245324623726728e-01
-4.048825562484200669e-01
-6.095989176507552454e-01
-9.306100112485773401e-01
-5.811183693047395904e-01
-1.014654892323318514e+00
-5.877792318312680120e-01
-7.983395892438409636e-01
-7.070659218301674764e-01
-7.159804658035516800e-01
-4.062278937255401345e-01
-7.169123800382894984e-01
-3.692420370681940844e-01
-6.061595911901098699e-01
-7.186175941936295830e-01
