-1.145762833378317147e+01
-1.518539839438057726e+01
-1.759933945182124404e+01
-2.408919716646510167e+01
-1.492885346546280800e+01
-1.992207478638869844e+01
-1.319373638252930547e+01
-1.845044005019337874e+01
-2.108107398734034632e+01
-1.552575117078954925e+01
-2.093279078111996938e+01
-1.525302208347482136e+01
-1.493203724947005284e+01
-1.057692635303563300e+01
-1.818681412206242243e+01
-2.066041253284836898e+01
-1.420624044296685717e+01
-1.149917386630180083e+01
-9.752990983163920546e+00
-1.290035873517314258e+01
-1.268001067626004108e+01
-1.066960790539720705e+01
-1.065797857180088748e+01
-7.033435099713907235e+00
-7.775841133995683663e+00
-1.202444126535373137e+01
-1.073202783944940286e+01
-7.524684488813146999e+00
-7.523205829046016646e+00
-8.435369572907838176e+00
-1.008034987654736092e+01
-1.274469768905848532e+01
-8.100244598991553246e+00
-7.690060425851720893e+00
-8.569731980617069311e+00
-9.884803655661572819e+00
-1.420065241289273139e+01
-8.276773787694761353e+00
-8.135401466583289221e+00
-1.240127898560795217e+01
-8.293160151692056559e+00
-1.065377178306094486e+01
-7.911515649989977916e+00
-1.019801005220569046e+01
-1.122987559878111163e+01
-8.821972207348533601e+00
-1.039124193201634760e+01
-1.031720096945691978e+01
-1.013636226841481580e+01
-8.806880929260300306e+00
-9.817521698754108073e+00
-8.685795137529852994e+00
-1.059444094683861337e+01
-1.201602179726467945e+01
-1.361709045823810804e+01
-1.200353426712960037e+01
-1.179810968760498469e+01
-1.098040958949697021e+01
-1.034158189330503852e+01
-1.316229001971354329e+01
-1.152801177967154089e+01
-1.238552814319139550e+01
-1.166180482792510986e+01
-1.297471679347257023e+01
-1.373520164462546056e+01
-1.250105509400871284e+01
-1.397112336866141469e+01
-1.202485587865715821e+01
-9.716738400729960645e+00
-7.494965071057388073e+00
-8.960981819678840665e+00
-1.076095303343585030e+01
-8.677076291133435149e+00
-1.146741024041784307e+01
-1.019419380851711843e+01
-1.127112650999004195e+01
-1.147054013455125521e+01
-1.137697065900834126e+01
-1.213728220974489247e+01
-1.025935187200456689e+01
-1.114618724233300284e+01
-1.181234303475882541e+01
-1.214227704597270829e+01
-9.868230233227818005e+00
-1.368700516350142316e+01
-1.249559388992585163e+01
-1.215506404877277724e+01
-1.019946148219832516e+01
-1.099301076109506070e+01
-1.204747278737882965e+01
-1.404349985354517294e+01
-1.147655977126469473e+01
-1.288614461230253738e+01
-1.431973656738076173e+01
-8.298935956635432376e+00
-9.793655766468420509e+00
-1.304631737224238464e+01
-1.333590968223773032e+01
-8.917251166560761888e+00
-8.820312982495771337e+00
-1.285749807995178529e+01
-1.221573240648170255e+01
-9.324770067101752602e+00
-1.309706122576322507e+01
-1.306674608406642690e+01
-1.090512349055767771e+01
-1.122090611829504070e+01
-8.965551864337683696e+00
-1.153389889862191708e+01
-1.116141751745034227e+01
-1.101871823603214118e+01
-1.345502742232951476e+01
-1.259587242861683620e+01
-1.221027069469487891e+01
-1.120347775232651877e+01
-7.966916556896018520e+00
-1.397617287432488276e+01
-7.343405219508298387e+00
-7.914235382621438220e+00
-1.227434741463984480e+01
-1.122673997019041181e+01
-1.537082240116811427e+01
-8.046269217666559115e+00
-1.310014695767511306e+01
-9.966829898491473827e+00
-1.237845029732020663e+01
-1.059846201618289818e+01
-1.116943550310443456e+01
-1.009410281340705318e+01
-1.184358263108838472e+01
-1.380235128195792349e+01
-9.840065459473384735e+00
-1.053920670885243815e+01
-1.096969585721121909e+01
-9.920161830970391392e+00
-1.255917476926710918e+01
-9.735702647082895567e+00
-9.026897706866751747e+00
-8.439381009387632915e+00
-1.028723859492034265e+01
-1.120586900379949036e+01
-9.917531438678912181e+00
-1.075768500607575540e+01
-1.222893843489874044e+01
-1.228746134870907269e+01
-1.329273249667583379e+01
-1.292526834729105012e+01
-1.492536001769782317e+01
-1.196933183890517149e+01
-1.272472548289380789e+01
-1.138993865297710251e+01
-1.020814874550388929e+01
-9.690455456053872041e+00
-1.415308677211716848e+01
-1.148691425530884835e+01
-9.613645704075077347e+00
-1.173031326091830451e+01
-1.114731410608713702e+01
-1.153613281503196930e+01
-1.070543184533295999e+01
-8.925003217914692755e+00
-9.032674511390942129e+00
-1.291146896400602806e+01
-8.606004924066585460e+00
-1.000514338097025835e+01
-1.071302974490353499e+01
-1.014563013976816563e+01
-9.428813763505392131e+00
-1.063883206626315747e+01
-8.684884829531627659e+00
-9.900279421330576923e+00
-1.028873388903391728e+01
-1.061492240548867017e+01
-1.028324564505550320e+01
-9.923830597846503565e+00
-9.548678764462193769e+00
-8.478653831965761611e+00
-7.930732220147492129e+00
-8.537015769170036350e+00
-9.241842282738140568e+00
-8.920941612449066582e+00
-8.085501722725512153e+00
-1.124997142740698663e+01
-9.234166524095579476e+00
-1.220318482488007206e+01
-9.830784515394865863e+00
-8.702275349184402486e+00
-1.071971284722078899e+01
-8.249476489030229232e+00
-1.220552999983955189e+01
-1.165698810590589751e+01
-8.717406644997787168e+00
-1.160579803972294677e+01
-8.114284928760929105e+00
-1.002662105626941802e+01
-8.818293752324676049e+00
-9.646996207505113219e+00
-9.956976154055174888e+00
-8.558487876768841929e+00
-7.912737027209102436e+00
-1.132543622247149706e+01
-9.405765755871327016e+00
-9.928670939065041168e+00
-1.019618607520442488e+01
-8.194929485294929705e+00
-8.460177341194068390e+00
-7.502340023801908231e+00
-9.576911076045693250e+00
-1.034346467674546055e+01
-8.046291541468916009e+00
-1.077507787548436902e+01
-9.464369818605966600e+00
-1.060521828925076449e+01
-8.388239146896363962e+00
-1.212577699851424740e+01
-9.326263380268851932e+00
-1.156160998068906665e+01
-1.446572212543815183e+01
-8.677761839601519256e+00
-9.998966817197667112e+00
-1.023948946351427125e+01
-8.859958432477530010e+00
-8.917835120408748040e+00
-1.056367413138012168e+01
-7.745852115755898382e+00
-1.246763753573580225e+01
-1.161141287277243350e+01
-1.028900333555291624e+01
-7.481992218535099326e+00
-7.674054701235220932e+00
-1.329890310122092068e+01
-1.053850605567751053e+01
-9.345158465014209881e+00
-9.726719590780582791e+00
-1.078113925081252589e+01
-8.403448909418285595e+00
-9.109121961033581627e+00
-8.048605571396262093e+00
-1.069193295837333224e+01
-1.118862805423750117e+01
-1.398260673965536860e+01
-1.102957768913980985e+01
-1.193145070755594794e+01
-1.112493523623977865e+01
-1.350537269807142060e+01
-8.033785497868255021e+00
-1.222911098099139338e+01
-8.230965221918783215e+00
-7.990556096899277705e+00
-8.287075848973653791e+00
-9.360089730491791826e+00
-1.354559417482881045e+01
-1.144600749594973088e+01
-9.439713542664122770e+00
-1.267628362215478433e+01
-1.153362698318306023e+01
-1.020050485270670215e+01
-9.285443827308164089e+00
-9.080337877620523912e+00
-1.137963662350709093e+01
-8.796898528019909236e+00
-1.447491965592589303e+01
-7.174431676707014205e+00
-9.390104259775702289e+00
-1.097756145639960046e+01
-1.041823639459260065e+01
-9.254156965549960034e+00
-1.162974773822268659e+01
-9.739443341811380606e+00
-1.022177063461268354e+01
-9.505167281126606582e+00
-7.344530496844003054e+00
-7.652437704453603828e+00
-8.002634371302981720e+00
-1.246775132990336488e+01
-1.018443104906465280e+01
-8.264274707738701764e+00
-1.689798837844089618e+01
-9.339457029832678003e+00
-1.024868774549428529e+01
-9.797156308303884842e+00
-7.811259825873404949e+00
-1.005247895994672191e+01
-9.576458316223581235e+00
-8.843738084859388948e+00
-1.245856521091653590e+01
-1.129852924428243810e+01
-1.215132971427939168e+01
-8.166009170824610308e+00
-8.851599262113397870e+00
-9.679548584766271446e+00
-1.297829489884920129e+01
-1.011966957116446686e+01
-1.143533955651239431e+01
-8.168388974615441001e+00
-1.070181431657839433e+01
-1.045271754689736632e+01
-9.183809564802482228e+00
-1.025287226682123354e+01
-9.011045579650330595e+00
-8.875206290828003830e+00
-8.945327012316589332e+00
-1.158309203726653358e+01
-7.449975455564043614e+00
-9.499558434507568094e+00
-8.848498452729527841e+00
-6.953997154152281368e+00
-1.057302402128910757e+01
-7.631378900578022595e+00
-9.612592526701044804e+00
-1.010689139414877502e+01
-7.652947570581705605e+00
-8.440409064912669734e+00
-1.266758317391719046e+01
-1.187938569287661039e+01
-7.756175099068192580e+00
-7.675819195593417632e+00
-9.816054331123156729e+00
-7.981309732610048613e+00
-7.779532054208111447e+00
-9.971501465000860875e+00
-7.207878060193281478e+00
-1.182020937196581301e+01
-1.135793468130167838e+01
-9.957629300876048362e+00
-9.462085445069307710e+00
-1.076624065196180702e+01
-7.839734781537055497e+00
-7.876475471106825665e+00
-9.278222360859203377e+00
-8.214372709967932451e+00
-7.666405366056116222e+00
-1.084076502319830837e+01
-7.870382421728981726e+00
-1.283659380706900244e+01
-1.248040788655219835e+01
-9.289703045186362473e+00
-9.013505364362401906e+00
-8.805296508387641552e+00
-1.268400859188375662e+01
-9.999627340001602249e+00
-1.163791694740639393e+01
-7.865351143825495939e+00
-9.096005497944018359e+00
-1.302973360539903247e+01
-7.473876170265862484e+00
-1.148068825257534975e+01
-8.709758829984041384e+00
-7.455364453505227473e+00
-1.040178854500980599e+01
-8.754470337795689616e+00
-7.985757020919027838e+00
-1.439001285495100468e+01
-1.596612388402531657e+01
-8.072820514384583035e+00
-1.241216035243787452e+01
-8.875238174470208463e+00
-7.403501669091840043e+00
-9.299982070762496278e+00
-1.069085537414497900e+01
-8.782588587044612538e+00
-1.239952986383391575e+01
-7.905578889832682421e+00
-7.836282183982671512e+00
-8.617714160426466208e+00
-7.996605946649028240e+00
-7.682696468325469041e+00
-8.296078118979986371e+00
-9.211596964814514621e+00
-9.096026352375448099e+00
-7.420407323145408185e+00
-1.159539872883378564e+01
-9.065849835943785351e+00
-1.199671137853239955e+01
-1.295685644050120366e+01
-8.273657155347963865e+00
-7.578762604332380803e+00
-9.134257068155420711e+00
-9.268990944325224746e+00
-7.361244936513156034e+00
-1.113813425714111638e+01
-1.004827033648897405e+01
-8.433259660908376532e+00
-7.056269514144339006e+00
-9.810998410407940185e+00
-9.191837316348612674e+00
-9.711331761002513829e+00
-1.051483328045251042e+01
-7.907698094952205992e+00
-9.824289703134896357e+00
-7.799761652470877493e+00
-1.004807895690358599e+01
-7.080223455772800989e+00
-1.110807071499142040e+01
-9.182385421278501880e+00
-8.685379048794628076e+00
-7.773706777197332940e+00
-7.935143617345040923e+00
-8.667023022277495770e+00
-1.299540345642095396e+01
-1.021813675631239526e+01
-8.145637659389674212e+00
-1.085415870387095261e+01
-1.037300675465080246e+01
-8.074220562246928523e+00
-1.094722124162610477e+01
-8.599681566888325079e+00
-9.969424374094378649e+00
-1.099965589856887505e+01
-8.264424981038272833e+00
-9.529520299645820813e+00
-1.035574622141831824e+01
-1.108214913540900248e+01
-8.505259823344642811e+00
-1.195459527164700297e+01
-1.356266109256249131e+01
-1.027206762966165421e+01
-1.162322948900362363e+01
-1.044841355167232777e+01
-8.210311376594541244e+00
-8.379166525178591840e+00
-1.011970533770194436e+01
-9.429368478514090768e+00
-1.057018572037806514e+01
-7.801961268615881906e+00
-1.039876489332861276e+01
-1.207616366239471795e+01
-1.036336067415106221e+01
-8.024402813218737052e+00
-9.402376906281569191e+00
-1.321171368014794467e+01
-1.073906713145378866e+01
-1.079560876550293536e+01
-9.709305461522333758e+00
-9.532475683450320147e+00
-1.177727181313255400e+01
-7.730051932563688055e+00
-9.967193801964569388e+00
-1.309586673486068698e+01
-9.060347988916236162e+00
-9.200257660225034329e+00
-7.669711634912484755e+00
-9.249440630646676098e+00
-9.984818427887738324e+00
-9.835735869251609031e+00
-8.661208002599725120e+00
-1.114533462281604947e+01
-1.039898899995917958e+01
-8.519391422530652846e+00
-1.139492523785391853e+01
-8.136117668788427792e+00
-8.143777067851498686e+00
-1.126032964526937263e+01
-1.031962323515038626e+01
-1.128319510820901428e+01
-9.601744968049716888e+00
-8.082749293951527747e+00
-9.065265500200675675e+00
-8.075736306730441072e+00
-8.728755857911680849e+00
-1.061183667435278366e+01
-1.026653664802382870e+01
-7.216957367741816398e+00
-8.672776538377890532e+00
-1.066321731689530061e+01
-9.859718166457042798e+00
-9.270647597252901662e+00
-8.100530734583687220e+00
-1.326645744458005005e+01
-1.398177337896346373e+01
-7.522965321426738683e+00
-9.287562831728422452e+00
-1.054021753451482546e+01
-7.487485004801550659e+00
-8.175689030134922319e+00
-8.083468489550259761e+00
-9.680231208955392574e+00
-1.228727121111090348e+01
-9.346573472838217711e+00
-9.767360539892926852e+00
-1.048085645426032819e+01
-1.261989907589484794e+01
-7.478261038343875455e+00
-9.488049647960314914e+00
-8.165391671290368691e+00
-9.250177378164350372e+00
-9.383088961991093768e+00
-7.174215808473089595e+00
-1.024916386533958423e+01
-1.035047115140985774e+01
-8.077034256664910927e+00
-9.628002319656760122e+00
-7.904524507192496330e+00
-1.058966970002476238e+01
-8.782446003599131856e+00
-9.497951682513894767e+00
-8.141849907471756964e+00
-9.495678073509621342e+00
-7.044657630803850878e+00
-7.620377154135997699e+00
-8.549976170546026211e+00
-1.025798942438551897e+01
-8.607619997472310658e+00
-8.726174094669650216e+00
-9.455821279415236091e+00
-8.226427860892510324e+00
-9.254647643579538396e+00
-8.915723614480871362e+00
-7.813018302757035016e+00
-1.117073220008915868e+01
-7.891040169682412397e+00
-9.138560931193623560e+00
-8.650250632380268812e+00
-7.753352674512409948e+00
-8.693787007491625474e+00
-8.939628461963939898e+00
-8.484707122542477720e+00
-9.900496158583370843e+00
-7.156122233857099779e+00
-6.986602963890389262e+00
-8.771590142295142556e+00
-7.481219492688591544e+00
-8.531411322061918767e+00
-8.690560376706820023e+00
-1.061906842422161290e+01
-9.098504611356490912e+00
-8.073328033803720771e+00
-8.531409613863567998e+00
-9.538297788431451707e+00
-9.601897726664704535e+00
-7.282033415756735906e+00
-8.565890935824864272e+00
-8.124598852498692736e+00
-7.803945223194228120e+00
-8.219913249688485024e+00
-9.116557797934799368e+00
-7.137872744934362856e+00
-9.640508913343710518e+00
-8.034103034619722195e+00
-8.070579380054953234e+00
-9.523633688236817108e+00
-9.282011731433231105e+00
-9.210239982179858842e+00
-7.485219249009340103e+00
-9.170536871730881501e+00
-8.479703037077909400e+00
-8.291949586942505945e+00
-1.058090995508733201e+01
-1.053133133075067640e+01
-7.877194674571274646e+00
-9.243176722007714119e+00
-7.606527149253549780e+00
-7.979778126230691271e+00
-8.599654734483387131e+00
-8.253718302042914345e+00
-8.698065193030609876e+00
-7.239503410124184413e+00
-8.555364762471882045e+00
-1.063427660433138122e+01
-8.455922001353259887e+00
-8.510323767519686555e+00
-9.029253077655953419e+00
-7.525639291602059799e+00
-7.609602699442930884e+00
-8.043333483890764413e+00
-9.516860424225255244e+00
-1.163025300269032059e+01
-9.586307282958403064e+00
-6.990850389984595736e+00
-7.501929785794047234e+00
-8.049996162686730017e+00
-7.250977033673274619e+00
-9.549727544375738120e+00
-8.872491619647554728e+00
-7.604921244306535044e+00
-9.276081289621922465e+00
-8.133551950444608991e+00
-9.094758478740178731e+00
-9.960600336790214726e+00
-9.575623181602743728e+00
-7.890865218999575603e+00
-8.873909043960793497e+00
-8.186012831511668253e+00
-7.883781001300581792e+00
-1.149193144080045847e+01
-1.061500921867143532e+01
-7.836535716524627659e+00
-9.645333501585778180e+00
-7.281413695429380439e+00
-7.552483400712629802e+00
-8.016423114719755105e+00
-1.042820101613940942e+01
-1.095769059573148674e+01
-7.480293719229125671e+00
-7.888346372028788522e+00
-1.147995901533430363e+01
-1.414657642360906209e+01
-7.270128883538193421e+00
-8.102699031416641162e+00
-1.151715047820767523e+01
-8.452459083751030278e+00
-7.677816503991325092e+00
-1.090075092150597236e+01
-8.582462345332388054e+00
-8.095753383669425318e+00
-8.957709993784618518e+00
-9.298755537748515820e+00
-9.020896168065522858e+00
-9.550373778630538268e+00
-7.822507390626020296e+00
-1.008881817007207360e+01
-1.048861105298976604e+01
-8.449851482646710821e+00
-9.531642255142783071e+00
-1.463523377408462345e+01
-1.380687446255427453e+01
-1.619882310436318562e+01
-1.410231579972724525e+01
-1.455354495195902764e+01
-1.618410570110495428e+01
-1.078259415344318484e+01
-1.435250508781078160e+01
-1.207969309797289981e+01
-1.231841089025859581e+01
-1.372935287073626220e+01
-1.607669259461854239e+01
-1.624501393273367000e+01
-1.073489043740132942e+01
-1.392362728572641473e+01
-1.183112049354314799e+01
-1.184947777622148379e+01
-1.016492023755723473e+01
-1.270248728688271100e+01
-9.175736800262201953e+00
-1.015197378464035793e+01
-9.868636971950515147e+00
-1.073035283885223912e+01
-1.109539132035280673e+01
-9.619023600913914507e+00
-1.711192837378547438e+01
-1.019879985885071072e+01
-8.601192866246195834e+00
-8.158102826887811077e+00
-9.660529864074486994e+00
-9.850221356675593398e+00
-7.505389540454636688e+00
-8.003868206633514504e+00
-9.173068444663927679e+00
-1.125675721793069783e+01
-8.196366760556029973e+00
-8.240725233081342083e+00
-8.069418068505356700e+00
-8.251597085794644570e+00
-9.044938298197950033e+00
-8.266524760071991551e+00
-8.842075458738122506e+00
-8.488453982799763153e+00
-9.421175932913113726e+00
-7.796313784936556246e+00
-9.094013957751128530e+00
-8.595994851975879314e+00
-8.198195630706964110e+00
-8.945749195679702837e+00
-7.110093095364765858e+00
-1.171074602209720439e+01
-9.005186943692695678e+00
-1.166787951421968295e+01
-8.234935867922743569e+00
-7.789049452706642285e+00
-1.106313062436441719e+01
-9.773878089918763834e+00
-9.663134532356453477e+00
-1.299750222185935300e+01
-1.033013078683883457e+01
-1.021865406802209364e+01
-1.175345855143931928e+01
-7.374445259961936117e+00
-1.064671980514575722e+01
-7.418298317525067631e+00
-7.809523617720044442e+00
-9.307846593682045366e+00
-1.141516069526801402e+01
-1.033410037179122121e+01
-7.929573606101826044e+00
-1.022344728446905826e+01
-8.249887552465711593e+00
-1.074602650029860840e+01
-6.802941948258140137e+00
-7.797661427391760824e+00
-8.949539939163631885e+00
-7.806766270342766489e+00
-9.005563725239932538e+00
-7.907903489583068435e+00
-9.642559359062230939e+00
-8.437396796235924867e+00
-7.680785553229810603e+00
-9.190344452213098592e+00
-8.704785755990744889e+00
-7.836910756084352059e+00
-8.064820286345987910e+00
-7.699584707706192077e+00
-6.719644129711340952e+00
-7.279065247172338715e+00
-7.331583425662442366e+00
-9.289260615837326540e+00
-9.693527126213830059e+00
-9.395273757132999393e+00
-1.010561549408959614e+01
-8.746133412444041966e+00
-1.018143201568626033e+01
-6.954102208294588472e+00
-8.522762868850644935e+00
-8.012652608234793306e+00
-1.030251867961272438e+01
-7.869490901880755729e+00
-8.786731598812034250e+00
-8.382171052246780718e+00
-7.908716359716116528e+00
-9.194523181470938056e+00
-7.941962183368255879e+00
-7.308142402392222792e+00
-7.983306932644728349e+00
-1.107261126343475865e+01
-8.929637272746797194e+00
-8.126001462155407751e+00
-7.148488188303939062e+00
-7.661554622285477123e+00
-8.468516205531924967e+00
-7.083751556249246129e+00
-8.796513973492244176e+00
-7.563520854933729609e+00
-7.331576161691003790e+00
-6.939812409228636625e+00
-7.098207861577442657e+00
-7.282396944036548803e+00
-8.031957225350058849e+00
-8.380138508589736190e+00
-9.560771688334297025e+00
-9.654562917176800596e+00
-7.416280954632307854e+00
-1.029913238113478258e+01
-8.066087208950699861e+00
-1.192147389024759718e+01
-1.230920366971492541e+01
-9.205115148342279952e+00
-1.256259696939995152e+01
-1.043454042222583134e+01
-1.073707866897474972e+01
-1.490911458979511472e+01
-8.368046935789562824e+00
-8.977166849340571630e+00
-1.047088625796271444e+01
-1.735090055823820165e+01
-1.712139971381986925e+01
-1.148226756046844521e+01
-1.498502563112261576e+01
-1.796286745840950161e+01
-1.119979600597826064e+01
-1.270655239007826864e+01
-9.508764103552806546e+00
-1.022720439055161812e+01
-8.881237251200063909e+00
-8.370221023450918452e+00
-8.353303366126763052e+00
-7.583683785776491604e+00
-9.123853054032212029e+00
-7.039565191100770392e+00
-8.366261250327360344e+00
-1.092441815152071527e+01
-8.044343069210512454e+00
-8.589755875647497874e+00
-6.435435768110590260e+00
-7.336552445671710387e+00
-6.695854191185038218e+00
-6.539403702737429214e+00
-8.269827777298274896e+00
-7.352944337265805430e+00
-6.692045109404171299e+00
-5.971179774929121997e+00
-8.332283205579971153e+00
-7.288643652478111079e+00
-7.169254307677260130e+00
-7.762889753453221076e+00
-9.280336147541420999e+00
-7.498899715834795643e+00
-9.381306689092038908e+00
-7.924363501707611945e+00
-7.971318773708697236e+00
-7.585749150852125311e+00
-8.767292516708666383e+00
-8.822926883533968478e+00
-7.831492641627749052e+00
-1.005648960754845866e+01
-7.851355891036668311e+00
-8.035306701833849985e+00
-7.544242816485821734e+00
-8.380299501335612078e+00
-9.565624032002194355e+00
-7.128486258532169551e+00
-5.962319302981359925e+00
-9.446572531225269742e+00
-7.364755008026314442e+00
-8.345344630462001589e+00
-9.553037479943506938e+00
-9.184937603810741535e+00
-9.864458530090246313e+00
-9.649938754952612996e+00
-8.283533001518934569e+00
-9.540592475333260936e+00
-6.956161997911666894e+00
-9.971914626525915537e+00
-7.958758364746918446e+00
-7.284795557392111931e+00
-8.348214645339471218e+00
-7.210479259055633250e+00
-6.734173492524145210e+00
-6.708479595837155252e+00
-8.315432588968446836e+00
-7.823063877576448277e+00
-6.925338526661164451e+00
-7.869695546743585624e+00
-7.732158592637157213e+00
-7.887237060792008592e+00
-7.276327368698009224e+00
-8.141489398738677608e+00
-7.764198582348164734e+00
-7.449669058751940298e+00
-7.239916081751966104e+00
-7.749960933763590631e+00
-7.364773954471139916e+00
-8.717900456007173560e+00
-8.076045301223617301e+00
-7.295966340993492949e+00
-8.169130946044713681e+00
-6.665580707117480408e+00
-7.480792390642017509e+00
-7.838727801299228304e+00
-7.026732038268786340e+00
-7.274689328762470097e+00
-7.481796273087473637e+00
-7.462871215641053269e+00
-6.165605477662622569e+00
-7.436422222390737247e+00
-7.383134751554836228e+00
-7.323844518241060086e+00
-6.669722213764440966e+00
-7.747049770623268827e+00
-6.592325937979486739e+00
-8.039939910620756081e+00
-6.434994731337842389e+00
-7.630955108025732514e+00
-6.742238933457165295e+00
-6.769152657908741766e+00
-7.606756044477888778e+00
-8.455384352851902818e+00
-6.475463775261463439e+00
-7.442545195005489944e+00
-7.906292573423408854e+00
-7.897155013191646589e+00
-7.452197633645745611e+00
-7.448897488366455377e+00
-9.014312856747954683e+00
-5.911533749756286760e+00
-8.227833778035240186e+00
-7.078771921606390904e+00
-6.773030015526329883e+00
-8.140917322931022326e+00
-6.065380035222652566e+00
-6.411591240645279299e+00
-7.730797181986146072e+00
-7.767429605259911440e+00
-7.045962715191163461e+00
-8.011700350376134594e+00
-6.689954486849235771e+00
-9.051810802693918134e+00
-6.242965942426336845e+00
-7.367278921537177894e+00
-7.232363308365762578e+00
-6.538018212483100555e+00
-9.192608275767666370e+00
-7.354580110282357808e+00
-8.292186641815128212e+00
-8.133559943333757758e+00
-7.916603630216480170e+00
-1.003858770052781146e+01
-8.193127387107983495e+00
-7.357108872441351366e+00
-8.590247389411691969e+00
-7.543857428903983475e+00
-8.559776287044957854e+00
-7.606186539328216867e+00
-1.034344915179102742e+01
-8.243218261533023394e+00
-8.470310626075493232e+00
-1.256125933753560453e+01
-9.254276493726733221e+00
-8.637287893387092907e+00
-9.389619297082024474e+00
-7.738725128454833069e+00
-6.742690596942405357e+00
-7.708493321265562415e+00
-7.362011131811586395e+00
-1.083207884037440749e+01
-8.763334515686320714e+00
-8.299965713528141720e+00
-7.568179504658406387e+00
-8.030232367954507566e+00
-7.104713430145835673e+00
-1.036217239452845540e+01
-6.428549052124253649e+00
-7.297158933197849251e+00
-7.652601156591469334e+00
-8.015330793732331927e+00
-7.907530832977084145e+00
-7.959472128470618912e+00
-7.302088084357160724e+00
-8.845320210183048815e+00
-6.694125554092126507e+00
-7.519981291709036952e+00
-7.918854413297429673e+00
-7.251143945621413067e+00
-8.685654208565924961e+00
-8.026460269576531914e+00
-7.758765004908124041e+00
-8.664232609047534339e+00
-6.938124013132818568e+00
-6.870325610782336057e+00
-8.062922818495502852e+00
-6.715838194178846976e+00
-8.949999505138297451e+00
-7.526405164060554043e+00
-9.579032828953964795e+00
-6.773651736420349678e+00
-9.019520253234261986e+00
-7.502870416445651003e+00
-1.099962853860660417e+01
-9.618509409436889257e+00
-7.828806141633249283e+00
-9.526289082152656462e+00
-7.829265486466738366e+00
-7.411851095695659808e+00
-1.024468783258562432e+01
-9.095921251617724579e+00
-9.579715546220398892e+00
-1.017487883799368475e+01
-1.294611221961349301e+01
-1.002782065554270119e+01
-9.730872765602292418e+00
-9.392047625794862853e+00
-9.006869607235152841e+00
-9.073644594360906979e+00
-1.085822255077750320e+01
-9.726097380634064038e+00
-8.020053771014866939e+00
-6.444069634164916849e+00
-1.043040507498638370e+01
-1.500208879653132144e+01
-1.614552055530749186e+01
-1.832716381542137896e+01
-1.579298882338454213e+01
-1.585021426303060821e+01
-1.617174767376152644e+01
-1.651096553911411036e+01
-1.921687177641707933e+01
-1.935273805210780651e+01
-2.606481636932119983e+01
-1.723566625181464573e+01
-1.566625517561400294e+01
-1.389698905077573343e+01
-1.136731457419919344e+01
-8.726216468572394191e+00
-1.179917512055840945e+01
-1.000457642414280635e+01
-1.113567713631424461e+01
-1.196722091147294087e+01
-1.066215961368800080e+01
-1.100577762302331664e+01
-8.981045164938638692e+00
-9.386303010277794456e+00
-9.435500303496493046e+00
-1.477209846311514241e+01
-1.706932273526538069e+01
-2.085564693868791863e+01
-1.633840567142469524e+01
-1.491935770728530208e+01
-1.553213262269599682e+01
-1.288533965717018859e+01
-1.235794654301836282e+01
-2.032204235306884144e+01
-2.236736747913097290e+01
-1.453223359066675080e+01
-1.446259994353135880e+01
-9.254046310490590344e+00
-8.112072832137332767e+00
-1.094457928689638315e+01
-8.824491310099213948e+00
-8.187068686175859256e+00
-8.373054101512853009e+00
-6.514887514233265620e+00
-9.934569874442926718e+00
-1.014312094064577963e+01
-8.416319720316957742e+00
-7.986878552691383248e+00
-9.315783237571707787e+00
-8.232275490206866664e+00
-8.567826079220212776e+00
-9.862728948601645840e+00
-8.071752055662591019e+00
-1.203406422966287970e+01
-1.113888179765620734e+01
-1.067184409320496741e+01
-1.631451540542230561e+01
-1.161040370937682908e+01
-1.584113641907575065e+01
-1.232940409658874437e+01
-1.483878998652422077e+01
-1.739640458764150566e+01
-1.391368931986638380e+01
-1.111458028156860856e+01
-1.015852593608314436e+01
-1.025160336272576522e+01
-1.071714652696565473e+01
-8.265125869640254308e+00
-6.843111774901607269e+00
-9.252760439810129967e+00
-9.692138499738621960e+00
-9.557636287104660511e+00
-1.282806468831201485e+01
-8.981461825912761654e+00
-9.678132225443892622e+00
-8.219597513179257575e+00
-1.013342747481692996e+01
-1.003970630243805928e+01
-9.264817317368834182e+00
-1.035077903282312484e+01
-9.832250668367322533e+00
-1.067944890485066445e+01
-9.740338378420190679e+00
-1.305523740388166765e+01
-1.333640079723287286e+01
-1.261687447758898806e+01
-1.107431656980337387e+01
-1.384545058919961313e+01
-1.830755622430616469e+01
-1.250159764213384861e+01
-1.274388047105107269e+01
-1.936610982824069893e+01
-1.869792487259016767e+01
-1.097489647305473959e+01
-9.541087391775221249e+00
-1.391247597657252655e+01
-1.050655771105801861e+01
-8.087218936692142535e+00
-6.377188033109818299e+00
-1.058356581898887150e+01
-8.587312302566568079e+00
-8.898030390987399230e+00
-7.851655900601969051e+00
-8.149500591451889875e+00
-9.180106957854938798e+00
-1.003832416375904302e+01
-8.693038734460440509e+00
-8.740464590164510383e+00
-1.056694180857194887e+01
-7.945837280491371502e+00
-6.919851573628009511e+00
-9.573525983226689462e+00
-7.549776357999659737e+00
-8.498976343337600881e+00
-9.622934798241988830e+00
-7.893278677472702398e+00
-9.607022526292530173e+00
-1.043704110505376903e+01
-1.012534887116748905e+01
-1.037712429538628101e+01
-8.628875241888087189e+00
-8.652890754511163962e+00
-6.267758942187110272e+00
-7.086504186143147699e+00
-8.783891245975691930e+00
-8.230432892493666941e+00
-1.046923904261475435e+01
-1.041334381246322494e+01
-8.482552635476839242e+00
-8.242420212880265495e+00
-8.612328810773513865e+00
-9.504696994767776630e+00
-8.650173801012908115e+00
-9.239050351720949905e+00
-9.818975923613406209e+00
-9.481995002109250947e+00
-9.807797560094831724e+00
-1.037206732015491006e+01
-1.158311296192777640e+01
-1.042242950213042185e+01
-1.151994435333319089e+01
-1.196505356323891078e+01
-9.605336213269547230e+00
-8.842350276518111230e+00
-8.055917547599920070e+00
-9.745227924798706809e+00
-7.359805266318701911e+00
-1.038705790085036895e+01
-6.688216308768047291e+00
-1.042636112715150531e+01
-7.803981970276138824e+00
-8.805275099286053120e+00
-8.766688142289082109e+00
-9.727104495196771339e+00
-8.439519966326253453e+00
-9.057922776122675046e+00
-8.596138832909659300e+00
-7.932636213228734690e+00
-6.578269506029534419e+00
-1.133393274477049673e+01
-1.170271533878655745e+01
-1.184251009646773412e+01
-9.716604051432213396e+00
-1.224383930109932805e+01
-1.209021452004612129e+01
-1.194195553344325056e+01
-1.329770023098557630e+01
-1.444797170966680788e+01
-1.256634909746129658e+01
-1.135408077619859313e+01
-8.656541118126895640e+00
-9.050209611524602238e+00
-9.618256300829438388e+00
-6.880302377077742726e+00
-1.000654715725621990e+01
-7.467728454254118020e+00
-8.332406462742264708e+00
-8.890728825029661664e+00
-9.343022077789454372e+00
-1.021467979714940633e+01
-7.967073208386306504e+00
-7.313441066104148902e+00
-8.005731006997068633e+00
-8.266606419709784603e+00
-9.947887180574150889e+00
-9.024611667079899036e+00
-7.803018029183085957e+00
-1.116723000002045119e+01
-6.544430423486872428e+00
-8.758680755589891120e+00
-1.014177762370862368e+01
-1.045933169738053259e+01
-8.959199492726817482e+00
-8.916656764140171276e+00
-7.773240074136545275e+00
-7.155762670144737214e+00
-9.222200823137551851e+00
-6.896858622944693096e+00
-1.205192789977158618e+01
-8.330044593128699049e+00
-7.655075385709496416e+00
-8.573052348561903457e+00
-7.407135378246366031e+00
-5.936349517341522386e+00
-7.446983106015073517e+00
-6.388059168074802230e+00
-8.623587155096823054e+00
-8.298163202248971970e+00
-6.483759869615743909e+00
-8.150824681427224050e+00
-8.282415562631685546e+00
-6.854231286475227947e+00
-8.005980592905521220e+00
-1.005691922085933321e+01
-1.418859994179744533e+01
-1.103262178715279695e+01
-7.626894978784783063e+00
-1.130585245786410198e+01
-8.041271858873166423e+00
-6.290426086274806927e+00
-7.790444128890600339e+00
-7.150831284896693951e+00
-9.403447436622181854e+00
-7.855382873103726737e+00
-1.245172627152128975e+01
-8.050612743950566141e+00
-7.904569643541996982e+00
-6.931601339480778279e+00
-1.134381957667518570e+01
-7.900925203245654060e+00
-8.490971726902657224e+00
-9.367451439295601645e+00
-7.318676078037485766e+00
-1.038984277572901327e+01
-9.016872584429618698e+00
-7.467060853438736601e+00
-9.600369566734640259e+00
-8.519266373136119341e+00
-9.973884419634435616e+00
-1.032484453657788315e+01
-7.549350993514210018e+00
-7.612253890815932067e+00
-9.890396103327010024e+00
-1.005249905564090085e+01
-7.086569814142706036e+00
-1.257997607339807544e+01
-6.758714429268080082e+00
-1.043353991051230523e+01
-8.306206971957315943e+00
-9.581825814443755363e+00
-1.111989782350310563e+01
-7.584823986478212987e+00
-7.515535587776618343e+00
-8.017492839813145977e+00
-1.370236816470561791e+01
-1.139451734571119346e+01
-9.779111720190673651e+00
-1.268884428986067192e+01
-8.457452926882250921e+00
-1.119601194548083534e+01
-1.196755287879396334e+01
-1.093522626826758071e+01
-7.774357631453117534e+00
-7.707187197887220620e+00
-7.615339598301948953e+00
-9.126363685331730480e+00
-7.564567347572060285e+00
-8.594121870639575889e+00
-7.748344826885217529e+00
-7.150066903259252982e+00
-7.308314609102062320e+00
-7.276502631261971388e+00
-7.379911561861279168e+00
-7.586169806919460967e+00
-6.507803598396349365e+00
-1.144564053052627273e+01
-7.038242967698573160e+00
-8.230979319008314476e+00
-7.304565095620498383e+00
-6.810024473725607486e+00
-9.382657247307603754e+00
-6.859378928633823591e+00
-6.802098490783262008e+00
-7.191784795666549712e+00
-8.332116274325835903e+00
-8.917830705370638711e+00
-8.959923448480248354e+00
-6.408069076698160949e+00
-7.474838675245273123e+00
-1.054964872132466702e+01
-1.474634734979762918e+01
-6.418306850988531487e+00
-7.026366722566553591e+00
-7.476007152155677460e+00
-6.802406133097375296e+00
-1.103545277043225603e+01
-7.895453161093254124e+00
-6.895082704765136405e+00
-6.225488066100066220e+00
-6.323341609334297786e+00
-7.392627260530515443e+00
-7.674706099337756271e+00
-1.083340849186166821e+01
-1.058413719614520510e+01
-8.808909454521430149e+00
-8.440173094525084352e+00
-7.368291074428304555e+00
-7.204496847378424995e+00
-6.694266654340419009e+00
-7.539341289070003782e+00
-6.872028602082244753e+00
-7.975042817812834528e+00
-7.159964270190235958e+00
-8.538627752583030528e+00
-7.785727842895310502e+00
-7.278660072594638208e+00
-7.163969989107666692e+00
-6.818571341878370440e+00
-8.328593343155649364e+00
-7.724579546691884957e+00
-6.501973093110445134e+00
-7.757387900011499582e+00
-6.378477316072892478e+00
-1.182408412556411115e+01
-7.350278053912084886e+00
-7.959274809631228464e+00
-1.186253745815954019e+01
-1.214228992540753183e+01
-1.305803122267874805e+01
-1.054805583792940205e+01
-8.443085333898476819e+00
-1.080955271374493165e+01
-9.721478233366537935e+00
-1.075640428510583213e+01
-7.396003950736911747e+00
-6.890855496389196588e+00
-1.020091093392804993e+01
-7.819938915236951615e+00
-9.850250912257809688e+00
-6.692325214353727070e+00
-1.021024491090328645e+01
-7.220169823134231279e+00
-1.139790072053311221e+01
-8.169785825764652287e+00
-9.370008471095854219e+00
-7.162564628776749487e+00
-7.921312953371904442e+00
-1.138157641555827837e+01
-1.144663352643117982e+01
-8.752244480180882746e+00
-8.209923850245079535e+00
-6.585496230400626594e+00
-6.199815403636216082e+00
-8.448384830515959010e+00
-9.392809906375141793e+00
-9.524895050531002383e+00
-8.583470558354020952e+00
-7.360807100476241871e+00
-7.425374347987364843e+00
-9.114022263027946380e+00
-8.937793013621007532e+00
-1.110749701195000583e+01
-7.923017610080401951e+00
-1.369708076795254037e+01
-8.705768598454138640e+00
-7.528391335493012093e+00
-9.391866437019679381e+00
-1.065344831677658277e+01
-7.274077136745900063e+00
-8.736363587849881540e+00
-8.174320942042291094e+00
-8.722137761150614566e+00
-7.204398935330704745e+00
-9.164204371557225670e+00
-7.488155298374687519e+00
-7.500955303843836575e+00
-7.424477835854794705e+00
-7.091293140770527081e+00
-8.120270878702807948e+00
-9.371471045304458514e+00
-8.379345306442054664e+00
-6.290050151273193890e+00
-6.435527420501998996e+00
-7.122616679764520065e+00
-7.139299350780408560e+00
-7.556836599638286245e+00
-7.591066531463695810e+00
-7.826861477626193775e+00
-7.659194395600048111e+00
-1.153603698151244927e+01
-1.023105450615141976e+01
-1.026282606779185613e+01
-6.806884447679329320e+00
-8.412452328974060478e+00
-1.068275941945503149e+01
-8.193675694535849985e+00
-8.376879952392236817e+00
-6.663264899133938712e+00
-9.459650273530389342e+00
-8.019379295852568035e+00
-8.138492049805856610e+00
-8.201563759509332030e+00
-8.194887110486780202e+00
-7.036328626230548444e+00
-9.717420418421752970e+00
-6.960752113145992404e+00
-7.470171503440328209e+00
-1.029537166172042006e+01
-7.449601349899877434e+00
-7.726158444613725251e+00
-6.903181439912052575e+00
-6.319768275271990809e+00
-6.970680660710395493e+00
-7.438126563712389228e+00
-6.948992449822126716e+00
-6.751522737955133024e+00
-8.434309913031773576e+00
-8.343806497107323139e+00
-9.125195147227014303e+00
-7.701327660500068006e+00
-6.725217778179257699e+00
-6.887863927907381445e+00
-6.578187567749804288e+00
-7.475286161770895887e+00
-7.447595582177692464e+00
-8.143903188668113913e+00
-7.155701566574988348e+00
-5.999180524802180337e+00
-1.075691525390398695e+01
-6.904071181136425039e+00
-7.530009562824528047e+00
-6.837964261884368788e+00
-7.735882029034360841e+00
-6.649168507152099394e+00
-1.328835239871780338e+01
-7.246407656067107794e+00
-6.348844178748709766e+00
-7.969469999064607180e+00
-6.388077137553778151e+00
-9.195612931026047931e+00
-7.636267028543356261e+00
-6.713762083061213026e+00
-6.656352038672187277e+00
-1.281156881001996695e+01
-7.635146348993615106e+00
-1.008967847376671401e+01
-7.252407146981889596e+00
-7.852045445846798088e+00
-7.041638477924426098e+00
-6.988955929473362971e+00
-8.509727105638981826e+00
-9.722777065810920050e+00
-7.270404905168511789e+00
-6.938847460359954589e+00
-8.720276523717204853e+00
-7.505231453505981420e+00
-7.097069057693957461e+00
-7.294758897432615186e+00
-9.200557221185325929e+00
-7.615970709908367553e+00
-8.375395927786872363e+00
-7.917914627326014809e+00
-9.016975769309384603e+00
-7.981933146306774418e+00
-7.208693138897884545e+00
-7.661147989786494250e+00
-7.628141821481582596e+00
-8.031013969522721396e+00
-8.576438868970841511e+00
-9.467503920434138465e+00
-7.886720757833547424e+00
-8.037609234376102307e+00
-7.882389309656845811e+00
-9.086377731201180197e+00
-9.274748474298901257e+00
-8.638407601923947965e+00
-9.864752202738504394e+00
-8.063246455654093481e+00
-7.180793654727727571e+00
-7.124885312657806224e+00
-7.853918887768395862e+00
-7.033800519099428605e+00
-6.917322799110822373e+00
-7.281757773267189648e+00
-7.631742228240884884e+00
-7.643844162970470535e+00
-9.954003936096635030e+00
-7.015034570848511564e+00
-6.884393027241448415e+00
-9.030982240687185580e+00
-6.302638842488333282e+00
-6.597189468523340317e+00
-6.123802190133215362e+00
-6.844760582477480426e+00
-6.653667498457431329e+00
-7.755554838638465398e+00
-7.929229182136920073e+00
-6.463677408600702279e+00
-8.246607558874110566e+00
-7.952830471705478743e+00
-7.955916267087161486e+00
-7.272953471386673030e+00
-7.966779398365266829e+00
-8.183294632412037473e+00
-8.002872124139711829e+00
-9.110050060577627562e+00
-8.304227801926554520e+00
-9.542470170322845391e+00
-9.033718453447084684e+00
-9.015350944508274011e+00
-8.166370095323411959e+00
-6.915928552218873371e+00
-7.886466665774843676e+00
-6.483333728837787469e+00
-6.973110096866188989e+00
-6.332261157324436063e+00
-7.410062655313190305e+00
-7.865749661184590735e+00
-7.459062372846839040e+00
-6.823162562476318804e+00
-6.966539286268465858e+00
-6.696922398443796887e+00
-8.001203859994953760e+00
-8.558486923151090053e+00
-6.812149215281965375e+00
-8.632536139458721891e+00
-6.780139846285670124e+00
-8.010456425492595400e+00
-7.220744119511069314e+00
-6.837750839160362304e+00
-8.218835995161025920e+00
-7.850223467269902500e+00
-8.823587075562825177e+00
-7.439212478436823872e+00
-7.842857980971766452e+00
-6.775132001472179866e+00
-7.592423487515551628e+00
-7.553995687675584492e+00
-7.240304169854940852e+00
-7.392948397228670032e+00
-7.607167614506490594e+00
-7.074397711682673062e+00
-7.506559294027463025e+00
-7.234327274505183425e+00
-7.568073486442658648e+00
-8.250166544718615214e+00
-7.558510803089252050e+00
-7.834415077048394238e+00
-7.746673060840793212e+00
-7.942212405481392068e+00
-7.590138564826895973e+00
-6.924694454807179156e+00
-8.354248525573295225e+00
-6.607300857103292735e+00
-6.372300883501423208e+00
-6.524459226925210409e+00
-7.449029093257943046e+00
-7.306115225610556152e+00
-6.572031327042317628e+00
-8.531774121800527411e+00
-7.015196606115309486e+00
-6.810925520360152419e+00
-6.858821255202506961e+00
-8.190835097250733554e+00
-9.369781204638115923e+00
-7.415551844875366783e+00
-8.840117503929286968e+00
-7.098447479161603013e+00
-7.639730539624594030e+00
-7.428249988018539085e+00
-6.698631881917052944e+00
-7.434709924417807869e+00
-7.247758173357953027e+00
-7.722529594147621523e+00
-6.362194944177394618e+00
-6.557523031417832549e+00
-7.093380326004744774e+00
-8.687386002740772994e+00
-7.188798561859807812e+00
-6.573392222435604282e+00
-7.392751454752994889e+00
-6.717759758474139531e+00
-6.642842356517443037e+00
-7.161825622465801899e+00
-8.437411086635972168e+00
-6.733460659258574843e+00
-6.634055862943908366e+00
-6.681917387663318664e+00
-6.790601763528981927e+00
-6.773675529098772685e+00
-6.845109090635527416e+00
-6.680297849537134347e+00
-7.346227069145703226e+00
-6.777900396670065497e+00
-6.466866953266373841e+00
-5.925232628464889295e+00
-7.313576352736481212e+00
-6.500728622012356794e+00
-6.260530158906557396e+00
-7.483820594037522866e+00
-7.170849776246569718e+00
-7.012392730770957705e+00
-7.111592661456578313e+00
-6.847519591707536435e+00
-6.949542435906133520e+00
-7.033134994584020028e+00
-6.654044192567583060e+00
-6.324707156977059874e+00
-7.282036110381870486e+00
-7.678611877032965438e+00
-7.301917921978356318e+00
-6.598471698072354563e+00
-6.526657847757390662e+00
-7.594097772799655033e+00
-6.765789824317003820e+00
-7.475328485133365675e+00
-6.738995286893021408e+00
-6.135910601883480808e+00
-7.073240404459545161e+00
-6.174517517624757090e+00
-6.637937165104551340e+00
-7.386647249542271254e+00
-6.359923651147149748e+00
-6.860592955961604567e+00
-6.718512549276945300e+00
-6.444541362444207167e+00
-6.292884301520029311e+00
-6.716366721903841430e+00
-6.389355565657693248e+00
-7.446253923455259383e+00
-6.616028150546424236e+00
-6.589826175441340972e+00
-6.430698821212852856e+00
-6.686656617239475686e+00
-6.800938866008674033e+00
-6.229511518965623829e+00
-7.048150058345681757e+00
-6.280493437691688996e+00
-6.806531456328325014e+00
-7.013495370689293296e+00
-6.824779159070443413e+00
-6.040442504770457965e+00
-6.341310065423069631e+00
-6.095180716520327557e+00
-6.320127308877004246e+00
-7.119303316062628895e+00
-6.486987661729935795e+00
-6.978551233290154698e+00
-6.645389679007116079e+00
-6.482491886049406737e+00
-6.685496664637017084e+00
-6.378029742597033369e+00
-7.153700228875449874e+00
-6.825481772875699349e+00
-6.602416555856024161e+00
-6.422825244404280376e+00
-6.025078380872892936e+00
-7.027640792997180696e+00
-6.634668636094069427e+00
-6.175646418963732565e+00
-6.095533366201937753e+00
-6.697838905465847148e+00
-6.788240642036888595e+00
-6.644671310729689750e+00
-8.443305958998218230e+00
-6.102472229252857261e+00
-6.179850322365719961e+00
-6.465988161378308341e+00
-6.767356516902831132e+00
-6.205035853299838422e+00
-6.972893973562455550e+00
-6.865262790354615063e+00
-7.678805002472486763e+00
-6.964928232388827745e+00
-8.528378398311906139e+00
-7.328610576030444079e+00
-7.523776181928344187e+00
-6.506315258150234371e+00
-8.247800055753399917e+00
-9.180541304952283710e+00
-6.795923520595673395e+00
-6.941394117019881627e+00
-8.054059882414334126e+00
-7.176920494815190565e+00
-7.085749920911226241e+00
-6.512909927773596230e+00
-6.980824756985937185e+00
-6.252863145009195378e+00
-6.562784871939817855e+00
-7.794580500151697677e+00
-7.073334838506838196e+00
-6.963743218731540452e+00
-6.996222232453613188e+00
-6.755056366515695743e+00
-6.205765970340179294e+00
-7.229663718405957340e+00
-6.723576709988871691e+00
-6.443554502772943060e+00
-6.508178849365082286e+00
-7.560622257155900527e+00
-6.639074468268697515e+00
-6.786670148649368350e+00
-7.562464842980533675e+00
-6.092184292271864976e+00
-6.531291217327790832e+00
-7.278849458448945597e+00
-6.790168793060438190e+00
-6.799848017982561110e+00
-6.376043774755256521e+00
-6.959101714035626607e+00
-6.287309385040275700e+00
-7.485851053520535814e+00
-8.913692640673069434e+00
-7.054098647991267512e+00
-7.045796947720121217e+00
-7.222570894924896123e+00
-7.230615647667129053e+00
-7.577914485448117077e+00
-6.821400662195446607e+00
-6.936740527412568191e+00
-6.966775381324702643e+00
-6.969805009182907796e+00
-7.668719691217974699e+00
-7.813615128569260548e+00
-6.591710337936437902e+00
-6.864666880951083350e+00
-6.473722436924648882e+00
-6.361474355258734725e+00
-6.654010101504693964e+00
-6.378337178110813355e+00
-7.384283764319844678e+00
-6.624794173605399017e+00
-6.725277829788362638e+00
-6.610588539193357427e+00
-6.341923178932035832e+00
-6.826147853928073772e+00
-7.429307009370802461e+00
-6.069221043675844918e+00
-6.235197287916514064e+00
-6.399101711667131376e+00
-6.256796838275145767e+00
-6.517060717404822512e+00
-6.043670670160366853e+00
-6.553522582297214960e+00
-7.110718478987537949e+00
-7.560661544789290645e+00
-7.517159838737546451e+00
-5.924379786219775568e+00
-7.519671083686050750e+00
-6.796606995600059875e+00
-7.043553843225184963e+00
-8.438858622721172154e+00
-8.227463997515805261e+00
-8.099009804152832004e+00
-7.011322684832545171e+00
-7.641079306281165273e+00
-7.263999307080013068e+00
-6.772868954947822040e+00
-6.336092097032942405e+00
-8.070049851661895701e+00
-6.491192459049902830e+00
-6.521271731425549945e+00
-7.103263566439712129e+00
-6.638254377371692883e+00
-7.114478915585752183e+00
-7.114329680946191559e+00
-6.843061430950482027e+00
-8.062521122546927543e+00
-6.189834033996016949e+00
-6.318040374879227983e+00
-6.626498803990610753e+00
-7.117638580089676203e+00
-6.476775715414553325e+00
-6.456270495844882440e+00
-6.126385714201165733e+00
-6.823204854316744949e+00
-6.592558830613031162e+00
-6.673869091415778776e+00
-6.389561231609834024e+00
-6.969610243831394492e+00
-6.399028389168084807e+00
-6.802728307708749256e+00
-6.093074045726905474e+00
-5.870460976947144083e+00
-7.029632785787835125e+00
-6.051724583309441741e+00
-6.283129263999176040e+00
-5.705320387585443243e+00
-6.218072637799697766e+00
-6.306664123722044657e+00
-6.670380542408687496e+00
-7.418096107763799907e+00
-6.195111679992073128e+00
-5.857298623633857559e+00
-6.274121470117208332e+00
-6.253183583092702946e+00
-6.942720139944315250e+00
-6.155709142531747169e+00
-6.275482908013877648e+00
-6.691751830478152030e+00
-6.177926390201502471e+00
-6.387800391918645460e+00
-6.425611104893229175e+00
-5.833351548309780199e+00
-6.067666061867538652e+00
-6.012262959564594667e+00
-6.232258583898684812e+00
-6.246183104889219351e+00
-6.650845037507344237e+00
-6.238693166509802879e+00
-6.089129723718515130e+00
-6.536497641275577308e+00
-6.093263546435055744e+00
-6.226893858848693064e+00
-6.338692486578879404e+00
-6.515489091229818008e+00
-6.840440025751699515e+00
-6.434444463313742091e+00
-5.865098913579172901e+00
-5.882852971789699126e+00
-6.128411133106319575e+00
-6.215506895895602568e+00
-6.001584040895543204e+00
-6.225353022684261717e+00
-6.232432407387507034e+00
-6.544791838037574472e+00
-6.087419439601648108e+00
-6.784382820514109902e+00
-6.161425628393061515e+00
-6.533924952215649284e+00
-6.990314394766623529e+00
-6.420058326513855107e+00
-6.513516315977285309e+00
-7.232429518626211973e+00
-6.052222325427757177e+00
-7.005440202504525260e+00
-6.884569056050836799e+00
-6.418137458673637497e+00
-6.458277137255070244e+00
-6.451658292482934876e+00
-6.442591162151013684e+00
-6.656726485488434264e+00
-6.639604064746611023e+00
-6.779933340052401114e+00
-6.577581962853357389e+00
-6.417994302797576545e+00
-6.624913230143476994e+00
-6.696782020940243996e+00
-6.248163610305188520e+00
-6.753552173515305235e+00
-6.573148192713440530e+00
-6.483902355466749867e+00
-6.425337411336071725e+00
-6.552243454862205496e+00
-6.200773903289999112e+00
-6.492701007229111809e+00
-6.316531790154639836e+00
-6.536061820946431844e+00
-6.752344098818115370e+00
-6.289951250868613286e+00
-6.441947995260396631e+00
-6.033736362670858000e+00
-5.987521203662170777e+00
-6.537181460099473540e+00
-7.195483071831720423e+00
-6.441970727260914131e+00
-6.767223160081174527e+00
-6.403964605473991156e+00
-6.199429447889237110e+00
-6.713044787720765072e+00
-6.174451886242714238e+00
-6.397119910686589250e+00
-6.359890511392459977e+00
-6.891314250219640947e+00
-6.395866905340319875e+00
-6.407956596873195743e+00
-6.896035772151909882e+00
-5.730274881779597429e+00
-6.165112502216589796e+00
-6.559233227224903651e+00
-6.413482265932401560e+00
-7.225088103101965586e+00
-6.008400437646890246e+00
-6.042860763955600234e+00
-6.681429166356075200e+00
-6.478645399150293471e+00
-5.985141216664705333e+00
-6.574469722161989438e+00
-6.202744702180612357e+00
-6.681865654200039195e+00
-5.961653260402365540e+00
-6.673360820580849229e+00
-6.967120517491300902e+00
-5.978884964423971660e+00
-6.091619608347312642e+00
-6.190377298843298348e+00
-6.235641089898412481e+00
-5.873258385194199960e+00
-6.456762065737563283e+00
-6.280707159540190432e+00
-6.300757588745073967e+00
-6.651296047294654734e+00
-7.049375038909813540e+00
-6.365224809127195904e+00
-6.071455950489697884e+00
-6.650623128515971594e+00
-6.282156622594031070e+00
-7.226710567408481722e+00
-6.619942776653520156e+00
-6.298487938738882796e+00
-6.748952601562685061e+00
-6.949869713465916199e+00
-6.025149430202380252e+00
-6.086805025319670825e+00
-6.433805177905910000e+00
-6.923299560806666086e+00
-6.282175679543138713e+00
-6.239734009732733178e+00
-6.900090481290161115e+00
-6.210577861664893895e+00
-6.884438549199569657e+00
-7.115510626775155778e+00
-6.641092739276984958e+00
-6.142555686350569033e+00
-6.020476126468991218e+00
-6.066325692065352548e+00
-6.409214962916437663e+00
-6.889027729384057608e+00
-6.411382711601461892e+00
-6.288397368903972051e+00
-6.327549924518174329e+00
-6.642797697869156970e+00
-6.490494747567903566e+00
-6.230002874521814782e+00
-6.219997475416919386e+00
-6.411635406288257677e+00
-6.939686765462163898e+00
-6.276220819221148162e+00
-6.259449307509364679e+00
-5.930638947250910675e+00
-6.758427544332146653e+00
-5.866169069162027405e+00
-6.194722687972817887e+00
-6.288128145606537878e+00
-6.088826929805442489e+00
-6.697278408512286063e+00
-6.676476855715442582e+00
-7.152352864402439003e+00
-6.138379384082158552e+00
-6.252431292164832399e+00
-6.327643103970403970e+00
-6.136698406538649841e+00
-6.553397137634728864e+00
-6.040001057411336305e+00
-5.921814441839527099e+00
-6.794487087365204125e+00
-6.364154490305468315e+00
-6.011523278905674061e+00
-6.409845514564778135e+00
-6.187343527644111774e+00
-6.605587897934136699e+00
-6.460132938577353379e+00
-6.213074495878267101e+00
-6.555972303995429407e+00
-5.937765673277571210e+00
-6.438636759682540678e+00
-5.819414615688965675e+00
-6.317891239781594059e+00
-6.052738140654360777e+00
-6.076504624430491219e+00
-6.572492982297594821e+00
-6.181141158652221357e+00
-6.722849421550163740e+00
-7.168213484661537294e+00
-5.860150590668056658e+00
-6.364981411057920369e+00
-6.322778320821063502e+00
-6.391484547893002244e+00
-6.541547846843179137e+00
-6.524639431603261208e+00
-6.293428587559345644e+00
-6.138021870972896643e+00
-6.117335786489010552e+00
-6.064554584702713136e+00
-5.939218941129322360e+00
-6.223522206176645533e+00
-6.265163372298683697e+00
-5.958640137185994057e+00
-7.865925751880849859e+00
-6.438009575990387923e+00
-6.476993061888294712e+00
-6.061174789894638870e+00
-8.370918551019432385e+00
-5.948322966037745907e+00
-6.184571803156464043e+00
-5.915187421069312279e+00
-6.448041455167874858e+00
-6.396770299381953961e+00
-6.228255878344614693e+00
-6.319814942702445038e+00
-5.781704105530923954e+00
-6.398470605247730703e+00
-6.168586964327672284e+00
-5.881131309385918549e+00
-6.831642875177338148e+00
-5.912355149483990324e+00
-6.857740066267754564e+00
-6.247993965728087851e+00
-5.936204506975040651e+00
-6.361606966159083498e+00
-6.017502024837114050e+00
-6.444786135292488893e+00
-5.806753340265309760e+00
-6.844012985910035596e+00
-5.975729824943492474e+00
-6.113655867209292438e+00
-7.385565006341552774e+00
-6.042246518250448339e+00
-6.172826083311299783e+00
-6.505222323758076186e+00
-5.851861642024323018e+00
-8.110945673167032410e+00
-6.837335647165653008e+00
-6.757369496840613721e+00
-6.046322934701496621e+00
-5.860640914672500479e+00
-7.127806080113411547e+00
-7.258761246815698343e+00
-6.594823484239848099e+00
-6.482801238051762560e+00
-5.864778783144664054e+00
-6.196578341618096175e+00
-6.050116202190356063e+00
-7.049429508233312269e+00
-6.095927960928575473e+00
-6.223652650628264560e+00
-6.592704385037414738e+00
-6.438209193208935588e+00
-6.270227450642291700e+00
-6.338852020997522096e+00
-5.743897984132730450e+00
-5.988420745666556577e+00
-6.049203987005972394e+00
-6.225418361910170617e+00
-7.381241886088602655e+00
-6.320092607244293781e+00
-6.065772162181770177e+00
-6.482075445536388258e+00
-6.534544243778842798e+00
-6.115224286667414688e+00
-6.258287994213924677e+00
-6.017027886152045646e+00
-5.802136188307372322e+00
-6.040584730059257446e+00
-6.340210488759850271e+00
-5.923555825993679136e+00
-5.993796959615688813e+00
-6.021725431638935255e+00
-6.109732486673122409e+00
-6.199688686698400453e+00
-7.191550106575377299e+00
-5.988946841187853032e+00
-6.188627760341145922e+00
-6.379554131652981575e+00
-6.550087394338480529e+00
-6.243367988917474243e+00
-6.223085525406939489e+00
-6.378539247626544118e+00
-5.892907189812889079e+00
-6.036461066232829076e+00
-6.165070064622792501e+00
-5.954357249665497065e+00
-6.549333468030086536e+00
-6.152989592531135976e+00
-6.050770230303279540e+00
-6.164114572980278872e+00
-6.084713803045359803e+00
-6.316432825821855168e+00
-6.292320589603281888e+00
-5.971012740129657992e+00
-6.187060636559825966e+00
-5.730862921690260237e+00
-6.584148261830591764e+00
-5.835386191660563604e+00
-6.143446544593940573e+00
-5.824907506269775936e+00
-5.997677107746156366e+00
-5.872020917214316071e+00
-6.462494318639418367e+00
-6.057872542703200303e+00
-6.143973725213395909e+00
-6.185842099088991297e+00
-5.714421440030294619e+00
-6.109078976989698262e+00
-6.192681996286925283e+00
-5.801322298084234497e+00
-6.192605290023781350e+00
-5.775893747660155952e+00
-5.997970304626925042e+00
-6.210653579770045951e+00
-5.953069397254666661e+00
-6.176837434533293703e+00
-5.920109110580104250e+00
-6.303525525049952449e+00
-6.074765980177903479e+00
-5.793181657120253014e+00
-5.938938493319769307e+00
-5.961605671474075052e+00
-6.305530788409535958e+00
-5.920740811490891709e+00
-6.009229851724993132e+00
-5.743194408970387244e+00
-5.762392681818176321e+00
-5.713012836653946991e+00
-6.102717894871594773e+00
-6.323923306866124250e+00
-5.956178732074030258e+00
-5.812513244032190940e+00
-5.929530946158127591e+00
-5.865716131464623118e+00
-5.880682067483161468e+00
-5.800300231943136708e+00
-6.765264081255967454e+00
-6.423173270716966421e+00
-5.766868881077650499e+00
-6.012065808833018110e+00
-6.536340860126186314e+00
-6.201052231377114587e+00
-7.265266884506463185e+00
-5.843071615546921116e+00
-5.950339243550420321e+00
-6.001070354337860735e+00
-6.190056007039042463e+00
-6.625267538018754010e+00
-5.859907161286760591e+00
-5.928277829217931227e+00
-6.277462895731283687e+00
-5.963086486007543208e+00
-5.854456489171997013e+00
-6.050425581915302331e+00
-6.116191661048100414e+00
-6.931042522082113244e+00
-5.877964043172523745e+00
-5.904004122202071159e+00
-5.960329580214458467e+00
-6.268916379435923503e+00
-6.297843521157241220e+00
-6.434771402673049145e+00
-5.504464684050436318e+00
-5.868382000021761691e+00
-6.082147095275963089e+00
-5.817430060536834979e+00
-5.724622350574319007e+00
-6.632074164629399249e+00
-5.831276840117446625e+00
-5.714021175417268061e+00
-5.816100112051749704e+00
-5.881224318038348109e+00
-6.053361720946741187e+00
-6.270561479395873050e+00
-5.992966123751238605e+00
-6.033081218976782623e+00
-5.731740874112845496e+00
-5.874711502158826981e+00
-6.288528887827366631e+00
-5.840188167099212180e+00
-6.515446619726619204e+00
-6.074138642427119983e+00
-5.682068574605056988e+00
-6.020768028067884359e+00
-5.697963945011380815e+00
-6.126985866400831426e+00
-6.139011539356647340e+00
-6.166676887121654183e+00
-5.776986831454685500e+00
-6.644921400703502457e+00
-6.157215402399603299e+00
-6.990664096504573877e+00
-6.143745018751472386e+00
-6.215963727390736437e+00
-6.274561692769697885e+00
-6.076668559783223067e+00
-6.434518343346999458e+00
-6.310598795979792008e+00
-6.731733177523052447e+00
-6.170661695440694317e+00
-6.218277422264836929e+00
-5.891536466917954407e+00
-6.742149470397223787e+00
-5.879003490558395661e+00
-5.877895758651816571e+00
-6.468874470865576320e+00
-6.172920833760493053e+00
-5.728978449852914601e+00
-6.180858318733064571e+00
-6.227602481024840486e+00
-5.896226115774357623e+00
-5.898018363445106438e+00
-5.789457307742724268e+00
-6.078282723507516749e+00
-7.061087812726873025e+00
-5.838265072412782253e+00
-6.362045164016802090e+00
-5.982024445536784363e+00
-6.273069871102880946e+00
-6.003593437699551671e+00
-6.033531692302621430e+00
-6.999666639986508621e+00
-6.477452245343440218e+00
-6.386244191421590166e+00
-5.821393032648192190e+00
-6.224548107407320785e+00
-5.967799174768725123e+00
-6.326801016959701762e+00
-5.910971484492005601e+00
-5.979499413912594541e+00
-5.994897024135113384e+00
-6.558196414894979398e+00
-6.014343795412881555e+00
-6.085005623587320223e+00
-5.592323478831288774e+00
-6.763918883750439370e+00
-6.204383178657093545e+00
-6.255898398026179308e+00
-6.186022497825192978e+00
-6.414005685321329864e+00
-5.847660199300598549e+00
-6.535329313975772436e+00
-6.109601763218893922e+00
-5.892949578514329545e+00
-5.877585045240978801e+00
-6.475441886504381905e+00
-6.634111042389955415e+00
-5.718818105766348303e+00
-5.950577478650195928e+00
-5.915022165288266187e+00
-6.039669813116576691e+00
-6.413672991610433805e+00
-5.881675702913200077e+00
-6.137932871561716297e+00
-6.280024301697111788e+00
-6.312365293800341171e+00
-6.292090241692633867e+00
-6.388659178235538860e+00
-5.974497506119701207e+00
-5.841463573003650822e+00
-6.146458621818687185e+00
-6.620105984137363286e+00
-5.776032428685893727e+00
-5.894195114572190697e+00
-5.884704373125202004e+00
-6.248497403930814542e+00
-6.898622893920167698e+00
-6.712236549291090704e+00
-6.097790557811293866e+00
-5.988472315298174919e+00
-5.996465899100750008e+00
-6.293276569230816797e+00
-6.309750968365808177e+00
-6.097580231898795056e+00
-6.065919468424331384e+00
-6.222927312976961112e+00
-6.509465098912627923e+00
-6.457382270640390942e+00
-5.953253172115838154e+00
-6.329952114909203509e+00
-6.015845668821913961e+00
-6.160081256886445367e+00
-6.246850676181939122e+00
-6.506285148149987485e+00
-5.962153362654725619e+00
-5.691035042857622628e+00
-6.039349438618745403e+00
-6.557730330453053647e+00
-5.947223686640645823e+00
-6.339735587547282059e+00
-6.014641417054956030e+00
-5.899399352695850141e+00
-5.903235905555239249e+00
-6.228585177350309365e+00
-6.734644468134205475e+00
-6.114213367683236200e+00
-5.672432033542697205e+00
-6.257479371155616477e+00
-6.227166204056470811e+00
-5.926666407548408344e+00
-6.299337155699326729e+00
-6.346461974441288234e+00
-5.938370854636192853e+00
-6.311528306827239199e+00
-6.506600898191119420e+00
-5.761784777233823540e+00
-6.294884984393707583e+00
-6.030529792316762006e+00
-5.955543530821339360e+00
-7.244525786934808309e+00
-6.558200927899004107e+00
-6.133705615202893036e+00
-5.920492118430773942e+00
-6.447612802370857210e+00
-6.029946224257312970e+00
-6.066525955367021439e+00
-6.194831452464032218e+00
-5.862384177202349278e+00
-5.681009215253927991e+00
-6.536612131038344486e+00
-5.710744039455263987e+00
-5.654080364034800077e+00
-6.028132156435423106e+00
-5.992474869003914684e+00
-6.089523235512355193e+00
-6.104383750069409587e+00
-7.206314985469810530e+00
-5.633564195351326020e+00
-6.228120044320675674e+00
-5.899354624480141140e+00
-6.238657815034174270e+00
-8.067820021932361030e+00
-7.126081894693580665e+00
-7.305520072339795945e+00
-6.177192097732989495e+00
-8.711065792548330577e+00
-7.133514346857044330e+00
-6.058317999814743615e+00
-7.410002726941211648e+00
-6.448298794806606615e+00
-6.721773885546666882e+00
-6.300487601416944194e+00
-6.174370367902399792e+00
-6.003536687191059151e+00
-6.803023091232836883e+00
-5.925420582348375653e+00
-6.452239288131876194e+00
-6.391407026320363727e+00
-6.625231023872355962e+00
-6.522877806568996739e+00
-6.619299409801903344e+00
-6.424020874391987768e+00
-7.713184771994894717e+00
-6.253169461171211196e+00
-6.144842457577727401e+00
-5.989810837120622899e+00
-6.555129775521298718e+00
-6.172716276635683563e+00
-6.108923012045526235e+00
-6.828572677657771983e+00
-6.629685531402361498e+00
-5.954565441030967854e+00
-6.924880582784372685e+00
-6.247765668273933315e+00
-6.323546576498201510e+00
-6.135105325306775548e+00
-5.721858466361277706e+00
-6.383566642281166104e+00
-5.795902186643505871e+00
-6.519823936588705848e+00
-6.020059844649870762e+00
-6.177607225501065003e+00
-7.356705143770685851e+00
-5.962284486059114208e+00
-6.033617868383621463e+00
-6.038413755469754562e+00
-5.997808956870042785e+00
-6.122878575114183874e+00
-6.045818530221922948e+00
-6.927376907066031819e+00
-6.229360663350269611e+00
-6.323059962449899096e+00
-5.943454914210026807e+00
-6.060179714248273619e+00
-5.705517553352974502e+00
-5.920828552936169054e+00
-6.366880795723750097e+00
-6.097020621514801064e+00
-6.357234137867767032e+00
-6.440045961495365567e+00
-6.405998888690305648e+00
-6.031704840511052268e+00
-6.027340103880383992e+00
-5.917394770621314137e+00
-6.297372023602067159e+00
-6.404786505415426490e+00
-6.107751374190765858e+00
-6.142115402476246544e+00
-6.117109172952402751e+00
-5.746518246232992233e+00
-5.812276568342824135e+00
-5.947869659643753693e+00
-5.856355501651150597e+00
-6.662393882492160024e+00
-5.854551039067121820e+00
-6.529843935902077234e+00
-5.779912589207496509e+00
-6.360103560232744258e+00
-5.984573582745437825e+00
-5.960091113324126333e+00
-6.192250381875472165e+00
-5.896958131367767919e+00
-6.263671887500033897e+00
-6.201909780427212304e+00
-5.754893953076549273e+00
-5.822557405923733498e+00
-6.176355566576304135e+00
-6.563665082663762362e+00
-5.793996033176616933e+00
-6.113836071417677154e+00
-6.151458111399639606e+00
-6.543234725005129704e+00
-6.257338888227942597e+00
-5.998958530907642306e+00
-5.926939862418731941e+00
-6.222396996046575701e+00
-5.796125030135700129e+00
-6.124105131444783190e+00
-6.140619587954097902e+00
-6.066142001977573806e+00
-6.016850997129019163e+00
-5.891646838278834508e+00
-6.221061614285284591e+00
-6.002717277588635270e+00
-6.347724546247771826e+00
-6.057389824204550521e+00
-6.303359156190966317e+00
-5.856098527428509115e+00
-6.175893660426374332e+00
-6.366776347668393399e+00
-5.964925736988195837e+00
-6.045700983948765206e+00
-5.742596775238121509e+00
-6.043241059018735761e+00
-6.193530144246349067e+00
-5.820945542359198477e+00
-6.073322335491874391e+00
-6.416973024438476614e+00
-6.062782453361882595e+00
-6.120746771425213062e+00
-5.631161316580007181e+00
-6.158853682718420153e+00
-5.708324104292176848e+00
-6.352234569920454987e+00
-6.053711537653474473e+00
-6.880227303368226188e+00
-5.883997285861497950e+00
-5.658566695397276192e+00
-5.989681762798022113e+00
-6.156948542045103778e+00
-6.102785218835052206e+00
-6.126164178608545896e+00
-6.119605410651966615e+00
-6.128244085530069718e+00
-5.889235316011847132e+00
-5.930177542124520862e+00
-5.779117701462190837e+00
-5.823251401786174952e+00
-6.316419176089732801e+00
-6.429070781600167095e+00
-5.952658783949803301e+00
-6.358790472996362020e+00
-5.987936358362055067e+00
-6.067354415358070518e+00
-6.571819369956494405e+00
-5.747331098611119238e+00
-6.067039285636806945e+00
-5.856815939778186042e+00
-5.919731369533717924e+00
-6.722548615091885615e+00
-5.920205328090109909e+00
-5.763626727496157898e+00
-5.918481105945641474e+00
-6.799644179084891604e+00
-6.287774613894272058e+00
-6.484942074348255758e+00
-5.886282005790776317e+00
-5.731535654398142832e+00
-5.868737751537022262e+00
-6.291574429260014867e+00
-6.178284886361223194e+00
-6.246689716456127250e+00
-6.326996009352717998e+00
-6.352360516416469594e+00
-6.755524395934315862e+00
-6.483858118618067934e+00
-6.325632532247517759e+00
-6.394402632127069275e+00
-6.184145039698317525e+00
-5.998544620573914798e+00
-6.594530857269615076e+00
-5.783427173588773229e+00
-5.774699652628590307e+00
-6.351542236787524942e+00
-6.050815333132035789e+00
-6.215447341125147851e+00
-6.016744093606225086e+00
-6.014080412416136667e+00
-6.585531345661434166e+00
-5.854652088372445107e+00
-6.102696390589212427e+00
-6.132937927222916308e+00
-5.887548471342549661e+00
-6.327251145455506709e+00
-5.840863826934651115e+00
-6.048536692961871353e+00
-5.800011703312693001e+00
-6.363385099559976332e+00
-5.950688757586328315e+00
-6.222687553684034256e+00
-5.873950406103738864e+00
-6.351651197435423057e+00
-6.238972551406358313e+00
-6.823099555742588862e+00
-5.951350215534996657e+00
-5.771821235452594401e+00
-6.186642496692827287e+00
-6.176200086896453278e+00
-5.699941538904256255e+00
-6.024169821170494821e+00
-5.821647956684298464e+00
-6.054544906181986264e+00
-6.393325476693154208e+00
-6.041783081499069397e+00
-6.057431951211916576e+00
-5.631440020978487837e+00
-6.191264001163945707e+00
-6.048538608434078867e+00
-5.865838567451211460e+00
-6.079525147410372199e+00
-5.859119722497084126e+00
-5.956148763336420515e+00
-5.980975210392201369e+00
-6.258451346929152947e+00
-5.901135593135414581e+00
-6.688527155961561554e+00
-5.946403522062466251e+00
-5.832625594725370455e+00
-6.245204489928619651e+00
-6.038799717310947557e+00
-5.886188762706180633e+00
-7.137593183370141148e+00
-6.180191159991211158e+00
-6.624011164305276367e+00
-6.318270837103514559e+00
-6.222465748988990519e+00
-6.557851035482192614e+00
-7.114287823195249771e+00
-6.726346927559337274e+00
-5.979678440759224500e+00
-6.423251978117003880e+00
-6.137408859241451964e+00
-5.811766588725864935e+00
-5.855858282459315944e+00
-5.953631534661311342e+00
-7.033723870498271857e+00
-6.065157803960214977e+00
-5.831584920569023112e+00
-5.751460067453291636e+00
-6.081434406229476508e+00
-5.777469808261401774e+00
-5.841642630691032956e+00
-6.083396786817405477e+00
-5.689579202272419423e+00
-5.888652126419359867e+00
-5.724516990677609662e+00
-5.976253400488920065e+00
-5.810299886707355199e+00
-6.201138311352970334e+00
-5.874058708709341659e+00
-5.990050391251385165e+00
-6.017963204984161152e+00
-5.965528040029180801e+00
-5.906334118604616101e+00
-5.928756563210877850e+00
-6.263889085626082043e+00
-5.715670121423229944e+00
-5.825968311478381345e+00
-5.847197226301998008e+00
-6.795866194292225160e+00
-5.776132628300166161e+00
-5.962917657211413314e+00
-5.752166005304250262e+00
-6.167893769254298775e+00
-6.068144055719106866e+00
-6.202406722514656856e+00
-6.026471641935618351e+00
-5.721580885204077482e+00
-6.399200235284521199e+00
-6.454930645707386283e+00
-5.767511770187064180e+00
-5.839659488146051736e+00
-5.920742442626713675e+00
-5.693622776650865802e+00
-5.886110031251153174e+00
-6.165681339926781135e+00
-6.092037197709434970e+00
-5.894578191713693016e+00
-5.913595673762341853e+00
-6.137811028658357593e+00
-5.947678667722494872e+00
-5.926438335026290360e+00
-6.703746968571681286e+00
-5.805084030540194284e+00
-5.909665445010103824e+00
-6.378933118101561384e+00
-5.948585770411796148e+00
-6.027749612484307740e+00
-6.158878117923774376e+00
-6.589966944495350809e+00
-5.693881962070515890e+00
-5.965037546260844259e+00
-6.325186337359431477e+00
-5.742862140825150341e+00
-5.993596878684480878e+00
-5.799102094188127055e+00
-5.892306100916593792e+00
-6.370580029034156766e+00
-5.700326615668075192e+00
-6.615181184082617349e+00
-5.762598410673891003e+00
-5.971812698190146484e+00
-5.668722493316395550e+00
-5.944417781347528518e+00
-6.312606715415783221e+00
-5.898680887256712246e+00
-5.578791521068859005e+00
-5.792228533071808627e+00
-6.361208208655430241e+00
-6.503646983897267475e+00
-5.744889801060764078e+00
-5.789859806341446813e+00
-5.655038866906523687e+00
-6.761156341438796957e+00
-6.412616389525450877e+00
-6.145444348260639345e+00
-6.471567310680538476e+00
-5.998036726877915115e+00
-6.010803761651736465e+00
-6.189901658946260987e+00
-6.361666267182120471e+00
-6.251345592911824234e+00
-6.162872204235058327e+00
-5.763070004921424960e+00
-5.791681929223496006e+00
-5.823396951045013203e+00
-6.376138157115860849e+00
-6.400974518629196197e+00
-6.767410440341292244e+00
-5.687703258612634372e+00
-6.230540210151571223e+00
-6.264695320341000517e+00
-5.981652322810870004e+00
-5.954736877596817024e+00
-6.060794558757381267e+00
-6.027827371464822725e+00
-5.956651617430349432e+00
-5.750353258713389870e+00
-5.774426485914843532e+00
-5.717349792915358719e+00
-5.764358536521753784e+00
-5.988477079514568757e+00
-6.005836115664992647e+00
-5.963486388326360910e+00
-5.937049104945311129e+00
-5.949651591421799779e+00
-5.859034016887582297e+00
-5.775607183388695276e+00
-6.885599128867219143e+00
-5.744559551366707595e+00
-5.924507942626492607e+00
-6.156329338927300832e+00
-5.877051784044419414e+00
-5.948276830550322636e+00
-5.764401214119113881e+00
-5.652909747712423716e+00
-5.741711729426523192e+00
-5.928679826682995646e+00
-5.663051638233675966e+00
-5.800206509434733704e+00
-5.944662770239628635e+00
-6.342325613045762367e+00
-5.712700735926195428e+00
-6.222878232337171411e+00
-5.964202353423480929e+00
-5.839765081469242780e+00
-6.075319937184200825e+00
-5.734204847096865620e+00
-6.213486543986073585e+00
-5.868212758816564900e+00
-5.871642524701901955e+00
-5.981253666365984323e+00
-5.906662776578012419e+00
-5.699710126631590157e+00
-5.906994380975598702e+00
-6.742749971506914797e+00
-5.837536752373936544e+00
-6.973662500653321494e+00
-6.113776814766115564e+00
-6.747803257810985222e+00
-5.620332887908021213e+00
-5.993480018996587333e+00
-5.994379992616522657e+00
-5.931996944146241013e+00
-5.834456799415351114e+00
-6.040866534608721139e+00
-6.648130072330789453e+00
-6.398514490638000041e+00
-6.459093981620799951e+00
-6.451242755260217621e+00
-5.983493663320847311e+00
-5.569716459236831341e+00
-5.683824267497709748e+00
-5.811737007270114219e+00
-5.520871566263328312e+00
-5.511164426241530911e+00
-5.909431277431663077e+00
-6.082677836078577371e+00
-5.958001924573123276e+00
-5.966667399102574265e+00
-5.847491471222061143e+00
-5.958505251005958847e+00
-6.195232973335844662e+00
-5.937358893731034648e+00
-5.739764777992134803e+00
-5.724875457016829650e+00
-5.794175462246831110e+00
-5.637874021940269209e+00
-6.168954255194401881e+00
-6.010633015902627996e+00
-6.055588899750764753e+00
-5.569639180528531242e+00
-5.696359332178769108e+00
-6.031461052430409531e+00
-5.774338881211772190e+00
-5.664648958253940769e+00
-6.079850815681449916e+00
-5.833263614054138735e+00
-5.780649650007989138e+00
-5.589657165987579113e+00
-6.229090515381728643e+00
-5.686006454282493294e+00
-6.419239284498593712e+00
-6.424259364721968346e+00
-6.084404720717509818e+00
-5.862376587172500209e+00
-6.108042016578556499e+00
-5.877461392089762704e+00
-6.003939508957262028e+00
-5.749225061683359783e+00
-6.296256596579289599e+00
-5.867093443423954113e+00
-5.786092720143856560e+00
-5.598543061621805705e+00
-6.350127424750064087e+00
-5.879124331013224847e+00
-6.451808920977348372e+00
-5.800689988320608670e+00
-6.282782037909371731e+00
-5.957356108216172785e+00
-6.111672550393701719e+00
-6.007624298306405208e+00
-6.421066739677105062e+00
-6.035695463016158335e+00
-6.254358173364130913e+00
-5.954272974316402234e+00
-5.848116829729111288e+00
-5.887389882993397272e+00
-6.465229885315366687e+00
-6.833644245445702481e+00
-5.953534798829207553e+00
-5.740734614024102456e+00
-5.878956420726064280e+00
-5.821164814983865732e+00
-5.980361636989855789e+00
-6.166471317653115847e+00
-5.797296947559640756e+00
-5.731937408230545650e+00
-5.845170833866773386e+00
-5.983106640194760573e+00
-5.647349012380142419e+00
-5.975448041135991595e+00
-5.886688966195448458e+00
-5.731775887452140950e+00
-6.795072512472238202e+00
-5.884761604721683526e+00
-5.787535027045821678e+00
-5.668994730289341533e+00
-5.840821875021448228e+00
-5.924262483880117003e+00
-5.926360156663855960e+00
-6.211730951927399325e+00
-5.596602314375531684e+00
-5.693495276022596308e+00
-5.943635293017750953e+00
-5.637052058825595680e+00
-6.133952642852924519e+00
-5.852387721208721416e+00
-5.932175710715666739e+00
-5.835064414079607964e+00
-5.693320323760834079e+00
-6.960556094846925390e+00
-5.813955883502975652e+00
-5.783120360983279973e+00
-6.544863295716537799e+00
-6.024866120457821772e+00
-5.740285924818345542e+00
-5.865970222238825471e+00
-6.172585369622650475e+00
-5.962391357331994435e+00
-5.918904916037649677e+00
-5.803327986550995909e+00
-5.902038914688569449e+00
-6.127161481455592806e+00
-6.242485111550861276e+00
-5.857997414756431098e+00
-5.867162973230279910e+00
-5.907165202784965707e+00
-5.848845093038839593e+00
-5.917743564173253645e+00
-5.880616374115364309e+00
-5.878840321860208995e+00
-6.064839826723114058e+00
-6.057586537799811488e+00
-5.594517360515627757e+00
-6.191484342139122354e+00
-5.513147754131193956e+00
-6.246364795209103704e+00
-5.722671756157634348e+00
-6.582844135091545645e+00
-6.277952257218553989e+00
-5.674686378201384329e+00
-5.888074869390349519e+00
-5.744762451745362597e+00
-6.417171315572249846e+00
-5.969838943391938990e+00
-6.281544647265314474e+00
-5.749037592430098265e+00
-5.874022745689059022e+00
-5.930505457280864867e+00
-6.059026067920228797e+00
-5.846650462650369029e+00
-6.021945481214957319e+00
-5.819169394748808344e+00
-5.810601301288118137e+00
-5.829686262397862251e+00
-5.999577312927008244e+00
-5.770495907173057937e+00
-6.890584830722469079e+00
-6.724532133545746859e+00
-5.979799084250177366e+00
-5.871804807921392921e+00
-6.769572322645663220e+00
-6.090296436967189919e+00
-6.145889268490113189e+00
-6.382501616369765429e+00
-6.833843491873706100e+00
-6.544327262100630982e+00
-6.484223817199416651e+00
-6.447199246229967429e+00
-7.325086140187332617e+00
-5.903378459651038135e+00
-5.778192892327197683e+00
-5.931592440443161252e+00
-5.797476405623940288e+00
-6.526032297697391016e+00
-6.209651903113114102e+00
-5.964067930321688138e+00
-5.894015555156831176e+00
-5.863413080691869617e+00
-6.245993095617561330e+00
-6.159300812652809931e+00
-5.884441769770709207e+00
-6.236940802689923125e+00
-5.730817709334963261e+00
-5.694215448794540890e+00
-6.179202248060414071e+00
-5.852461023086410030e+00
-6.577145495980304624e+00
-5.819626614697946287e+00
-6.280458229092999112e+00
-5.677646090448761562e+00
-5.935225962158217961e+00
-6.184604514660408725e+00
-5.808631245812790667e+00
-6.315591975771783773e+00
-5.953222847321208100e+00
-6.210818365953032050e+00
-6.108265018071240782e+00
-6.019809066960932320e+00
-6.097579925352543562e+00
-6.227081460764710918e+00
-6.097790435204665016e+00
-6.089044010719137034e+00
-6.350981676715878876e+00
-6.050987767016740904e+00
-6.273528811682739459e+00
-6.099033427268931717e+00
-6.264760415474963651e+00
-5.683710988655862550e+00
-6.197028571552754883e+00
-5.925494204328376924e+00
-6.566010336126834268e+00
-6.157409114559948549e+00
-6.421329608784828835e+00
-6.308954863912623168e+00
-6.606822734743149184e+00
-5.908680049617958119e+00
-5.943161343542510799e+00
-6.527795123247444486e+00
-6.010098691456863484e+00
-6.208593502555625143e+00
-6.426538249497897759e+00
-6.080923066495820706e+00
-6.432076034500814110e+00
-5.706673409131495234e+00
-6.280828840134303093e+00
-6.329129778940884243e+00
-6.460058842989183425e+00
-5.779146431726892352e+00
-6.113771229252319195e+00
-5.803815897752711450e+00
-5.871533407840059837e+00
-6.579887063697652749e+00
-6.085587220343626313e+00
-5.632027398019195275e+00
-6.571343545853792989e+00
-6.455778988090680848e+00
-5.882070426967045407e+00
-5.923582017626355167e+00
-6.187509034633992933e+00
-6.017113275100847147e+00
-6.120454157119477934e+00
-6.058825769775377346e+00
-5.947742584130991439e+00
-5.986203236350083223e+00
-6.326290735639386043e+00
-5.870368158538001424e+00
-6.129753972569998766e+00
-6.139109991152126966e+00
-5.795597747946002798e+00
-6.188135632988181811e+00
-6.443168021520424560e+00
-5.790269027924663803e+00
-6.415302044462194431e+00
-6.060500430550663786e+00
-6.104677722335982715e+00
-7.159911529352561921e+00
-6.368684792754058854e+00
-5.807787506503356845e+00
-6.089536065214442573e+00
-6.073878638185837175e+00
-6.352083485615295011e+00
-5.823103293118253809e+00
-5.998022469283677438e+00
-6.313137277104934775e+00
-5.922024905818505047e+00
-6.441652118190797971e+00
-6.615091565786933359e+00
-6.169086372653041828e+00
-5.790840489580316053e+00
-5.896852532790866519e+00
-6.568566743057194124e+00
-5.977978082041088825e+00
-5.828586196576011957e+00
-6.220562993473768287e+00
-5.736248619052656039e+00
-5.762053889138202045e+00
-6.066451971676625199e+00
-5.879894849064949192e+00
-5.921554288279868850e+00
-6.072931869824851780e+00
-5.591344075207076436e+00
-6.169760761675255445e+00
-6.194026853384904108e+00
-5.960662295469035143e+00
-5.918626126477144922e+00
-5.595497393570591171e+00
-6.182042411100556301e+00
-5.835705153220987818e+00
-5.730902334254221131e+00
-5.916723173853487339e+00
-6.044294907962306951e+00
-6.278951859210120112e+00
-5.689436504332523903e+00
-5.931189386765822746e+00
-5.994677705613642438e+00
-6.470206717917477590e+00
-6.525187486220242583e+00
-5.955201615928806369e+00
-6.054801821994272082e+00
-6.119307642554618454e+00
-5.748778421397042315e+00
-6.306645667125512666e+00
-5.937709729430350691e+00
-5.954201810821524887e+00
-5.818861764205229825e+00
-6.327224791796852266e+00
-6.018980496577062134e+00
-6.093796750656172989e+00
-6.318960935620109076e+00
-6.361109815417234969e+00
-5.850880098623838954e+00
-6.398074409703268017e+00
-6.513421011810033079e+00
-5.629240982039497077e+00
-6.019906725104624101e+00
-5.822663065869750909e+00
-5.747385069542760405e+00
-5.843200607087479348e+00
-5.840677277268168766e+00
-6.040295583697218973e+00
-5.737214606851756216e+00
-5.685809204273025941e+00
-5.747306841003962496e+00
-5.960456862239714049e+00
-5.723374425923489106e+00
-5.560785194199962866e+00
-5.981112428175780593e+00
-6.145694101054079539e+00
-5.709575443003902961e+00
-5.716097071287932430e+00
-5.847031765877399145e+00
-6.165518109547781123e+00
-6.167197638457765585e+00
-6.781999662977201915e+00
-6.134388542109993736e+00
-6.004926055919664662e+00
-5.745630019986045056e+00
-6.216416949975292816e+00
-5.884598857241551961e+00
-5.990273776630018254e+00
-6.075545134961143567e+00
-5.956726446299435374e+00
-5.573339107355547384e+00
-5.975090311332492021e+00
-5.887598671352174406e+00
-5.952402797591727079e+00
-5.989733733103667745e+00
-5.870003937602043642e+00
-6.290647437118255247e+00
-6.673312419556827635e+00
-5.815236954273766301e+00
-5.882372812418030783e+00
-6.479358168307662424e+00
-6.405023501206178693e+00
-6.061068062829470193e+00
-5.751119373121971634e+00
-6.031888685408917539e+00
