-3.641464561004776446e+00
-2.566418334706462900e+01
-1.454603255746906854e+01
-2.069348961283440147e+01
-2.182245583633947206e+01
-7.240223141477283519e+00
-2.098442119764802172e+01
-1.317642836198849032e+01
-1.057290631940732339e+01
-1.111156621348493267e+01
-1.163367562914078057e+01
-9.114078030142371389e+00
-8.107051083559426274e+00
-7.156974961753484799e+00
-8.954638528135118847e+00
-3.302786076145973304e+00
-4.958996814215431925e+00
-1.005149066640700184e+01
-9.116844300294278725e+00
-1.399328185454001172e+01
-1.155880443531065005e+01
-1.316334449472028467e+01
-1.181587214781374584e+01
-1.516994100102751908e+01
-1.933280106299978129e+01
-1.326066141077196114e+01
-1.162862994285078067e+01
-1.241850066854232360e+01
-3.783803326970338610e+00
-5.153414405236255824e+00
-4.639873961074812314e+00
-7.567177108100109351e+00
-4.902272634254337902e+00
-5.245137984612898485e+00
-1.387768842493323973e+01
-8.916202877011881966e+00
-2.838114191894502980e+00
-1.294828364455742609e+01
-1.834127079257867621e+01
-1.181980323125877774e+01
-1.054612329328407405e+01
-1.501038479168589035e+01
-8.628626747843254563e+00
-8.466100803738571656e+00
-6.278450279998097905e+00
-1.066667008146788476e+01
-1.207274812214929227e+01
-8.196973811573887048e+00
-2.302754288582955056e+01
-3.414470242451806570e+01
-1.230141271754346022e+01
-1.432689436254245052e+01
-2.797562367184938026e+01
-1.827638544245881391e+01
-1.711488584260771262e+01
-2.128116068464645849e+01
-1.945741017218186997e+01
-1.310480657783278602e+01
-1.001433156632925581e+01
-1.841995984700520950e+01
-6.917375445314882576e+00
-1.546179245445822303e+01
-8.367652351258476173e+00
-6.710253380047340066e+00
-3.365618022366027251e+00
-4.980085540380864373e+00
-8.551002348136911735e+00
-7.451813090306726117e+00
-5.168627293400612110e+00
-7.957635240393184262e+00
-3.586537593516342604e+00
-7.171897026266008446e+00
-9.570346943500833703e+00
-2.215475285303329045e+00
-4.176151554248798803e+00
-7.137830072376236679e+00
-2.771150306243122863e+00
-3.392506486857223003e+00
-7.954044887178360668e+00
-1.871429201079789051e+00
-3.458959031680879370e+00
-2.106050728402406591e+00
-5.404712221838260611e+00
-2.984092662280997565e+00
-7.082960581677647305e+00
-6.977350715758293909e+00
-4.299119314348460286e+00
-4.011128983065997744e+00
-3.994814631782299674e+00
-4.279037052271792874e+00
-8.639386989372903614e+00
-4.675266051591572491e+00
-4.202246057283056224e+00
-3.819330340075826058e+00
-2.928416154638271873e+00
-4.344437830408146795e+00
-4.579488355329115024e+00
-3.347758833371995202e+00
-4.066782580674098035e+00
-3.895762423744594027e+00
-3.447709124714088524e+00
-4.112437030231366641e+00
-6.953652331093021388e+00
-3.931445868732475368e+00
-2.229897747864372892e+00
-2.234264549049274518e+00
-2.478409680898485679e+00
-2.371430406583004746e+00
-2.380811313714228827e+00
-2.430377859247077055e+00
-2.399592421144096210e+00
-2.826416661988670143e+00
-4.622634136270781902e+00
-3.145679920704919308e+00
-5.640875438782269491e+00
-2.959015261816265951e+00
-3.131130294624881127e+00
-6.201578073101346789e+00
-2.546167226223155389e+00
-2.316565074349693720e+00
-5.083170571175694263e+00
-3.508030956696781111e+00
-2.424935392102073095e+00
-5.089134795300835457e+00
-5.645876911692225164e+00
-6.992537902107168080e+00
-8.146969674680800466e+00
-4.674111836996257985e+00
-6.346044677216094776e+00
-4.639063715541164257e+00
-7.839754698253373455e+00
-8.651658608878797452e+00
-5.491008279686863780e+00
-4.506924315132050829e+00
-1.954422098876815728e+00
-7.604412645372506496e+00
-2.193300522223548210e+00
-8.364246535876992183e+00
-3.539274409334959071e+00
-5.736041321103673596e+00
-4.123950975308365408e+00
-5.329374129435777263e+00
-2.785521364064569294e+00
-3.648301210119980986e+00
-2.453557608140778612e+00
-3.009170801277503582e+00
-5.060413498474088279e+00
-2.492349523882420037e+00
-3.415475758169557174e+00
-4.144678121480184885e+00
-6.221379235973783395e+00
-3.016323528379607044e+00
-5.736418813672849559e+00
-3.989943053848809651e+00
-7.293338821152365092e+00
-6.700781144192498928e+00
-6.591656461430924985e+00
-4.563860261432175491e+00
-2.747763884590070926e+00
-2.770798157448497889e+00
-4.306391313945780119e+00
-3.903939029934744287e+00
-6.135006599616935397e+00
-4.141790862387928485e+00
-6.961224734895755439e+00
-3.145803673015933555e+00
-3.415946672075878876e+00
-6.932643051296340175e+00
-3.488328185498390077e+00
-4.559268782209488613e+00
-3.533161572399425410e+00
-1.636979389615634828e+00
-1.872527936271267457e+00
-9.585110844174884903e+00
-7.677254924918751833e+00
-2.430577523725131694e+00
-3.071584310475563573e+00
-4.534245731051584904e+00
-8.003809050244342416e+00
-7.201744065282968066e+00
-1.333092216612438285e+01
-2.896810722644227898e+00
-4.344509409764362395e+00
-5.721052654217547939e+00
-4.257372786028771117e+00
-2.471854235054992799e+00
-7.708335497386125112e+00
-8.954457348372484304e+00
-5.955451676343100686e+00
-2.752810995404954220e+00
-1.793025301493432533e+00
-2.444263355927387860e+00
-3.439456703817888705e+00
-5.859751346120617654e+00
-2.445382242082071667e+00
-1.665245260662466364e+00
-1.996294204761549729e+00
-1.705272563634024241e+00
-3.185874033827779783e+00
-3.489803871075698005e+00
-4.482957945291434321e+00
-4.141655174310828968e+00
-2.332996474394174236e+00
-2.629164016776658563e+00
-2.740624483651041832e+00
-3.848884994314738961e+00
-1.839815998252737783e+00
-2.462061678890199889e+00
-1.984542944973803902e+00
-2.275000924969644345e+00
-1.902365827961466138e+00
-2.752480428032595405e+00
-1.464109814943701959e+00
-2.705316392595154440e+00
-1.623201603655959335e+00
-2.395289008549321697e+00
-2.482512842041467049e+00
-3.175462793632529035e+00
-2.610445134764630026e+00
-1.527664623916642928e+00
-2.230918053604302287e+00
-1.501292342724223072e+00
-2.224570865621429583e+00
-1.279465320206310652e+00
-2.098556714296774484e+00
-2.396495593799358836e+00
-3.134998716983135036e+00
-3.139537290415121973e+00
-2.713534245902218256e+00
-2.764995274935653224e+00
-2.269792856552860894e+00
-3.379230211079708557e+00
-2.822664940980911474e+00
-3.873713466270413353e+00
-4.331559752675548935e+00
-2.716905852258663323e+00
-2.254456379952604728e+00
-2.473427492275872996e+00
-1.746776489640760710e+00
-2.697811315378389807e+00
-3.881251954660055681e+00
-3.122604947273200704e+00
-1.098452796486171223e+00
-2.672064701300143952e+00
-3.538616878774972996e+00
-3.150697430392466636e+00
-2.510964329461397693e+00
-1.935095295224396272e+00
-3.428068815974169681e+00
-2.950365017242693177e+00
-1.413329226929866511e+00
-2.179575473737108915e+00
-1.947709264362218917e+00
-2.131575055625593684e+00
-1.622691921610608823e+00
-2.069035789769785083e+00
-2.433034299421893198e+00
-2.846348453502743236e+00
-1.189215039593790157e+00
-2.003583577918401470e+00
-2.718642340921839207e+00
-4.284288441395780467e+00
-2.238706219658435081e+00
-2.542731196319599984e+00
-4.116855066401831742e+00
-3.037487443969637102e+00
-1.855183085348636185e+00
-1.324026847937480822e+00
-2.130661823375372244e+00
-2.836798790724768260e+00
-2.085025117917999271e+00
-1.527802298233236211e+00
-1.127513440527797117e+00
-2.517908489851523157e+00
-1.578892208731548230e+00
-1.354178727877159538e+00
-2.256661911064237191e+00
-2.012604449488465175e+00
-1.431539646121928522e+00
-3.979550872354170377e+00
-1.700144391919453657e+00
-1.745463251358629231e+00
-2.036265779217685257e+00
-1.653384957304171010e+00
-3.347916158912075169e+00
-3.938999366212845743e+00
-2.987356956223234494e+00
-2.321307962332335162e+00
-2.600406656083732226e+00
-2.204867595745141795e+00
-4.512908406092008384e+00
-2.302018564736681761e+00
-2.547977510045909000e+00
-2.102598228018805582e+00
-3.325753030933512377e+00
-4.311091912100354584e+00
-3.075141854472017489e+00
-2.206226499402787589e+00
-3.717734742885544730e+00
-1.109761763043364491e+00
-3.480344517700750373e+00
-2.314423194411144191e+00
-2.546962708406962150e+00
-3.642067228911468391e+00
-2.361065317696827481e+00
-2.193206735820773190e+00
-2.696926381199941769e+00
-3.060073290919823386e+00
-4.452825289063743419e+00
-2.442048577013623767e+00
-4.855892756800403554e+00
-4.554509492293318473e+00
-4.963516784776349056e+00
-3.944535118873700785e+00
-3.973715286074724240e+00
-6.378789475188986202e+00
-3.952418155328581317e+00
-5.091261127800268405e+00
-5.262364353139583173e+00
-6.853945708969922279e+00
-2.383206027927016635e+00
-2.220842481408252578e+00
-1.769763115166126832e+00
-1.817986950552385572e+00
-3.783913820342720058e+00
-2.958286072073382122e+00
-2.423914262014924770e+00
-2.111160266432186461e+00
-1.560441248865111596e+00
-2.961259154754482648e+00
-3.290027199037000916e+00
-4.000435616680139361e+00
-2.590346462827471274e+00
-2.055193077979925231e+00
-2.593625099774141241e+00
-2.995340915586626629e+00
-2.490111702953216710e+00
-2.381897001397409674e+00
-3.381651527945884528e+00
-2.515369165086589920e+00
-2.594551955386821263e+00
-2.881006638611596671e+00
-3.931748171053445873e+00
-3.829472126238594676e+00
-5.009513150768485801e+00
-1.880243452370247370e+00
-3.767173894954818358e+00
-3.871710064234259896e+00
-3.784793518643968735e+00
-2.803310487604290913e+00
-2.613906354550677325e+00
-2.291459201048018812e+00
-2.893512105558953440e+00
-4.515475144795030538e+00
-6.145817851376029317e+00
-4.212968468062737060e+00
-5.269975937618421646e+00
-1.509683040974292512e+00
-2.276736890257766266e+00
-3.182376134358183783e+00
-2.107128703038116058e+00
-3.421137027420408483e+00
-3.349028170528474124e+00
-2.230665460235542685e+00
-2.242514290383352815e+00
-1.411213908353515789e+00
-1.572564979192617285e+00
-1.690847852990996492e+00
-1.670779855659176416e+00
-3.841309346090968191e+00
-6.904707408516892464e+00
-7.613914669484717734e+00
-9.807186726399093502e+00
-7.580595081596440465e+00
-7.970748368946916074e+00
-6.320568921794112782e+00
-7.480566789772061576e+00
-6.593886758062434517e+00
-7.194419082182201386e+00
-6.041496764766097982e+00
-5.276683261196199126e+00
-6.147244074553269932e+00
-6.151206651548705828e+00
-5.148194989651497799e+00
-3.506940703986561214e+00
-5.768315767832271845e+00
-8.866871072872161363e+00
-4.855597401325893792e+00
-4.781355109560072592e+00
-4.917113078631142997e+00
-6.465174867190207841e+00
-8.056903847218542580e+00
-6.231551929605934070e+00
-5.896628788801653975e+00
-4.217267440369329101e+00
-4.664914237506520678e+00
-5.596247957114775851e+00
-6.003038095847879063e+00
-5.216815589571694112e+00
-4.631929033833034559e+00
-4.532290822746057657e+00
-4.776072002655225468e+00
-4.219920224310601320e+00
-5.469834904624042871e+00
-4.762367722833148243e+00
-5.720889046637385178e+00
-6.696126178089515157e+00
-5.437379452357407494e+00
-3.842573917190886590e+00
-2.414572775135202853e+00
-2.909430130649063972e+00
-2.553226376529989849e+00
-4.171074952918515599e+00
-3.612116312242454885e+00
-7.470789422976666927e+00
-5.015718976898401849e+00
-4.410538053911480461e+00
-8.765966192861931461e+00
-3.738839966134296144e+00
-3.623768772141913175e+00
-5.334915023977660375e+00
-4.706943048482989056e+00
-4.992956054537541100e+00
-5.000863551093274850e+00
-3.995609854388023852e+00
-2.130209239517522501e+00
-4.524933527325455174e+00
-7.561229923483428372e+00
-4.098515649592386900e+00
-6.789251277497661441e+00
-6.096291812115327780e+00
-5.414142034537426262e+00
-3.753360849017105760e+00
-4.996941732253159962e+00
-3.770018797664875354e+00
-6.250437803549115934e+00
-2.123255711952063418e+00
-3.788062921831536922e+00
-3.484322721762034281e+00
-4.133898773289332418e+00
-3.733790582046764062e+00
-1.449620792081392162e+00
-3.840337683283031378e+00
-2.932932842796447837e+00
-3.062834549063537803e+00
-2.273583208311562132e+00
-2.893775419567976126e+00
-1.857360630467693285e+00
-2.319373159951473529e+00
-1.577045943321167876e+00
-1.477984680630349823e+00
-8.796718006926403932e-01
-1.552135842481352501e+00
-1.958544929173021698e+00
-1.918538084515564401e+00
-1.529262510374747919e+00
-1.516789265573957213e+00
-1.825401138232533249e+00
-1.758802963491193916e+00
-2.404379758402179323e+00
-1.413521052265031663e+00
-2.180834702612420184e+00
-2.345913676171726969e+00
-1.299701147079488583e+00
-9.379553244306528814e-01
-1.270548717376205561e+00
-1.097153449996434160e+00
-1.810053801583763722e+00
-1.738621947175499560e+00
-1.399710516052704135e+00
-1.846177304044644085e+00
-1.231691614607772101e+00
-1.706023627489561045e+00
-3.563834588161031824e+00
-2.131799073095064223e+00
-1.914620204894334154e+00
-1.443670179447005708e+00
-1.078111017443525332e+00
-2.617403731981417625e+00
-1.398431295632594829e+00
-2.595137851266786200e+00
-1.557116347819135882e+00
-1.465488244355828584e+00
-2.571992793509882524e+00
-2.240779267821965348e+00
-1.199346757223609616e+00
-1.135315810234837075e+00
-1.338086597712036641e+00
-2.212254782281974475e+00
-2.403471800047566997e+00
-1.477905382996798300e+00
-1.589205465550536545e+00
-1.308352418022207475e+00
-8.151244774590442610e-01
-7.956744294609904289e-01
-1.505886693033454016e+00
-1.587102570158008819e+00
-1.737397131962443941e+00
-1.198418365253074880e+00
-1.495457064368341804e+00
-1.056441786719424680e+00
-1.842479121992931734e+00
-1.612410305089275742e+00
-1.181830510578381288e+00
-1.221235712878532498e+00
-1.103515490105135388e+00
-1.786700832142829487e+00
-1.009446696951755040e+00
-1.292002676691775820e+00
-1.367823138861483434e+00
-1.492427408400799127e+00
-1.849934499429801260e+00
-1.732745820786464552e+00
-9.751533064026326469e-01
-1.338263083234779938e+00
-1.339034378357334187e+00
-1.697515352181090620e+00
-1.929814677788070032e+00
-1.502368196703254055e+00
-2.068045851269179725e+00
-1.643145526568292381e+00
-3.549570750200999214e+00
-3.738566606392798697e+00
-3.826905229671550224e+00
-2.866973408646265487e+00
-1.439175752278662124e+00
-2.160507817612947967e+00
-1.895631348935917559e+00
-8.858454652568713561e-01
-1.449525124973508827e+00
-9.634808675433712555e-01
-1.339990888732491170e+00
-1.687078804116836084e+00
-1.412344226333521302e+00
-1.707753492785737848e+00
-1.049478947302861620e+00
-1.139571817062661419e+00
-1.465281759955261887e+00
-1.149447559074213476e+00
-1.101309681945258578e+00
-1.081747351348081754e+00
-9.640764528687630897e-01
-1.246077608452978769e+00
-1.033755288830125352e+00
-1.460653424638565623e+00
-1.492145264487353851e+00
-1.313337938364965485e+00
-1.765540486031894840e+00
-9.550311485811073808e-01
-1.032473191309889904e+00
-7.512050262990654925e-01
-6.520861483673908721e-01
-8.883132519128797977e-01
-1.240943550535005269e+00
-8.515481097520899434e-01
-9.217315734207861544e-01
-1.288952612626180105e+00
-1.174661217915739631e+00
-7.103739536030659885e-01
-1.796325264804857991e+00
-1.405723646916000824e+00
-8.643399484527464205e-01
-5.448189683308302111e-01
-8.747309433050821648e-01
-1.389275614392653679e+00
-1.162509890016791836e+00
-9.970665964708984585e-01
-1.218065614147848752e+00
-1.078078196936073763e+00
-1.359176861634539657e+00
-1.121874236096418009e+00
-8.489044284146691766e-01
-1.215974183555291521e+00
-1.440255174104728697e+00
-2.146824886210243921e+00
-7.117777267382346951e-01
-5.219174033359882392e-01
-7.506401242697924303e-01
-9.767403495870837782e-01
-1.005598712978178044e+00
-9.664759299719796193e-01
-8.278603478744729349e-01
-9.694238965492382176e-01
-1.405788584995007140e+00
-1.385298671806674875e+00
-1.131650422887960694e+00
-1.121020728884313034e+00
-1.602380255116473640e+00
-1.461369401952718583e+00
-1.626887319693369083e+00
-2.106963525534216508e+00
-1.185891332591118230e+00
-1.083759892597277341e+00
-9.465394183596260724e-01
-1.116900343625559122e+00
-1.536841009425138571e+00
-1.137204955069834877e+00
-1.271448224111736192e+00
-1.247653582779621351e+00
-8.205905570461311527e-01
-7.170540739082884585e-01
-1.607744812685218072e+00
-1.225849658061362479e+00
-8.078970025192613313e-01
-1.377549786194647519e+00
-1.266837748343490277e+00
-8.384278502933767419e-01
-1.849186857422886465e+00
-1.861263174190198599e+00
-1.539591480009798063e+00
-1.140890402589024299e+00
-1.491422504402607041e+00
-1.071161162580249959e+00
-1.118046434080865126e+00
-7.948848801560605137e-01
-1.462795942449496289e+00
-1.609319197330303153e+00
-1.396624735386923444e+00
-1.261894551177626056e+00
-9.866226970500926452e-01
-9.153698212588210481e-01
-1.790794946249658182e+00
-1.172785009762792319e+00
-2.125042470142249673e+00
-1.383336706497611202e+00
-8.924983383566178485e-01
-1.507455011572649717e+00
-1.655455221011014499e+00
-1.017930754272877492e+00
-1.113183841652947370e+00
-1.112765456750239634e+00
-1.937063142806135341e+00
-1.191654595900550895e+00
-1.077110228122031943e+00
-1.114626476896807938e+00
-1.552473029299963336e+00
-7.096330994384097979e-01
-1.160654795966914676e+00
-1.281694373918105256e+00
-1.465188653211267455e+00
-1.287209451017509831e+00
-2.556944257732209014e+00
-2.004890125830141479e+00
-1.816309701391361164e+00
-2.278914950278233764e+00
-1.472513792898017648e+00
-1.016262509391122393e+00
-1.064063700585631711e+00
-1.259446037095511395e+00
-7.717980401357039666e-01
-7.141043374012919775e-01
-1.516541410832984660e+00
-1.503108929919530379e+00
-1.351834505083541194e+00
-9.479497193307255820e-01
-7.772400757986257513e-01
-1.486530222888520214e+00
-1.586723426267355297e+00
-1.205261115122486348e+00
-1.183269885502388430e+00
-1.357524826370201332e+00
-1.000431717220260142e+00
-9.838072473484019698e-01
-1.044469396422538443e+00
-6.496813362318778484e-01
-8.120524970324320968e-01
-8.227027987459147873e-01
-1.763823816315683857e+00
-8.705028120812076109e-01
-1.189022374902684032e+00
-2.152337226288965510e+00
-9.379787592456124701e-01
-1.850048952219559339e+00
-1.421139028687561812e+00
-1.222884506991095410e+00
-1.204592605565262708e+00
-1.578154291060599013e+00
-2.428776836246520521e+00
-9.908142309052817565e-01
-1.391063976645121825e+00
-1.034416429107942514e+00
-1.289379001662985358e+00
-1.174471960495132139e+00
-2.743111325435086290e+00
-9.334183309880367263e-01
-1.162668309893165608e+00
-1.300373324884592563e+00
-1.216314271551595549e+00
-7.128766539724005202e-01
-8.942442880420724549e-01
-8.800049386224370052e-01
-2.152730978881706392e+00
-3.376364674651229691e+00
-3.572033599716350150e+00
-3.716433886633173422e+00
-1.847915558928709734e+00
-1.759031830625072290e+00
-1.889831914636361132e+00
-1.223437977498683216e+00
-1.230551321883608829e+00
-3.255513063334888990e+00
-3.115654388602304703e+00
-2.207704144932990609e+00
-2.029914859207910371e+00
-2.639579936877848532e+00
-1.512880101590666104e+00
-1.879180166812419950e+00
-2.823331822412889824e+00
-2.102936491230418703e+00
-1.726827650137557235e+00
-1.309838409963869132e+00
-1.218388944119365824e+00
-1.120389615761022029e+00
-1.508777129696116992e+00
-4.309776636505198155e+00
-2.505437169155049659e+00
-2.112157013082174295e+00
-1.249348217393256411e+00
-1.463566165160695043e+00
-1.997617563296226750e+00
-1.456563865654267653e+00
-1.817697721815980438e+00
-1.687946336575395501e+00
-1.735942579672371311e+00
-3.137001654789961069e+00
-1.382251216625856705e+00
-9.451571141874582915e-01
-1.148951116287608931e+00
-1.347208041742710583e+00
-3.127947780230766472e+00
-1.811118974524140945e+00
-1.683970871205600961e+00
-2.067870874824364602e+00
-3.059791635388602771e+00
-4.046287051701300541e+00
-3.232773758959410326e+00
-2.869262368226247695e+00
-5.381951545112793056e+00
-2.351014274044077368e+00
-1.834041843318691578e+00
-2.278121055341981283e+00
-1.917160996583698651e+00
-1.174449870922947614e+00
-2.053463226559997690e+00
-3.019765008203210144e+00
-2.930096399959071896e+00
-2.871991931467933412e+00
-3.029538703139276645e+00
-3.077133144311998691e+00
-1.154509353730369670e+00
-1.477416033814549667e+00
-1.253575473378217398e+00
-8.427344622568879728e-01
-1.077319004184819073e+00
-1.216177329514414485e+00
-7.252972942214527263e-01
-1.134649495432384469e+00
-8.296071222263247114e-01
-2.443574258424767720e+00
-1.622083161787599703e+00
-1.003973394378612882e+00
-1.177728031330629754e+00
-1.579102111378585027e+00
-9.395763467617804787e-01
-1.040381974815261845e+00
-8.951089488109310599e-01
-8.721017773073941326e-01
-1.096400851802585841e+00
-1.039153763551907250e+00
-1.106790897812696572e+00
-9.172728334262109096e-01
-9.056929904294752642e-01
-1.040749606657176418e+00
-1.587516346060780181e+00
-9.988845137179277467e-01
-1.246265494910336891e+00
-1.004615490882133422e+00
-1.319626529726833697e+00
-1.347656439296153419e+00
-9.447137056447511005e-01
-5.581157919287804692e-01
-1.411744910253342145e+00
-9.128028146213886806e-01
-1.424278527989329524e+00
-1.521474619158336372e+00
-1.796429726976894514e+00
-1.642742604785188298e+00
-1.241715419988900670e+00
-7.305644164332992796e-01
-8.158413279851451927e-01
-1.153540810187113852e+00
-9.334248188599895135e-01
-1.121963158858150456e+00
-9.828605982387653706e-01
-9.438746034070070179e-01
-1.663123869056966075e+00
-1.318563745268137133e+00
-8.966082984696270852e-01
-8.566381192191697691e-01
-8.014678043190476275e-01
-1.595740917532053382e+00
-1.026905416615554900e+00
-1.110621894179419922e+00
-8.691828174443587685e-01
-1.094855093121503309e+00
-1.185512224845917784e+00
-1.126906559605488356e+00
-1.321028948620442733e+00
-1.286525982278344582e+00
-8.902634751095456211e-01
-8.859303896808758960e-01
-9.815227994118299604e-01
-1.169982847193856035e+00
-7.037690987177395163e-01
-9.219083374529276620e-01
-1.115342611985045140e+00
-1.060422305759202377e+00
-6.871819478954394045e-01
-1.865837227858701652e+00
-7.739583586669238624e-01
-1.271175782299933887e+00
-1.172686839549592408e+00
-8.944492763377633882e-01
-1.477545690545491341e+00
-1.265200260124623277e+00
-8.836879114228366472e-01
-1.047304104955499193e+00
-1.707278215000054056e+00
-8.611399301084824431e-01
-1.125819890594204509e+00
-1.211243180313161139e+00
-7.854409725931721376e-01
-9.402572172933623129e-01
-1.490476535505689260e+00
-7.706910896587744197e-01
-1.108087544005803338e+00
-1.145044678311237352e+00
-1.075257014660368160e+00
-8.421612415946956309e-01
-1.354634513928043571e+00
-7.515750293817846650e-01
-8.543404230376192565e-01
-1.165855109688025637e+00
-1.357623964461141419e+00
-2.126062745078824978e+00
-1.197300869345627516e+00
-9.100655606178451595e-01
-1.275611482884570824e+00
-1.460524284154061547e+00
-9.721876216906419899e-01
-6.132617002687157370e-01
-6.829222045235200378e-01
-9.080911298546255894e-01
-9.829742579995176532e-01
-1.533319126933066601e+00
-1.336121983746100694e+00
-9.150375769951487603e-01
-7.552299034643238373e-01
-9.904661737343590788e-01
-1.779615923211064876e+00
-1.317555990477134120e+00
-1.630628030740917778e+00
-6.890359208485411502e-01
-1.116383502916066695e+00
-8.677174923156635300e-01
-9.272632504466715719e-01
-5.140862248141749857e-01
-1.069343250080582841e+00
-5.479566360303632644e-01
-1.554126404636110292e+00
-1.263139075639400755e+00
-1.191447200793468886e+00
-6.848228005523220308e-01
-7.915290058448528621e-01
-9.286586417700432028e-01
-1.496991907068292216e+00
-1.549835215185705994e+00
-1.200134835294812685e+00
-1.241685227230916233e+00
-8.577648252353988756e-01
-9.326944611177320210e-01
-7.737806129075893713e-01
-9.310099423602051782e-01
-1.085222136064658338e+00
-9.102348884336352031e-01
-8.368894167443985399e-01
-8.192731048663383087e-01
-9.031593585823618486e-01
-8.711655497772553547e-01
-6.599784383630418194e-01
-1.114062773548533114e+00
-9.522074025306260792e-01
-6.064661204915675619e-01
-6.610370485552982123e-01
-1.252508700087960003e+00
-7.321737068034050999e-01
-7.060594182391303208e-01
-5.922331499777094832e-01
-8.072148499167030034e-01
-6.937251984037979824e-01
-6.641081081631609040e-01
-9.267972088651318385e-01
-1.187362242448373628e+00
-7.327077759033678861e-01
-6.986633768963668167e-01
-1.547734326589830456e+00
-1.082779096757032322e+00
-1.032800679537027477e+00
-1.084035753762247589e+00
-9.693812829730754643e-01
-1.492184762538380838e+00
-2.596983906966050970e+00
-6.992009485936457880e-01
-8.411273157044453219e-01
-1.524054223517538720e+00
-1.174015676647845341e+00
-8.629742002401213918e-01
-1.159078057077518320e+00
-8.299295360640899233e-01
-6.399280586161569806e-01
-1.174795583799900678e+00
-8.522235419297666814e-01
-7.487927855169242974e-01
-1.293111931944949555e+00
-8.738917043891153424e-01
-1.044762100079809075e+00
-5.894445836298886077e-01
-7.937559170101825545e-01
-7.250880077638542920e-01
-5.322706659557304709e-01
-1.138016120709803403e+00
-1.154893309807352386e+00
-1.079375465153650904e+00
-7.382220438481821301e-01
-1.219384114878610870e+00
-1.033871966011941756e+00
-1.284137059361037725e+00
-1.568736101337280031e+00
-1.201694311864674569e+00
-5.566937127613140746e-01
-8.414074355676719463e-01
-1.008774599720066112e+00
-9.815961234263109736e-01
-8.432286141224932807e-01
-9.832679640255890252e-01
-5.510464622053480310e-01
-1.877961749141422443e+00
-8.726597734709291565e-01
-4.242133859883333580e-01
-7.079940753454536662e-01
-9.578503636154528378e-01
-1.354796105222705771e+00
-1.322356250764750163e+00
-1.246457267464173624e+00
-1.063000856353279344e+00
-1.198936307003988455e+00
-1.256399041555385399e+00
-8.792095047538615038e-01
-7.358624600083341072e-01
-7.449470305937485604e-01
-1.077631316587031485e+00
-1.145078202552264779e+00
-9.719352027018872686e-01
-9.449099853868141441e-01
-1.180147805652657311e+00
-9.327094241185619472e-01
-8.673424704338486002e-01
-1.251123190707536859e+00
-1.013512112150379618e+00
-7.808715581733925992e-01
-7.793550996554517996e-01
-7.541284017911081827e-01
-1.110669496670702472e+00
-1.181897157481120342e+00
-1.065230451498025976e+00
-7.830957803274943840e-01
-7.544435306370645966e-01
-8.914227649405102039e-01
-1.110745692386761352e+00
-9.982550628100677059e-01
-1.015917784931948065e+00
-5.877048389897240321e-01
-9.157578637695079626e-01
-6.524967122457570046e-01
-5.578727010805083486e-01
-9.869595254292224951e-01
-9.477108231942722449e-01
-1.778499798340038351e+00
-6.311312274444029757e-01
-1.005391963899344265e+00
-9.482332514482278985e-01
-1.028748122335302329e+00
-9.473773211263561977e-01
-9.917217723812434826e-01
-1.197221181636314524e+00
-6.204552370417832918e-01
-1.198337411113575834e+00
-1.185509931600156053e+00
-1.869176528976844276e+00
-6.776195501827955159e-01
-1.300946047463243493e+00
-8.360504579465843911e-01
-9.652038581395262495e-01
-1.006224341453965998e+00
-1.450528208896813886e+00
-1.670799205422996536e+00
-1.061167956305360427e+00
-1.434279345540341977e+00
-1.173001015864090890e+00
-7.976794612806151763e-01
-8.401523787605278404e-01
-9.564177558211036656e-01
-1.110659703352514072e+00
-8.240287051774422000e-01
-8.634182547179866107e-01
-1.003027409279640736e+00
-1.858219125197639654e+00
-1.266622999512534653e+00
-9.346802803531056858e-01
-7.946239437133921779e-01
-8.919564456445711054e-01
-9.627339574890450002e-01
-1.396854731881079337e+00
-1.562293192027748523e+00
-1.100214290407241835e+00
-9.547121630144755899e-01
-1.348030211177684068e+00
-1.011149752476618646e+00
-1.354851807490212945e+00
-7.849757854762416942e-01
-7.607991992846644402e-01
-7.267692855747821534e-01
-1.432956890881226020e+00
-1.729698366904510731e+00
-9.053821257161794867e-01
-1.006921806456110069e+00
-8.596131380297974411e-01
-1.041789938313345987e+00
-6.151855423507316400e-01
-1.041584629233960557e+00
-9.456225491386955895e-01
-9.385113033447971542e-01
-9.241265031446957989e-01
-8.671749374203443494e-01
-6.259656922415107738e-01
-1.484373016346169694e+00
-8.496209988957836856e-01
-6.227645236791877759e-01
-1.988673466602378204e+00
-1.936119767675662073e+00
-6.709084335458170845e-01
-8.580017285670971106e-01
-4.870639916449573392e-01
-8.704979899496253504e-01
-9.530977719496179779e-01
-8.263511473036894150e-01
-9.897071847952269019e-01
-1.080412189731460026e+00
-7.696142704773505372e-01
-1.017741112052031438e+00
-1.274555627328403107e+00
-1.427235182702397243e+00
-2.297312079018590580e+00
-3.660491505600753648e+00
-1.776695574482163753e+00
-3.242813376594080754e+00
-2.653176004962787271e+00
-2.439039443293467002e+00
-1.161382327747249255e+00
-9.193972701883477150e-01
-7.947454194219291113e-01
-9.846502194484170190e-01
-2.336024537818362390e+00
-3.356705609047017980e+00
-1.439206439022609585e+00
-1.457930075724457764e+00
-2.451908805463096641e+00
-1.605992241213261451e+00
-3.887585366417484423e+00
-2.596595295157347660e+00
-1.946357199433178087e+00
-2.397658978685107467e+00
-1.400277055162840290e+00
-1.468689834184488063e+00
-1.200977433875083822e+00
-8.783190413324596379e-01
-8.911276815316072630e-01
-6.741831329573853004e-01
-1.106168839075047927e+00
-2.045906748854463775e+00
-2.443274144446831553e+00
-2.322170369631689990e+00
-9.848821346476155369e-01
-1.853576876335166324e+00
-1.193880595000341049e+00
-1.934125413858208686e+00
-7.242302208330879676e-01
-1.418173794503100771e+00
-1.669561875276137197e+00
-1.457498463596055505e+00
-7.991226136213734899e-01
-1.024852751997586742e+00
-9.318119094033890937e-01
-1.249523487334931904e+00
-1.554110648823583851e+00
-9.806446037590476061e-01
-7.765130450522933492e-01
-1.271213447340805880e+00
-8.942334288298747769e-01
-1.369897290332065198e+00
-8.627485734594830813e-01
-4.592262054958411444e-01
-8.867292187865308817e-01
-1.179536689981948383e+00
-7.546247896650895015e-01
-8.289378689038968684e-01
-1.106285519214066593e+00
-8.719205286702830238e-01
-6.960549325168446932e-01
-9.093519288291523894e-01
-1.316809801325944607e+00
-8.430275458586007353e-01
-2.087923410451031803e+00
-1.022789221722405939e+00
-1.099072936586076077e+00
-2.104626416012637335e+00
-2.986533116049805425e+00
-1.636816203994119201e+00
-1.494630667344303943e+00
-8.510691432194625872e-01
-9.852084983622941827e-01
-5.889839620011773080e-01
-7.676850029292580091e-01
-1.038074680326035892e+00
-1.566913098666755655e+00
-3.209699122919889014e+00
-8.859312255267105529e-01
-1.967270744678242478e+00
-2.887671720373095052e+00
-1.909816431069509379e+00
-3.708865432111993155e+00
-4.198068987591615731e+00
-2.669140822667547042e+00
-1.953791251154245678e+00
-1.618982664624651235e+00
-8.678827489576148579e-01
-9.256788798083529501e-01
-1.525535194099770342e+00
-1.019095290129502951e+00
-1.119633316834645509e+00
-1.042851267892293654e+00
-9.900418870801369620e-01
-9.766828192489982463e-01
-1.143273994794469894e+00
-1.085357907546244061e+00
-8.811176576771307944e-01
-7.453040247297364473e-01
-1.125995524924437996e+00
-7.621969169840204783e-01
-8.193012943405503234e-01
-1.285330725360738446e+00
-1.525504240342972828e+00
-6.407782332498074274e-01
-5.861595393455645286e-01
-9.386017974042863976e-01
-8.708582913682163529e-01
-1.204787751947192787e+00
-1.386803303203253179e+00
-8.272948948711400519e-01
-7.353086869222202893e-01
-1.196991418435836341e+00
-1.432573160177992078e+00
-1.569358230593137282e+00
-2.094167671866308922e+00
-9.960084292135230610e-01
-1.208172830060260106e+00
-8.025070320044219718e-01
-1.191724253803712053e+00
-1.101113499601673151e+00
-5.315691005062543883e-01
-7.223482937450582675e-01
-1.055492836640366638e+00
-9.462407905527309149e-01
-1.181899032590269627e+00
-6.406007601841190446e-01
-7.453042341967768269e-01
-7.054143755592835463e-01
-7.239456955872572985e-01
-7.305666752890654925e-01
-9.850346016884604650e-01
-6.003224271634602927e-01
-9.839166459547854515e-01
-1.133591042705913932e+00
-1.269970514184381560e+00
-7.107999549893087021e-01
-8.696469456151804112e-01
-8.188960694058207146e-01
-7.481902463786522794e-01
-7.647496756538175733e-01
-5.832224192232075000e-01
-1.091789843301925078e+00
-1.182373422764004589e+00
-4.316749957741283228e-01
-1.039521078915176311e+00
-1.492413152432515711e+00
-9.512597504781393765e-01
-9.293459628223917912e-01
-9.759874782888583455e-01
-8.961468755065346015e-01
-1.234239712848899773e+00
-1.214184468745389101e+00
-9.534547039878652486e-01
-8.445671497375140113e-01
-9.114160452513243582e-01
-7.490973371884582788e-01
-1.157765624771181612e+00
-9.333778696476600079e-01
-1.310204462207531506e+00
-1.413129966213650723e+00
-1.845628195898959989e+00
-9.057240085969012755e-01
-7.953029231695174506e-01
-9.899314463470619829e-01
-1.046258311006193376e+00
-7.125393488898572603e-01
-9.836611298648179069e-01
-9.096754759380456523e-01
-6.101043873140079565e-01
-1.517917980970850067e+00
-1.043549804346157517e+00
-7.777603884586726801e-01
-7.311901312562224531e-01
-6.741550754439343818e-01
-6.997027508964427378e-01
-1.251721875560963593e+00
-5.747643562512478876e-01
-1.219013044491249920e+00
-1.350840140744981488e+00
-5.209912429243784837e-01
-1.251269147212647814e+00
-8.509506371151055459e-01
-7.439317717473419300e-01
-7.531099555992352146e-01
-1.235550909195753722e+00
-1.243971585327571017e+00
-1.457472346714046685e+00
-7.653713046752087523e-01
-1.099162806408277016e+00
-1.303006241132513399e+00
-6.706166901100981681e-01
-9.377092101565887017e-01
-7.335558487925541993e-01
-7.476071990643204934e-01
-7.531536273030201567e-01
-1.364601768465852238e+00
-1.758915402837031516e+00
-1.679820885410921116e+00
-1.042023321180435946e+00
-7.985755301663719496e-01
-4.393081507898297100e-01
-6.881659909451443013e-01
-1.071710872413045523e+00
-5.993793991506560781e-01
-8.721534873771230600e-01
-5.323606826334629227e-01
-8.163841385467311973e-01
-6.606067651435791888e-01
-9.168533057807317643e-01
-9.802131641446427679e-01
-1.431990632040085254e+00
-9.752627505566227040e-01
-6.486161581215950100e-01
-5.599938850200345541e-01
-7.372927258829299335e-01
-4.532544797338320386e-01
-8.963891520427049731e-01
-6.376633367944785080e-01
-5.276809004146127968e-01
-7.116500746730504146e-01
-7.279897183926814508e-01
-5.230446625945850414e-01
-4.955156139709546159e-01
-6.062474902182636294e-01
-8.079033528083563453e-01
-5.809427535413816956e-01
-1.390324276537273196e+00
-4.547595984389103396e-01
-8.021171881278620353e-01
-9.487074575600639159e-01
-6.191948316487305704e-01
-1.262304730233022587e+00
-6.120893837002736593e-01
-8.009610656250339966e-01
-7.510209053133186652e-01
-8.442986066517116361e-01
-8.278046724050950322e-01
-8.204812343545953013e-01
-9.115167348848539630e-01
-1.670279031702916805e+00
-7.787265787412541718e-01
-6.132934866202987001e-01
-5.907613383176630872e-01
-1.328823835316524260e+00
-7.144876746787576227e-01
-8.116121820313059176e-01
-5.765225122956632031e-01
-6.443003858962859098e-01
-6.059819618384640894e-01
-8.734744542060846051e-01
-7.982712736595853897e-01
-8.475526540367471773e-01
-1.051108901176892374e+00
-7.047668806599484137e-01
-9.659214780124160127e-01
-7.650682998003810464e-01
-9.112049542124515122e-01
-1.121141894062546829e+00
-7.892596076959766949e-01
-7.704319345735233249e-01
-1.052224963492091936e+00
-5.829835355868877578e-01
-1.049856265024880164e+00
-6.489769123823563302e-01
-7.690278535770834756e-01
-7.475161245836117185e-01
-1.423101066608359666e+00
-7.635010498648134858e-01
-7.615479551988312279e-01
-1.249840553707858959e+00
-8.476422280939972520e-01
-9.286831952200714779e-01
-8.094201405614995792e-01
-9.939695474941820930e-01
-8.868206392827973072e-01
-6.048330630165681399e-01
-8.075383746318985922e-01
-9.450749022098828833e-01
-6.862448821939058918e-01
-9.343627253433784974e-01
-9.558489610966410810e-01
-6.739156813220243958e-01
-6.645764392539235121e-01
-6.282551236571073394e-01
-7.971461220840608819e-01
-9.081531215463274354e-01
-6.721416547971393873e-01
-8.646109535669510571e-01
-1.104951092372430166e+00
-5.548487050056458703e-01
-8.729258672805594310e-01
-5.546595138519236912e-01
-4.589684309451513289e-01
-4.791352803811680938e-01
-7.016244144285942452e-01
-8.184002235382427104e-01
-1.473390275998145427e+00
-6.401419561833494587e-01
-4.153090580075012306e-01
-8.466693743540854022e-01
-8.299989725031703403e-01
-6.540809250725116986e-01
-5.130547995521016480e-01
-5.960257015850862761e-01
-4.021615924043339119e-01
-1.006248699658645940e+00
-9.909093484782007799e-01
-1.217816301656474032e+00
-1.431299948049823190e+00
-1.097765648283234974e+00
-5.813442622196088871e-01
-1.031804171938472514e+00
-1.296200869602021966e+00
-9.775821422244924674e-01
-1.377963907692059120e+00
-9.419172204789213465e-01
-1.154187416368033015e+00
-8.453962888915791396e-01
-5.452159948283277213e-01
-9.974600325458062855e-01
-6.854813547493822101e-01
-1.153562852894208124e+00
-1.134289573954056163e+00
-5.188906832148473258e-01
-5.123839719566478657e-01
-6.260681473742382153e-01
-1.633744535455568414e+00
-1.314134364999395288e+00
-8.989851112302976732e-01
-1.645889356836745421e+00
-1.069913973101492166e+00
-5.545099746042043698e-01
-8.325838446061940568e-01
-8.323550589565658075e-01
-6.729126799893361266e-01
-1.043222338006087213e+00
-6.384831146858328532e-01
-6.312463496717002354e-01
-1.060697927972838128e+00
-1.211968555557840332e+00
-8.377884588334850724e-01
-6.722434392552451010e-01
-1.027671932516537101e+00
-5.412650719750637940e-01
-7.105508140239598092e-01
-1.971844020760897820e+00
-7.132402505418107275e-01
-7.218552570391951750e-01
-6.206781332774766735e-01
-9.252126711669893533e-01
-6.339651565903878794e-01
-5.318801867162078478e-01
-7.668542456806735075e-01
-1.201234702706387658e+00
-9.256001109193116028e-01
-6.948648144810973815e-01
-1.472064455994222421e+00
-7.370487424503394669e-01
-1.131687084621744832e+00
-7.798157865452718385e-01
-1.139693077103990149e+00
-1.503107130999281837e+00
-8.850260435580525886e-01
-7.467896412003067752e-01
-1.325862783063616490e+00
-6.925217366531633001e-01
-1.036115504337377313e+00
-8.501239514544849385e-01
-1.415935864765415664e+00
-5.234299824603652063e-01
-7.007052736377906710e-01
-6.888682073853912291e-01
-1.613086967709255859e+00
-6.715921613931506995e-01
-8.244277244191243748e-01
-6.554675313254206825e-01
-7.392328194671603514e-01
-6.813016103182342187e-01
-6.712844026347239978e-01
-1.008887357558904574e+00
-4.522027920969278747e-01
-4.158224241182998382e-01
-7.461742281101358953e-01
-1.030651372478105010e+00
-6.345654342916140500e-01
-5.830568716692600129e-01
-4.680707357594312557e-01
-6.863117903207127668e-01
-1.084409517933741185e+00
-6.592917233736536042e-01
-1.285138177568541762e+00
-1.029809078338327355e+00
-8.464159084019300394e-01
-8.500367445493488550e-01
-8.002403312662164092e-01
-9.936028001399589415e-01
-1.554951402915419445e+00
-1.021125710536123554e+00
-7.066166243887519460e-01
-7.522868466145443689e-01
-4.404257132625254978e-01
-3.637958109417203101e-01
-7.265751338704734552e-01
-8.046927225519756588e-01
-1.687668297840710041e+00
-1.339450009985412304e+00
-4.467575545525813707e-01
-8.472907309944706089e-01
-5.250441705656037072e-01
-6.033701666293547206e-01
-1.860689296575952500e+00
-7.854206753397680041e-01
-7.792164226233252444e-01
-5.617488173448548228e-01
-5.382158008046570297e-01
-8.884328257610425439e-01
-1.594695501222668010e+00
-6.454482730260843182e-01
-6.093185475825624309e-01
-6.316248242840296623e-01
-7.877379527111694202e-01
-9.112032762468825764e-01
-1.270489166100041922e+00
-7.024702139401889367e-01
-1.011979686565168457e+00
-9.987066849262090651e-01
-6.513691052849839291e-01
-1.080626532210670510e+00
-6.070136539826469502e-01
-1.478398852382395656e+00
-6.783049683588545653e-01
-8.031787450591997279e-01
-5.955852569098541993e-01
-6.015429409664269089e-01
-4.899724454605319246e-01
-6.302269349935123444e-01
-8.778903498993654297e-01
-1.042103402471016738e+00
-5.941706583250514484e-01
-7.429148800865505997e-01
-6.207926562826565631e-01
-7.375336921078550212e-01
-6.798337685606967717e-01
-8.110523948501155989e-01
-8.957231352796527490e-01
-8.324562187547703829e-01
-9.906239633684353896e-01
-9.779770616222004387e-01
-6.856014275718418371e-01
-1.201520373647656292e+00
-4.286595132674780317e-01
-6.526508249819024110e-01
-4.340878964580486832e-01
-1.016532218757028039e+00
-1.119681663129026727e+00
-8.634684992730444764e-01
-9.602521763832068125e-01
-1.118642187604260929e+00
-5.265298850437565292e-01
-7.087168790813712649e-01
-8.417147301690746097e-01
-8.832550680360777839e-01
-9.708727627656649206e-01
-3.984882339140803365e-01
-8.934649296659473716e-01
-4.970551406927434801e-01
-9.223733991258730169e-01
-4.577836734042569633e-01
-6.311779450616070708e-01
-1.444014742574687205e+00
-6.542053531044883519e-01
-4.499942189795037573e-01
-7.457160368692777874e-01
-9.501037748405055661e-01
-1.195852492825707714e+00
-4.830527238545708202e-01
-1.045412435965061837e+00
-6.562091197567810896e-01
-9.199715967924372295e-01
-1.648309715679123322e+00
-5.382154183769263245e-01
-1.211624001125833683e+00
-1.065713584326047014e+00
-7.641899114845661645e-01
-6.203812492840006243e-01
-5.322364358933704409e-01
-7.325158282103840790e-01
-4.765705962531446849e-01
-7.354863115379979277e-01
-9.012167480224123617e-01
-8.592738549858760511e-01
-9.657737597178437383e-01
-6.873901554740041719e-01
-1.603108352409825077e+00
-8.237079408868354102e-01
-5.377944998138579624e-01
-5.597008235147201693e-01
-1.543697820130493170e+00
-9.664716877970356279e-01
-4.479870527598293628e-01
-7.423095625033760969e-01
-5.490917448505833187e-01
-4.703190118929746477e-01
-1.148130370503613884e+00
-7.323912133656363954e-01
-1.106921110212364612e+00
-9.976634240518896801e-01
-7.038803537312310343e-01
-5.049335572961867191e-01
-7.232799521587085501e-01
-8.779476777537197352e-01
-1.299989784236718071e+00
-7.460443558591574043e-01
-8.923182459805714117e-01
-1.290114494798282330e+00
-6.121284724861024706e-01
-9.957445842129879487e-01
-6.469211576852378354e-01
-5.400015886530705744e-01
-8.020064148553794903e-01
-6.279034679568267219e-01
-6.008387152442382639e-01
-1.407172039011449272e+00
-5.553816269222310309e-01
-6.870263724833807206e-01
-4.421565176887408688e-01
-6.205098782242335353e-01
-1.811448422562676130e+00
-8.853009003807279509e-01
-5.717622271989786231e-01
-5.785887740631373566e-01
-6.244272332295783823e-01
-6.831655484364161923e-01
-1.152517518263239227e+00
-4.216928917765138674e-01
-5.969535116271551534e-01
-7.353677430336377219e-01
-3.163210990992911253e-01
-6.862108071863765035e-01
-5.145303025943741559e-01
-1.033681072013219460e+00
-6.419182299079280174e-01
-6.824943656687747495e-01
-5.286255521329134011e-01
-8.420178279069482352e-01
-9.666829388929470968e-01
-1.737298440968972013e+00
-8.231552952800335055e-01
-8.493263968011254272e-01
-8.725343298645830137e-01
-1.383925915877297186e+00
-1.312486064347561321e+00
-8.511321085980020351e-01
-6.525352993083985975e-01
-5.765248710065642435e-01
-7.379641598367072675e-01
-5.632123644056290512e-01
-7.945647089702496668e-01
-5.338958275148647514e-01
-8.405221448413668917e-01
-6.006323509914565095e-01
-8.212671516032453711e-01
-8.618560717977643559e-01
-4.616733071111795983e-01
-7.517884286200680055e-01
-6.695697549495306378e-01
-5.224294953421009247e-01
-5.574055269063777907e-01
-2.035549616177772414e+00
-1.691777898628193499e+00
-8.298641341291337348e-01
-6.860986125799560797e-01
-7.981192439345343725e-01
-6.975010189262236260e-01
-6.286198882812829014e-01
-9.199048571136615449e-01
-5.406134690670328924e-01
-8.383419451819689172e-01
-8.252840533313535731e-01
-5.847475174092813255e-01
-4.669538531470731613e-01
-8.434215152989059661e-01
-6.229010823816315545e-01
-9.397697030267714302e-01
-1.026736305818034545e+00
-8.150165376649979310e-01
-4.209883929493425936e-01
-1.151352767522267229e+00
-5.723716591392535857e-01
-7.436302165607397985e-01
-8.341791474506157211e-01
-7.096864828786317858e-01
-6.315585997512728200e-01
-4.473044308222011156e-01
-8.148509615915316973e-01
-9.803838093748995508e-01
-8.750671776752769748e-01
-3.295451846399681251e-01
-2.034556386411552786e+00
-1.036210835639495897e+00
-8.183842070062630203e-01
-1.236774083809325742e+00
-9.287776534348723967e-01
-9.102184983542238594e-01
-7.529680945727023067e-01
-6.198222522167758930e-01
-9.508231542181297957e-01
-6.425190320377683895e-01
-9.103834539548193439e-01
-3.796425809088253445e+00
-2.348330569728294126e+00
-1.937088347029777280e+00
-1.675445844487162494e+00
-1.133631523501636762e+00
-1.320263418608850658e+00
-8.308190078616095597e-01
-7.641095785394712570e-01
-9.315606634320415802e-01
-1.544645360461922134e+00
-1.358067398928255232e+00
-1.410889713514139387e+00
-8.940495019116661002e-01
-8.671182569343326429e-01
-6.746167740666708657e-01
-6.037324631463668601e-01
-7.911492108515504329e-01
-8.113465572792281089e-01
-1.765598301529855751e+00
-2.107513276526630897e+00
-8.463634530961293700e-01
-6.882672655209188806e-01
-8.547151021962561268e-01
-8.101587737240908416e-01
-7.481459131297606424e-01
-1.086741098672744377e+00
-5.740769962136559323e-01
-7.797229637555807003e-01
-7.158109893025570436e-01
-1.109260117499890175e+00
-6.508210820742357239e-01
-7.059546196653346817e-01
-7.910714569424730502e-01
-9.961755553803343100e-01
-1.232749569086033947e+00
-1.165522362547665391e+00
-1.447553589199921831e+00
-3.773350265900243250e-01
-5.668413000008046820e-01
-6.216315544577077912e-01
-6.161366513287689362e-01
-4.977134424960993342e-01
-7.359104035095861418e-01
-5.914849740015251101e-01
-1.031113270200389787e+00
-6.024506138444615244e-01
-6.617212936200628226e-01
-7.091849009376532953e-01
-1.407808785833314369e+00
-4.173001953971628986e-01
-4.921278665078536174e-01
-4.326462214463791534e-01
-1.727771150952691404e+00
-5.087162717608982865e-01
-4.765241571398250997e-01
-4.523263853416413238e-01
-7.340961668545028518e-01
-6.648464760255816675e-01
-1.055542316198326391e+00
-9.702578200911989859e-01
-9.420419329778758621e-01
-5.961029198814596919e-01
-7.538706762357881841e-01
-4.050855280577121409e-01
-6.164293418386147527e-01
-4.487056803339044553e-01
-7.553139481624941975e-01
-3.412312549559515240e-01
-6.347098015371396285e-01
-9.924928641335356572e-01
-5.203287183363217716e-01
-9.298277849363968395e-01
-6.436055061204105643e-01
-8.026298601001018440e-01
-4.708403452613756923e-01
-7.026199808018792625e-01
-5.615055166235632944e-01
-7.156450291202293146e-01
-8.569364022274645887e-01
-4.679253022618425906e-01
-9.398576749271033703e-01
-8.689113909588189744e-01
-9.944137075910000068e-01
-5.880126369793899910e-01
-8.764253251919427168e-01
-6.465558061729289596e-01
-1.291840431471906747e+00
-8.354967861835399523e-01
-1.228001894820380357e+00
-1.138340197419638100e+00
-1.157425784842585070e+00
-9.880926863760199907e-01
-6.850637183881671533e-01
-5.121856746092167123e-01
-7.324396333857496888e-01
-6.867887772242554645e-01
-6.578325825443335217e-01
-8.447768083069551182e-01
-9.285270560048315414e-01
-9.755907995791522902e-01
-8.055594977259390443e-01
-7.598965907584604995e-01
-8.036145998569500515e-01
-5.819054335647582121e-01
-4.697159911883819761e-01
-7.375543286865388071e-01
-7.108188000229063164e-01
-9.151134868620781626e-01
-6.182945841928542130e-01
-1.551699809308250133e+00
-7.556617700076082578e-01
-6.505353997228574547e-01
-7.221550161510227328e-01
-1.038190401647531624e+00
-6.107185638971694974e-01
-7.169091258330911876e-01
-9.444150615260680226e-01
-4.999151550505994135e-01
-1.095319099722635414e+00
-6.339722330021483332e-01
-7.033001216396286281e-01
-7.602709182677925837e-01
-6.975766634597749816e-01
-8.299780691419414991e-01
-1.612056216923942520e+00
-7.228564479339949500e-01
-6.142569215919123637e-01
-5.290048766549013681e-01
-5.421512356120263831e-01
-6.078158699182251157e-01
-8.358710084837692733e-01
-9.093100227344531605e-01
-7.549617751508631569e-01
-5.239790856468604652e-01
-7.640247758169649295e-01
-1.023700753751603854e+00
-6.236784521501576029e-01
-6.168354372093475257e-01
-5.431064023151569442e-01
-8.527170546982342225e-01
-1.137122500008318271e+00
-7.249669484043345102e-01
-1.042809612808816011e+00
-1.386726943445134141e+00
-1.527886282697944020e+00
-5.188848845464024695e-01
-1.200438594807005988e+00
-8.172611617025888897e-01
-8.484440788024004698e-01
-7.573986455768367820e-01
-8.614123173020303836e-01
-5.507769122277725860e-01
-4.354834588922268934e-01
-4.013865422480305534e-01
-6.199774208897880223e-01
-6.914811737957942128e-01
-6.904375379014844327e-01
-5.705887722223947911e-01
-8.120144693885783527e-01
-8.355001011480405193e-01
-5.269511967347424441e-01
-8.425796574504471614e-01
-8.201253754829798126e-01
-8.463410301939362501e-01
-6.874351690332823894e-01
-4.671698054365644448e-01
-4.463016807370343564e-01
-6.367475578208593445e-01
-6.730950315645549686e-01
-6.773538815605067986e-01
-6.137859424664146024e-01
-8.281689223000402444e-01
-5.748722481990753419e-01
-6.284224761725281105e-01
-6.953306411193508341e-01
-4.258989618865854920e-01
-1.186163315398462537e+00
-7.205841322812873706e-01
-7.491401093574909797e-01
-1.345139393785742543e+00
-1.905243285330285641e+00
-9.777104494228788800e-01
-1.589270968017948205e+00
-7.308574177061022414e-01
-3.312581150555227172e-01
-7.583133632605399965e-01
-1.665094105174729666e+00
-6.683667925614384941e-01
-8.801333366586950868e-01
-7.275589542192373305e-01
-7.662357898623732844e-01
-4.660895739899539869e-01
-6.586135105740754669e-01
-5.156872006013799581e-01
-6.197270953520395143e-01
-4.338612514198924575e-01
-7.753282940218563235e-01
-1.035697383548328521e+00
-6.996387434181448040e-01
-7.883232755728598606e-01
-6.568266701864712287e-01
-7.315353157473272194e-01
-6.109366150765683789e-01
-5.780459424576246397e-01
-7.730770439502312463e-01
-6.427723759426196004e-01
-5.403575744866444541e-01
-8.794174952761142361e-01
-1.103457429626268915e+00
-9.870093179642959180e-01
-9.486126341175185051e-01
-6.609298780759835790e-01
-1.105117259207187397e+00
-6.679028337975675411e-01
-7.363459281715559746e-01
-9.281148218557035978e-01
-1.893273079166323924e+00
-6.984495236620906766e-01
-5.413826795860241514e-01
-1.437536920074247382e+00
-8.702817780382162693e-01
-6.442968764782872615e-01
-6.597820141120442905e-01
-9.870475289996460955e-01
-7.514635397602995592e-01
-1.080676489869799806e+00
-6.517859144648731062e-01
-9.799192617678084138e-01
-8.850302850311455582e-01
-6.488932891611070009e-01
-9.818758017125859272e-01
-1.812775375983293857e+00
-9.109169662570096859e-01
-6.974613123813782067e-01
-8.770846309979056787e-01
-8.029422782680830650e-01
-1.002154480564406702e+00
-8.787947952125143569e-01
-7.764463092964366542e-01
-6.051574954069633971e-01
-4.772636635493976431e-01
-5.828017097272589764e-01
-6.715665989016502690e-01
-6.274728484413155671e-01
-4.746539923127611194e-01
-5.371685663737760796e-01
-6.043506985914713914e-01
-4.613248205135852542e-01
-6.429979278285559152e-01
-1.128436571162846569e+00
-6.308554386951009674e-01
-7.541904075491329129e-01
-6.178614680241761858e-01
-7.649884794203950511e-01
-5.666215718771480114e-01
-6.380645290187152430e-01
-8.565828396594407090e-01
-1.127304256617327471e+00
-4.609706515742072463e-01
-9.132043285443472991e-01
-4.583625344147988501e-01
-6.928230568638833464e-01
-5.953983773496435150e-01
-7.193459325812913141e-01
-8.433942955515185691e-01
-7.351289837105912106e-01
-6.682730490797255118e-01
-7.126865010003431422e-01
-8.469745928217834452e-01
-6.298626242894107552e-01
-6.051062624900850340e-01
-8.109690863289528151e-01
-9.173803894613230536e-01
-8.443686888208128405e-01
-9.716410357723380686e-01
-6.981509571277103587e-01
-7.823993793759294046e-01
-5.583964367131351025e-01
-6.767938412351268695e-01
-1.015986449560088323e+00
-7.506397558984130303e-01
-1.463996600279428240e+00
-5.921308703543859409e-01
-6.088288441026833420e-01
-6.134427554247344760e-01
-7.361134601922108001e-01
-5.518643670721490313e-01
-9.060042184662009390e-01
-6.255012761901599383e-01
-6.975723554628006084e-01
-6.581133013630207085e-01
-7.949494705453676868e-01
-3.739366572924169296e-01
-6.125045626189298265e-01
-4.677543261918706841e-01
-4.546574255450743229e-01
-8.918410160145930909e-01
-7.850291531305425563e-01
-6.039932845131745776e-01
-1.033224336610778060e+00
-6.420658532168537214e-01
-5.857468205968793251e-01
-9.834070886353855068e-01
-8.321052817095960785e-01
-3.741120839473260906e-01
-6.772929937302356596e-01
-5.275682403569482704e-01
-6.702994696691546572e-01
-8.808795461005397565e-01
-1.368374330401544547e+00
-8.009026205280385113e-01
-7.771806039892950047e-01
-1.417419305171830235e+00
-6.704957736864057827e-01
-4.588510360708225044e-01
-8.537426147582640734e-01
-5.625658778021094264e-01
-8.894424654246453343e-01
-1.666573305884968104e+00
-7.670073576700269236e-01
-1.739368732148710350e+00
-6.994617686343191920e-01
-8.787866109756052868e-01
-1.287741015590686544e+00
-5.496756630863678383e-01
-6.830856037793446855e-01
-5.082303532333646290e-01
-5.390032210768658238e-01
-9.164490953261045236e-01
-1.445157005352949220e+00
-7.440068379568191004e-01
-3.719491562397879703e-01
-5.276681123908710802e-01
-4.693960751893071492e-01
-2.833815454219761887e-01
-9.541178086214844312e-01
-5.602674793701953870e-01
-8.667162884525536626e-01
-9.379972874279953743e-01
-1.177441241925676785e+00
-6.862163751178850246e-01
-8.026827777591407642e-01
-9.584934341160692428e-01
-8.489108210553555356e-01
-1.197057535255890759e+00
-1.122752881510980183e+00
-6.431378728906639308e-01
-4.709889232428323136e-01
-5.773685424319431325e-01
-6.481794497710504643e-01
-4.780188103694743007e-01
-7.566311479240497295e-01
-4.242987698239047978e-01
-5.858822028364234491e-01
-6.376531870552197834e-01
-1.241018649830267107e+00
-7.955932987225063924e-01
-3.774701619522419227e-01
-6.080399694957504542e-01
-9.057316755465376623e-01
-4.049346918638653259e-01
-5.151577685058614797e-01
-5.795262896478816650e-01
-4.195005330632971541e-01
-5.061355636159040605e-01
-1.376673579338352660e+00
-7.514732042729855843e-01
-6.796301719559000309e-01
-4.598470307817971725e-01
-5.874026403690147946e-01
-9.174670382844719585e-01
-5.266031792645113896e-01
-5.101315162563093697e-01
-7.535636078325728127e-01
-7.806101550610854423e-01
-6.842767663281875690e-01
-4.303511248445635040e-01
-1.653109899863862697e+00
-4.425002477456222438e-01
-7.602751436397181539e-01
-7.001190505324730307e-01
-7.760255842843364338e-01
-6.021992804866781457e-01
-6.223107856588950826e-01
-8.268902978789902658e-01
-7.418316733877093894e-01
-7.374728775955504689e-01
-6.233255435062043937e-01
-4.847318141502859334e-01
-1.365913292221164754e+00
-4.717880430496724786e-01
-4.952140639752623530e-01
-7.798037022206518731e-01
-1.380036944769106988e+00
-1.986035806175419305e+00
-7.372999003724137745e-01
-9.964789662774834467e-01
-3.811385403145604589e-01
-6.211873799107896499e-01
-4.816252704804998563e-01
-6.382302508095011317e-01
-5.438609568874477329e-01
-5.844776833144729178e-01
-6.246899319799118500e-01
-6.206384801197999401e-01
-1.054487787239944074e+00
-7.496193477901196278e-01
-4.996845346089408002e-01
-7.075916891188799296e-01
-4.291896874728881039e-01
-7.218852769756821663e-01
-6.828807608431979315e-01
-1.057709339458848818e+00
-5.944777680753549065e-01
-6.610541219428730519e-01
-5.333696814852687540e-01
-1.133165761047123077e+00
-5.382698037713284922e-01
-5.652036076865287750e-01
-5.427575070895577225e-01
-6.912860775672573510e-01
-7.921955028211360439e-01
-6.461630611066296881e-01
-3.650366669095915784e-01
-5.305462795245582397e-01
-7.665813165075702207e-01
-6.818933114432241815e-01
-5.205892785743175821e-01
-9.663279302440819230e-01
-7.469564894191800253e-01
-6.954756188118659255e-01
-4.276249119023123324e-01
-6.241794546743200112e-01
-4.595756635990810857e-01
-6.680073099206751408e-01
-7.160631163747364081e-01
-8.157393877406403648e-01
-1.009017974604683676e+00
-1.016424109558486721e+00
-4.976518720661328721e-01
-2.800125091597710503e-01
-5.951610888300261637e-01
-6.572907776741138131e-01
-4.832930376076186585e-01
-5.699357785036017754e-01
-6.424432296692470512e-01
-3.588421895825980590e-01
-6.423197780699284598e-01
-5.694703025035074972e-01
-4.392249631572923141e-01
-5.338744805565623919e-01
-3.704894522979528260e-01
-6.625778292193208463e-01
-6.579048543786061298e-01
-5.117690052245194021e-01
-4.637459511986458116e-01
-5.058809882994482754e-01
-6.736737549929697755e-01
-6.147986358679654595e-01
-8.682811258658769127e-01
-5.630656908666183957e-01
-6.136036252410206338e-01
-5.541859103960175004e-01
-4.168191152736263616e-01
-4.876021995257369124e-01
-3.040771251761740235e-01
-5.612171907091078049e-01
-1.420758135113539877e+00
-8.852047173218025033e-01
-1.308785886277560984e+00
-8.134545391205795228e-01
-5.795096969029881473e-01
-4.713790364210597716e-01
-8.095221887721624210e-01
-1.101222874044559541e+00
-6.357323884292515048e-01
-6.242633322286692543e-01
-4.388664611260272297e-01
-4.844312068753002243e-01
-6.393643978873420064e-01
-1.076602240889732220e+00
-4.580921774072575503e-01
-5.805490110688226180e-01
-6.718075171562214454e-01
-5.139780346645390630e-01
-5.908971426789298986e-01
-6.244010249700191473e-01
-3.534183592005396557e-01
-8.213306522201943016e-01
-7.390744231056403102e-01
-1.112788815020828714e+00
-4.604928237807946467e-01
-5.289652512216350688e-01
-6.201618501890041601e-01
-7.910989152724775542e-01
-6.800294269195643615e-01
-5.568037884340818477e-01
-7.774993656287422228e-01
-9.035808604537372002e-01
-1.005190593794336174e+00
-5.003182576509537238e-01
-5.747813493629193582e-01
-6.572987173357387469e-01
-4.593943563329420110e-01
-5.754476551511112925e-01
-1.078128794189907591e+00
-1.235511770539860610e+00
-4.119249662549234747e-01
-8.140917113950798534e-01
-5.545489794222983049e-01
-3.603514246971324386e-01
-6.830161566662020789e-01
-4.850966358261584732e-01
-3.407120987188355654e-01
-7.888350302603645003e-01
-6.149576264848337637e-01
-4.659682995101044889e-01
-5.833993603801120864e-01
-9.869993869800743891e-01
-1.116533051714445168e+00
-7.356627826371351375e-01
-6.174593833104106144e-01
-6.827323482113601960e-01
-1.054816553016704850e+00
-9.647370518590683286e-01
-3.630830008782836016e-01
-9.117200582096240957e-01
-3.276217995584548293e-01
-6.712137294173758928e-01
-7.494732565021251514e-01
-5.355302616423736062e-01
-3.529441140407486022e-01
-6.933050393436864800e-01
-8.940128799047651897e-01
-5.358297862344471030e-01
-7.506851417727868903e-01
-1.028969662264624052e+00
-5.392956365706095267e-01
-7.537394171434734780e-01
-6.854860411611465310e-01
-5.598709858779433723e-01
-5.507434153256139941e-01
-4.000361454139278461e-01
-4.410208378448991495e-01
-6.318325277527145900e-01
-7.715253493928505568e-01
-5.549974645171558141e-01
-5.998159205251556436e-01
-5.762048947572735447e-01
-5.518616841610278767e-01
-6.183632047991355352e-01
-4.634428137893529809e-01
-4.864912123602488925e-01
-5.593843547005775685e-01
-7.037092185254524290e-01
-5.723820308399268919e-01
-7.396559565346251253e-01
-4.458321497973258274e-01
-6.209874391641783120e-01
-1.061104093225261558e+00
-1.761658953591771715e+00
-4.774656860136679004e-01
-4.383720893695713938e-01
-7.978078160127783924e-01
-5.779356834794061593e-01
-3.501753990426669239e-01
-1.352864941716995562e+00
-8.326242380111769092e-01
-6.982614065817097648e-01
-7.072284158199777515e-01
-5.580422153916220207e-01
-1.013225201089580585e+00
-4.253917596859111971e-01
-5.465965532903173107e-01
-5.196071863061827445e-01
-6.721079101532007050e-01
-5.707028776012977866e-01
-6.451617565232861118e-01
-4.693858691554230744e-01
-9.198702538642778981e-01
-6.063575526089201029e-01
-7.557166369175639664e-01
-6.010370608409127957e-01
-4.852590801977172963e-01
-6.110284837774825339e-01
-6.251805745214737975e-01
-3.819090293789504931e-01
-3.186933738984859543e-01
-4.414519287580594420e-01
-3.730394047750256736e-01
-5.302278946888328015e-01
-4.738780034109744133e-01
-5.907288411133668760e-01
-5.079671678480353059e-01
-7.030888814987703572e-01
-6.386299266129552565e-01
-3.139206675641076361e-01
-6.007921558113388238e-01
-4.864522497934335998e-01
-8.307758408816923179e-01
-6.711729831001894686e-01
-5.750296179855518552e-01
-7.316266286892992854e-01
-5.680373180706747016e-01
-6.003707587889269837e-01
-6.304083609767198171e-01
-7.425330147183513141e-01
-6.463622028757317617e-01
-8.410308743811946153e-01
-6.252907799978640879e-01
-6.809063831693302760e-01
-7.187216408954161251e-01
-4.008562166702281937e-01
-5.077772074784040468e-01
-7.145477628614055332e-01
-8.298270467509923920e-01
-9.409796553148099818e-01
-4.668111427103478484e-01
-6.022825835979194187e-01
-5.131378624739519889e-01
-6.982453783173053763e-01
-6.730100003007806198e-01
-5.886004026308986337e-01
-3.518382481858194355e-01
-5.928601933785007105e-01
-6.209553521185197100e-01
-1.692155805133078506e+00
-1.220546009749673866e+00
-4.142038083610685706e-01
-5.045360010539605700e-01
-3.963419675162085376e-01
-4.359209673739563029e-01
-4.221915948065946278e-01
-6.948230721787345132e-01
-4.591597660185189334e-01
-4.123584172866188724e-01
-5.383663976156253250e-01
-7.441989893675282630e-01
-4.461629720563528023e-01
-6.236624558723301570e-01
-6.362151515396993195e-01
-5.355898507577844248e-01
-4.539676505597150524e-01
-7.467303186674661974e-01
-3.402430422989504155e-01
-5.009660149077945768e-01
-7.217629898639705832e-01
-5.743789799201410862e-01
-6.904286370790618799e-01
-6.065325877332394811e-01
-5.306121552496172455e-01
-7.859624442893510254e-01
-5.964789283642690787e-01
-8.541572949230219480e-01
-4.058793277996898818e-01
-8.630615490634740983e-01
-5.774039667665489262e-01
-7.024575215047371701e-01
-5.898291382519879056e-01
-6.454574436707433138e-01
-7.073170352532225369e-01
-5.869652330204467860e-01
-6.306197443811271119e-01
-7.279864999105685186e-01
-8.114586844288662615e-01
-5.478839336829155471e-01
-6.932645979271423453e-01
-7.524196674716249200e-01
-1.202152765265165790e+00
-1.113708210148507405e+00
-9.826199232751755552e-01
-1.018103075740868446e+00
-5.383904366019536258e-01
-4.581355665507579888e-01
-6.349303369946935893e-01
-7.666712638849459971e-01
-7.223327050683215900e-01
-6.879387123649336466e-01
-7.231598683274874650e-01
-5.813498404567745137e-01
-5.578903719452867893e-01
-7.730887788488564061e-01
-4.807373830480037302e-01
-6.836198730254432476e-01
-4.412176526462159298e-01
-8.302877982224552422e-01
-8.855219225681640882e-01
-6.532798977738678570e-01
-4.137105528308888114e-01
-4.733679597723948196e-01
-5.881624908960403353e-01
-7.185426675464960944e-01
-5.000300418575944761e-01
-7.695820693248474065e-01
-8.861071165867224764e-01
-6.629166619862630894e-01
-8.738084895079760717e-01
-9.041041623864342069e-01
-1.757732555539974539e+00
-1.204903763181468301e+00
-6.067260685269402209e-01
-5.024342640878048938e-01
-6.220409535591119310e-01
-4.739032617084384946e-01
-6.528800647133193857e-01
-9.554764882521636915e-01
-6.438871791288177659e-01
-5.710676545760601241e-01
-7.670853140422311256e-01
-7.328066907604103841e-01
-6.199070128022692305e-01
-5.292605002160323258e-01
-2.752775122744952618e+00
-1.205248431017419630e+00
-7.433412240395542714e-01
-4.544791133151969698e-01
-6.415577928901116112e-01
-1.213295553395945969e+00
-7.222774026967432315e-01
-4.661866012981447649e-01
-5.787020393797086548e-01
-4.841887515155180455e-01
-8.604819141681079309e-01
-1.331998172141539483e+00
-5.949934183938478949e-01
-4.464826467668631671e-01
-4.479025181801088440e-01
-8.230499774871188334e-01
-6.631924449190329529e-01
-6.224619734980489927e-01
-5.268581383618231584e-01
-5.029052365931437896e-01
-4.224504863107790276e-01
-6.756544898278177280e-01
-4.426254251750817437e-01
-5.292722238462409523e-01
-1.061506538808522970e+00
-5.483409135030432591e-01
-2.570412080413074118e+00
-5.510259904857172097e-01
-6.903939274548258620e-01
-4.225103998970101138e-01
-8.748139792363300860e-01
-4.672215128924318561e-01
-8.300579301655828246e-01
-1.429005120167285314e+00
-6.032650799943864994e-01
-8.750290793896626784e-01
-9.380595854730698901e-01
-5.091032102801837933e-01
-6.069013868130963552e-01
-5.321308906960652285e-01
-5.722422086075059644e-01
-4.613506304423637960e-01
-5.475655760981790188e-01
-6.530320169733153657e-01
-6.135115688843183479e-01
-7.543846832446748918e-01
-1.070817901934624672e+00
-7.584062305386234382e-01
-5.509335444786227498e-01
-1.105259331390121336e+00
-5.330659259944334760e-01
-1.178992044106902615e+00
-5.758969380396000703e-01
-6.031423374351980726e-01
-7.350911957392586293e-01
-6.875450404687000194e-01
-6.403096916698078900e-01
-3.074268779687678310e-01
-7.920428636138316936e-01
-6.678304884868562219e-01
-4.342499395864896639e-01
-5.285343695950613929e-01
-1.781750793017766954e+00
-6.192521990322664704e-01
-1.862554337495620604e+00
-5.193924147712738471e-01
-6.993851066526710625e-01
-3.971275775843574607e-01
-9.454825231454943024e-01
-5.521234903229214064e-01
-8.848669012798873190e-01
-4.309720646998591032e-01
-1.002350138549962688e+00
-5.901887946440393939e-01
-5.820095441553470028e-01
-6.460462662646581089e-01
-7.308212139111167627e-01
-6.916893741194845013e-01
-5.585740718206234634e-01
-5.046548587744980052e-01
-7.672291145797175416e-01
-8.198034758495048591e-01
-7.068651335120686996e-01
-1.760048653038893018e+00
-6.070651197685500433e-01
-4.828631822111200678e-01
-5.351835155704849356e-01
-7.189824313028627678e-01
-5.935337389471527780e-01
-7.806178033721900000e-01
-4.423863321140552030e-01
-8.805327329701234662e-01
-8.419111334773071720e-01
-8.275590446632267172e-01
-6.464012824933011991e-01
-6.554258539951196560e-01
-1.363135030426053218e+00
-4.284930128690884188e-01
-5.416561820785946724e-01
-2.390110843471146218e+00
-7.845844635240452059e-01
-6.687535750490687381e-01
-4.721247577152089536e-01
-6.792859760498851651e-01
-5.610537846485794677e-01
-8.877274795016232289e-01
-7.410030313718998229e-01
-1.162040107554808577e+00
-1.128652274334555283e+00
-9.683800140816037905e-01
-6.168940613645187421e-01
-7.482025383270680674e-01
-4.514601417795636173e-01
-4.534472601603154462e-01
-4.668146304398058666e-01
-4.919441058324724447e-01
-6.540038463481985254e-01
-7.904755121833527687e-01
-1.391120251654545559e+00
-7.682694597779013979e-01
-7.006377724337616852e-01
-7.917861605268612379e-01
-6.444040328283128227e-01
-5.852156458594273136e-01
-1.576640542270350442e+00
-1.381060673945954775e+00
-4.064522186802732584e-01
-6.410227883231043311e-01
-7.586517721275153336e-01
-4.545299411856854044e-01
-5.392139093414992645e-01
-6.592404264428133320e-01
-9.907579420135362858e-01
-9.010952208249682904e-01
-4.601404106435684205e-01
-7.398411877461580355e-01
-6.776637923710063793e-01
-7.313633723377620521e-01
-7.451696351980372501e-01
-4.094067326917760208e-01
-6.010478149547229254e-01
-7.805635515708549965e-01
-7.441996636232697249e-01
-6.086861291433357524e-01
-4.943662969939722207e-01
-1.450359625272107600e+00
-7.190353832691946945e-01
-5.753043945136988579e-01
-7.661317134017727737e-01
-5.394930627333677231e-01
-8.843033572605789594e-01
-8.263871054290384821e-01
-1.774149685648002572e+00
-6.852317734049706566e-01
-7.829522766567683645e-01
-5.768306699277008232e-01
-5.481620234445536699e-01
-1.801176826035078449e+00
-5.468080709978326848e-01
-7.710874418819568810e-01
-7.119528203282665668e-01
-7.304626970675949238e-01
-5.586115949800051217e-01
-6.097157159592201392e-01
-8.031838674577176374e-01
-6.478678536829289847e-01
-7.074213556368564859e-01
-5.469099426915694506e-01
-7.408845553486030910e-01
-5.478756550709962259e-01
-6.427979609939913352e-01
-7.086237683679995625e-01
-5.831806760407761692e-01
-4.802218292124704191e-01
-1.294753429963426461e+00
-5.636901050587559414e-01
-5.852263121307135219e-01
-5.168489927758227465e-01
-5.326757755865531019e-01
-4.763359167848618125e-01
-6.402198813006687583e-01
-9.776027893681860093e-01
-4.587231389732639442e-01
-5.359356382111939432e-01
-5.272712397910510607e-01
-5.528515178220869686e-01
-9.151861884423541094e-01
-5.900567446252635850e-01
-8.453539253813834309e-01
-8.023652533384445507e-01
-9.079304196243682679e-01
-8.097388405962390179e-01
-9.006076314810926853e-01
-6.731554134324231331e-01
-5.541991576435995048e-01
-7.929494820167899416e-01
-9.128273671410765955e-01
-5.360893489375402332e-01
-8.042564389318727081e-01
-8.686273588632081877e-01
-9.169670023626227406e-01
-6.238396568244163332e-01
-7.128469075870902394e-01
-7.555403863110682350e-01
-3.922810026021527063e-01
-5.426907834259431240e-01
-5.517919638670614191e-01
-1.029522882972849995e+00
-8.486522315047821952e-01
-4.648488217363478392e-01
-8.506347809846844799e-01
-9.394427903565926163e-01
-9.372866238452010057e-01
-7.985536988784749379e-01
-1.022486411356680280e+00
-6.244263894474896270e-01
-5.335832130652464755e-01
-6.497255789652253144e-01
-6.443568397296909334e-01
-9.950441164115038095e-01
-1.170535959340144316e+00
-1.782920327022041729e+00
-6.936783262392502980e-01
-5.383398491380173567e-01
-7.072801066027020189e-01
-7.750171582353364563e-01
-6.705627050808349310e-01
-5.730264376140694615e-01
-6.955873806419902161e-01
-9.469602970424385591e-01
-7.061673680866050740e-01
-6.571072545641922780e-01
-1.016091052973385533e+00
-7.975233991543833056e-01
-6.655247300533589927e-01
-6.500575364735936557e-01
-6.620007667673026841e-01
-9.335218206837740951e-01
-8.418850157604426121e-01
-7.565581355854047452e-01
-6.190492690966022948e-01
-1.245923741746608027e+00
-1.060559082722262181e+00
-1.020122724671557179e+00
-7.932741351413094000e-01
-4.818414690055696781e-01
-6.920481363280842624e-01
-4.910535542181964086e-01
-1.608400776578517100e+00
-5.969029348554752978e-01
-7.725406644083778751e-01
-7.560501484840695952e-01
-5.448800063732893717e-01
-8.065895782171184081e-01
-7.520969130869933350e-01
-9.224569505309810902e-01
-5.530400411169656971e-01
-6.100505154028387222e-01
-7.438321808424545045e-01
-6.421947238915461931e-01
-9.215279830261098315e-01
-6.896392551143349925e-01
-7.748043303808113125e-01
-5.803300077921250688e-01
-5.387868855883279906e-01
-5.918223046801713849e-01
-5.232227362309533891e-01
-6.845629487041485772e-01
-5.952803677254263626e-01
-5.993860065394585046e-01
-5.240089993679557523e-01
-7.378643245816569607e-01
-7.976069569047549157e-01
-5.210188075850754608e-01
-6.322249797968381158e-01
-5.274036212313583105e-01
-5.824540933184457758e-01
-6.027771901618143024e-01
-6.411583281164319192e-01
-5.679240300206336300e-01
-7.294606764036857260e-01
-5.542828700717480350e-01
-6.192361182506254114e-01
-9.210229120003335934e-01
-6.116480353047540897e-01
-9.215693451716757689e-01
-1.324543746375377751e+00
-6.002373153358451230e-01
-6.513687813065691667e-01
-7.587067537617812052e-01
-5.837502988112864832e-01
-8.935407415659276653e-01
-8.574292463309878265e-01
-5.383242747189318500e-01
-6.174897762623106079e-01
-6.167835835053845361e-01
-5.109514131852019858e-01
-8.069186961505763200e-01
-9.421987024493018170e-01
-4.351838636654085102e-01
-7.179791083358106896e-01
-6.411736762004245360e-01
-4.521840105280313660e-01
-5.814277887106946707e-01
-5.807447214074655806e-01
-1.995546317311239548e+00
-1.703756716936082105e+00
-1.898469407689899136e+00
-7.170084805360127378e-01
-6.264916814540812950e-01
-7.736369060955712307e-01
-8.880079607772489725e-01
-1.061494634097324363e+00
-7.483879136625065653e-01
-7.721327858800512978e-01
-6.445687314292227743e-01
-6.469905730937605126e-01
-5.206701903103417850e-01
-5.566885162408867771e-01
-4.352541122197124968e-01
-6.237312354633391953e-01
-5.976597324242606257e-01
-9.121540222988477886e-01
-1.457661161023400487e+00
-7.536945830844871130e-01
-1.038648741664526698e+00
-6.640767340791081663e-01
-6.481485624677232327e-01
-5.806240455767319730e-01
-9.183506701335582001e-01
-1.696786852864364370e+00
-7.696192405142930903e-01
-9.552976096135967765e-01
-4.858526484027136383e-01
-8.731814617294714198e-01
-3.926062224343973561e-01
-1.413376212345265781e+00
-1.370033170498782038e+00
-1.784534138183716756e+00
-6.423129795656613572e-01
-5.016652759559873109e-01
-7.499452110104908309e-01
-1.906547959780416468e+00
-1.386265085136413777e+00
-5.920766707544503626e-01
-8.045913247814435731e-01
-5.405800228867256862e-01
-5.781327623702275931e-01
-6.082716854244576421e-01
-6.481910639983529121e-01
-5.521966764660133364e-01
-5.252678901867495753e-01
-1.007268248722811732e+00
-7.635314038903251443e-01
-9.572642877213672907e-01
-5.616662557084617369e-01
-6.172167010902904760e-01
-7.182913943760300679e-01
-7.017953989070022658e-01
-6.625149862812116375e-01
-6.466970619762247852e-01
-7.322799610441395046e-01
-7.056766226750524895e-01
-5.478543120387591170e-01
-1.587290749295069858e+00
-5.182480829392205335e-01
-5.602313796317035521e-01
-7.376244221885351893e-01
-8.238548004628371002e-01
-7.637278275463039723e-01
-1.209876528716394617e+00
-1.022391615123917852e+00
-1.338791433842470679e+00
-8.709975595661083592e-01
-7.241038947848945639e-01
-9.505213435616066686e-01
-6.837861875764265074e-01
-7.604027218088398321e-01
-4.302171415599992943e-01
-9.644577089885065790e-01
-5.749824864906704081e-01
-6.982001073811211489e-01
-1.914420387822165281e+00
-5.876798012962263229e-01
-1.027596754775301324e+00
-1.380565657976428273e+00
-4.411946465164977016e-01
-6.534710702511782321e-01
-7.248141366899406579e-01
-7.933440321780389493e-01
-6.228556497509896150e-01
-6.123679704001931956e-01
-7.681176762073144149e-01
-5.507928836183227927e-01
-1.064447035831154187e+00
-8.849533967006507629e-01
-7.217951856590286708e-01
-4.673957080448048473e-01
-7.551189712550937516e-01
-6.619104212367348250e-01
-4.781938819482889902e-01
-6.770098953797107910e-01
-7.681138582974905704e-01
-6.133821181961194302e-01
-6.691223209683648809e-01
-5.723811983168978212e-01
-8.607251791258724305e-01
-8.771097740964852729e-01
-5.921259146542093843e-01
-5.113063689927330735e-01
-7.056741025310593329e-01
-7.702707102422597929e-01
-5.064483071800135461e-01
-1.115069839046491484e+00
-5.924777819314953620e-01
-1.180299258272453411e+00
-1.984479886763086398e+00
-6.224005063439144170e-01
-1.095627023208009199e+00
-5.880448150321618828e-01
-6.007735713916356746e-01
-7.465645651925190140e-01
-1.127713420391154298e+00
-4.850042888781283534e-01
-2.307238772282786066e+00
-5.863758355412397316e-01
-7.081494302644736338e-01
-5.395973960875796172e-01
-4.245202760625108596e-01
-4.624884817845508755e-01
-4.950189873827400833e-01
-8.285522220406325022e-01
-5.725067205206687548e-01
-5.851731931602250913e-01
-7.645525935949994967e-01
-7.366310817198215011e-01
-5.580016567837370323e-01
-6.643018826629575324e-01
-4.668824037832123297e-01
-4.634036881833966115e-01
-4.901416272377099315e-01
-6.760567123485214935e-01
-1.375881037745117608e+00
-5.583306133438282748e-01
-6.747540978615388374e-01
-6.965146222364172468e-01
-4.638575125538728083e-01
-6.002754075580007953e-01
-5.531411787839827232e-01
-8.039145002456127287e-01
-7.699817904206247565e-01
-7.675456173597471343e-01
-8.374295235215668542e-01
-4.057410593235973861e-01
-7.590111866492065262e-01
-9.281387693579858933e-01
-7.737950833520843563e-01
-2.887529746983736878e-01
-8.418643136556378526e-01
-5.192460081267445959e-01
-5.528447759979129295e-01
-7.146148871209263564e-01
-8.508336853174489622e-01
-1.006166982489719475e+00
-1.576296255471419716e+00
-9.243171250590311860e-01
-1.009506496325378810e+00
-8.162140405782815078e-01
-8.374290346604713609e-01
-1.028110103393678365e+00
-5.636271301357375085e-01
-1.282657646575172006e+00
-1.243130917789359469e+00
-4.415247758719914595e-01
-3.411319979469507602e-01
-6.392781868483213836e-01
-7.118001475118374000e-01
-4.104303099579852954e-01
-6.186594551575895773e-01
-5.387808661345576677e-01
-7.419227889773455376e-01
-5.491206999117637100e-01
-6.204466804042453321e-01
-7.677535957548611290e-01
-5.274853928279330528e-01
-5.593323000002375922e-01
-1.107632015823230898e+00
-5.628473536098432817e-01
-1.608929255859155916e+00
-4.614935286121423230e-01
-6.681602309059324618e-01
-4.711887107635810978e-01
-4.831133811335462380e-01
-4.651079608145423649e-01
-4.284337401371461906e-01
-8.695653642952909657e-01
-5.509387889744653544e-01
-6.490794562168087367e-01
-7.058003850342738916e-01
-3.479891294866893636e-01
-6.171904970033444959e-01
-3.844923748110283812e-01
-6.429247596833597145e-01
-6.946139897675905894e-01
-7.594090736856800028e-01
-6.489526604621713712e-01
-3.591973143226445675e-01
-7.605927268127165020e-01
-6.541230444440712111e-01
-8.597565166154670369e-01
-5.380720128104372613e-01
-8.748981673523973379e-01
-8.328756236103280752e-01
-6.833072330005002248e-01
-1.413492214858459217e+00
-5.758824828177319111e-01
-8.324296491254116193e-01
-4.097842799183126772e-01
-6.472320043628768671e-01
-5.143570968582820147e-01
-2.038858084385950509e+00
-9.116378702653872290e-01
-5.033376276316773312e-01
-5.715377064346653935e-01
-8.677488165260698327e-01
-1.018533010705921837e+00
-4.292474169587560673e-01
-1.857055986362046607e+00
-5.156246250636806749e-01
-5.280379217721825613e-01
-4.667635920241697267e-01
-7.458086790332428828e-01
-4.376390275049276135e-01
-1.835996906846216303e+00
-5.457799296326912852e-01
-8.629359577735802311e-01
-8.169306480169707951e-01
-9.999800686430218022e-01
-4.543561307268277893e-01
-2.631365307293554445e-01
-7.084499470057131765e-01
-1.160916534569130798e+00
-6.952877122186228442e-01
-5.487762012774359821e-01
-8.160611406101505594e-01
-8.529858084239098082e-01
-6.000310121849018463e-01
-6.477019645104938883e-01
-8.254621902966358116e-01
-4.838520863100068126e-01
-1.057199690359409638e+00
-6.523529658998273861e-01
-2.590916004579307153e+00
-5.190075694770439618e-01
-5.270832455340267453e-01
-6.930153810997794483e-01
-5.849717761399907401e-01
-5.793506317792685989e-01
-5.024163854652665684e-01
-4.834329284010672190e-01
-1.209765441115210560e+00
-5.833759757689873648e-01
-6.213932822269466749e-01
-2.108921470289351952e+00
-8.519127843353310192e-01
-3.343867955607361941e-01
-5.854558672368985750e-01
-8.929253760445274857e-01
-2.028828586558944824e+00
-4.694306571907272962e-01
-5.434514927333189416e-01
-2.895780296065801007e+00
-7.817923925970061694e-01
-6.126898247153528265e-01
-3.723762762410898208e-01
-6.863035066070493073e-01
-4.166968199971621267e-01
-6.843950797494362526e-01
-4.161488283125054366e-01
-1.495196332540330797e+00
-5.733438762225019358e-01
-6.101082943542451842e-01
-2.669267962757228219e+00
-6.665945570276061716e-01
-5.482274741187136424e-01
-4.768538281115314303e-01
-5.916052692522073553e-01
-7.867014787588508806e-01
-8.135411136105835661e-01
-5.204615989151238908e-01
-6.685797137259231748e-01
-5.096271220164954041e-01
-6.837205805533077552e-01
-4.443515887908934814e-01
-1.679595699375766804e+00
-4.983832709147225093e-01
-5.938151721650892778e-01
-6.257757985137107903e-01
-5.065236325644496551e-01
-1.769207927520789481e+00
-5.227820286430008290e-01
-6.263530258708766008e-01
-9.496295487053008078e-01
-5.519926699865022046e-01
-5.910557471108117689e-01
-7.046364567995270223e-01
-6.141753248545281929e-01
-1.005968248914088425e+00
-4.428695439248032106e-01
-3.330776800929535209e-01
-1.314043343986520229e+00
-4.451929876368453387e-01
-5.408262337437800271e-01
-4.650822066108175057e-01
-3.088517228031795736e-01
-6.468125513097144896e-01
-5.710434385343263752e-01
-5.733912422109046503e-01
-5.882836005048206474e-01
-9.475532215672702874e-01
