-1.254016131562401881e+01
-1.635733475679176507e+01
-2.061791580323529871e+01
-2.008029221164704126e+01
-3.316860953913579380e+01
-3.245983411022936593e+01
-1.942888360029218475e+01
-2.031087262341170074e+01
-1.591130764880671400e+01
-1.440025619563365389e+01
-1.385588446198753410e+01
-1.082345902402647653e+01
-3.404456100491793791e+01
-3.061445940975032798e+01
-3.523751415485084237e+01
-2.028357364539187202e+01
-4.328476260605412129e+00
-5.429822418222016722e+00
-3.233403923638388022e+00
-2.245718205885224972e+00
-7.096851756147816381e+00
-7.183269438383480754e+00
-5.401840277956614145e+00
-7.447049061716220386e+00
-7.146374718403730064e+00
-2.759258628098262633e+01
-2.141938680380114590e+01
-1.122445102803885320e+01
-1.171939057992320521e+01
-1.751413057539200935e+01
-5.119265687724383618e+00
-6.079837456700671439e+00
-7.570504488797449305e+00
-8.985315537971425570e+00
-5.093316399630503533e+00
-4.640282542747177885e+00
-5.551932625072936389e+00
-8.499294135206771017e+00
-1.209268679702987370e+01
-1.310376237211973383e+01
-1.795932134057573393e+01
-2.915025582268192039e+01
-3.119140811808979663e+01
-2.524138759536139531e+01
-2.557523961701705417e+01
-1.594976203205871457e+01
-1.779678740139938853e+01
-1.773642998699531859e+01
-2.000221829298926224e+01
-6.268810812890220241e+00
-2.650570561812445547e+00
-7.112634915561284465e+00
-7.008458036136306468e+00
-4.078786581122277433e+00
-3.903109955405229758e+00
-4.720729280030829145e+00
-4.692018657837056850e+00
-7.436944046530950203e+00
-7.607306094656759221e+00
-5.584073884982714731e+00
-3.882799932594229286e+00
-6.617064775343550309e+00
-1.440683333735592520e+01
-1.341261583474658892e+01
-9.938271392501166090e+00
-9.131636877223243687e+00
-1.755810661091437552e+01
-1.496468178450810704e+01
-1.141827093254220493e+01
-9.518722353184609020e+00
-1.327460571424090752e+01
-1.463241266557585618e+01
-8.874862346877014474e+00
-1.148352100391275599e+01
-2.279376625745043583e+01
-1.195867065129909257e+01
-1.348084935609975865e+01
-9.940068879829320636e+00
-1.357188225657115055e+01
-1.105002805020430756e+01
-1.382746326585206198e+01
-1.205163037147680072e+01
-9.393793983193202024e+00
-3.182782726210469093e+01
-3.218916644758180468e+01
-2.367926396292430269e+01
-1.843913764499411911e+01
-2.323606489724718216e+01
-1.118208699300872055e+01
-1.564864504877031237e+01
-1.072796688916481145e+01
-8.843099499149641218e+00
-1.089244102835754546e+01
-1.472761357609570609e+01
-1.300169601508874173e+01
-1.659370410154119924e+01
-8.440596812622281675e+00
-8.045783697759727460e+00
-9.981361253234876330e+00
-1.503453702120332736e+01
-8.560707910084611072e+00
-1.134061762801489159e+01
-1.028557355488692693e+01
-5.780839893028399068e+00
-6.093138062913054043e+00
-5.243413879136039846e+00
-5.053433074977692563e+00
-5.852453386077000275e+00
-3.296421166226983779e+00
-4.286974697078909990e+00
-6.978390223531181213e+00
-5.291882115670901499e+00
-5.389272212606114998e+00
-6.322482408599905845e+00
-1.010460747918189917e+01
-1.321313485903774954e+01
-8.536247083282409776e+00
-3.627351410821787692e+00
-5.598554724830223428e+00
-3.842786033779631349e+00
-5.088161966806901582e+00
-7.394326613816021521e+00
-9.461795762570003987e+00
-6.782577627715402180e+00
-3.360484224240419593e+00
-7.101746927192016834e+00
-4.335880900927174153e+00
-9.385610269996867316e+00
-1.091862943681754672e+01
-8.873995105140339845e+00
-3.033542240053090921e+00
-4.002527745461495812e+00
-4.513045192175638931e+00
-6.914617806503225772e+00
-9.563428235627577934e+00
-1.285272733434231363e+01
-1.313269526932894493e+01
-1.552345620332628862e+01
-1.098311340353693133e+01
-3.404733255523856528e+00
-1.357926069183041484e+01
-9.970858846465596059e+00
-1.072721100601578925e+01
-1.262136705428301475e+01
-1.199197708183016431e+01
-2.180647902612444611e+01
-1.542045611928652882e+01
-1.479148570488630732e+01
-1.242395790911719722e+01
-9.123761316766975327e+00
-7.960870477339061502e+00
-5.079656861967730919e+00
-1.123532412115836898e+01
-1.062633176705071136e+01
-1.407756712130678434e+00
-1.899850368628597908e+00
-3.867379324332443247e+00
-6.614975097290701989e+00
-4.185935225921324943e+00
-3.337621178718927606e+00
-2.680776122780893722e+00
-5.472655668270738794e+00
-1.717131477182281207e+00
-4.071479891186005062e+00
-4.818798978989709880e+00
-5.306701921833052893e+00
-3.206969933435205977e+00
-2.987968846559387881e+00
-2.159061815392611994e+00
-2.038829896352997828e+00
-2.945416356495688781e+00
-3.171703972823123330e+00
-3.826332827367392664e+00
-2.641841400003098084e+00
-1.293862120927822934e+00
-2.322411741822711040e+00
-1.649014670815745154e+00
-2.167063262858250905e+00
-2.024954523193279510e+00
-9.790155924837942170e-01
-4.728089882640451158e+00
-1.973671695361821410e+00
-2.487326498215451931e+00
-1.660559406179364261e+00
-1.258699906320278838e+00
-3.770890044001357744e+00
-2.217207904984262345e+00
-1.793362493266363877e+00
-2.020092134409168239e+00
-1.803719597802259322e+00
-1.333845895283834126e+00
-1.158207510929325057e+00
-3.530970905717508490e+00
-1.389659485399053596e+00
-1.824799092499688857e+00
-8.792321222266638037e-01
-2.879649109086372949e+00
-1.254194017476438328e+00
-3.420894396576811936e+00
-2.205679302632671313e+00
-3.181555775898497362e+00
-3.095448829657101442e+00
-4.926442465966776929e+00
-1.429854077186928363e+00
-1.215540574358903836e+00
-1.342103126548995551e+00
-1.638797899828064786e+00
-3.700469898871507901e+00
-1.599285512597967251e+00
-1.549581321131777489e+00
-2.783669135560549179e+00
-1.482273607972202312e+00
-1.232282305526000821e+00
-1.199699946334191303e+00
-2.492468297965175328e+00
-2.968880430363503464e+00
-1.976658552831408677e+00
-2.074430167836786687e+00
-2.384167794022766795e+00
-2.230644204949629561e+00
-3.810909115373684486e+00
-2.073953365926526793e+00
-2.898944480433899074e+00
-4.446271039408173920e+00
-4.031142845917773165e+00
-1.823561616497135773e+00
-2.582368784108978854e+00
-5.934084634303183670e+00
-7.060944417417569952e+00
-3.242433742558896270e+00
-5.380675637617152951e+00
-6.646146670552703029e+00
-5.677556165798176124e+00
-4.471260786304193324e+00
-6.753788290798608429e+00
-6.442737952946411717e+00
-2.803608344624369586e+00
-4.006585919906706650e+00
-2.670968954624936664e+00
-2.350405489678282667e+00
-3.754407924358124760e+00
-2.975248095785748337e+00
-2.757538936355596437e+00
-3.975366252855708105e+00
-4.782468547272952897e+00
-8.244659086287798644e+00
-7.268652461586817992e+00
-7.845899222916509430e+00
-6.879898618470749128e+00
-1.012298180946974036e+01
-9.670620351115065461e+00
-3.289800928734521346e+00
-8.378105615349971558e+00
-6.257493598222970022e+00
-1.765431652025064579e+00
-1.699655392556556066e+00
-2.621905210899599492e+00
-2.415070828121011370e+00
-2.830747141312033310e+00
-2.244034993026820413e+00
-2.294277193515269708e+00
-2.373852945968396355e+00
-1.521436123097232862e+00
-1.974476629354908974e+00
-1.504111713177703757e+00
-1.863265335005331202e+00
-1.296028908552849579e+00
-1.934557651573394876e+00
-1.679123874531845528e+00
-1.188878472981873102e+00
-8.535172398920360948e-01
-1.361971748491448864e+00
-1.016381508346873908e+00
-2.352553356852408850e+00
-1.437370686311171930e+00
-1.619151551202528960e+00
-1.469653255639943978e+00
-1.744028413288715607e+00
-1.997941298461733517e+00
-1.647985743928033431e+00
-2.199895412032566444e+00
-1.977277362020668283e+00
-1.941322809650215087e+00
-1.674257264308722570e+00
-2.527298648108424306e+00
-1.523227395918610672e+00
-1.881141027968091795e+00
-2.271913788252076127e+00
-1.667910745963953056e+00
-1.709647000840380349e+00
-1.615062741470155050e+00
-9.616137513227872580e-01
-4.501202573683579899e+00
-1.858440741146518027e+00
-2.159578789241090480e+00
-3.332214715450168896e+00
-2.414485930795028157e+00
-1.200189110157721117e+00
-1.263220650344543783e+00
-4.364953860791829676e+00
-6.822545260486069019e+00
-4.738623413482848434e+00
-3.285904156352908778e+00
-2.415138617713955327e+00
-2.713930997007582224e+00
-3.196153852731046907e+00
-2.880225918408337638e+00
-2.697605246612053698e+00
-1.762754853977286595e+00
-1.932224490020750363e+00
-1.437800470214090742e+00
-2.652052877861467373e+00
-1.221174608202643119e+00
-1.987566203336887050e+00
-3.114490051651939151e+00
-1.812406271142199543e+00
-1.245093041640843445e+00
-2.765022619733856768e+00
-2.188395050477720982e+00
-2.003446333375068278e+00
-3.628428774432185921e+00
-4.133137789335050272e+00
-5.650748150221764021e+00
-2.220555627110828212e+00
-3.364684413117542405e+00
-6.851148105459705206e+00
-7.896172409193964015e+00
-3.334903963014904882e+00
-4.275036977589278919e+00
-2.140426280653958013e+00
-2.658882061713488287e+00
-2.092219988996484759e+00
-2.611179573184974068e+00
-1.830179361986493225e+00
-1.450415380243487373e+00
-1.433630229254505117e+00
-2.418058521689572249e+00
-2.047737261315639934e+00
-2.390942610854168926e+00
-2.564976652271389046e+00
-1.625105807458785190e+00
-1.376737603885149319e+00
-1.872879139245881452e+00
-1.193443794302214256e+00
-1.573724329349873496e+00
-7.571144666339419960e-01
-1.055965887435164952e+00
-1.094623472219757643e+00
-1.627138448961799932e+00
-1.546320220401639967e+00
-2.495314715879402456e+00
-1.300808822285319799e+00
-1.218904420093185781e+00
-1.049122708567060247e+00
-1.322162688539736619e+00
-1.160634449669105894e+00
-1.644116339788459058e+00
-1.366938672229633722e+00
-1.075995356217751553e+00
-1.926617029019246363e+00
-1.510324183864010461e+00
-1.032535238878671269e+00
-1.531433419066929424e+00
-1.121768794939619340e+00
-1.023371271100541158e+00
-1.252330625100398720e+00
-2.044919533671569312e+00
-1.440852529680415994e+00
-1.187115374840767457e+00
-1.277599501078181099e+00
-1.173459449740844152e+00
-1.910882421874239512e+00
-1.284025557984721289e+00
-1.233691607218972086e+00
-1.565826043708737236e+00
-1.005060178684563432e+00
-1.234217607968386643e+00
-1.233648686933120908e+00
-1.132575354996646411e+00
-1.331787927669111360e+00
-1.550452933866624861e+00
-1.223197491904546963e+00
-2.042327898819256582e+00
-1.172224901177958190e+00
-5.499959730152330639e-01
-8.561033086267259007e-01
-9.750356502500633349e-01
-1.072487726525898966e+00
-1.128819168996930244e+00
-1.277980462674142670e+00
-1.615290126030978435e+00
-1.646293522877792181e+00
-1.490689216712334009e+00
-1.328819995321757430e+00
-1.410824015981962720e+00
-9.983235881625558417e-01
-1.226471726388382422e+00
-1.450224927357599780e+00
-9.611214091297783924e-01
-1.313812542979047260e+00
-1.446163623742243498e+00
-7.843183802233495427e-01
-1.740985850391106649e+00
-1.249163689704859692e+00
-1.175778364594210590e+00
-1.555226664074509602e+00
-1.383045951347205982e+00
-1.666254510102390229e+00
-1.671631205515381469e+00
-1.483427349494678582e+00
-1.060470854983783573e+00
-1.569425614280451686e+00
-1.385007321845966199e+00
-9.540249126406100677e-01
-1.032232663607376644e+00
-1.461806915753123715e+00
-1.302996762593946256e+00
-1.325064626115904920e+00
-9.810688448090251201e-01
-1.467937469929883054e+00
-6.573659943962638641e-01
-1.162441350819675145e+00
-1.249775260513370956e+00
-1.679071713266615529e+00
-1.210845764616243159e+00
-1.712221378349508605e+00
-1.287585698122806432e+00
-1.502463063527243570e+00
-1.636916922357944726e+00
-1.171552744692830883e+00
-1.231975050530251803e+00
-1.391420254734723194e+00
-1.336608170495927395e+00
-2.147982469524194027e+00
-1.440053258144298853e+00
-1.049453727802233782e+00
-1.711457381218271623e+00
-1.666949838305289644e+00
-1.451716049487571158e+00
-1.706141927766357647e+00
-1.756824836239472942e+00
-1.232315094450770809e+00
-9.858071917576246568e-01
-1.553211853302139067e+00
-1.083901048374505072e+00
-1.767050112319416444e+00
-1.969245150338986727e+00
-1.152820801581385446e+00
-2.767687808532126592e+00
-3.498501120586304136e+00
-1.399209910136465673e+00
-2.522178510742206115e+00
-1.352016313601994701e+00
-1.405176386237274588e+00
-1.048634390669098027e+00
-9.907327306277171619e-01
-1.823965816282066221e+00
-3.907905741704790881e+00
-5.747893614050588518e+00
-5.359221960924834605e+00
-3.805776484009759653e+00
-3.918821629811121365e+00
-4.175982834652328890e+00
-4.796434654588410673e+00
-4.896992066514641806e+00
-4.548132042826299681e+00
-8.189625924138173474e+00
-3.026734810712675472e+00
-1.772665886481699982e+00
-5.350074059165509155e+00
-3.870883294556609844e+00
-2.270474116783608665e+00
-1.934291145410855783e+00
-2.255048192938779561e+00
-2.226599636161819440e+00
-1.838472751009952111e+00
-1.906530285773504918e+00
-1.933574230073546563e+00
-1.699133944104475269e+00
-2.161206761580474645e+00
-1.003908010976574561e+00
-1.171199629378334661e+00
-1.076505335550774101e+00
-2.129656925439751713e+00
-2.010504720867059447e+00
-1.003629518646422580e+00
-1.438525270244162435e+00
-1.559117873329844972e+00
-1.261269790214026632e+00
-1.365676220919354922e+00
-1.745342329691116801e+00
-1.377571000110533905e+00
-9.655309245247026828e-01
-5.496116219998996577e-01
-1.257138031970590930e+00
-1.489921536798928026e+00
-1.283821549183496113e+00
-1.006678045138031052e+00
-1.474096035373195779e+00
-1.175281492950505324e+00
-1.275789055156461682e+00
-1.392436222158564885e+00
-1.153853830498839050e+00
-9.417613899721115622e-01
-1.824790078791206804e+00
-1.352152581441099510e+00
-1.830150192049226687e+00
-1.465914294000437268e+00
-8.380412464794407823e-01
-1.850933667433562357e+00
-9.537596392348867136e-01
-1.816088309294483727e+00
-1.223767875866320631e+00
-2.064380865513922636e+00
-1.164198209045119947e+00
-1.931249421806204403e+00
-1.487425909443172101e+00
-1.348032873427977396e+00
-1.188458038906430314e+00
-1.239524808256403432e+00
-2.154696382731438931e+00
-1.117115092874829463e+00
-1.629251683793767835e+00
-9.680479645039360426e-01
-2.001402126965210915e+00
-1.644196832189115165e+00
-4.225224433996303652e+00
-1.748528656519285684e+00
-1.253266611365243310e+00
-9.573914994246238708e-01
-1.080910779490908746e+00
-1.198155139334600161e+00
-2.378453824580843534e+00
-2.573031217293485273e+00
-1.159437253361139897e+00
-1.258122409864013136e+00
-8.771059174697956040e-01
-1.018510388015982260e+00
-1.100214809849516362e+00
-1.242625433072084062e+00
-2.138439104962203352e+00
-1.512210128664624786e+00
-1.123254940154918113e+00
-1.317258662559406934e+00
-1.303618417470063795e+00
-1.913060587312629179e+00
-1.372859326246845146e+00
-2.483543585205251425e+00
-4.972866232731323777e+00
-1.531008749471231445e+00
-1.142642402932933843e+00
-9.565858142791784369e-01
-1.117824117916064841e+00
-1.552829032261297870e+00
-9.764863209832588264e-01
-1.398237941356129443e+00
-1.053839233180633883e+00
-1.107865645136352217e+00
-1.295711414680651430e+00
-1.372221946069662524e+00
-1.011510140244624933e+00
-9.616208160149071205e-01
-1.294173094750763253e+00
-1.011165481426292256e+00
-8.547730066021461681e-01
-1.068911812259998539e+00
-1.187744539800591470e+00
-7.586618847902313334e-01
-1.219064238900071651e+00
-7.864803063839616026e-01
-1.197925253933092238e+00
-1.492960715987951659e+00
-8.272978282258104388e-01
-1.149210810438327179e+00
-7.408071897423746943e-01
-2.270274461494006246e+00
-1.431834243347331448e+00
-1.140025115939814482e+00
-9.489502575234464166e-01
-1.119759963309418849e+00
-1.314279009330465486e+00
-1.097314157124918310e+00
-7.911492790028246125e-01
-1.302451561890813236e+00
-1.039518170707319555e+00
-1.432767055289501323e+00
-1.443956207498811040e+00
-9.852193709380014930e-01
-1.387238242383119768e+00
-1.755194724391403227e+00
-1.557275409527374865e+00
-1.371268638575485532e+00
-1.395990191679647108e+00
-1.301061216253944330e+00
-1.334587486882395702e+00
-1.135901578860886607e+00
-1.191109807393065489e+00
-1.445780866568357359e+00
-1.394963392108811373e+00
-1.242203869615526646e+00
-1.631220127435943246e+00
-1.828810830387239461e+00
-2.243442598470322125e+00
-1.454522792680661203e+00
-8.441094876377368550e-01
-1.249138613298088174e+00
-1.144545690270730942e+00
-1.360915072512956181e+00
-2.149217355118988593e+00
-8.607343747490669994e-01
-1.314199609089923948e+00
-1.351228099045307385e+00
-1.210132927108913847e+00
-1.259432480151864819e+00
-1.613109422975591345e+00
-1.009271980541050606e+00
-9.698732614193285029e-01
-1.285919710498904189e+00
-1.226460305068693746e+00
-1.305296962097567626e+00
-9.490491489770410682e-01
-1.561888380880877003e+00
-1.198417053715665981e+00
-1.451581755967869203e+00
-1.600951520292466013e+00
-1.460201052563740554e+00
-1.267081711872726002e+00
-9.528874058068699249e-01
-1.087428277174285141e+00
-1.122924923767375294e+00
-1.020776077179900820e+00
-1.164243830338616892e+00
-1.301939581267941071e+00
-1.417976715776325669e+00
-1.381538819477553304e+00
-9.922680973162756324e-01
-1.453299400263535546e+00
-1.492364824087230035e+00
-1.290920174233998852e+00
-1.603936760002256046e+00
-1.588725868621469806e+00
-2.343771580148149347e+00
-1.063369801186567543e+00
-1.822798772496293074e+00
-1.520349547415627889e+00
-1.497730690119216446e+00
-9.523917090448608125e-01
-1.470258669343313729e+00
-1.750276951481312127e+00
-1.013337167876457112e+00
-1.236980774928807314e+00
-8.349594406150068204e-01
-1.967689517843079550e+00
-1.939979542402775481e+00
-1.821670216562714328e+00
-8.848622553758354048e-01
-2.253968218646392518e+00
-1.108679685242960344e+00
-8.536361260403350082e-01
-9.854343565100718294e-01
-9.030103403371730897e-01
-1.006218167841780531e+00
-9.683378060403089460e-01
-1.440935246325807828e+00
-1.272569838181789148e+00
-1.592369267844625291e+00
-7.537582995099788574e-01
-6.818890920332344452e-01
-8.580889067700608885e-01
-1.349200340600580139e+00
-1.026631366974212645e+00
-1.041028345010310385e+00
-1.650238233015023148e+00
-8.536893859341416757e-01
-8.240451635254710805e-01
-1.282442729907622647e+00
-1.082321432049285326e+00
-1.084107280931343897e+00
-1.765834733326804074e+00
-9.761916853548262551e-01
-1.182233242248139637e+00
-1.100477078180196022e+00
-1.382471309907020274e+00
-8.292249780982999807e-01
-9.932336608159054725e-01
-8.540476602623853219e-01
-9.570810273506923371e-01
-9.689655840170086076e-01
-1.127737123047494183e+00
-1.161254711319130939e+00
-1.357383881175116436e+00
-1.695777038629014521e+00
-1.172990104003549083e+00
-1.651260339704796243e+00
-9.215944995133306117e-01
-9.113738748820378044e-01
-1.463723829431412771e+00
-1.237109133692430474e+00
-9.680510827868951118e-01
-6.568210494383798226e-01
-1.371912604635316502e+00
-1.073593182688058478e+00
-8.389294498094986841e-01
-1.326498934013436770e+00
-2.084695759144203908e+00
-1.214710305982122485e+00
-1.794909733937896990e+00
-9.642463613222627128e-01
-1.148554256668090634e+00
-1.693922111547607745e+00
-1.303108510234407325e+00
-1.212049799934056926e+00
-7.453133275872317887e-01
-1.168326901936009410e+00
-1.161371148740933057e+00
-9.287400912825252153e-01
-9.119147431362963907e-01
-1.908678967651618930e+00
-6.546462224456021106e-01
-1.096432273207344821e+00
-1.556664056510395966e+00
-1.020141180553003624e+00
-9.677117531764285463e-01
-1.212908578945915750e+00
-1.208042382788592883e+00
-1.991758376815784271e+00
-8.481381155013950623e-01
-1.192761724395316580e+00
-1.131382597656563016e+00
-1.478906769062637405e+00
-1.062979910137616724e+00
-1.012529615842433062e+00
-2.085545855662536141e+00
-1.267696956925327134e+00
-1.718704898775890388e+00
-2.260400620002175565e+00
-9.674973854508913673e-01
-8.844696888299474757e-01
-1.491778017554933555e+00
-1.292159421223631810e+00
-1.084167611808152909e+00
-9.429261426555841652e-01
-1.356664503630682139e+00
-1.185173028280025909e+00
-1.284554763694609747e+00
-1.061697734178567609e+00
-1.159310980025392235e+00
-7.865665705624251824e-01
-1.357421380828531587e+00
-8.999814917742235965e-01
-1.180598588534885085e+00
-1.159281142281932020e+00
-1.191138645936900664e+00
-1.103226667400686312e+00
-1.312712664897986325e+00
-9.605149686833538425e-01
-1.617991608486773147e+00
-1.843023270258361324e+00
-2.736499589858476078e+00
-1.307954438693626154e+00
-1.189732316795820699e+00
-1.580717068330832697e+00
-1.133138469667436254e+00
-1.299008702556752715e+00
-1.515945777068258726e+00
-2.185549528689950449e+00
-1.254642027075668631e+00
-8.003016259961660550e-01
-1.114140707007171605e+00
-1.039158580993248648e+00
-1.127548803824194534e+00
-7.728080204304909051e-01
-1.560619296550110890e+00
-1.521258833311891268e+00
-1.470873921967164932e+00
-3.075347652967369338e+00
-1.913899930622549705e+00
-1.491801222132676630e+00
-1.322177425128706618e+00
-1.283619846085705118e+00
-1.221429263045720415e+00
-1.236866425072872477e+00
-1.095977257025682272e+00
-7.168369194178302317e-01
-1.841654049584128483e+00
-1.009503227288231386e+00
-1.019409891270282698e+00
-1.963969550013330068e+00
-1.608908527971378177e+00
-1.792652147518534411e+00
-1.345249797190578800e+00
-8.936250152316755901e-01
-9.615491652810875811e-01
-1.086459099940115580e+00
-1.178312781250939745e+00
-1.139327857672640443e+00
-1.137244209756675506e+00
-2.012709066275518044e+00
-1.343370685896520644e+00
-1.199658602024860965e+00
-1.416442973092115754e+00
-1.207285362328067713e+00
-8.124649367862752936e-01
-1.903900945392371202e+00
-9.846550108248655064e-01
-1.082649676412280826e+00
-1.293694740702194146e+00
-1.599848915349139755e+00
-1.553031481376031753e+00
-1.217518713363350713e+00
-1.033952778028334407e+00
-1.836203780815035103e+00
-1.523096525692510861e+00
-2.293159570976166961e+00
-1.497460814831485632e+00
-1.416136134798216872e+00
-2.081636596904684833e+00
-1.756262622261749451e+00
-1.343731919056255997e+00
-1.310368308798427028e+00
-1.977420099554189958e+00
-2.620617996813507045e+00
-1.519568004456937294e+00
-1.584509396933992287e+00
-1.856244978293451586e+00
-1.308442218739618523e+00
-1.327073437421260271e+00
-3.462885999148410221e+00
-4.258265792903390690e+00
-2.165445806363377468e+00
-2.811488848198551160e+00
-2.468303597876743805e+00
-1.561656782557910850e+00
-1.473888403200185770e+00
-2.140556783953977860e+00
-1.408716018560318473e+00
-1.543901636600997662e+00
-9.469191620134295162e-01
-1.362085311890483208e+00
-1.381756393803259764e+00
-2.053261066566850701e+00
-1.546370037362818639e+00
-1.995155170504596454e+00
-1.132297509655311174e+00
-2.357016205953939014e+00
-1.081257924288926864e+00
-9.800250079119784408e-01
-1.842912064603819511e+00
-2.481346617472000027e+00
-1.043197556311636909e+00
-1.378361565481457163e+00
-1.174310745980790216e+00
-1.170271743503039641e+00
-1.239420490861239399e+00
-1.155622902472424496e+00
-1.580246599939300278e+00
-1.560696042656310345e+00
-1.852124589231479046e+00
-1.514014914653488031e+00
-1.155448764001844486e+00
-1.162221244988117963e+00
-1.022754645510214555e+00
-2.036134170074887173e+00
-1.067203607122260811e+00
-1.279915455188945561e+00
-1.706432611392777909e+00
-1.672705564864574557e+00
-1.080999485208887112e+00
-1.346405855920289163e+00
-1.537854046938509800e+00
-1.632847761771163864e+00
-2.436747701698921631e+00
-4.534484661411376294e+00
-2.506567538671272022e+00
-1.420613473840707464e+00
-1.657790765285776624e+00
-1.450448709218565391e+00
-1.476591636131689533e+00
-1.307311126538914570e+00
-1.855731946294453261e+00
-1.671761318348407688e+00
-2.120834890692729680e+00
-1.892211174424326625e+00
-1.592773125756337782e+00
-2.072524442934840394e+00
-2.238874573062592077e+00
-2.071929165045395926e+00
-1.296295450991591602e+00
-1.402190088318156613e+00
-1.691585965126286784e+00
-1.234407491547159452e+00
-1.932083502734241121e+00
-1.553842235664718352e+00
-1.542710129103118444e+00
-1.579081043453073985e+00
-1.668916640297560594e+00
-1.661220732078783291e+00
-1.307646008524731895e+00
-2.381609530750619097e+00
-6.921616842826076033e-01
-1.030829495883968550e+00
-1.165603959372238929e+00
-1.250179194844525776e+00
-1.861583405367053468e+00
-1.440380761670937870e+00
-1.296110846552642748e+00
-9.509064663246695748e-01
-1.418467719868087062e+00
-1.529253341318192794e+00
-1.959154338406768003e+00
-3.164612935215688427e+00
-1.805893285733363385e+00
-1.666001736719117110e+00
-1.166176393076066020e+00
-1.244388506844166020e+00
-1.491824958155063330e+00
-1.138012846122486321e+00
-1.404703163019419998e+00
-4.359861995819622749e+00
-1.299886013335593837e+00
-2.070987674537766221e+00
-1.402721729012329499e+00
-2.538871422909394937e+00
-1.842823661881061614e+00
-1.712178599784341504e+00
-1.016066411138501158e+00
-8.488606144556735122e-01
-1.842815643022703176e+00
-1.972243691491665674e+00
-1.314755985847089415e+00
-1.193237757703849988e+00
-1.483027163809550908e+00
-1.942260794973537763e+00
-2.107165735521378647e+00
-9.507894196025882261e-01
-1.612010473141300526e+00
-2.711145549833205326e+00
-1.134952973744165261e+00
-1.652484810268023407e+00
-2.791588339494163851e+00
-1.049673610384600719e+00
-1.232925257743864744e+00
-1.787291551660059152e+00
-1.275392835663907931e+00
-9.829389876538323634e-01
-6.498826845834091426e-01
-1.683400405438723046e+00
-1.074901120573776625e+00
-1.255815479951222668e+00
-1.090779362061210289e+00
-1.033143696746019025e+00
-1.493026469749314522e+00
-7.105819248356763929e-01
-1.019198764481100472e+00
-9.774963745508107316e-01
-1.854161750958774668e+00
-1.870481337420707879e+00
-1.252988006862587156e+00
-8.032545252499693200e-01
-1.935257602075052485e+00
-1.212266105324675269e+00
-1.307898489200127745e+00
-8.305007931626405826e-01
-1.033986961196983190e+00
-1.052714236228260214e+00
-8.446124202237843548e-01
-1.639267426261979299e+00
-1.235524658677783716e+00
-1.590736720345127697e+00
-1.539507186482020229e+00
-1.314507755768648423e+00
-1.347330161992840392e+00
-1.171091813725098074e+00
-1.130341579362986959e+00
-9.369566834328449945e-01
-1.351121967871318441e+00
-1.495239906788899509e+00
-9.979467643444764891e-01
-8.870095991323847517e-01
-8.880908354084354750e-01
-1.088537010118854065e+00
-9.702793828693427880e-01
-1.385434469072274410e+00
-1.496179389658889525e+00
-1.864008627863874334e+00
-2.252690017229936892e+00
-1.258344442905075855e+00
-1.574352537322962098e+00
-1.675723171967851144e+00
-1.786559738417643484e+00
-1.310154650654944408e+00
-1.382134656364473413e+00
-1.237515931278616588e+00
-1.153372425969206194e+00
-1.999513519109918258e+00
-1.570829761993123963e+00
-1.466124623950587402e+00
-1.012767900542490995e+00
-1.680186722163534263e+00
-2.447120402409063811e+00
-1.357658387095077357e+00
-8.056704365136914126e-01
-1.127762059527885885e+00
-1.118482627623899273e+00
-7.541623759748597999e-01
-1.741441891578660695e+00
-2.060883685856821135e+00
-8.448746091523176016e-01
-1.710669940697200797e+00
-1.068649889547493848e+00
-9.518186458991867438e-01
-1.261197844159706261e+00
-1.294442402846895490e+00
-8.586925123412016969e-01
-1.637229579876962493e+00
-1.004971363207439294e+00
-1.446282073743602403e+00
-1.419710897254055526e+00
-1.311043530617997277e+00
-1.752383102958643413e+00
-7.830668920733262484e-01
-1.072796440941679919e+00
-1.904793633508296002e+00
-1.414222494396712104e+00
-9.009386017527053481e-01
-9.314878864685083304e-01
-1.095527899215817502e+00
-6.067071614679395708e-01
-8.971770237270478843e-01
-9.351183169729977429e-01
-8.814066461474935332e-01
-5.037089323345617098e-01
-7.699382605198662466e-01
-1.051742387102783338e+00
-8.467480794039415892e-01
-9.019511902206519549e-01
-1.555024772784626697e+00
-1.157871429963003518e+00
-7.125559614756978855e-01
-1.247996245649552582e+00
-1.309531362471178628e+00
-7.240553590475330425e-01
-1.661553110966553337e+00
-1.020705460401868381e+00
-1.070289371280104485e+00
-1.148578501478606739e+00
-9.765648574466591070e-01
-1.447693042968343669e+00
-9.431334640592285989e-01
-7.657856991140213898e-01
-1.190835611069395839e+00
-1.150390578957081411e+00
-8.849380880108703717e-01
-9.438401420518124363e-01
-6.937158786491491869e-01
-8.372295775954705643e-01
-8.723309778809350545e-01
-1.425965643804691041e+00
-1.230186081218652694e+00
-1.375926227511358402e+00
-1.016724744228258537e+00
-9.169239801608818352e-01
-7.662964212002808528e-01
-1.208840736765355750e+00
-1.649377108069298048e+00
-1.327188821795119766e+00
-1.395177917040220761e+00
-1.351836934084944541e+00
-6.522531170711955983e-01
-1.163833781214774987e+00
-1.066034649187908911e+00
-8.370934987223896950e-01
-9.466309175647495966e-01
-1.097303187501258215e+00
-1.257362670826381645e+00
-1.053278929135885056e+00
-1.247185074675440930e+00
-7.022795270533767065e-01
-1.481632475475023636e+00
-8.137295822638858089e-01
-7.912598150119198870e-01
-8.709124476420152527e-01
-1.163716419433586058e+00
-1.009147224285247946e+00
-1.627910130397523858e+00
-5.037596153385707209e-01
-7.893152797611840965e-01
-1.056129513012775467e+00
-1.732178340094882918e+00
-1.028604041703832683e+00
-7.488856096008115193e-01
-1.762578060378774403e+00
-1.083361337326071538e+00
-8.777367751562726861e-01
-1.095006989749056636e+00
-9.483589765716327058e-01
-8.054682143280728068e-01
-1.146452204529830876e+00
-6.729299731184577027e-01
-8.168157625953462730e-01
-8.927058306780004671e-01
-9.234625667931847248e-01
-1.082848389125054878e+00
-8.839789585874949784e-01
-1.276665293329435791e+00
-1.759273404718459055e+00
-1.979791227148988586e+00
-1.023795297663476545e+00
-1.103485391389634751e+00
-9.427185139017839610e-01
-3.651094498329477966e-01
-1.409148814099831615e+00
-6.140482902437940371e-01
-8.786608436009653023e-01
-7.303990305073011502e-01
-9.783267796207295586e-01
-1.194507363008461720e+00
-6.514499722477427035e-01
-1.131116545371587012e+00
-6.710443682413919086e-01
-1.415142440839995297e+00
-8.278346945781330790e-01
-1.180137327055655661e+00
-1.303578165761154040e+00
-7.126890258228582020e-01
-9.066969791499498443e-01
-1.196966674302196054e+00
-1.255732909183354229e+00
-9.967330540325954891e-01
-9.580345996552587229e-01
-7.889592051950081730e-01
-8.449655552050361340e-01
-8.776281867042541318e-01
-1.223173014307220363e+00
-8.979665849200395566e-01
-8.938499439845617456e-01
-6.797235436911489570e-01
-7.492632690980089993e-01
-7.830100374471580249e-01
-8.812620439924099269e-01
-9.781688411054181298e-01
-8.025502973801852402e-01
-8.233706080416252071e-01
-9.453715749781981259e-01
-1.042593009016939742e+00
-1.029607382172927244e+00
-1.093176151034434884e+00
-8.278715692178317820e-01
-8.101045356202648540e-01
-7.967949483586969084e-01
-8.516608437551378419e-01
-7.614744743725084808e-01
-8.098552916420158621e-01
-6.968879486085215458e-01
-8.349131339359482373e-01
-6.122499187304533130e-01
-7.729966999373859560e-01
-7.950087167629822371e-01
-1.241698184102200342e+00
-1.305019781553853342e+00
-1.811314224476656687e+00
-1.087338763061070024e+00
-9.345859535033093080e-01
-6.546564837151895855e-01
-7.183545122234541447e-01
-1.305592483368692269e+00
-8.973139706017528860e-01
-1.088486246726197315e+00
-1.040953345512402262e+00
-7.949669194159361130e-01
-5.542941981619964320e-01
-6.048161178283293360e-01
-6.338545877488530600e-01
-9.970006043432553255e-01
-8.727016310728440418e-01
-1.110042914552034521e+00
-9.292120975994722087e-01
-1.007825224097534278e+00
-9.234354717858527239e-01
-7.357895182563225500e-01
-5.863562006149241057e-01
-9.639589727776677330e-01
-1.119050755180926560e+00
-1.308548929145211259e+00
-6.248236140935762295e-01
-1.148191231827007330e+00
-6.995376728746836026e-01
-9.948996407183023916e-01
-1.149214742572339354e+00
-1.038955607895452493e+00
-8.897615425485236873e-01
-1.063382139116908043e+00
-8.898839275713067432e-01
-1.696829198387620696e+00
-8.544785205580226473e-01
-5.796433319624371139e-01
-1.680000917701601093e+00
-6.544414990032391133e-01
-8.658312912177174026e-01
-9.274383637306508055e-01
-7.910510370746975939e-01
-9.165575253379005805e-01
-1.520662760825696180e+00
-1.139401084107038997e+00
-9.023881373540831863e-01
-8.861174632484719593e-01
-7.852424024731124996e-01
-7.523179737219016783e-01
-7.679069175846814366e-01
-7.801163747343436983e-01
-5.925772557669329865e-01
-1.106496234806498169e+00
-7.041604447341147655e-01
-7.793030681323807052e-01
-1.515737715382661888e+00
-1.484185033734530812e+00
-9.452852336933617039e-01
-7.885475817802330978e-01
-5.961642540146523395e-01
-4.444479972074509844e-01
-6.825461105465326916e-01
-7.338828306156772729e-01
-7.656798069086070413e-01
-9.778013031528135501e-01
-6.570674851432358743e-01
-1.035577011086470600e+00
-1.419583409604553204e+00
-1.747265150521930321e+00
-9.398846905354798498e-01
-8.759733509057676670e-01
-8.826257640657276804e-01
-1.255919529306856575e+00
-9.191519356743560465e-01
-8.114053235219620408e-01
-1.187041598113488305e+00
-1.225244614892855743e+00
-1.094333321867115849e+00
-6.627057007763541563e-01
-1.166412417887525477e+00
-9.546502434153416594e-01
-1.189276564221019461e+00
-8.293391140373149728e-01
-1.288125298301261434e+00
-8.821531573793843783e-01
-1.054381428895756034e+00
-7.892342988671594561e-01
-1.059894133621354761e+00
-8.631488703675435081e-01
-1.755379500583808206e+00
-2.717186521824589196e+00
-2.398209953455324062e+00
-1.247766896721409502e+00
-1.363423915733228409e+00
-8.622332830422173577e-01
-8.355591479350088502e-01
-8.149118769164975795e-01
-1.569282585987168632e+00
-2.258638938913633876e+00
-1.406906740125772881e+00
-3.258166661304381595e+00
-3.141477399244619662e+00
-7.491676670990464748e-01
-7.086351900637050116e-01
-1.269824494973572415e+00
-1.058389385321344189e+00
-1.965148631808654844e+00
-1.482314631748518075e+00
-2.136768414621967427e+00
-1.115334679230414405e+00
-1.612293364778170091e+00
-9.981729554677287730e-01
-1.887707169118717054e+00
-2.034306679468190993e+00
-1.796255089752827994e+00
-2.430244480023699527e+00
-1.227314595382915652e+00
-2.447292202920500426e+00
-1.238052531714601834e+00
-2.160708032908437382e+00
-1.910706630097597891e+00
-1.484948849163439499e+00
-1.394529363101370656e+00
-4.010076642482621523e+00
-1.092092560202917007e+00
-2.750322391310242587e+00
-9.534525455901108337e-01
-1.118942352732931633e+00
-3.165251404665537560e+00
-1.097922551798267810e+00
-1.881461115304349230e+00
-1.279919955590995473e+00
-9.195510388667237356e-01
-9.960251305958051082e-01
-1.235417934799770689e+00
-2.064481265049445735e+00
-1.562474399293228400e+00
-1.521655703107978708e+00
-2.134955655271686403e+00
-1.445235571878600522e+00
-2.241166577829667439e+00
-2.726478316793406353e+00
-3.001314786235895760e+00
-1.446670409698177728e+00
-1.065193635862785593e+00
-5.277668604319454282e+00
-1.186540973439976332e+00
-2.264203199536499511e+00
-1.192620920092673620e+00
-2.107766072195834450e+00
-1.784451474878500532e+00
-1.708760332604296828e+00
-1.516777967712349628e+00
-2.061654730883843545e+00
-1.398694540573397260e+00
-7.945103690552717257e-01
-1.912751071032015249e+00
-1.656905052723256055e+00
-3.092768672377553596e+00
-1.708620717124988309e+00
-2.036650660606251328e+00
-1.327586731763566563e+00
-8.950866333421717558e-01
-1.385924615284369166e+00
-1.320029136839622863e+00
-1.727713066891486182e+00
-1.107323782465335693e+00
-1.196981730350184403e+00
-8.209304019053890178e-01
-9.428773084540569283e-01
-1.537315904672812428e+00
-1.233923094008441801e+00
-1.048484971123171849e+00
-8.078342198884536085e-01
-7.875761428637004791e-01
-1.003454066303774761e+00
-1.341017940074635817e+00
-1.438072238208248699e+00
-7.249707407733949616e-01
-6.089943628174270263e-01
-9.021911420769016532e-01
-9.309004710840398378e-01
-9.097806604933933450e-01
-6.890623077831106169e-01
-8.871456868449598687e-01
-8.616349624694207288e-01
-7.672035604312044121e-01
-1.156863622142035863e+00
-8.341724105464755068e-01
-8.289208562880623354e-01
-7.423408214205249323e-01
-6.173932284001361070e-01
-8.024566739005716265e-01
-1.114551389394885961e+00
-8.002800843649477969e-01
-6.443698407075546530e-01
-9.809602677183897335e-01
-8.150493233303137686e-01
-1.151183741535712013e+00
-1.420570944957231685e+00
-9.945263556235404145e-01
-8.179734211309387382e-01
-1.489478794975268361e+00
-1.578211049140255007e+00
-8.549811122683128595e-01
-1.107472018710880635e+00
-1.962509351980972205e+00
-1.841348760846471366e+00
-1.373190097183761393e+00
-1.139406298244830307e+00
-1.672348949703479359e+00
-1.833129336619695016e+00
-1.421046545574668363e+00
-1.059588826443228271e+00
-1.669641830832239604e+00
-1.353427572371463716e+00
-1.845729932668899176e+00
-1.061332447409628843e+00
-8.494918219677382032e-01
-2.153789869653425004e+00
-1.040068063203441584e+00
-9.795511911700395258e-01
-7.040687480816765209e-01
-4.898957979390872741e-01
-1.422389529663482755e+00
-2.113580367845816266e+00
-7.668891001188713474e-01
-7.739477323208779902e-01
-8.148446198551596575e-01
-1.175294517512289527e+00
-1.357392174076675007e+00
-2.138240316745465552e+00
-1.225587387033684639e+00
-1.094211547374696947e+00
-1.375441756362389523e+00
-9.176304991694931301e-01
-6.274199629313326199e-01
-1.277832422975862414e+00
-2.092083854325781367e+00
-9.526897668762168703e-01
-1.550406438803745068e+00
-1.423320779794068347e+00
-9.003051995194712998e-01
-7.592976193319372902e-01
-1.288736780358246348e+00
-1.542495690732124114e+00
-1.325642732644315203e+00
-1.600171232032198798e+00
-2.182825456468712400e+00
-9.500459849764316678e-01
-1.229783212884200561e+00
-1.313825590603793891e+00
-1.225558122659625049e+00
-1.195735357674281296e+00
-1.735913784062111720e+00
-1.000153045271775065e+00
-9.840944845750769776e-01
-1.078126715676930747e+00
-1.446874726290216628e+00
-9.245164448800562429e-01
-9.723562499470321807e-01
-9.058022298602790290e-01
-1.022861482412088519e+00
-1.540138620176476625e+00
-2.404949475105688794e+00
-2.250506849740752102e+00
-6.646543642167198618e-01
-1.196562409602634380e+00
-1.439877916928026691e+00
-1.112774951041362481e+00
-1.441107168075429934e+00
-1.681078753129299885e+00
-1.297112249755852931e+00
-1.108666555811689491e+00
-1.724831828306975900e+00
-7.010105159117461238e-01
-9.195050048957562616e-01
-1.015638502576796887e+00
-2.423502868806500121e+00
-1.426653855035193486e+00
-1.228009619223630944e+00
-1.223240156498829334e+00
-1.532446136178361673e+00
-2.244331613870777176e+00
-1.257524088706207355e+00
-1.028863177763199355e+00
-8.864973794332191570e-01
-9.670253499560558241e-01
-1.926737762648007557e+00
-1.264263553814479746e+00
-9.469393193679124243e-01
-1.082607496943558179e+00
-8.578775009149955943e-01
-1.010123611932703280e+00
-6.312351236453616066e-01
-1.358064606708623945e+00
-1.477789472584680519e+00
-7.571063104491986273e-01
-7.846679668517321238e-01
-1.045440973415507235e+00
-9.160604273187774593e-01
-1.171285300402551188e+00
-8.638294142689292299e-01
-8.055002671322822883e-01
-9.799604613908470263e-01
-1.054160668877749618e+00
-6.126181265606561732e-01
-9.789775324259966105e-01
-1.121056025442269455e+00
-8.812335789997541857e-01
-1.015123529295189453e+00
-1.005272223394479747e+00
-1.264521426059353137e+00
-6.803165869287838285e-01
-6.682041312817080803e-01
-1.086643698804122593e+00
-7.851815989325208189e-01
-8.996656461220000622e-01
-7.937359267060203338e-01
-7.938516144797347351e-01
-4.607016947421846420e-01
-1.339188525960205434e+00
-6.700557619718616742e-01
-1.015643114525376367e+00
-9.927180509815827225e-01
-8.956954251120587962e-01
-6.121862072920231101e-01
-7.220294349457333505e-01
-9.733349974142986305e-01
-7.696491710704667089e-01
-5.678602940637723639e-01
-8.712207553219039058e-01
-4.858541292811022760e-01
-5.331038529224887412e-01
-9.577611308772928655e-01
-8.221854677885747087e-01
-7.289653405779347173e-01
-5.134080412520302117e-01
-8.987083518532571480e-01
-1.355679917826533298e+00
-6.039082036399372466e-01
-4.710602918532691974e-01
-7.907734170748030866e-01
-7.689908154671253326e-01
-1.455650676534682608e+00
-1.247989556139155631e+00
-1.128662706203263921e+00
-6.831382356359643193e-01
-6.768817098955310918e-01
-6.720528976169197755e-01
-1.027485214830089477e+00
-1.001597239007921969e+00
-8.444702990884007665e-01
-8.527305400005088520e-01
-1.262131396292253793e+00
-9.464565058030735001e-01
-7.509122829861454296e-01
-9.202750134616818345e-01
-7.985976871983806458e-01
-7.973298960716909134e-01
-6.956461961852672404e-01
-7.230720772382525086e-01
-5.306128420810406476e-01
-5.593098855988786200e-01
-7.178825940589856902e-01
-8.084008576850083561e-01
-6.671131887761053703e-01
-7.432858325532372135e-01
-1.633057610772435719e+00
-1.424662601555638286e+00
-9.314996365933424505e-01
-1.280811102968182125e+00
-1.027022901851154746e+00
-9.423920665404609265e-01
-8.854903499244677345e-01
-8.496531515571782434e-01
-7.473094469270176177e-01
-1.380142246685114760e+00
-1.282778101186312414e+00
-7.717829931743861449e-01
-1.239028673119721535e+00
-7.663798642039960640e-01
-6.647149321074773409e-01
-9.643011383898567601e-01
-1.000811257684083078e+00
-8.917954875189992858e-01
-1.112857077974421127e+00
-6.008059346839055292e-01
-1.045048910877879100e+00
-8.222103143254588797e-01
-7.530281959707564310e-01
-8.611921510728999252e-01
-7.349106148966292329e-01
-9.853747396960186311e-01
-6.984263075606078619e-01
-6.166659037340533889e-01
-7.558305009574238786e-01
-4.487770411198027110e-01
-1.011722779774771874e+00
-9.516809481395658299e-01
-7.868430714304889273e-01
-1.118538474798340454e+00
-2.049051330135270188e+00
-1.041556419268881095e+00
-7.932769997519297789e-01
-9.036075338083444652e-01
-7.186466137736776671e-01
-7.729003076714168197e-01
-9.081802941129984985e-01
-4.770561792441813664e-01
-8.722052717973649560e-01
-7.894152878456460742e-01
-7.792502047957491351e-01
-7.495346825700335280e-01
-8.231926360453771796e-01
-1.749886293916534274e+00
-3.768186508404972046e-01
-8.183120770861762594e-01
-7.175323413806580231e-01
-7.613182853793846183e-01
-5.192174799478248559e-01
-6.528818094970246788e-01
-7.307937212532245042e-01
-5.783684248430684960e-01
-1.251029384799560829e+00
-9.288701259046524550e-01
-8.781894490122537089e-01
-7.943644154830200588e-01
-6.947630590641987736e-01
-8.076114992295186923e-01
-8.195170699355222022e-01
-7.624626887012854182e-01
-1.453856963278973957e+00
-9.037365161156005744e-01
-9.428061322803984456e-01
-8.082236023074030884e-01
-1.029124268261955688e+00
-9.315360899346435408e-01
-8.129595805844197498e-01
-5.248732821190025266e-01
-8.375777661497013638e-01
-9.381540336517085743e-01
-5.859918822826273299e-01
-5.793313434371840653e-01
-5.782342577786235838e-01
-1.151890893988736453e+00
-8.743124743021614131e-01
-8.442696775494984429e-01
-9.847693373864110367e-01
-1.091153121648380742e+00
-5.736704254964553051e-01
-8.525871342679224307e-01
-9.882215669122473845e-01
-9.103077492512601232e-01
-5.074647412116409795e-01
-1.623622141471815494e+00
-8.253235987894016468e-01
-1.089765365145267006e+00
-1.255704034764605126e+00
-8.791896422348198792e-01
-6.074296002673180706e-01
-6.650703193063025598e-01
-7.135379066479130561e-01
-6.515850616362142134e-01
-7.692254625564367565e-01
-9.563149298200752657e-01
-1.072472647431148562e+00
-5.118413503206702408e-01
-1.521523552277390667e+00
-1.048444148232238637e+00
-5.891914795157821017e-01
-6.167456740438853613e-01
-5.003392111314176605e-01
-8.135524145070573976e-01
-7.087548254876212539e-01
-1.270382711315869662e+00
-4.685064637518934205e-01
-9.912887665715348628e-01
-5.655313337579593869e-01
-9.515577167382167634e-01
-7.687653585055759242e-01
-6.018600487675970223e-01
-7.316439729938248870e-01
-1.101191489330403561e+00
-9.606159057682178704e-01
-6.789382940027129942e-01
-5.189574926513886854e-01
-6.111098240248726832e-01
-5.314849677162054586e-01
-7.481390735589169561e-01
-6.370598295726958016e-01
-5.988928138839020310e-01
-5.896378721396847711e-01
-5.218743175963151959e-01
-4.963034173758233414e-01
-5.005619759343505892e-01
-1.600050338221162605e+00
-9.143986206293892582e-01
-7.003551591525563058e-01
-1.230735445706716114e+00
-1.166648025649709597e+00
-5.590735533235826615e-01
-6.010864384870088228e-01
-6.046367289614248408e-01
-7.175396701844178882e-01
-5.760868966506579314e-01
-6.867805980936256827e-01
-5.778416085141352410e-01
-7.757882615146055594e-01
-9.036778790692762131e-01
-1.492285505761108411e+00
-6.706590202982094517e-01
-5.010417082629472496e-01
-4.653196472082851698e-01
-9.969602777341568522e-01
-4.874284015145541327e-01
-6.398266523956942509e-01
-6.592713092957471765e-01
-1.188170397926151090e+00
-1.326660218619500009e+00
-1.088994287095679248e+00
-1.950376187302730546e+00
-7.019142921150950398e-01
-5.206259326702132872e-01
-6.635727867765404131e-01
-9.127322863871455416e-01
-6.270882367436859672e-01
-5.458535633567997980e-01
-1.190077064630256087e+00
-1.139593294831239279e+00
-5.353401872099275982e-01
-1.064430905101376279e+00
-5.975217192821158374e-01
-5.243026083294590745e-01
-8.987570939641380541e-01
-5.020556169994703222e-01
-1.053243317604543039e+00
-4.507230826677996460e-01
-6.102167440993260250e-01
-9.031644631951547542e-01
-4.924427395179785671e-01
-9.822434245833188138e-01
-6.872023203100475763e-01
-7.732819417683746144e-01
-4.994694332657530489e-01
-4.234318067375024142e-01
-7.979349236214599017e-01
-6.260099967769986451e-01
-6.939000751551828161e-01
-1.196451350759239363e+00
-6.913135356105648555e-01
-6.945882136321888112e-01
-8.598381950035871579e-01
-6.308316757248437767e-01
-9.963468627071576655e-01
-9.505678126956190743e-01
-7.795556380563785082e-01
-7.344963263090031891e-01
-8.266833658403510698e-01
-1.731663676742125180e+00
-4.335048038138516469e-01
-6.607849713453098905e-01
-1.804792251844959949e+00
-7.730666706453550585e-01
-8.448376263189530944e-01
-1.052610759995860290e+00
-8.003712377151799284e-01
-1.166431986693719391e+00
-6.051005491913056256e-01
-8.330049441042246539e-01
-6.971998640214469578e-01
-6.797351391529861120e-01
-6.447744775379239401e-01
-7.763136251803667287e-01
-1.456036651484837074e+00
-1.030369222447114597e+00
-6.916078159910494794e-01
-7.729147494380943506e-01
-3.657009341313767203e-01
-5.149901513888875959e-01
-7.495773665516642925e-01
-6.321187928516421861e-01
-4.662157031512791372e-01
-4.101202220549001187e-01
-4.739525036167159810e-01
-5.847444036459227279e-01
-6.404272517837265033e-01
-6.409301722561622228e-01
-7.102146307905999878e-01
-7.001459386758639436e-01
-1.026363210444751317e+00
-6.200041453693516669e-01
-4.442286555327601971e-01
-6.611144653115533787e-01
-6.085777086830264082e-01
-4.972640824169174967e-01
-6.981968745194546688e-01
-7.540966551255768868e-01
-8.485980011265966683e-01
-7.454585529268982214e-01
-5.106359439862657723e-01
-1.109660296231229415e+00
-7.510744988432394020e-01
-7.595385243186346669e-01
-1.044457519064387441e+00
-8.122840785996890967e-01
-5.602642428768768168e-01
-8.198026556953064148e-01
-9.442954513142058914e-01
-1.734033330249925120e+00
-6.172117283220426298e-01
-8.852826166083685999e-01
-7.555966760282332162e-01
-9.679102374427429600e-01
-8.257000105763924180e-01
-1.288288155103996413e+00
-4.675222323495362708e-01
-7.128657937198112915e-01
-6.866398005929097437e-01
-8.270193366758799014e-01
-9.089588675895480252e-01
-6.202583349156192138e-01
-5.682936393006516873e-01
-5.655184659448539986e-01
-6.868556018973348554e-01
-8.378372811050784907e-01
-9.653698929533164330e-01
-7.463538499633949330e-01
-7.672896312905503891e-01
-7.384016971824637343e-01
-8.126832225997183690e-01
-8.513187349064013087e-01
-1.241550353203115797e+00
-8.270915813526070748e-01
-3.939432936715897782e+00
-4.800087491930491446e+00
-2.142819911074601347e+00
-1.439226399169122761e+00
-5.620560177005314850e-01
-5.740162071177724590e-01
-7.826123244278364588e-01
-1.250886555476777406e+00
-1.058252468982337380e+00
-5.998194915042397435e-01
-8.937348491815163554e-01
-9.921883007114296049e-01
-7.856514412569846062e-01
-6.186081056864353167e-01
-6.461570518632996363e-01
-1.087888176845869248e+00
-9.977898493399832702e-01
-5.582070095083530026e-01
-4.855603947046778779e-01
-4.997856377188140131e-01
-4.248708371322564292e-01
-8.884271822311170519e-01
-6.769895005279807920e-01
-6.987897152735950135e-01
-8.311874045837024383e-01
-7.500207441419449728e-01
-6.192183412253873254e-01
-6.753243359305897142e-01
-4.121003805583117185e-01
-6.524117660505032168e-01
-8.900442628982683235e-01
-6.149978758456554617e-01
-1.034386344782357803e+00
-8.764136028014911650e-01
-1.101733265534875494e+00
-7.499600793962761802e-01
-1.168649423210921245e+00
-4.661531879516989108e-01
-1.445607813514910633e+00
-7.492135197641505151e-01
-1.305163539311745113e+00
-6.661384900832491018e-01
-5.602555106076031466e-01
-5.135609732216662726e-01
-5.354852141096860807e-01
-7.133466822834365617e-01
-8.039675925773404064e-01
-5.584182803354014180e-01
-5.560742031785730344e-01
-8.327817716848122664e-01
-1.204208807710357654e+00
-3.913235723654839293e-01
-7.236527802977421597e-01
-8.381404281179376525e-01
-6.500427906224025554e-01
-1.496775419780816740e+00
-4.064506706825316562e-01
-8.319765172683918353e-01
-4.840057037614165503e-01
-6.580302538764564169e-01
-6.137961194241128293e-01
-1.188390803215344960e+00
-6.986419365000308135e-01
-7.133883879440491294e-01
-7.389944178334872937e-01
-5.775727106177842574e-01
-7.382531389100701613e-01
-5.759076880678539734e-01
-5.831569792305966171e-01
-5.294388347722586152e-01
-7.123794451363122393e-01
-6.325614365014559093e-01
-6.675274455749354852e-01
-6.601559315159968300e-01
-5.862002216431986268e-01
-5.981769971950017251e-01
-5.436135233133697620e-01
-5.065657981058918624e-01
-4.559982277220661073e-01
-7.642140000009625123e-01
-6.598092495057222839e-01
-9.289594335321381680e-01
-1.623747342671861382e+00
-1.527249838213702748e+00
-6.114180315892322470e-01
-5.921129875209327764e-01
-1.058889192329255380e+00
-7.650101825147669343e-01
-7.437816502629430726e-01
-8.062799536773280762e-01
-8.535930934555918670e-01
-9.150592559488983646e-01
-7.939993278665040677e-01
-5.192278080888704794e-01
-9.975276132454545808e-01
-6.173874483515441325e-01
-1.169102852501024969e+00
-6.624265531728035228e-01
-5.920996117238722656e-01
-5.978761326191494030e-01
-9.442225211239527738e-01
-5.580493318741460707e-01
-6.043821224647667467e-01
-1.141168894443618242e+00
-4.548724416229429357e-01
-6.784805470134072092e-01
-6.901240193567078629e-01
-7.425526505368028607e-01
-8.481225979028818029e-01
-7.376846344716514459e-01
-1.013590783340190926e+00
-7.306552427139554329e-01
-7.299755519537127757e-01
-8.060791570593067723e-01
-6.901786077053576607e-01
-5.370419521140987751e-01
-1.479003217922722602e+00
-6.540882107163190629e-01
-3.106908744696690872e-01
-1.082276091837394816e+00
-3.941647914213796677e-01
-4.515333247127741312e-01
-7.390845743742578966e-01
-6.908083282296548777e-01
-1.273457055996768172e+00
-1.354210261305835772e+00
-5.176244357590195078e-01
-6.025222891410665360e-01
-5.100538020811365980e-01
-6.928582357327549568e-01
-7.821507014506768884e-01
-4.219419230489204753e-01
-1.058230757011187073e+00
-6.018657151398837390e-01
-5.986999327697284379e-01
-1.306085820104560868e+00
-1.342306575518764200e+00
-7.457016699462916121e-01
-7.408162313787954867e-01
-3.888006279778647989e-01
-7.738770615528905994e-01
-6.856169811130169434e-01
-5.094973852199312647e-01
-7.981737099654463430e-01
-1.431385066124474692e+00
-7.685788053976629897e-01
-9.621915996674240690e-01
-1.700631288601875957e+00
-9.271373434012841752e-01
-1.058371908459685873e+00
-1.232710894375713240e+00
-4.257791924252577465e-01
-4.848375782270151757e-01
-6.218892832245905833e-01
-9.793814202545091385e-01
-9.246604296138113410e-01
-6.408996327854181718e-01
-8.111362457871728049e-01
-1.030683758647492398e+00
-1.140696659120726153e+00
-6.562587353475795027e-01
-4.085512025560260607e-01
-1.810635231830559189e+00
-5.827776140530503968e-01
-5.265289992531482222e-01
-1.761631647072022355e+00
-6.861643984881520275e-01
-6.795928868008603851e-01
-6.198996427618105320e-01
-8.640879405798482793e-01
-5.934500691593328492e-01
-6.609352190673545291e-01
-4.309376562709459901e-01
-7.441197426150260030e-01
-6.216265457493329594e-01
-1.038302946821589412e+00
-9.199290662745369662e-01
-7.457527196042573747e-01
-1.000560914998285256e+00
-6.646676510671002402e-01
-2.038524466950877745e+00
-1.524856591908422043e+00
-6.781128640606349789e-01
-1.334021268712035413e+00
-7.896359201520540827e-01
-3.764946938278523891e-01
-6.802352096856734143e-01
-1.146192620394065109e+00
-7.697983514212528577e-01
-5.344814709536753750e-01
-6.155052245747834050e-01
-1.959955943950365098e+00
-8.185319011956735391e-01
-7.887537600149430173e-01
-6.850131056440388333e-01
-5.796902990998182847e-01
-8.316561687468730923e-01
-5.934136469566384520e-01
-7.491766629283468371e-01
-5.995779025375684856e-01
-6.989544190601466589e-01
-1.014468426933873069e+00
-8.741194532545375484e-01
-6.213414346740351313e-01
-3.757752062134182558e-01
-4.443598947963547929e-01
-1.725758310241436666e+00
-5.840579078215625275e-01
-5.839782735026350924e-01
-1.401434769889220444e+00
-6.516965283212878823e-01
-5.714210730058298937e-01
-6.494587898853292351e-01
-1.006462903983618373e+00
-5.265126788154594895e-01
-3.679593957812149485e-01
-6.528970448370281510e-01
-7.255781240537195753e-01
-5.413894058711218316e-01
-1.250172132113256840e+00
-5.267326796028863889e-01
-8.341842618620967098e-01
-3.962550769365403291e-01
-1.388023880879694305e+00
-2.670350196621880556e+00
-1.416623968246633725e+00
-7.335464591065132822e-01
-6.589183229263156916e-01
-8.085362467243223383e-01
-6.601139161897879859e-01
-9.469967949205494451e-01
-6.374829894828121235e-01
-4.305063960808277468e-01
-6.663522016453673480e-01
-7.000001702783252844e-01
-6.204335277311033847e-01
-9.589241749965288220e-01
-6.344495427659853082e-01
-7.878988430388292885e-01
-5.788786316528045095e-01
-1.166136096983521719e+00
-6.607631912534637220e-01
-6.915420691087059701e-01
-5.508843930747538975e-01
-7.306435211132528140e-01
-5.790044620500527373e-01
-4.888133158841915238e-01
-7.556327869585917067e-01
-6.352328958996165120e-01
-8.321139219462774239e-01
-5.355867882611604625e-01
-1.474460591471604243e+00
-7.117303717481159309e-01
-4.866265129424257596e-01
-4.201974861534826244e-01
-8.648518862287866149e-01
-5.050350431062317069e-01
-1.022671646247159449e+00
-4.914894887792751188e-01
-3.824901339267984812e-01
-4.749451156403808882e-01
-7.058830062556725737e-01
-8.795484569848601719e-01
-3.957850909049412391e-01
-8.796808825322894876e-01
-9.866599477170483468e-01
-7.554281316139761504e-01
-8.380963739668013668e-01
-4.717355703442424608e-01
-7.625718894318211927e-01
-1.357337262777177145e+00
-1.314770158844196679e+00
-7.158306999790347014e-01
-9.464191927476599542e-01
-5.362017182738028076e-01
-3.680934187454619200e-01
-3.968841323975887403e-01
-4.458258614317568980e-01
-7.584368081915352500e-01
-4.293647281160352103e-01
-6.281051843303618876e-01
-7.607683005449903391e-01
-5.080904684628174683e-01
-8.799428973403992105e-01
-5.916501499205839565e-01
-5.846688834322857353e-01
-4.754719840225692939e-01
-6.465446963742174091e-01
-8.432454119888765920e-01
-6.073028315158015555e-01
-4.267498918206609759e-01
-6.946186903059994311e-01
-5.427937687101487274e-01
-4.832120540567243494e-01
-4.692090753039786510e-01
-8.557529654804475472e-01
-5.848563396481243348e-01
-1.069008230151387462e+00
-7.906662342209278549e-01
-3.996543804761823471e-01
-1.063305949782153759e+00
-6.035370164121511838e-01
-5.321662378433416052e-01
-6.263967511414462175e-01
-1.416338257989584681e+00
-4.409768800496165486e-01
-6.290630838248509882e-01
-7.159040552319465567e-01
-6.542363281385763507e-01
-4.484533767578556263e-01
-7.614166478612877098e-01
-5.784999363235850955e-01
-5.725658883096540475e-01
-5.357787219274717794e-01
-5.113815277100739465e-01
-3.545992866657216025e-01
-5.156364996022694269e-01
-5.813744786010883736e-01
-5.110257607600696694e-01
-8.110120093245420936e-01
-8.025451237606281429e-01
-5.300362204175207426e-01
-1.786439639822736236e+00
-6.697367838603257573e-01
-4.091600916635672602e-01
-1.560787522357296897e+00
-5.665063174568060189e-01
-6.436045852948416579e-01
-6.014215108397884535e-01
-4.579257886906646369e-01
-8.031362375998677416e-01
-1.201150258499316337e+00
-4.882864054456398373e-01
-3.572521431859971286e-01
-4.420219148189916680e-01
-7.845334919101751847e-01
-1.138731488130405589e+00
-8.855072573639392042e-01
-1.124526840523635052e+00
-8.336211250797582739e-01
-1.345669632825698958e+00
-1.007111207000174202e+00
-1.735429158454370624e+00
-6.347138855862469731e-01
-6.648204109882290824e-01
-9.253932725759952405e-01
-7.906834232785403538e-01
-7.705570490950195417e-01
-5.941676976830068124e-01
-9.480399989188316168e-01
-7.098551340574801305e-01
-9.033907633327126208e-01
-3.436041356329984642e-01
-5.591323751412481391e-01
-6.762108564787561171e-01
-8.279871836744366886e-01
-4.622081196552302318e-01
-4.500216582593281056e-01
-7.443173252764571091e-01
-5.637889321180464819e-01
-9.094732116705843694e-01
-3.788399166367585336e-01
-8.580507907329010253e-01
-1.685802088423223211e+00
-1.133029003691527814e+00
-1.104455785138684920e+00
-1.018701678623661788e+00
-8.103907092125438583e-01
-6.041466928637442280e-01
-4.078202798585434663e-01
-7.243949536451819160e-01
-1.316312225775634337e+00
-5.380794984149018800e-01
-5.374456281897416199e-01
-1.662891826730523048e+00
-7.283106355555781786e-01
-4.792239655829265144e-01
-6.876208970610340199e-01
-5.667029030090873221e-01
-5.749605684880937373e-01
-6.425490481573135071e-01
-6.926848214918238655e-01
-4.395038487127178595e-01
-4.957455508995613491e-01
-1.258543547446124400e+00
-4.674971064960551370e-01
-6.381306529339187961e-01
-5.172629409569564629e-01
-1.233470580432932229e+00
-1.101607842667587933e+00
-7.054543930469334700e-01
-5.966257674849159143e-01
-5.773904328902631500e-01
-6.945795790580082674e-01
-5.324501131213305039e-01
-5.996322957083187744e-01
-5.858979643946786720e-01
-4.026391129532958524e-01
-6.072687156900130612e-01
-7.372856686212067023e-01
-1.674047501457202269e+00
-5.175254908150737077e-01
-7.541719547486630537e-01
-7.393441523040789054e-01
-1.237102533116462899e+00
-8.758074490081264596e-01
-7.275402011814056102e-01
-4.566631093820100462e-01
-3.808705805859908811e-01
-6.031075810141734994e-01
-4.397501572649805679e-01
-6.662684978423817350e-01
-3.362909509193282576e-01
-6.617090161067075149e-01
-6.503167598189341092e-01
-6.864018216061922306e-01
-8.223355411334377640e-01
-7.395812165031523389e-01
-4.703004279441672097e-01
-1.067676462622259459e+00
-7.761246488296384971e-01
-5.731736761696542004e-01
-1.383046220694097883e+00
-9.286230298673121553e-01
-7.001890272211132027e-01
-1.130643450505307568e+00
-7.124723036522162545e-01
-6.446328427015211027e-01
-1.188050579169611431e+00
-6.552337724940151542e-01
-8.096502703326988737e-01
-4.664460716534388207e-01
-2.838340563558064411e-01
-7.907840406263857425e-01
-5.665030269082476089e-01
-1.008917924584932457e+00
-6.767513760057691785e-01
-3.730953830356840140e-01
-4.545058001602690911e-01
-5.708684465958612231e-01
-1.024211430384186716e+00
-1.173752353754496491e+00
-1.296019282695583197e+00
-7.294218503512441831e-01
-8.039840535512603470e-01
-5.076910815196430393e-01
-6.012799085966028523e-01
-7.096049555337025083e-01
-4.672045672910117853e-01
-5.291572569553000260e-01
-9.524128786203780450e-01
-9.258814003582858110e-01
-6.564202009685025097e-01
-6.694151299848837278e-01
-5.726554220887185576e-01
-5.031947500173936660e-01
-6.583587624396730620e-01
-3.550015282294723962e-01
-5.992668431793407580e-01
-7.765638989713672391e-01
-3.735277874564345013e-01
-7.538536773092096022e-01
-6.768726964385806122e-01
-8.120988801099572330e-01
-1.356697071814355615e+00
-8.781798053696423523e-01
-7.790304866471795542e-01
-7.022541054594241272e-01
-7.500187058665881423e-01
-5.911832841891977441e-01
-4.540856224002626229e-01
-4.487119786789865450e-01
-1.398467369885310063e+00
-7.342494519689156673e-01
-6.017846114735905250e-01
-9.812018928352049807e-01
-7.567147752052045817e-01
-6.141191026564629674e-01
-8.757811763650554804e-01
-5.328546001125802345e-01
-6.516397914930150970e-01
-4.253234226996074341e-01
-1.741593230977379836e+00
-7.453075833347512225e-01
-8.795629266272759761e-01
-6.904144715016483635e-01
-5.767279656463215609e-01
-5.324794998258356449e-01
-1.813531002620423882e+00
-9.847663504373659338e-01
-1.216389450516643489e+00
-8.394416362771111029e-01
-7.172261117045145573e-01
-1.028669798318189166e+00
-8.949307166851603323e-01
-7.060003358416880870e-01
-1.110994414605396052e+00
-7.205599160905592493e-01
-7.714447693076462720e-01
-7.638306208784384488e-01
-7.502305374020480366e-01
-6.418119129635871944e-01
-8.402812793662931545e-01
-7.816352713249079542e-01
-6.814104606543121001e-01
-5.857033186437058392e-01
-3.722175162572353702e-01
-7.244326075335482118e-01
-4.673098434797062217e-01
-1.317420001334772550e+00
-8.625982485224917840e-01
-8.334580471655457234e-01
-8.615854476312140298e-01
-4.665293974104924302e-01
-7.936999465979085455e-01
-1.056321333546569541e+00
-5.154109662774398748e-01
-7.098255648257159045e-01
-2.042895150239706137e+00
-2.335610180689390525e+00
-7.501092943926717105e-01
-7.662960998999970297e-01
-3.999695648179811269e-01
-8.639678227276784694e-01
-3.849622707186623471e-01
-5.264044753142040900e-01
-3.900757073615304660e-01
-9.614435206467988326e-01
-9.400422941381888498e-01
-6.271447342421895277e-01
-1.156227524554754194e+00
-7.239296197211679829e-01
-4.837328391698517693e-01
-9.813937369853908965e-01
-1.599636113104132340e+00
-6.703709491303101453e-01
-5.030723007542509118e-01
-4.246351740232745531e-01
-6.380191021845073029e-01
-7.147516992506915967e-01
-8.136685834400425588e-01
-8.652242246195105402e-01
-7.667931915614056848e-01
-5.328180921680802928e-01
-7.208454234501590063e-01
-6.179556256398371916e-01
-4.600111047917334051e-01
-5.106508752407604712e-01
-1.666702745381099415e+00
-1.032385980796886704e+00
-8.696131851931589996e-01
-7.136070525621382998e-01
-7.347635100683415077e-01
-1.519541466886122461e+00
-7.409855645038363470e-01
-7.097979645695153827e-01
-5.778305908357098675e-01
-6.288346262674722187e-01
-5.636024753274443411e-01
-5.067819954404009231e-01
-8.280426946855411474e-01
-5.278072593562480597e-01
-7.238431486772941570e-01
-5.624181391573814803e-01
-7.385274408177630034e-01
-5.721124542447953987e-01
-6.572778484645160901e-01
-9.563738414805493804e-01
-1.146816400166327465e+00
-7.329391610452377082e-01
-7.173956894171723553e-01
-5.960885382118448206e-01
-3.886964139772638438e-01
-4.586965885976914126e-01
-7.181315949034910995e-01
-3.201555738834755416e-01
-8.639803295315560128e-01
-1.473160929486119208e+00
-1.094807668273359624e+00
-7.316504240777146340e-01
-1.375651013615881935e+00
-5.883460427428041095e-01
-5.027903463499311387e-01
-5.402982221783256822e-01
-5.896729998064843548e-01
-2.038066712316376705e+00
-7.494586615003806518e-01
-7.108861230062972769e-01
-7.298252660300721395e-01
-7.341948881945693506e-01
-4.994298741558126364e-01
-9.071609173370456247e-01
-8.992359371331768436e-01
-6.046026927286088926e-01
-6.541785699236595253e-01
-7.320547079723758177e-01
-7.319502707377898432e-01
-4.664157527012527948e-01
-5.768496741573578834e-01
-6.097831220886182901e-01
-8.472041183922970342e-01
-5.595578239353395933e-01
-6.753309666787247201e-01
-6.705209181403667396e-01
-4.711191686686937996e-01
-9.399821786561429748e-01
-7.997030353613024944e-01
-6.045499720164039248e-01
-1.397420450062363040e+00
-4.353110474717863387e-01
-8.792560296896689831e-01
-6.437327630882166973e-01
-6.239751484905932122e-01
-8.469895162415729262e-01
-9.311387717729255886e-01
-7.229365145087971456e-01
-7.395480156397309379e-01
-1.584917523798676120e+00
-7.171989183017292158e-01
-1.558942612232456781e+00
-7.158249956236614198e-01
-1.528228371227270399e+00
-9.768008389214907217e-01
-1.165379345181234871e+00
-5.764917976036700864e-01
-8.851246273881130389e-01
-1.582239617641015839e+00
-1.673192265010767121e+00
-1.457314880277967184e+00
-8.258867630192905374e-01
-8.257391614293090321e-01
-4.662419189092943395e-01
-1.078215039700458400e+00
-9.899479123896764987e-01
-1.114538815438766539e+00
-1.487568660042448920e+00
-5.494196936946269538e-01
-7.558119583192516311e-01
-7.330271280662313815e-01
-6.091299252162938327e-01
-9.105936991544476555e-01
-1.056920156955222012e+00
-1.666968060083843017e+00
-4.728278255764076787e-01
-4.859488593929336409e-01
-7.488061256419579204e-01
-7.873745885858196569e-01
-9.970044992495474823e-01
-7.436389351540987347e-01
-9.018039999028197862e-01
-1.354589871307425364e+00
-7.480204136138600690e-01
-7.029901451925548717e-01
-8.062254129042339956e-01
-7.749230630143737475e-01
-1.180941721118812682e+00
-8.592921857612410008e-01
-8.884973213537296077e-01
-6.541711716046337832e-01
-7.126460925329540785e-01
-7.766077570069043201e-01
-6.036335479263392756e-01
-5.207647700988340400e-01
-6.757444278467409360e-01
-5.712765463283995260e-01
-7.679717318902358203e-01
-6.451431714287577668e-01
-7.716797630180265433e-01
-8.269563133533373023e-01
-1.502320713445425060e+00
-5.341062426660646567e-01
-9.064870723966873545e-01
-5.572782466519732303e-01
-1.091833646035907046e+00
-1.681901771386370203e+00
-2.006955028168596833e+00
-1.342126103039530616e+00
-8.562692982191590918e-01
-6.815372264310292083e-01
-6.392221129719007910e-01
-1.092833709953713095e+00
-9.881627407883554204e-01
-8.427847830222926495e-01
-5.848005698537031005e-01
-4.953214150501208390e-01
-5.461266893967539060e-01
-3.645969750286607858e-01
-5.812372507272322020e-01
-6.277313906027162105e-01
-4.803816609263024118e-01
-9.586874046903850477e-01
-5.692093697866574820e-01
-7.579352548783516719e-01
-1.174638583562684246e+00
-1.630952976935675869e+00
-6.479019183966776563e-01
-1.288672229467222374e+00
-8.287233122348476311e-01
-9.869601520229334124e-01
-5.787738635322506875e-01
-6.115765665652437288e-01
-5.133731084726729232e-01
-8.742198841896868799e-01
-4.840307848062113671e-01
-8.799982714563997499e-01
-8.636641778383342682e-01
-6.442051778835156117e-01
-4.755251777808515712e-01
-6.497979411421316298e-01
-8.175981283165272284e-01
-7.205908961635059118e-01
-1.038501684339007358e+00
-9.364023326804740144e-01
-9.908409966117637246e-01
-9.873480586276178750e-01
-9.139268609747859262e-01
-7.620939897178165001e-01
-7.863988804709540759e-01
-9.088552960836442374e-01
-1.092992562558758873e+00
-7.197728114886874362e-01
-6.500816316466417888e-01
-1.049921920413118270e+00
-8.144620307974954621e-01
-1.202268686265960618e+00
-1.000140718816826535e+00
-5.664659014083763822e-01
-1.007498438070927094e+00
-8.259709314941734437e-01
-1.426856086238153853e+00
-9.564964549055285925e-01
-1.879830721175539177e+00
-8.088950664623683062e-01
-6.496525424659082004e-01
-1.543166029622701885e+00
-5.341748679492768215e-01
-1.019734013112313376e+00
-8.988716063586439375e-01
-9.562502533533944193e-01
-3.874237358164994149e-01
-9.876374341513316502e-01
-1.084553981621078966e+00
-1.000380246622159630e+00
-1.084097656339322535e+00
-1.111852938401047597e+00
-1.436576427320330307e+00
-1.856332789026270635e+00
-9.648607279685320615e-01
-1.222456113840682201e+00
-9.682994232166767246e-01
-9.186508268133894983e-01
-9.111154403670174151e-01
-9.540029528583345853e-01
-7.188690838316244003e-01
-7.160235044729726939e-01
-1.016994090446664556e+00
-9.296769720145685589e-01
-8.492192743932274190e-01
-1.868992185470299550e+00
-1.074684258813116022e+00
-5.710067473111016811e-01
-8.032744787034573619e-01
-8.601499010910218512e-01
-1.064832502981453377e+00
-2.010052446012697391e+00
-2.210546825724200026e+00
-9.909894614324875617e-01
-1.706976746541488454e+00
-1.419003670678223417e+00
-6.111927481798017370e-01
-1.403988868214343322e+00
-6.271711179721717322e-01
-1.340564809201766350e+00
-1.061507613369454095e+00
-9.550313521970079655e-01
-1.695293828126897662e+00
-1.598158320172829328e+00
-1.364686156004781381e+00
-1.634711505403316778e+00
-1.509513241566849739e+00
-8.581788090763320387e-01
-1.007611037205893956e+00
-8.739462387394828502e-01
-1.147486425134075061e+00
-1.146728013773647969e+00
-9.229391838750837795e-01
-7.894532109874378145e-01
-5.999646682546242449e-01
-9.112783445940265681e-01
-7.313365265373127366e-01
-9.186143299387380390e-01
-4.804577585144976792e-01
-6.769114672069266314e-01
-8.521482612076275442e-01
-6.859808691653471735e-01
-1.010106177900822910e+00
-6.152081206582662443e-01
-1.287215941472530822e+00
-1.077305872589086722e+00
-8.703812193091260418e-01
-1.292253846056961253e+00
-8.513712989220681981e-01
-8.465788832848367695e-01
-8.677420608880025421e-01
-7.425857048625875700e-01
-7.006818467992130817e-01
-1.385140521565052296e+00
-1.328911886141573850e+00
-8.104762287655637998e-01
-8.699756422331451633e-01
-8.015972061709542018e-01
-8.295925385909698191e-01
-8.734898326013254000e-01
-7.751221803528364207e-01
-8.655751001848225323e-01
-9.668711052801047812e-01
-7.616291328304464203e-01
-1.447323415433552141e+00
-9.457530137503811218e-01
-1.304840366264734319e+00
-1.191876612276869585e+00
-1.802265592096967906e+00
-1.381543075129408216e+00
-1.021246639245644960e+00
-1.832047139982240447e+00
-9.590689174396990202e-01
-1.000791590459637836e+00
-1.299855211653170972e+00
-5.385230335839067406e-01
-8.003618214698913214e-01
-8.034737988999883784e-01
-6.331270921602510926e-01
-8.579431967482225030e-01
-6.164569894578556530e-01
-1.041199960220153820e+00
-6.336715233180310047e-01
-4.527246720652907674e-01
-7.147352122000257824e-01
-6.070225199695441498e-01
-7.572686261424075305e-01
-8.530343115185041736e-01
-1.030404382952704312e+00
-9.234308511935291897e-01
-7.209733417303113567e-01
-7.112417010972655884e-01
-1.274325548441780365e+00
-7.117822038646851590e-01
-3.874132884217055817e-01
-5.231395193917282027e-01
-9.805538989933125782e-01
-8.624513216715020691e-01
-5.578660476561179138e-01
-5.948083091463689520e-01
-8.398410894883115985e-01
-6.891419116480915763e-01
-5.605261802091353607e-01
-6.385859912424955986e-01
-6.383549178389213985e-01
-7.788592876382459673e-01
-6.075912973051624810e-01
-9.810395499443504974e-01
-5.386807223954811485e-01
-6.525559853138320765e-01
-5.876609214751474797e-01
-5.533061181862000133e-01
-6.119872881942232112e-01
-6.388589655155366698e-01
-6.977932218028291000e-01
-9.790205687315467475e-01
-8.922124640703965603e-01
-8.235978617596829698e-01
-5.325204244238609386e-01
-7.423959266514293942e-01
-1.266194032785258328e+00
-8.126041542825372943e-01
-1.018922701004740583e+00
-6.192015976565642399e-01
-5.915643563770078828e-01
-7.978159533929252145e-01
-9.302691600936373595e-01
-6.062373075127439614e-01
-6.586158110175640568e-01
-8.629329044166154095e-01
-9.415590183563203874e-01
-1.676199148569051722e+00
-7.588955360404536776e-01
-7.054099293554310091e-01
-7.013021070773514110e-01
-1.027558709774578860e+00
-8.864218438572634140e-01
-1.421949519625620884e+00
-8.484804635248904825e-01
-9.315367079149986518e-01
-7.518412896173908289e-01
-8.032963148440098733e-01
-6.484839262055965836e-01
-6.602917937222642086e-01
-6.246584587198774630e-01
-7.558947600304004588e-01
-8.548847692483482197e-01
-1.107957583707462001e+00
-8.422946376551095904e-01
-8.869974282684437439e-01
-9.583635970078403510e-01
-7.664852547351773682e-01
-7.727090795289500713e-01
-9.014264369957738499e-01
-7.682667753907496122e-01
-8.310767474250325693e-01
-5.382040571747273017e-01
-9.376095131584030185e-01
-5.791258022379112136e-01
-5.631701171946164042e-01
-6.926601442101609774e-01
-6.668039066899463796e-01
-7.226690168383174129e-01
-8.772374754176337497e-01
-5.083136944829453885e-01
-6.777832080394257108e-01
-7.822473842105684971e-01
-7.287434672237305122e-01
-4.962381939309353784e-01
-4.061648021494408956e-01
-5.326274963155414044e-01
-5.715071131641046298e-01
-8.099305120071247366e-01
-5.822767519961864480e-01
-5.515197837429922645e-01
-7.661189730909467865e-01
-5.176043591247310172e-01
-6.771335733248482480e-01
-1.255887984015592540e+00
-6.337729810204300041e-01
-7.406198835856632190e-01
-7.545008364191428951e-01
-5.272009786984723778e-01
-7.526282201477514366e-01
-1.231657360009057900e+00
-7.767676279685746810e-01
-6.391551076380743712e-01
-5.539267284149406168e-01
-7.678501892241785809e-01
-8.834719109559578953e-01
-1.063039279982285645e+00
-1.119548499405951025e+00
-8.435271685993485091e-01
-1.059764069854557622e+00
-1.735747901529797188e+00
-6.054679378086640362e-01
-3.753917681091227254e-01
-9.122966257908954324e-01
-4.165154737679118702e-01
-8.400353959613061638e-01
-8.688826080228559956e-01
-6.355747070434165646e-01
-4.131708337276092102e-01
-6.259347113801727591e-01
-5.053488681413353945e-01
-5.576163734489539836e-01
-4.675155723372526606e-01
-6.488614409728911125e-01
-5.995385227515062088e-01
-9.353444989411224819e-01
-1.052799122221988348e+00
-9.278073680567994197e-01
-8.496367154220709761e-01
-5.945987969229200587e-01
-7.658233405630956447e-01
-5.338033870069118780e-01
-5.914322393206258299e-01
-9.288270982250526053e-01
-9.431461363159339140e-01
-1.081731461508228298e+00
-7.657183862905043714e-01
-7.564435107480262932e-01
-8.517960333562073494e-01
-6.904111353504805981e-01
-6.039939753702041614e-01
-8.210590717973765829e-01
-1.690880815082237865e+00
-6.388950444354786207e-01
-8.290754679369184421e-01
-8.560357277730001879e-01
-7.161989161384317848e-01
-3.373709039466830095e-01
-7.587621625568579109e-01
-6.316541562565261003e-01
-5.554685163156428684e-01
-7.399251620281204200e-01
-8.877492704641037902e-01
-6.227570912992764773e-01
-5.441191119571573420e-01
-7.027257661993526749e-01
-7.146904108159357616e-01
-1.218280181921706617e+00
-2.890444215429785135e+00
-9.202039227192320148e-01
-7.730739472527002887e-01
-6.582465299826933958e-01
-5.142141645972934105e-01
-7.107721187596810486e-01
-9.086776557189455428e-01
-1.580823499631951234e+00
-7.091279889552346560e-01
-7.239226286023744406e-01
-7.887542573423454995e-01
-7.171523228208362966e-01
-4.849667220171476889e-01
-5.692882374839932647e-01
-7.211032246589945682e-01
-4.891708802398762601e-01
-1.467584078674006864e+00
-6.890590210964735451e-01
-5.384281782346165279e-01
-5.995663267215313175e-01
-6.298862515250329697e-01
-7.391041237427420363e-01
-7.961841160334830469e-01
-7.875377503028589965e-01
-9.991978580086838813e-01
-6.565837973760542123e-01
-7.550605836060597653e-01
-6.931269285039963757e-01
-1.037551929247083393e+00
-5.145349394627958262e-01
-7.245393959228998426e-01
-4.887994259436044819e-01
-7.966408724630116289e-01
-5.952784582789730772e-01
-8.265570729449730480e-01
-6.265742398431302096e-01
-6.727823454338468512e-01
-6.067321917073797977e-01
-7.904235145896244541e-01
-8.210043911142683726e-01
-3.107547132747894847e-01
-6.471742917819844898e-01
-7.227899963377102388e-01
-8.665188875651311795e-01
-6.451006316527142515e-01
-6.442668729150432538e-01
-6.428266287584238903e-01
-7.736847831039348478e-01
-6.675348528376183754e-01
-6.413267401581870253e-01
-5.762698114774482683e-01
-5.957620929546235677e-01
-6.202649255981040888e-01
-6.348362306772008523e-01
-5.168053188642816043e-01
-6.618396881175326874e-01
-9.603583702961784319e-01
-4.685291209781690669e-01
-5.342641591884399466e-01
-7.019470914898161551e-01
-6.660384357493843721e-01
-5.830323408531051799e-01
-5.847252527487434293e-01
-1.246357592741754061e+00
-8.626152988006338118e-01
-1.836127593512824729e+00
-1.062186519960868880e+00
-9.849758621443489570e-01
-6.722068159396054066e-01
-7.294806748545639152e-01
-2.121836180247533399e+00
-8.805940086117481913e-01
-1.446039493622624184e+00
-2.012466386885184200e+00
-6.662503881754490154e-01
-8.943054996923132105e-01
-4.617176372868040390e-01
-5.610014985646932795e-01
-1.629999443416982441e+00
-4.595183716438023813e-01
-5.548775818720088626e-01
-5.844687691905902094e-01
-6.066044043021744381e-01
-1.477861348086371374e+00
-1.213107145451237656e+00
-8.912540044985339804e-01
-1.044793415153607574e+00
-1.204783997193131340e+00
-1.084784677996486479e+00
-7.230785206565754075e-01
-2.164720050102304949e+00
-9.397856910919734075e-01
-8.192998228940588934e-01
-1.390867905021093476e+00
-5.438033283446482846e-01
-7.927769585283132026e-01
-6.996519805960776939e-01
-6.768531450343302502e-01
-8.776373074342138647e-01
-9.245930025228104032e-01
-9.078167743771402565e-01
-7.727529171957018272e-01
-1.292161825167821299e+00
-7.655214617321736137e-01
-1.065291373161871835e+00
-8.624454605447432476e-01
-1.318416902085134401e+00
-9.604536774135676858e-01
-8.890839879284616609e-01
-8.446919659111855605e-01
-1.704267345064739647e+00
-1.288904864006766182e+00
-8.861571664866668696e-01
-6.593774106104579591e-01
-7.989695392272341268e-01
-1.037338418956606167e+00
-7.866292694309769962e-01
-6.867568871474490910e-01
-1.480025397657330988e+00
-8.546264756115861116e-01
-7.439262775084237722e-01
-4.705399711635749882e-01
-6.885368865521908077e-01
-7.125048034900078875e-01
-6.283345728810770803e-01
-5.970336834732437037e-01
-5.490395322481754770e-01
-7.701564183754024961e-01
-7.928024498342755022e-01
-1.022149948130559594e+00
-1.212228349706530262e+00
-6.007497863633902702e-01
-8.884819771936927069e-01
-7.247754886300084021e-01
-7.426029966849435615e-01
-7.897643547252217733e-01
-4.726810407454449248e-01
-5.549635379042787697e-01
-6.420562989608011861e-01
-6.370173621021473220e-01
-1.214636473157428398e+00
-6.760084249795561551e-01
-9.489622531009611617e-01
-1.122018342925814594e+00
-1.050671910398242703e+00
-1.673078300335938629e+00
-7.774223304087746200e-01
-6.407098523642300592e-01
-7.094516919309565850e-01
-7.840633801432473904e-01
-5.652812782649541123e-01
-5.131014517679416409e-01
-1.016842699155949825e+00
-1.040799310158742053e+00
-8.019772960837997511e-01
-9.355330112196191816e-01
-8.552794059228311374e-01
-6.707060113751298625e-01
-7.783641799381211257e-01
-5.709466393344642121e-01
-1.866661398180038622e+00
-8.047951437949512066e-01
-1.289293220014501529e+00
-6.927415983759851459e-01
-3.856278331992044062e-01
-1.012291959614166625e+00
-7.025978021828268583e-01
-6.796699784220106011e-01
-5.688376573977294015e-01
-8.503177977072164939e-01
-7.217837578054632219e-01
-1.498559134495588863e+00
-1.021747995418104793e+00
-1.227353033050767372e+00
-1.867942151832062248e+00
-8.151950167363036792e-01
-1.570079589797032993e+00
-9.785049698183968525e-01
-4.959901034634572881e-01
-1.056877786071910075e+00
-7.257130905591316905e-01
-4.933275276222041650e-01
-6.165519700521697732e-01
-6.884785172157472655e-01
-8.241644765986904098e-01
-1.833778145215058553e+00
-1.046232252081868319e+00
-6.939073524361272227e-01
-4.327695214100845678e-01
-7.232371555603245294e-01
-5.891261669749721097e-01
-9.429090253760648022e-01
-5.726551427614753331e-01
-5.101302001780083639e-01
-4.183289619951605642e-01
-4.210937364459534926e-01
-7.889486945990452638e-01
-5.707192744460896083e-01
-1.202638600554343240e+00
-1.000362811333315394e+00
-9.267725168693548010e-01
-1.597542032099237508e+00
-9.833666124758909666e-01
-5.039354302745496783e-01
-4.961028634725349051e-01
-1.617199439437656316e+00
-8.611398491077442152e-01
-6.918548645430049326e-01
-6.842704709109208583e-01
-1.447669850710447736e+00
-5.450866745454241435e-01
-6.497356018722175719e-01
