-1.600080095309597183e+01
-2.049205120671279445e+01
-1.854910959860337272e+01
-1.237444743570726047e+01
-2.549894860478013925e+01
-3.568836859288055052e+01
-3.009099402386107869e+01
-4.333207062335115722e+01
-1.244022919041888287e+01
-1.495134639250928998e+01
-2.921561637353210727e+01
-1.867352673754540859e+01
-2.261091901082179945e+01
-3.120180347931513509e+01
-2.850620332434858994e+01
-2.832102642098235989e+01
-2.975073139038195080e+01
-2.355344433626124356e+01
-1.959166282168309792e+01
-1.318413188951111970e+01
-2.209427559905820360e+01
-1.442999163475876401e+01
-1.839844145226359728e+01
-2.239879423537764325e+01
-1.840090014832607324e+01
-1.275503448578667509e+01
-1.909953910238126085e+01
-1.201936576459771366e+01
-1.683391849087422187e+01
-1.419983035578403019e+01
-1.569316624311809427e+01
-1.069676301418731867e+01
-2.008394687623865238e+01
-2.042813350870027378e+01
-1.035681596095964885e+01
-1.281527484683402385e+01
-1.680621262130874172e+01
-1.799781421580011553e+01
-1.718345840252328571e+01
-2.155001754056529251e+01
-1.117922841977246762e+01
-1.327634740515784451e+01
-1.443385337373932487e+01
-1.802380374458216750e+01
-8.612484809293407650e+00
-1.184885730492947609e+01
-1.182750073586655937e+01
-8.798485365312703976e+00
-7.811356467919511104e+00
-9.576209200665177335e+00
-7.623441510955020206e+00
-7.922151740591171887e+00
-8.286630458019004664e+00
-8.603347568763435760e+00
-5.745284327244155165e+00
-6.106318852772789185e+00
-1.548405189812524263e+01
-1.680252128838918324e+01
-7.843436847498519882e+00
-8.171665866813128787e+00
-1.180320049836983287e+01
-1.309358932341429771e+01
-7.081712758086950998e+00
-7.188954884544319412e+00
-6.078099870933121096e+00
-4.665872739492286314e+00
-1.402194512903787249e+01
-1.075664861387898341e+01
-1.037258342402049571e+01
-1.141960657203528484e+01
-8.425799891070031578e+00
-8.360580447120165459e+00
-1.163970545830654935e+01
-1.162156614353382444e+01
-6.573536157809433789e+00
-6.208435265831868222e+00
-1.300329262439567124e+01
-1.900068688164569508e+01
-8.184701279056456613e+00
-6.657305756673128627e+00
-9.912547934878210398e+00
-1.137788072889454227e+01
-1.628855968858210090e+01
-1.827311319617349739e+01
-1.328095807027272279e+01
-1.134820482895573690e+01
-1.226228010324468798e+01
-1.029598000895217780e+01
-1.106715373941188751e+01
-1.550652034698767423e+01
-5.745371467089261941e+00
-4.545944527100767019e+00
-1.707215364010139425e+01
-1.386851699584019926e+01
-9.355642375611903816e+00
-1.254904986460368832e+01
-8.653343148131122931e+00
-1.018021768714593556e+01
-8.905742542842013165e+00
-6.134864859592390474e+00
-1.788911818566759493e+01
-2.080103284314791878e+01
-7.157127497001679828e+00
-6.197836801371263249e+00
-9.645570708659642278e+00
-1.037709833040185359e+01
-9.256715174007563718e+00
-8.559150735411503064e+00
-1.566569610877647989e+01
-9.805692145683067906e+00
-1.559560627313914871e+01
-2.289712538078577353e+01
-1.028402765648476169e+01
-1.029876274499265243e+01
-9.847823806657055812e+00
-1.081891414918246497e+01
-9.680511112768675375e+00
-1.062663313785832919e+01
-8.977841612660297343e+00
-9.078352506499797414e+00
-1.769281299350500447e+01
-1.119664779567586699e+01
-1.525823193519238430e+01
-9.977526146547685215e+00
-1.911490063802165906e+01
-1.853849290679901429e+01
-1.134565023784806037e+01
-1.057947782290931293e+01
-1.269365210139396360e+01
-1.050736693716356385e+01
-9.382859426957839588e+00
-8.645641928177921542e+00
-2.406127160864483727e+01
-3.255021603889297666e+01
-3.765322785303295916e+01
-3.267260181037921996e+01
-4.281205627829121596e+01
-3.788140712271236765e+01
-3.886230246188662818e+01
-2.398980487156522656e+01
-4.637965285825930550e+01
-3.344410394556919641e+01
-4.032885691492133162e+01
-5.752609084526887528e+01
-3.505776844492831401e+01
-5.043600775241844048e+01
-2.697950904102783909e+01
-1.542799431146337952e+01
-2.023587014601050171e+01
-1.447209029562288585e+01
-1.560727845121085799e+01
-1.618656657065456628e+01
-7.361044933520846101e+00
-9.386187506541137537e+00
-2.382948888053454084e+01
-2.156663318498447168e+01
-2.436867369733405653e+01
-2.154505661841318087e+01
-1.899369666972657100e+01
-2.694063036958230839e+01
-1.826293232575829961e+01
-2.179925169062578760e+01
-8.989157045231195298e+00
-6.469191991765658400e+00
-7.930649609250121301e+00
-8.216489543937999684e+00
-1.190636757395468059e+01
-1.049660218245185028e+01
-6.511320520480360585e+00
-7.947651136602875255e+00
-8.974877854141229960e+00
-1.029047769675883472e+01
-1.402935508042654789e+01
-1.834169522008897601e+01
-1.455201936723930700e+01
-1.115736027159652366e+01
-1.219175754523684319e+01
-1.027798681879727027e+01
-9.277424821717849213e+00
-1.095575978500840186e+01
-7.954878451729719302e+00
-5.590596967105915027e+00
-9.209008044662690295e+00
-6.765411497208807745e+00
-7.298099644500821270e+00
-6.876721548444644228e+00
-7.608772489935262229e+00
-7.809175638673442776e+00
-1.128583310253315197e+01
-7.860500346553553896e+00
-8.058202112653873428e+00
-4.732999527349260660e+00
-1.010115413005413565e+01
-6.982201280257379850e+00
-1.138223361797842692e+01
-8.640208075523203135e+00
-1.123689744821387215e+01
-1.285105201274595998e+01
-1.506916384627500705e+01
-1.938936801946016431e+01
-1.326436098814062348e+01
-1.113464886126531006e+01
-1.081476558061856252e+01
-1.243118390652886696e+01
-6.638289245136215655e+00
-7.776301871662381515e+00
-1.380914235939437162e+01
-1.128681570945009582e+01
-9.958650093184282071e+00
-7.801663801766578032e+00
-1.226785861456690796e+01
-9.245909104343617457e+00
-8.089573393383870936e+00
-9.213482731558615413e+00
-7.418385777365541500e+00
-8.594398182749321435e+00
-9.089352166863944760e+00
-6.372510796917103093e+00
-6.981293343852030375e+00
-5.840275536149754032e+00
-7.969202723020908152e+00
-6.309786105175454907e+00
-8.385845964264047936e+00
-7.900988437997188640e+00
-7.874505044249827890e+00
-7.862708132592787891e+00
-9.942726981945085640e+00
-1.184932214821693286e+01
-6.676483326355194592e+00
-8.110491558500379838e+00
-7.155291609689633958e+00
-6.817886067699289399e+00
-7.706798850598445938e+00
-5.856682911201286146e+00
-8.735481384043422892e+00
-9.392292754891732542e+00
-9.649152088851908005e+00
-6.721825581066475763e+00
-7.301792666050495484e+00
-4.519620871898800019e+00
-7.635580742793679931e+00
-5.957479872541206589e+00
-1.247362029207543443e+01
-1.502808138837117546e+01
-8.396944169782239342e+00
-6.205715571860725532e+00
-1.432712125738171594e+01
-1.386720375143450390e+01
-6.583423247639514031e+00
-6.554558357191430318e+00
-8.619784189527772256e+00
-9.293718728430121701e+00
-6.180424564167966039e+00
-5.801242777669365580e+00
-1.179512310141316433e+01
-9.073152500871092485e+00
-6.154653515594974422e+00
-5.237884697851050042e+00
-7.661932618970482167e+00
-1.100242058107521714e+01
-6.723622300061972368e+00
-5.784341447125624924e+00
-5.943054747728110598e+00
-6.335453907634107651e+00
-7.848439084008928646e+00
-7.961613807732309311e+00
-9.213209787296928965e+00
-9.950647079720555510e+00
-7.001413326264588122e+00
-7.394874320532432321e+00
-8.131667853624668041e+00
-1.095542778224900538e+01
-4.866514544619240823e+00
-5.232120967433372627e+00
-5.081444116882702033e+00
-5.036274078181431690e+00
-6.289600068057646709e+00
-7.841698433010904523e+00
-4.416146294802731020e+00
-4.416128024679410125e+00
-4.723323733929546187e+00
-7.091156562583980971e+00
-6.201410968702592896e+00
-7.242913929633752801e+00
-5.007744049568010780e+00
-5.378948189081865117e+00
-5.182305406413926896e+00
-4.581035257806044925e+00
-4.416128024679410125e+00
-5.839417522152697160e+00
-5.789637512034428113e+00
-5.735453667976075920e+00
-6.634003278729155184e+00
-6.828088082500221034e+00
-5.247272419444293234e+00
-6.559369969643594089e+00
-6.212006497289442208e+00
-4.958633927664360286e+00
-5.674036941760752129e+00
-5.708165664510950421e+00
-6.542687603281690301e+00
-4.791695304608362349e+00
-5.568665724958834495e+00
-5.664527747197872998e+00
-4.456812607400188142e+00
-4.505268802419194252e+00
-8.897531927867692758e+00
-1.158329125850259622e+01
-6.303984228095607989e+00
-5.418318648618817512e+00
-8.647091249143272762e+00
-9.388663871667450422e+00
-8.319052978917760299e+00
-7.318553865079502785e+00
-6.600899162222569672e+00
-5.585643771334938279e+00
-6.823809764767768016e+00
-4.864783698082385754e+00
-6.819986554877159435e+00
-4.526789887583129612e+00
-1.180433456844580142e+01
-1.601243173725046276e+01
-5.763869929333441888e+00
-5.739224021994612457e+00
-4.416128024679410125e+00
-5.307600169378467569e+00
-4.454717624411495436e+00
-4.991427081733032622e+00
-4.416128024679410125e+00
-4.785911876761836936e+00
-1.197527997460559135e+01
-1.249985090507417418e+01
-6.310655290458971223e+00
-6.866791782224709095e+00
-1.087785500336686262e+01
-1.232728949651706429e+01
-5.406685690189441118e+00
-5.010843436171882104e+00
-1.001241124769685342e+01
-1.241033106502082717e+01
-5.778621339096389420e+00
-6.272324568156955493e+00
-7.907098398897872471e+00
-8.386097805121798032e+00
-6.341259205894548501e+00
-8.665402778223326052e+00
-5.286565195681729890e+00
-6.242577976151276076e+00
-4.745881189776678610e+00
-5.647033423512528572e+00
-6.348546094395979722e+00
-5.132144529097203645e+00
-8.517699508784831508e+00
-7.878813782085458683e+00
-4.416128024679410125e+00
-5.925673936407532594e+00
-4.660750440608507184e+00
-4.902647715567828968e+00
-6.407577900258365489e+00
-6.637141353715978909e+00
-9.055091357452528911e+00
-7.414082952090485179e+00
-5.819737127543556099e+00
-8.270918791659465086e+00
-1.054322031541239468e+01
-1.101427934339318782e+01
-1.007429864527433416e+01
-1.257758577785317122e+01
-5.587824449504321223e+00
-7.499160864668690252e+00
-1.182925745611658641e+01
-8.625346409426283500e+00
-9.964094468395176207e+00
-1.432929979916239382e+01
-1.001823328221831488e+01
-1.048003705019730525e+01
-1.297736670313315521e+01
-9.505509895261857523e+00
-9.031755614243166974e+00
-7.637063258010050149e+00
-1.213722343974440676e+01
-1.353177870816267792e+01
-1.758741850603428603e+01
-2.289741217446755073e+01
-2.387382643516913916e+01
-2.076318357428478834e+01
-1.657271371778944413e+01
-1.124069770934689316e+01
-1.975196673904514810e+01
-1.199249028807983741e+01
-1.059616052736225811e+01
-8.996482270700207451e+00
-1.952157586470993422e+01
-1.328513520941451986e+01
-2.048517393417313670e+01
-1.493790822556881892e+01
-2.293312722864746078e+01
-1.493173778049802536e+01
-2.017839192226027123e+01
-2.385100585129838890e+01
-1.723594702020881542e+01
-2.036008336624707837e+01
-1.596575520194087083e+01
-2.227119713625001651e+01
-8.156461823032879366e+00
-5.894916295257033312e+00
-1.324408435870116918e+01
-1.402790526403821403e+01
-9.483264355449126271e+00
-8.134391820496686520e+00
-1.208450530543087353e+01
-1.632659548807365013e+01
-1.259050889124411654e+01
-8.045308227831258208e+00
-1.450918552637713432e+01
-1.557481403950712107e+01
-1.469507632689998822e+01
-1.918710992636366086e+01
-9.138761274931200163e+00
-7.814521426702702556e+00
-1.032707278417707997e+01
-1.201003366099593173e+01
-1.335255323397475280e+01
-1.056906918457194955e+01
-9.310201057008749004e+00
-8.180092981781823980e+00
-1.554356827980796929e+01
-1.228583591997921332e+01
-1.359954610212746040e+01
-1.494230254660064361e+01
-1.589443870955873628e+01
-1.449739685220538732e+01
-1.680824381045406923e+01
-1.887802178610562720e+01
-1.087771244761716893e+01
-1.438658324739549954e+01
-1.178238231200433539e+01
-9.253270603423160878e+00
-1.843160703658523047e+01
-2.371223168496151956e+01
-1.931551318770397430e+01
-2.250420642012228356e+01
-1.639694620771322775e+01
-1.898538125209898553e+01
-2.132771584708579837e+01
-2.588881375128807605e+01
-2.089573645398794355e+01
-2.475294438347028603e+01
-1.864739888091580511e+01
-1.790786737974438481e+01
-1.863277669262926750e+01
-1.773087332787555326e+01
-1.643520112983947357e+01
-1.486144582384556578e+01
-1.672116939502910071e+01
-1.546629293202696331e+01
-1.885671215016092361e+01
-2.317802409559154597e+01
-1.896525804350079270e+01
-2.162602935669403692e+01
-1.605680191147280311e+01
-1.630350331221846005e+01
-2.004351903468903373e+01
-1.969179081416239541e+01
-1.877622409073317655e+01
-2.368492873708062163e+01
-1.712041870317395365e+01
-1.665582469128391452e+01
-1.887812639437010986e+01
-1.567864919839098903e+01
-1.883534993174891170e+01
-1.837968166934351544e+01
-1.803988245434705107e+01
-1.702677363795467258e+01
-1.594781581856313046e+01
-1.461314125592634028e+01
-1.789568236879941665e+01
-2.101804789518647709e+01
-1.788070485833787160e+01
-1.777236551554659627e+01
-2.005464063294795451e+01
-1.464367610866841041e+01
-1.594471700403416037e+01
-1.974568543162905954e+01
-1.710303176976121264e+01
-2.191851441187334615e+01
-1.576454015363428418e+01
-1.619721725173466709e+01
-1.315239371201643159e+01
-1.490487234651679493e+01
-1.327523162307319282e+01
-1.552529903342544593e+01
-1.877869297151056571e+01
-1.450149972651732178e+01
-1.709448383939671245e+01
-2.285034490402147611e+01
-1.486512546455969463e+01
-1.794655707589300064e+01
-1.448381084541779806e+01
-1.520295487211883056e+01
-1.542871836282551001e+01
-1.690041113995960131e+01
-1.427592771989780829e+01
-1.365312915268042815e+01
-1.515633189849905094e+01
-1.135029796022055493e+01
-1.450884353494110357e+01
-1.389969616161991794e+01
-1.391959436963835728e+01
-1.381429328390557210e+01
-1.565671852621429316e+01
-1.261887902848782872e+01
-1.513878739116323047e+01
-1.666844651827566892e+01
-1.290763679575066725e+01
-1.211972721957881483e+01
-9.122312804857362067e+00
-9.452518822219628802e+00
-9.564374089905673060e+00
-1.006114813198039215e+01
-1.434725757805003354e+01
-1.370563500125692613e+01
-1.164832379283227937e+01
-1.069953541988355816e+01
-8.295507413276579811e+00
-8.542968080220292748e+00
-9.130184361975683061e+00
-9.577470036796281505e+00
-9.238662137282258158e+00
-8.182163749597638258e+00
-1.117956639723505141e+01
-1.261858616308155590e+01
-9.307484298259101507e+00
-9.295239278829901863e+00
-1.029077623967064170e+01
-9.850491046366155246e+00
-8.431966643204740208e+00
-8.509100473021808497e+00
-7.285562717838466540e+00
-9.027781257288710393e+00
-1.162100971205357247e+01
-1.116032896664748542e+01
-1.057768797815295514e+01
-9.776247233266065706e+00
-8.366749095704829386e+00
-8.641499178111738289e+00
-8.787308254388676687e+00
-1.079331539574027943e+01
-6.689795816667492900e+00
-8.264871405621661893e+00
-6.006193623663893533e+00
-5.596905936351690869e+00
-8.817073248365860039e+00
-8.838739630172677053e+00
-7.343086643753910181e+00
-8.200343760880945965e+00
-8.338395810001530961e+00
-8.417646287035857711e+00
-7.128032492701946055e+00
-8.949599378022659479e+00
-7.251860927307781424e+00
-7.767834833657097704e+00
-7.699851847810769812e+00
-8.560793408000538562e+00
-8.224179145630552412e+00
-6.758938259681587013e+00
-8.438102649119134213e+00
-8.578869280178436085e+00
-7.447263311365302840e+00
-6.874299923794447764e+00
-8.390117261500662948e+00
-8.686021801623430960e+00
-1.181747461430538060e+01
-1.194118018595783681e+01
-9.991293925077853189e+00
-1.037256894991082135e+01
-1.721278956804405880e+01
-1.997570338510353949e+01
-1.534174340098380540e+01
-1.098150271026911895e+01
-1.648144593865433194e+01
-1.581695410277803404e+01
-1.558619973102807421e+01
-9.992051273724637639e+00
-1.578847977498291044e+01
-2.128005639508474545e+01
-1.263659880005782910e+01
-9.051917909424540554e+00
-1.521638137955360648e+01
-1.760968696439515213e+01
-1.486139742647203121e+01
-1.125092910960992398e+01
-1.461325306694417669e+01
-1.825004587880118834e+01
-1.078051620920714448e+01
-1.321762029986988196e+01
-1.264649577815422532e+01
-1.353187517359571856e+01
-5.938398736982618331e+00
-5.986650495679359807e+00
-8.981530925487199113e+00
-6.705059175739281230e+00
-1.036970836680070285e+01
-1.103591457590063030e+01
-8.318236243234713001e+00
-1.151760397212318487e+01
-1.450981777851063548e+01
-9.019071641358751279e+00
-1.189130870601123036e+01
-1.032574247707665016e+01
-1.282380055247046791e+01
-9.165946442195194166e+00
-1.394116203718982661e+01
-1.539821391685768681e+01
-1.178105016849874254e+01
-1.480996729895265673e+01
-1.136221643995576791e+01
-9.841647746181026335e+00
-1.086537453607883208e+01
-7.151711268484930883e+00
-1.071175486321840786e+01
-1.075233106057823385e+01
-1.062692732617081504e+01
-9.922246891354749465e+00
-8.067626717384413837e+00
-6.458264700904447153e+00
-7.056196445896517844e+00
-8.012782182369813100e+00
-8.690391123490112335e+00
-1.026199052879796980e+01
-8.884768641032914971e+00
-8.878972692741218253e+00
-1.027407010827129952e+01
-9.673372615584636236e+00
-1.335806525771104702e+01
-1.016981945953910582e+01
-1.177004052110915033e+01
-1.438943032890007068e+01
-1.333704370709449449e+01
-1.334138880655167014e+01
-9.996832130083486589e+00
-1.078044209325269520e+01
-6.517173566237829618e+00
-5.960864760454761324e+00
-8.074456276665557652e+00
-7.178503223087963292e+00
-1.027324495571897067e+01
-9.839641519312339213e+00
-8.127628697899218935e+00
-6.320195226044489800e+00
-9.341809804203988321e+00
-9.688878239321367047e+00
-7.897921892468305671e+00
-7.200775104376397451e+00
-7.640805639093292356e+00
-8.138804750797413945e+00
-8.531629799718150053e+00
-7.674255544790412387e+00
-6.032890821881704113e+00
-6.417351277615352956e+00
-8.112208408175549224e+00
-7.533152709542743963e+00
-8.252962795374543248e+00
-7.650457155226034089e+00
-7.441671272933648495e+00
-8.258320476145476263e+00
-7.567350723226713427e+00
-7.296034796343416673e+00
-8.135605672404670585e+00
-8.649264845913130273e+00
-1.297090111470601315e+01
-1.408541890599471458e+01
-9.135903261430025069e+00
-8.281344403613962513e+00
-7.705614708393090595e+00
-8.566007589400213007e+00
-9.377275194588660767e+00
-1.037127743668832203e+01
-9.749326414946420272e+00
-9.903036819131994406e+00
-1.043974031100016120e+01
-1.037159348179976526e+01
-1.049978108586463676e+01
-1.266342417029461842e+01
-9.367884968344537100e+00
-7.953838509127306722e+00
-7.502816897216572301e+00
-6.694096406450336545e+00
-8.325059926280200528e+00
-7.384417780115695606e+00
-7.652631032914834819e+00
-6.688172506035103382e+00
-1.362309669431781423e+01
-1.446492653943447770e+01
-1.031112551174329539e+01
-1.119916820742548325e+01
-1.212502834253302630e+01
-1.500802596415412538e+01
-1.058580133619991592e+01
-9.352522866937729162e+00
-9.874597532934499711e+00
-1.119555052988594390e+01
-9.660348588215352805e+00
-9.640262799648892766e+00
-1.055597471320466951e+01
-1.087133798863986733e+01
-1.518778376563085786e+01
-1.771228211078195613e+01
-1.094290192621657631e+01
-1.200088177442568771e+01
-8.477322648361845125e+00
-8.328640479404741725e+00
-8.420895179076781645e+00
-8.218173579752393820e+00
-7.915440049805903655e+00
-9.445590346443966112e+00
-1.105313084587243289e+01
-1.088024877797627177e+01
-1.039450050061478947e+01
-1.091405372257992035e+01
-1.045294978686184173e+01
-1.092259243356028620e+01
-1.103656528954955540e+01
-1.013199198547203927e+01
-1.202863229714425231e+01
-1.365591666734602683e+01
-1.234055394244258963e+01
-1.155889525330611178e+01
-8.764129495942011516e+00
-9.938716661812122766e+00
-1.264212658799821476e+01
-9.852275665604077304e+00
-1.019750128485232210e+01
-1.231909575458687023e+01
-1.130320340095087062e+01
-1.109808402160078700e+01
-1.074956563407785382e+01
-1.047018825979960788e+01
-8.664836076471537751e+00
-1.017585284900084552e+01
-1.181986169379760376e+01
-1.512383710100067979e+01
-1.049790755858288982e+01
-1.034009883189210655e+01
-8.545106065592301903e+00
-9.282051129147703250e+00
-1.078873944410506880e+01
-1.176683897019924530e+01
-1.142200209889377760e+01
-1.282644390901714537e+01
-1.001880502005489504e+01
-9.381685196738635213e+00
-8.440736977932434826e+00
-1.016736296188530986e+01
-1.105699831982945192e+01
-1.042346913116883300e+01
-1.042165692979130931e+01
-1.237378176341539593e+01
-1.049942705420585831e+01
-1.048020614549831642e+01
-1.011752032986730221e+01
-1.047898394481628159e+01
-1.215402873858420563e+01
-1.360916673425724532e+01
-1.124241984633794011e+01
-9.440237540307309771e+00
-9.968442603680522041e+00
-1.049538438672705709e+01
-1.028119942552259225e+01
-9.938751042798781299e+00
-9.505173380794985860e+00
-8.941735941770383889e+00
-1.011615362266825358e+01
-9.402770406643815804e+00
-9.320028404650745557e+00
-9.592338681247648324e+00
-9.665102006718694128e+00
-9.469486571092646798e+00
-9.349851546008041581e+00
-1.053233461887279532e+01
-1.029141724073536857e+01
-9.232515848603650710e+00
-9.301448924641270821e+00
-9.311855842259950222e+00
-9.789053225427299054e+00
-1.031862550585980642e+01
-1.030711614471824156e+01
-1.176253400801733484e+01
-8.598574637587880432e+00
-9.088591863574283281e+00
-9.938383720943319233e+00
-1.033620102795895157e+01
-9.123069558976464322e+00
-9.124058303122142277e+00
-8.980740833875376694e+00
-9.949505388820316654e+00
-9.853741396692791810e+00
-9.816964886124265988e+00
-8.882530020090541711e+00
-1.038987451325960620e+01
-8.988652788665989490e+00
-9.994097766871501420e+00
-8.495690509835778670e+00
-9.677091324713536835e+00
-8.682934794742017459e+00
-8.619539697364093200e+00
-9.482456645571458509e+00
-1.025729029496173794e+01
-1.037118866478046364e+01
-1.141305722198132422e+01
-8.300455809418622266e+00
-9.277591443483618860e+00
-8.331538935158675940e+00
-1.019824696936931296e+01
-8.226668311906756514e+00
-8.926736248647676675e+00
-9.776064117914515350e+00
-8.182275502994267313e+00
-9.225689658981908181e+00
-8.530327185835020032e+00
-8.869550700593460846e+00
-9.053180686072197503e+00
-8.866526669854533083e+00
-9.212826420829488328e+00
-8.348875980486937465e+00
-7.772835135525536288e+00
-9.823379829850022560e+00
-9.399612624384257487e+00
-9.390939505656378472e+00
-8.608022446606538480e+00
-9.644171392417096200e+00
-9.275161815525649445e+00
-1.033431029657958433e+01
-1.182074809678640470e+01
-9.562953462917652914e+00
-9.653596442839488034e+00
-9.408460422351806685e+00
-1.095251240865613163e+01
-8.745981321794806362e+00
-8.805510161507482891e+00
-9.060573147087700008e+00
-9.172969819523684620e+00
-8.292690363612113202e+00
-8.452398563086232386e+00
-9.326831550827931139e+00
-1.020898948835261066e+01
-8.616233149209699960e+00
-8.396137684306562932e+00
-8.363103706441858520e+00
-9.708930584991470880e+00
-8.813283334102766986e+00
-9.365943947636006683e+00
-8.630453995332327821e+00
-8.715015614827219537e+00
-9.999945848177979713e+00
-9.135095366454116572e+00
-8.938683695791290518e+00
-9.680639752938995812e+00
-8.024408013247773752e+00
-7.911963856391281524e+00
-9.757668358740984260e+00
-9.288360400365448299e+00
-8.006217172406845606e+00
-7.993804585486900649e+00
-9.875618510796087435e+00
-1.030466461507795373e+01
-1.018534887810267797e+01
-9.723167534285074964e+00
-9.539027624177931486e+00
-9.274058665313214433e+00
-1.052755756775601981e+01
-1.004511538356744893e+01
-7.936755137927093529e+00
-8.385098569889091635e+00
-8.721709699959157902e+00
-9.914166107918370940e+00
-9.958471740913704906e+00
-8.928164187126087725e+00
-1.093989738974318193e+01
-1.057069140979888999e+01
-8.533211657284095253e+00
-8.376427518988407428e+00
-9.896376668002533350e+00
-9.235502284297128384e+00
-8.642747404482140183e+00
-9.392257456205978627e+00
-8.153224173315322787e+00
-7.580550624289070782e+00
-9.442252992583464177e+00
-9.443455023304737850e+00
-9.086883768460461752e+00
-8.329806097098877871e+00
-8.275703821848853892e+00
-7.663711677576650061e+00
-9.121897816185494889e+00
-9.129679492894295478e+00
-9.514521092247152367e+00
-8.521003406300138749e+00
-1.067070198273222204e+01
-9.554002533492884197e+00
-8.510629906650795107e+00
-7.557386258012048330e+00
-8.426666839994730651e+00
-1.064663042882555111e+01
-1.022772269983602733e+01
-8.981427150862577591e+00
-1.010673611935106564e+01
-9.532868325019073552e+00
-8.302565545795300039e+00
-9.022962837185092511e+00
-1.014731060414547947e+01
-7.655433674030641455e+00
-1.125673204754351531e+01
-9.715107792882461624e+00
-8.395578825627758590e+00
-1.007453156139081329e+01
-8.029485692057289015e+00
-8.518426158722698815e+00
-8.500665472817846791e+00
-8.725070417790552924e+00
-7.412349932383586193e+00
-8.087956009035995208e+00
-9.528820680618617089e+00
-7.693225616951693269e+00
-7.987696025062989591e+00
-8.469092434290892868e+00
-9.867079076896184020e+00
-1.121544438781943498e+01
-1.104227095902322020e+01
-9.952940900899617915e+00
-8.962352672252549723e+00
-9.593449945548659485e+00
-1.024719704401335818e+01
-9.262443064664092063e+00
-8.374126927876114124e+00
-9.657506321925776405e+00
-9.675595705095076937e+00
-1.065399358164549959e+01
-1.073672921874884700e+01
-9.849766973847577489e+00
-9.833146023034533556e+00
-9.274927809353158636e+00
-9.913065427215345338e+00
-8.859351335269208150e+00
-8.169233009744370833e+00
-9.687605270679810587e+00
-9.005489200336134203e+00
-7.752294083491761967e+00
-8.852992663727659917e+00
-9.760432716131658637e+00
-9.653851413237655166e+00
-1.027050298187517896e+01
-8.637523920045737214e+00
-7.832297838970227133e+00
-1.002295734059659793e+01
-9.775006552181023878e+00
-1.505772430353501257e+01
-1.652857318386963215e+01
-1.121099824969878611e+01
-1.091727334858326692e+01
-1.257722512493882761e+01
-1.201581470257958451e+01
-1.456988811054864463e+01
-1.373070206472208099e+01
-1.068650319783195535e+01
-1.022652471472597036e+01
-1.268418089480155686e+01
-1.345286209466093119e+01
-1.151992561733980303e+01
-1.036386697684634939e+01
-9.863161768499182358e+00
-8.905302016816481370e+00
-9.306214636638229010e+00
-8.755493536575132296e+00
-1.113111710195400761e+01
-9.781701019690059340e+00
-1.008351105166464023e+01
-9.596562513954035367e+00
-1.030066550839483774e+01
-9.411557973788815090e+00
-1.070921406424401034e+01
-1.092795156208304341e+01
-1.059811206477179368e+01
-8.500194390467280314e+00
-9.642994021761186474e+00
-8.703142645447220715e+00
-1.011456993720332598e+01
-1.060962653871632533e+01
-9.866514491646784180e+00
-9.410458963540133226e+00
-9.117403316150440418e+00
-8.639178492804834519e+00
-1.049181182078603136e+01
-8.795906108585228367e+00
-1.017460445518631396e+01
-8.592600412852787528e+00
-9.562570726479370009e+00
-9.248927649569740339e+00
-1.025487187701245517e+01
-1.044706724293479461e+01
-1.085539845134643144e+01
-1.085784624935829257e+01
-1.032494070637456218e+01
-1.023552025942099597e+01
-1.258257135133881555e+01
-9.638521201766941715e+00
-9.587307597309553842e+00
-1.027937830906802397e+01
-1.077482774537259047e+01
-1.017313684498942017e+01
-1.128859605164153379e+01
-1.065639159003318781e+01
-1.200641676865513752e+01
-9.939829474921255681e+00
-9.709493764637826985e+00
-1.228532000317558470e+01
-1.149748463485553529e+01
-1.029079003363560219e+01
-1.190377287883174873e+01
-1.036175726652122542e+01
-1.368138631228745972e+01
-1.484355762250680044e+01
-1.430611378386513977e+01
-1.257433774567208573e+01
-1.428207783647843598e+01
-1.209973360868908010e+01
-2.037471877906049400e+01
-1.522916153077171586e+01
-1.482060234009996336e+01
-1.975818136532406655e+01
-2.073750076447671375e+01
-1.628732909522131322e+01
-1.629123267859483093e+01
-1.504638557647873220e+01
-1.271908285116588644e+01
-1.024427488145943421e+01
-1.221640819983192650e+01
-1.122035968439644549e+01
-1.103275735654167100e+01
-9.703235366503395909e+00
-9.962699645731724729e+00
-1.147785935916084199e+01
-1.140339771731555096e+01
-1.135498011999868773e+01
-1.052787127611565232e+01
-1.100120720369500837e+01
-1.091876437673495381e+01
-1.333282051873178276e+01
-1.149984126902685233e+01
-9.487570148498658540e+00
-8.937386465877690256e+00
-9.651155587471697217e+00
-9.406427046814117787e+00
-9.558348363190122043e+00
-1.044199935893343500e+01
-9.459995019660258464e+00
-9.987106122696626898e+00
-1.036170734908336577e+01
-9.822695884037809577e+00
-8.242602036818988509e+00
-9.529153958562538662e+00
-9.956996875183371287e+00
-8.140887662526951729e+00
-9.248542972200706203e+00
-9.112746536665429886e+00
-1.022914443434950371e+01
-8.594025433793653690e+00
-9.488265718326299947e+00
-9.357249667450739494e+00
-1.005744384584745887e+01
-9.441764662822945908e+00
-1.010082911827068131e+01
-1.174034976650498407e+01
-1.231833264462779987e+01
-1.115814891953455934e+01
-9.370918083875395155e+00
-9.458477279471216193e+00
-9.530785241189922985e+00
-9.574407048530250819e+00
-8.979893882315838738e+00
-8.972502944446818063e+00
-8.528056295498329220e+00
-8.624990999134318770e+00
-9.410662157730069310e+00
-8.301748993364533646e+00
-7.544098663342793998e+00
-8.557576135078960533e+00
-9.595304045740178367e+00
-9.275589064172498510e+00
-9.732895943733984367e+00
-8.247999012105822203e+00
-9.641086610851548500e+00
-9.500736722609483209e+00
-1.026400358236786658e+01
-8.983527759403674651e+00
-9.481442432720804447e+00
-1.083266037230136725e+01
-1.007834911272354184e+01
-9.382338699879323229e+00
-9.636390720848575953e+00
-7.969375959639174667e+00
-1.015355449540236954e+01
-8.681126060618550966e+00
-8.831747760063622721e+00
-8.071851030891640022e+00
-9.142861520699405276e+00
-8.717866050052236915e+00
-8.785202275386918558e+00
-7.362298832210319333e+00
-8.933561387270811949e+00
-9.049734198805172269e+00
-8.001440678321531053e+00
-9.279755373942471408e+00
-9.429528072391624605e+00
-8.038548969384780918e+00
-9.294365721322877860e+00
-9.025717834938140172e+00
-8.235137082773501760e+00
-8.859908554826184002e+00
-8.160141855970506342e+00
-8.388696774211243934e+00
-7.685282248263007432e+00
-8.167881483055278835e+00
-7.665317158431150801e+00
-8.452075229901852893e+00
-7.511619196777006735e+00
-9.078190894311187975e+00
-8.613866421987827593e+00
-8.473111879116750345e+00
-9.744381109274492303e+00
-8.618566802753379719e+00
-8.748743635451930345e+00
-9.169038414298521289e+00
-7.334522441282206984e+00
-7.962868308444951637e+00
-8.122211957317736264e+00
-8.243533178143902518e+00
-7.810742013985999321e+00
-7.812440341236648322e+00
-8.577815296689237812e+00
-8.489212114302899792e+00
-8.044115947549332901e+00
-7.101128024679411510e+00
-7.093628024679411226e+00
-7.220237352048938462e+00
-8.155670900204173179e+00
-8.791328223020720145e+00
-7.565543465387628785e+00
-8.007915286542587552e+00
-7.677029987303635394e+00
-8.292657119036224600e+00
-8.189996681930418632e+00
-8.353503479605283388e+00
-7.948325550163222175e+00
-8.593262171699814544e+00
-9.623303888602908529e+00
-6.996128024679411084e+00
-7.335632368351202359e+00
-8.262538745168244603e+00
-7.935530351786299619e+00
-7.300689359364030295e+00
-6.958628024679411439e+00
-7.901208269703953846e+00
-8.277979706738571863e+00
-8.197022145936173843e+00
-7.179363708449542969e+00
-6.921128024679410018e+00
-6.913628024679411510e+00
-8.864214701678868380e+00
-6.957042680287340630e+00
-7.211653590401578384e+00
-7.462101720987693199e+00
-7.797751602954921424e+00
-8.146129679779203769e+00
-6.861128024679411297e+00
-6.853628024679411013e+00
-8.524446479250263664e+00
-7.369088292556416064e+00
-6.831128024679410160e+00
-6.823628024679409876e+00
-7.538849651084643000e+00
-7.178384368696862694e+00
-6.801128024679410800e+00
-6.793628024679410515e+00
-7.689531204427378697e+00
-6.806487254747120019e+00
-6.771128024679411439e+00
-7.806411895290079173e+00
-7.240689320928098027e+00
-6.885575045802644567e+00
-6.741128024679410302e+00
-7.447595500045995465e+00
-6.726128024679411510e+00
-6.718628024679411226e+00
-6.711128024679410942e+00
-7.505928100681302340e+00
-7.181505720796408809e+00
-6.768456978816296044e+00
-6.686259113639565044e+00
-8.474807491548583371e+00
-6.666128024679411013e+00
-6.658628024679410728e+00
-6.822557931153497179e+00
-8.525225370450325357e+00
-7.182876466818687078e+00
-7.212877472568811399e+00
-7.223354507715036732e+00
-6.613628024679410800e+00
-6.830194890405071106e+00
-6.859763372506495926e+00
-6.591128024679409947e+00
-6.830972885957875107e+00
-6.576128024679409378e+00
-6.568628024679409094e+00
-6.663518464487141912e+00
-6.553628024679410302e+00
-6.882899794856044196e+00
-6.538628024679409734e+00
-8.227322834245683225e+00
-9.059669698688177064e+00
-6.516128024679408881e+00
-6.508628024679410373e+00
-6.501128024679410089e+00
-6.643895641458060553e+00
-6.526383632881499253e+00
-6.478628024679409236e+00
-7.408698540799464993e+00
-7.064587255972607949e+00
-6.456128024679410160e+00
-6.448628024679409876e+00
-6.686264635242171295e+00
-6.433628024679409307e+00
-6.426128024679410800e+00
-7.694297653264847270e+00
-7.451811538283976688e+00
-7.365914768262179280e+00
-7.184282157760099707e+00
-7.778941927672709866e+00
-7.091416968443009949e+00
-6.373628024679410586e+00
-7.265839509741242708e+00
-8.529537048853118364e+00
-6.888500355275564146e+00
-6.343628024679409450e+00
-6.616685283030191655e+00
-7.285642056010731338e+00
-6.669238495389373966e+00
-6.313628024679410089e+00
-6.696791067115873020e+00
-6.298628024679409521e+00
-7.482839803095000519e+00
-6.739683639904603396e+00
-6.868692329430434285e+00
-6.599882991852762615e+00
-6.261128024679409876e+00
-6.253628024679409592e+00
-6.559855159202829356e+00
-6.238628024679410800e+00
-6.585897623594556549e+00
-6.223628024679410231e+00
-6.216128024679409947e+00
-6.950765884833153052e+00
-6.413330783724877193e+00
-6.680344538326291826e+00
-6.186128024679410586e+00
-6.178628024679410302e+00
-6.835505658601245926e+00
-6.163628024679409734e+00
-6.906422733749579379e+00
-6.158388231213224984e+00
-6.565205233113278638e+00
-6.133628024679410373e+00
-6.126128024679410089e+00
-6.415049723102223211e+00
-7.136635306723128735e+00
-6.833638969145875208e+00
-6.452401029607052863e+00
-7.160945732987805457e+00
-6.423777507381366547e+00
-6.073628024679409876e+00
-6.066128024679409592e+00
-6.058628024679409307e+00
-6.051128024679410800e+00
-6.043628024679410515e+00
-6.036128024679410231e+00
-6.028628024679409947e+00
-6.679516956846342168e+00
-6.013628024679409378e+00
-6.146723169051314883e+00
-6.786171477536708352e+00
-6.587258262400544240e+00
-5.983628024679410018e+00
-5.976128024679409734e+00
-5.968628024679409450e+00
-5.961128024679409165e+00
-5.953628024679408881e+00
-7.381857516696213040e+00
-7.410198492773488965e+00
-5.931128024679409805e+00
-6.827751208152077922e+00
-5.916128024679409236e+00
-5.908628024679408952e+00
-5.901128024679410444e+00
-5.893628024679410160e+00
-6.138313506527182994e+00
-5.878628024679409592e+00
-5.871128024679409307e+00
-6.051159682581429777e+00
-5.856128024679410515e+00
-5.848628024679410231e+00
-5.841128024679409947e+00
-5.833628024679409663e+00
-6.270650780908054500e+00
-6.015465018148713483e+00
-6.205442513056350862e+00
-5.803628024679410302e+00
-6.038897544881848489e+00
-5.922310814414663227e+00
-6.650405056464974152e+00
-5.773628024679409165e+00
-5.766128024679410657e+00
-5.941879499062851622e+00
-6.880899694861010829e+00
-6.619216454336989131e+00
-5.736128024679409521e+00
-5.745283026077315114e+00
-5.721128024679410728e+00
-6.042923445649714509e+00
-6.814500419536960507e+00
-6.336729231287486996e+00
-5.691128024679409592e+00
-5.683628024679409307e+00
-5.676128024679409911e+00
-5.910520947879549070e+00
-6.303484831748038530e+00
-5.653628024679409947e+00
-5.646128024679409663e+00
-5.638628024679409378e+00
-5.631128024679409982e+00
-5.623628024679410586e+00
-5.717561250098027514e+00
-5.608628024679410018e+00
-5.601128024679409734e+00
-5.868878452351790287e+00
-5.824456855055707649e+00
-6.823843068236000065e+00
-5.571128024679410373e+00
-5.563628024679410089e+00
-6.754187411977301991e+00
-5.910063567773541138e+00
-5.992248008090582445e+00
-5.533628024679409840e+00
-5.526128024679410444e+00
-5.518628024679410160e+00
-5.991663638889569654e+00
-6.219406446626177143e+00
-5.496128024679409307e+00
-5.827382368555122483e+00
-5.807456469851430825e+00
-7.192751821952700908e+00
-5.466128024679409947e+00
-7.038499557026922204e+00
-5.451128024679409378e+00
-6.374619729531131540e+00
-5.436128024679409698e+00
-5.446454547148062986e+00
-5.667804793380103234e+00
-5.926779539012466458e+00
-5.790450321992732796e+00
-6.050911056205567462e+00
-5.391128024679409769e+00
-5.383628024679410373e+00
-5.376128024679410089e+00
-5.368628024679409805e+00
-5.361128024679409521e+00
-6.979883798297809250e+00
-5.975408843068519715e+00
-5.712329238946940890e+00
-5.331128024679410160e+00
-5.478139771435047933e+00
-5.316128024679409592e+00
-5.908764398568852272e+00
-6.907781026989580297e+00
-6.575960345366191007e+00
-6.545511093686469550e+00
-5.785519397726437418e+00
-5.645494272543622571e+00
-5.263628024679409378e+00
-5.795532271540437819e+00
-5.248628024679409698e+00
-5.241128024679410302e+00
-5.489549297821803009e+00
-5.500929228854902320e+00
-5.535029212025762035e+00
-5.211128024679409165e+00
-5.203628024679409769e+00
-5.196128024679410373e+00
-5.188628024679410089e+00
-5.285782771136073421e+00
-5.173628024679409521e+00
-5.166128024679409236e+00
-6.124383812919035108e+00
-5.891500269769116116e+00
-7.359956440496386421e+00
-5.136128024679409876e+00
-5.128628024679409592e+00
-6.077883900157367236e+00
-5.532768335849036490e+00
-5.106128024679409627e+00
-5.120469606350967595e+00
-5.699950544214685166e+00
-5.083628024679409663e+00
-7.633218566320238097e+00
-9.012338961468284282e+00
-5.588492355794123512e+00
-6.481755975970548533e+00
-5.046128024679410018e+00
-5.038628024679409734e+00
-5.031128024679409450e+00
-5.023628024679410053e+00
-5.829417565125032397e+00
-5.008628024679410373e+00
-5.863393774307416706e+00
-6.085992243315908823e+00
-5.084226460700923766e+00
-5.215291911679709180e+00
-4.971128024679409840e+00
-5.013363498694001663e+00
-4.956128024679410160e+00
-5.459647186033744326e+00
-5.557878054862499084e+00
-4.933628024679410196e+00
-5.195219160414656479e+00
-4.918628024679410515e+00
-4.911128024679410231e+00
-4.903628024679409947e+00
-5.757976223281266570e+00
-5.335724668130358950e+00
-4.881128024679409982e+00
-6.609816792903288274e+00
-5.439394454035614501e+00
-6.363143373597251795e+00
-5.634064653466431594e+00
-5.832531656529722497e+00
-4.836128024679410053e+00
-4.828628024679410657e+00
-4.840981831586933737e+00
-5.495791334791151783e+00
-4.806128024679409805e+00
-4.798628024679409521e+00
-4.791128024679410125e+00
-6.414170101976610638e+00
-4.878000492618787653e+00
-5.296801949095004680e+00
-5.162098871439307679e+00
-5.114848631887003449e+00
-4.816258905167700277e+00
-4.738628024679409911e+00
-4.731128024679410515e+00
-4.723628024679410231e+00
-4.716128024679409947e+00
-5.971205558527485024e+00
-5.411543392663576313e+00
-4.693628024679409982e+00
-5.685783371974856948e+00
-5.665581462775751476e+00
-7.307992352047516960e+00
-5.152527413114723842e+00
-5.200060653522503351e+00
-6.736987950024323268e+00
-5.437179382570251462e+00
-5.669300099796553027e+00
-4.626128024679410089e+00
-4.618628024679409805e+00
-4.986865679401977225e+00
-5.080359400457933994e+00
-4.596128024679409840e+00
-4.588628024679410444e+00
-5.766553605498815571e+00
-4.677717405170334963e+00
-4.566128024679409592e+00
-4.558628024679410196e+00
-5.224906286119740173e+00
-5.330479023657327176e+00
-5.826804165143389724e+00
-6.197174172135962777e+00
-5.220623443476325676e+00
-4.513628024679409378e+00
-4.506128024679409982e+00
-5.304744351516149869e+00
-4.843801720827872970e+00
-4.483628024679410018e+00
-5.476472097087757618e+00
-7.239842730508254220e+00
-5.704804167855524355e+00
-4.453628024679409769e+00
-4.446128024679410373e+00
-4.438628024679410089e+00
-4.689971040303436034e+00
-5.888739255467774214e+00
-4.416128024679410125e+00
-4.416128024679410125e+00
-4.416128024679410125e+00
-6.071068292954134193e+00
-5.065028817401411310e+00
-5.241802917449791543e+00
-4.762660188220918300e+00
-5.471270827729544095e+00
-4.416128024679410125e+00
-5.477912664857926828e+00
-4.471040271454786108e+00
-4.416128024679410125e+00
-4.416128024679410125e+00
-4.705584289059006053e+00
-4.416128024679410125e+00
-5.193052160522006133e+00
-4.416128024679410125e+00
-4.416128024679410125e+00
-4.416128024679410125e+00
-4.416128024679410125e+00
-4.416128024679410125e+00
-4.416128024679410125e+00
-4.689070838149657305e+00
-4.416128024679410125e+00
-4.416128024679410125e+00
-6.605631850216372669e+00
-5.143434235061203452e+00
-5.164808286240999635e+00
-5.593534249187721130e+00
-6.186488129200844455e+00
-4.416128024679410125e+00
-4.416128024679410125e+00
-4.879518323820889236e+00
-5.125632272753071206e+00
-4.416128024679410125e+00
-5.407756353650713166e+00
-4.921824187368409653e+00
-4.416128024679410125e+00
-4.416128024679410125e+00
-4.416128024679410125e+00
-4.416128024679410125e+00
-4.416128024679410125e+00
-4.416128024679410125e+00
-5.855025147101272864e+00
-5.127731406742478626e+00
-5.005766905110183629e+00
-4.416128024679410125e+00
-5.069430044551338277e+00
-4.416128024679410125e+00
-4.654587648183001747e+00
-4.711043846772035693e+00
-4.416128024679410125e+00
-5.895522021821063774e+00
-4.758420407072579295e+00
-5.518983744843542816e+00
-4.465636120738870396e+00
-4.416128024679410125e+00
-5.568696803240133164e+00
-4.416128024679410125e+00
-4.416128024679410125e+00
-4.416128024679410125e+00
-4.416128024679410125e+00
-5.045431830178227273e+00
-4.572876207697474271e+00
-4.479572908566664680e+00
-4.416128024679410125e+00
-4.416128024679410125e+00
-4.416128024679410125e+00
-4.709664844960371965e+00
-4.678775595818736477e+00
-4.416128024679410125e+00
-4.561776879790838457e+00
-4.416128024679410125e+00
-4.834537805790299458e+00
-4.416128024679410125e+00
-5.670629391514502515e+00
-4.416128024679410125e+00
-4.971601335632759522e+00
-5.121148151386134550e+00
-4.416128024679410125e+00
-4.416128024679410125e+00
-4.416128024679410125e+00
-4.799578615633062206e+00
-5.246718767918151727e+00
-5.748362571055954717e+00
-4.837566693052982814e+00
-4.416128024679410125e+00
-4.416128024679410125e+00
-4.775690042861384654e+00
-4.831926869951246317e+00
-4.764254304442488319e+00
-4.498606276370275658e+00
-4.520734512425714335e+00
-4.416128024679410125e+00
-4.589502385787789684e+00
-4.515328356145757560e+00
-4.472201075692648686e+00
-4.416128024679410125e+00
-4.752233999184581670e+00
-4.416128024679410125e+00
-4.870048269644420280e+00
-4.585758081694784494e+00
-5.091873443900744256e+00
-4.416128024679410125e+00
-4.416128024679410125e+00
-4.416128024679410125e+00
-4.498238004385350486e+00
-4.461446004681656419e+00
-4.828775455678579576e+00
-4.416128024679410125e+00
-4.416128024679410125e+00
-5.016348453672360819e+00
-5.416791146304738902e+00
-5.097321346389228403e+00
-5.730814332069684269e+00
-4.804340034617985644e+00
-6.209970581924482147e+00
-5.024405790503671199e+00
-4.714029093306567830e+00
-4.416128024679410125e+00
-4.684460041406635966e+00
-4.416128024679410125e+00
-5.356809866076002180e+00
-4.416128024679410125e+00
-5.098963165661346331e+00
-5.252108206514936484e+00
-4.416128024679410125e+00
-4.653578937062300191e+00
-4.416128024679410125e+00
-5.447020273824401571e+00
-4.659121949258498319e+00
-4.416128024679410125e+00
-4.630865264195858089e+00
-4.739181624329176223e+00
-4.416128024679410125e+00
-4.416128024679410125e+00
-4.663399245756757239e+00
-4.416128024679410125e+00
-4.416128024679410125e+00
-4.416128024679410125e+00
-4.510759148061125323e+00
-4.416128024679410125e+00
-4.416128024679410125e+00
-4.660981340282665641e+00
-4.416128024679410125e+00
-4.416128024679410125e+00
-4.416128024679410125e+00
-4.481623249695653399e+00
-4.491394873074696648e+00
-4.416128024679410125e+00
-4.416128024679410125e+00
-4.416128024679410125e+00
-4.593522183946185500e+00
-4.416128024679410125e+00
-4.464600944931568449e+00
-4.900542473782135033e+00
-4.416128024679410125e+00
-4.456680939228627736e+00
-4.416128024679410125e+00
-4.802329046462274320e+00
-4.416128024679410125e+00
-5.008014721448216022e+00
-4.416128024679410125e+00
-4.640656175297216635e+00
-4.416128024679410125e+00
-4.416128024679410125e+00
-5.049128613736245441e+00
-5.581208030635814055e+00
-4.416128024679410125e+00
-4.416128024679410125e+00
-4.416128024679410125e+00
-4.954904506568206912e+00
-5.449409137461589836e+00
-4.623887367950390015e+00
-4.580245517056393822e+00
-4.416128024679410125e+00
-4.416128024679410125e+00
-4.416128024679410125e+00
-4.416128024679410125e+00
-4.484532463405178859e+00
-4.416128024679410125e+00
-4.416128024679410125e+00
-4.416128024679410125e+00
-4.416128024679410125e+00
-4.416128024679410125e+00
-4.416128024679410125e+00
-4.516534549710817359e+00
-4.416128024679410125e+00
-4.416128024679410125e+00
-5.926761065063486100e+00
-4.416128024679410125e+00
-4.416128024679410125e+00
-4.416128024679410125e+00
-4.949003031864970481e+00
-4.416128024679410125e+00
-4.416128024679410125e+00
-4.868847800524353175e+00
-4.416128024679410125e+00
-4.599142860205029493e+00
-4.431378557540170959e+00
-4.416128024679410125e+00
-4.416128024679410125e+00
-4.416128024679410125e+00
-4.416128024679410125e+00
-4.900973943083973161e+00
-4.416128024679410125e+00
-4.416128024679410125e+00
-4.629250586515182064e+00
-4.416128024679410125e+00
-4.416128024679410125e+00
-4.416128024679410125e+00
-4.416128024679410125e+00
-4.416128024679410125e+00
-4.675145134522827206e+00
-4.416128024679410125e+00
-4.416128024679410125e+00
-4.874880628819754591e+00
-4.416128024679410125e+00
-4.416128024679410125e+00
-5.685055897616111409e+00
-4.416128024679410125e+00
-4.416128024679410125e+00
-4.416128024679410125e+00
-4.416128024679410125e+00
-4.696935716220291823e+00
-4.416128024679410125e+00
-4.416128024679410125e+00
-4.416128024679410125e+00
-4.676750682369303469e+00
-4.416128024679410125e+00
-4.416128024679410125e+00
-4.416128024679410125e+00
-4.416128024679410125e+00
-4.416128024679410125e+00
-4.416128024679410125e+00
-4.416128024679410125e+00
-5.603974908605664496e+00
-4.530952943176467684e+00
-5.347313663623747715e+00
-5.497833465845727297e+00
-4.416128024679410125e+00
-4.845408085734129955e+00
-4.416128024679410125e+00
-4.857727471057845747e+00
-4.416128024679410125e+00
-4.416128024679410125e+00
-4.575694899604242138e+00
-4.416128024679410125e+00
-4.416128024679410125e+00
-4.416128024679410125e+00
-4.416128024679410125e+00
-4.761944748558780915e+00
-4.416128024679410125e+00
-4.416128024679410125e+00
-4.416128024679410125e+00
-4.450838145810980251e+00
-4.810084382976764772e+00
-4.416128024679410125e+00
-4.416128024679410125e+00
-4.416128024679410125e+00
-4.416128024679410125e+00
-4.416128024679410125e+00
-4.720860747665964752e+00
-4.840782116217191344e+00
-4.416128024679410125e+00
-4.416128024679410125e+00
-4.732311697287275187e+00
-4.416128024679410125e+00
-4.634121951678628726e+00
-4.416128024679410125e+00
-4.416128024679410125e+00
-4.416128024679410125e+00
-4.592666804254950108e+00
-4.416128024679410125e+00
-5.214199919889992429e+00
-4.416128024679410125e+00
-4.416128024679410125e+00
-4.606788598057672601e+00
-4.416128024679410125e+00
-4.727337430323208523e+00
-4.883627697425916736e+00
-4.489963537163013996e+00
-5.150507293068164572e+00
-4.416128024679410125e+00
-4.934345497907198563e+00
-4.631819307087630122e+00
-4.416128024679410125e+00
-4.416128024679410125e+00
-4.926058463059992398e+00
-4.416128024679410125e+00
-4.416128024679410125e+00
-4.416128024679410125e+00
-4.979308803566720343e+00
-4.416128024679410125e+00
-5.698522288672139169e+00
-6.208677613635430248e+00
-4.416128024679410125e+00
-4.416128024679410125e+00
-5.571615475776173554e+00
-4.416128024679410125e+00
-4.488697557858080778e+00
-5.499899742142446257e+00
-5.223889388388065491e+00
-4.416128024679410125e+00
-4.416128024679410125e+00
-4.416128024679410125e+00
-5.092424300311176211e+00
-4.416128024679410125e+00
-5.305585052146190250e+00
-5.469767148234740972e+00
-4.416128024679410125e+00
-4.416128024679410125e+00
-4.416128024679410125e+00
-4.416128024679410125e+00
-4.416128024679410125e+00
-4.416128024679410125e+00
-4.416128024679410125e+00
-4.970623862209397004e+00
-4.416128024679410125e+00
-4.416128024679410125e+00
-4.416128024679410125e+00
-5.233197571541431614e+00
-4.416128024679410125e+00
-4.416128024679410125e+00
-4.416128024679410125e+00
-4.416128024679410125e+00
-4.416128024679410125e+00
-4.782419972282822229e+00
-4.416128024679410125e+00
-4.416128024679410125e+00
-4.416128024679410125e+00
-4.416128024679410125e+00
-5.665231057938079573e+00
-5.883281853017338747e+00
-4.861082412829686561e+00
-4.990275401071338379e+00
-4.424682237647648897e+00
-5.293336265322167833e+00
-4.623924467906389779e+00
-5.227031774467090663e+00
-4.416128024679410125e+00
-5.093854086819359139e+00
-4.459052923596774853e+00
-5.394146566547994404e+00
-4.594826689508170858e+00
-4.416128024679410125e+00
-4.416128024679410125e+00
-4.884104329350454243e+00
-4.688506774980459646e+00
-5.077694391668357454e+00
-5.903520061901403437e+00
-5.809636046203825899e+00
-4.617370747474504711e+00
-5.920969773752789322e+00
-5.251067289017102624e+00
-4.458261775109237490e+00
-4.416128024679410125e+00
-4.416128024679410125e+00
-4.416128024679410125e+00
-4.985308262273423274e+00
-4.416128024679410125e+00
-4.416128024679410125e+00
-4.416128024679410125e+00
-4.416128024679410125e+00
-4.660019177841982163e+00
-4.696525076281021782e+00
-4.422797915376204259e+00
-6.227771297342506784e+00
-7.077750900245739274e+00
-6.674422486878411220e+00
-5.600560277264555964e+00
-6.040997587751006037e+00
-4.416128024679410125e+00
-4.416128024679410125e+00
-4.613497954854857142e+00
-5.069717753439304531e+00
-5.147334638103821192e+00
-4.416128024679410125e+00
-5.090094516174636041e+00
-4.498400150942982734e+00
-4.650066583740479764e+00
-6.210195737479976330e+00
-4.992791852740967151e+00
-4.416128024679410125e+00
-4.909657853595870591e+00
-5.035636137166863868e+00
-4.416128024679410125e+00
-4.709816178436705414e+00
-4.416128024679410125e+00
-4.416128024679410125e+00
-4.416128024679410125e+00
-4.416128024679410125e+00
-5.152023337508567558e+00
-4.916055844763178584e+00
-4.416128024679410125e+00
-4.416128024679410125e+00
-4.416128024679410125e+00
-4.416128024679410125e+00
-4.416128024679410125e+00
-4.416128024679410125e+00
-4.883002355189695720e+00
-4.416128024679410125e+00
-4.420224973165305826e+00
-4.416128024679410125e+00
-4.416128024679410125e+00
-4.416128024679410125e+00
-4.416128024679410125e+00
-5.464235940753468412e+00
-4.617114708588329286e+00
-4.416128024679410125e+00
-4.416128024679410125e+00
-4.416128024679410125e+00
-5.126494387095238636e+00
-4.416128024679410125e+00
-5.201398625419742849e+00
-5.591283611341451021e+00
-4.416128024679410125e+00
-4.416128024679410125e+00
-4.416128024679410125e+00
-4.416128024679410125e+00
-5.229287546007842735e+00
-4.416128024679410125e+00
-5.157972033519833133e+00
-4.436404017818720291e+00
-5.101924053862727959e+00
-4.416128024679410125e+00
-4.416128024679410125e+00
-4.416128024679410125e+00
-4.606455383314496110e+00
-4.786193125323158881e+00
-4.416128024679410125e+00
-4.416128024679410125e+00
-4.853485535905086579e+00
-4.416128024679410125e+00
-4.416128024679410125e+00
-4.416128024679410125e+00
-4.659112768160948548e+00
-5.571888952048944077e+00
-4.416128024679410125e+00
-4.771102511373275235e+00
-4.416128024679410125e+00
-4.416128024679410125e+00
-4.717203628793368075e+00
-4.416128024679410125e+00
-5.257449032416654511e+00
-5.815197626155686805e+00
-4.416128024679410125e+00
-4.416128024679410125e+00
-5.237260252126951343e+00
-5.137784755006219228e+00
-5.146780754075573228e+00
-4.986318097085592704e+00
-4.416128024679410125e+00
-4.648526317887304415e+00
-4.416128024679410125e+00
-4.416128024679410125e+00
-4.416128024679410125e+00
-4.416128024679410125e+00
-4.416128024679410125e+00
-5.859259677460547877e+00
-4.416128024679410125e+00
-4.416128024679410125e+00
-5.251981729502453788e+00
-4.416128024679410125e+00
-5.057770352683890636e+00
-4.416128024679410125e+00
-4.887840830440697282e+00
-5.207299233810632089e+00
-4.416128024679410125e+00
-4.416128024679410125e+00
-4.416128024679410125e+00
-4.416128024679410125e+00
-4.416128024679410125e+00
-4.862656399934843776e+00
-4.545252775172285098e+00
-4.416128024679410125e+00
-4.416128024679410125e+00
-4.416128024679410125e+00
-4.416128024679410125e+00
-4.416128024679410125e+00
-4.416128024679410125e+00
-4.561723498406231592e+00
-4.691643490044679510e+00
-4.904797152550919748e+00
-4.416128024679410125e+00
-4.714211125548200876e+00
-4.648191458696290468e+00
-4.416128024679410125e+00
-5.174682289572461791e+00
-4.416128024679410125e+00
-4.416128024679410125e+00
-5.262907710885116330e+00
-4.859621731975305003e+00
-4.416128024679410125e+00
-5.122617104933031129e+00
-4.595276657067845605e+00
-4.416128024679410125e+00
-4.925731583897650090e+00
-4.416128024679410125e+00
-4.416128024679410125e+00
-4.416128024679410125e+00
-4.411128024679410231e+00
-4.439666421510507277e+00
-5.612452115135182495e+00
-4.396128024679409663e+00
-4.391128024679410657e+00
-4.706264404224358877e+00
-5.081503553501995896e+00
-4.376128024679410089e+00
-5.733358530855065638e+00
-4.776561121066087878e+00
-4.621627610313534973e+00
-4.356128024679410515e+00
-4.351128024679409734e+00
-4.346128024679409840e+00
-4.453706224063674668e+00
-4.336128024679410053e+00
-5.259624266439935525e+00
-5.234520315439407767e+00
-5.392791188522041423e+00
-4.316128024679409592e+00
-4.311128024679410586e+00
-4.306128024679409805e+00
-4.301128024679409911e+00
-4.296128024679410018e+00
-4.291128024679410125e+00
-4.286128024679410231e+00
-4.907893412193341298e+00
-4.276128024679410444e+00
-4.271128024679409663e+00
-4.331850450395981156e+00
-4.261128024679409876e+00
-4.256128024679409982e+00
-5.275039912806736453e+00
-5.257679889226469783e+00
-6.294142301211882895e+00
-4.236128024679409521e+00
-5.481410937516644211e+00
-4.226128024679409734e+00
-4.328496791211273731e+00
-4.216128024679409947e+00
-4.211128024679410053e+00
-4.349991759997319463e+00
-4.527992083952916857e+00
-4.196128024679410373e+00
-4.191128024679409592e+00
-4.186128024679410586e+00
-4.181128024679409805e+00
-4.912294146636051906e+00
-4.171128024679410018e+00
-5.143348434292063232e+00
-4.820798973297107715e+00
-4.156128024679409450e+00
-4.151128024679410444e+00
-4.146128024679409663e+00
-4.193893148637872770e+00
-4.136128024679409876e+00
-4.300164724617526524e+00
-4.126128024679410089e+00
-4.822605417099348202e+00
-4.116128024679410302e+00
-4.327103404957808763e+00
-5.215501036527083301e+00
-4.184312252550943967e+00
-4.729127422557718674e+00
-4.091128024679409947e+00
-4.086128024679410053e+00
-4.081128024679410160e+00
-4.662703401581840268e+00
-6.133743429021164317e+00
-4.066128024679409592e+00
-4.685126507789068917e+00
-4.715016662539083470e+00
-4.051128024679409911e+00
-4.046128024679410018e+00
-5.024377861540108903e+00
-4.036128024679410231e+00
-5.504314091451004032e+00
-4.928508165954706755e+00
-4.971477884321271468e+00
-4.016128024679409769e+00
-4.011128024679409876e+00
-4.894756955067872894e+00
-4.001128024679410089e+00
-5.083684659006046047e+00
-4.373370544474409982e+00
-4.980811323315398553e+00
-4.429448364963066709e+00
-4.360580396333125108e+00
-4.470897916660939941e+00
-5.782634529143004798e+00
-6.043380310478355000e+00
-3.956128024679409716e+00
-4.371367869566089581e+00
-3.946128024679409929e+00
-3.941128024679410036e+00
-4.010104054888216751e+00
-4.744182967912136561e+00
-3.926128024679409911e+00
-3.921128024679410018e+00
-5.383108251833707669e+00
-3.911128024679409787e+00
-4.467410061178149761e+00
-4.268487275458589636e+00
-3.896128024679410107e+00
-4.185166828698021035e+00
-3.886128024679409876e+00
-3.881128024679409982e+00
-3.876128024679410089e+00
-3.871128024679409751e+00
-3.866128024679409858e+00
-3.861128024679409965e+00
-4.293463749792968187e+00
-3.851128024679410178e+00
-3.846128024679409840e+00
-3.841128024679409947e+00
-5.355265691209744716e+00
-5.133107792934345603e+00
-4.331180097967589404e+00
-5.465265040878494851e+00
-4.145876617783800455e+00
-3.811128024679410142e+00
-5.410085227632540850e+00
-3.958739021049212603e+00
-3.796128024679410018e+00
-5.248446077355761297e+00
-4.665372190640136196e+00
-5.296450612041000205e+00
-4.528328162139610313e+00
-4.488548047818277986e+00
-3.766128024679409769e+00
-3.932049992629700341e+00
-3.756128024679409982e+00
-3.751128024679410089e+00
-3.746128024679409751e+00
-3.949195215138292525e+00
-7.510013277506883966e+00
-7.972290811474980643e+00
-4.718848692886598251e+00
-4.046285761002351933e+00
-4.849830992413469488e+00
-4.158257403443331057e+00
-3.706128024679410160e+00
-3.701128024679409823e+00
-3.813898004695499555e+00
-4.286371044636497984e+00
-3.807770547662117977e+00
-3.897094005623460866e+00
-4.414867442184545965e+00
-6.062888194083404514e+00
-3.666128024679410125e+00
-3.661128024679409787e+00
-4.378899537867665614e+00
-3.651128024679410000e+00
-3.881842811314719643e+00
-4.275353280676920775e+00
-4.378625990842165194e+00
-5.590679950167883661e+00
-4.501872545237927348e+00
-6.752214505695310010e+00
-3.616128024679409858e+00
-3.611128024679410409e+00
-3.608914629396888341e+00
-4.759915003826560742e+00
-3.878784472077868362e+00
-4.926851623102662003e+00
-3.586128024679410053e+00
-3.581128024679410160e+00
-3.576128024679409823e+00
-3.571128024679409929e+00
-4.085073985921248152e+00
-3.561128024679410142e+00
-3.556128024679409805e+00
-5.963339908603957795e+00
-3.546128024679410018e+00
-4.186612220601725554e+00
-3.536128024679409787e+00
-3.565876306961405451e+00
-3.526128024679410000e+00
-3.521128024679410107e+00
-3.516128024679409769e+00
-3.730946501531915427e+00
-3.506128024679409982e+00
-3.501128024679410089e+00
-4.150695026956556788e+00
-4.772307399097071468e+00
-4.006871434617451655e+00
-4.029806546978315751e+00
-3.476128024679410178e+00
-3.471128024679409840e+00
-3.466128024679410391e+00
-3.461128024679410053e+00
-3.456128024679410160e+00
-5.029248692622128480e+00
-4.595822159761123515e+00
-4.001154868526289654e+00
-4.506505230414804331e+00
-4.064100440756508448e+00
-3.426128024679410355e+00
-3.517567377942480089e+00
-3.801642838036796146e+00
-3.695259435197475018e+00
-3.429461358012743766e+00
-3.436128024679410142e+00
-3.442794691346076519e+00
-3.540356228209912359e+00
-3.882105292851300682e+00
-3.543271013924528923e+00
-4.384189680524104737e+00
-4.736089202202034443e+00
-4.676133817527071912e+00
-3.617743554597997679e+00
-4.075629007477635568e+00
-3.949769099805109818e+00
-5.981637260200342254e+00
-4.529084039000714768e+00
-5.019727480012379672e+00
-4.020448868902768425e+00
-3.536128024679410231e+00
-3.542794691346077052e+00
-3.549461358012743428e+00
-3.865832317357186465e+00
-3.562794691346076625e+00
-3.569461358012743002e+00
-3.576128024679409823e+00
-3.582794691346076643e+00
-4.770138940338670253e+00
-3.596128024679410284e+00
-5.797710411623729243e+00
-3.993482535550794132e+00
-5.013012375151355116e+00
-5.720619275391268133e+00
-5.490940428515999727e+00
-3.636128024679409876e+00
-3.761055996939885571e+00
-3.649461358012743517e+00
-5.538017667246467823e+00
-4.582448006833039322e+00
-5.662760882146002928e+00
-5.457377664338308065e+00
-4.597117124914030128e+00
-6.353995013838497741e+00
-6.984749546384195540e+00
-7.655324017627311406e+00
-4.852226581381624548e+00
-3.716128024679409947e+00
-7.681074356662502822e+00
-9.956575173194920580e+00
-1.149694341743078851e+01
-1.487670790783479724e+01
-6.145785304604730825e+00
-8.123419822568205717e+00
-7.002788039564000755e+00
-7.635485949496752411e+00
-6.625232403029098549e+00
-7.413512626482946288e+00
-5.139094525923664669e+00
-5.532515761656217279e+00
-4.280426688997716944e+00
-6.215000832532561859e+00
-5.211744658881137582e+00
-5.007223458002888705e+00
-5.196929495835319379e+00
-5.623537654919987361e+00
-4.509337945095269973e+00
-3.849461358012743251e+00
-3.856128024679409627e+00
-3.862794691346076448e+00
-4.470760700717844038e+00
-3.876128024679410089e+00
-4.719511731549234312e+00
-5.135415432204236907e+00
-5.982398977257044947e+00
-5.175867014549895728e+00
-5.512025385221141605e+00
-5.437162944559279509e+00
-5.127208916648376302e+00
-3.929461358012743322e+00
-4.202171155263652480e+00
-4.050493020257583510e+00
-4.671835041003367550e+00
-4.473767167706190762e+00
-5.797763045427117845e+00
-4.877570180010874168e+00
-4.181376592094925293e+00
-5.075844645414431255e+00
-5.975685855846908368e+00
-7.234507768257790516e+00
-5.286339587093691783e+00
-6.885457274587299281e+00
-4.016128024679409769e+00
-4.022794691346076590e+00
-5.122687614287350755e+00
-5.957482583204678050e+00
-4.642242413944716262e+00
-5.869737016674633878e+00
-4.056128024679409805e+00
-4.686852971140639923e+00
-5.047331730054180454e+00
-4.076128024679409378e+00
-5.150758066705615867e+00
-4.373393068364977765e+00
-6.209661291641223713e+00
-4.106166537928318760e+00
-4.128672997125217847e+00
-4.116128024679410302e+00
-5.046876432029668180e+00
-5.000247679874405549e+00
-5.933255542272846128e+00
-4.403691688898236478e+00
-4.179252502526941804e+00
-5.714697706449724635e+00
-4.162794691346077158e+00
-4.169461358012743091e+00
-4.459665600254439255e+00
-4.935037113080375626e+00
-6.735074839967301941e+00
-4.693376829514470217e+00
-4.202794691346076306e+00
-4.209461358012743126e+00
-4.216128024679409947e+00
-4.222794691346076768e+00
-4.229461358012743588e+00
-4.664043661515441030e+00
-4.242794691346076341e+00
-5.416638152363002945e+00
-5.410087132828251377e+00
-6.942983357529504573e+00
-4.269461358012742735e+00
-6.240088627520123055e+00
-4.282794691346076377e+00
-4.289461358012743197e+00
-4.296128024679410018e+00
-4.302794691346075950e+00
-4.756987237195749785e+00
-4.316128024679409592e+00
-4.322794691346077300e+00
-4.329461358012743233e+00
-4.336128024679410053e+00
-4.554371272495634670e+00
-4.349461358012742807e+00
-4.356128024679410515e+00
-4.544048462503091912e+00
-4.369461358012743268e+00
-4.376128024679410089e+00
-5.365321635823087298e+00
-4.389461358012743730e+00
-4.396128024679409663e+00
-4.402794691346076483e+00
-4.669350192809057276e+00
-4.616946543440992201e+00
-4.422794691346076945e+00
-4.429461358012742878e+00
-5.216493730030455467e+00
-4.442794691346076519e+00
-4.558544925417924887e+00
-4.456128024679410160e+00
-5.231999002710137958e+00
-4.469461358012743801e+00
-4.903492454440860016e+00
-4.671691521194644814e+00
-5.826043491407348895e+00
-4.496128024679409307e+00
-5.838227315821242769e+00
-4.509461358012742949e+00
-4.700546641638945644e+00
-4.522794691346076590e+00
-4.529461358012743410e+00
-4.756882700674381681e+00
-5.078930026400469089e+00
-4.692593818833068475e+00
-4.924314365413816397e+00
-4.562794691346076625e+00
-4.569461358012743446e+00
-4.698636885711696465e+00
-4.697952595698180467e+00
-4.713828195325363346e+00
-4.596128024679409840e+00
-4.602794691346076661e+00
-4.742981511100374803e+00
-4.616128024679410302e+00
-4.622794691346076235e+00
-4.630796434680009455e+00
-4.711424230652273337e+00
-5.168172932850914059e+00
-4.649461358012743517e+00
-4.656128024679409450e+00
-4.662794691346077158e+00
-4.669461358012743091e+00
-4.676128024679409911e+00
-4.682794691346076732e+00
-5.201728290808246058e+00
-4.696128024679410373e+00
-5.045296387835776386e+00
-5.132509657877897702e+00
-4.716128024679409947e+00
-4.722794691346076768e+00
-4.729461358012743588e+00
-4.736128024679409521e+00
-4.742794691346077229e+00
-4.749461358012743162e+00
-4.839076454348259837e+00
-5.314841164767102555e+00
-4.754461358012743943e+00
-4.756128024679409982e+00
-4.803159664849464328e+00
-4.759461358012742949e+00
-4.802560255766530339e+00
-5.327403551943863391e+00
-4.764461358012743730e+00
-5.145730453451583308e+00
-4.767794691346076696e+00
-4.769461358012742735e+00
-4.890914301259613239e+00
-5.041570862482235071e+00
-4.774461358012743517e+00
-4.776128024679410444e+00
-5.327494089601152893e+00
-4.779461358012743410e+00
-4.781128024679409450e+00
-4.782794691346076377e+00
-4.784461358012743304e+00
-4.786128024679410231e+00
-5.001744543165976609e+00
-5.580981989854540970e+00
-4.791128024679410125e+00
-4.792794691346076164e+00
-4.965876497944375245e+00
-4.796128024679410018e+00
-4.850988622439833975e+00
-4.799461358012743872e+00
-6.057218052268217079e+00
-4.899887107235182171e+00
-5.835958023276088369e+00
-4.806128024679409805e+00
-4.807794691346076732e+00
-5.060945383754061666e+00
-4.811128024679410586e+00
-4.812794691346076625e+00
-4.814461358012742664e+00
-4.816128024679409592e+00
-5.063184988640905715e+00
-5.578660347483734405e+00
-5.985770122365657642e+00
-4.822794691346077300e+00
-4.824461358012743339e+00
-4.826128024679409378e+00
-4.827794691346076306e+00
-4.829461358012743233e+00
-5.149494745733575130e+00
-5.585414334460590879e+00
-5.250709999303219355e+00
-5.887983346782441174e+00
-5.051962958443050766e+00
-4.954458181380211101e+00
-5.132284648184588960e+00
-4.842794691346076874e+00
-4.844461358012743801e+00
-5.299072408718021876e+00
-4.847794691346076768e+00
-4.849461358012742807e+00
-4.851128024679409734e+00
-4.852794691346076661e+00
-4.927359680621760774e+00
-4.856128024679410515e+00
-5.194723841961881305e+00
-4.859461358012743482e+00
-4.861128024679409521e+00
-4.940837001561011022e+00
-5.410757547204993578e+00
-4.866510516317523738e+00
-4.867794691346077229e+00
-4.869461358012743268e+00
-5.300029073004065339e+00
-4.872794691346076235e+00
-4.874461358012743162e+00
-6.133863402296555023e+00
-6.621756350159520466e+00
-5.083410762039449970e+00
-4.881128024679409982e+00
-4.955924304804343983e+00
-4.884461358012742949e+00
-4.886128024679409876e+00
-5.560198421527262624e+00
-4.889461358012743730e+00
-4.891128024679410657e+00
-5.101479158098056743e+00
-4.894461358012742735e+00
-4.896128024679409663e+00
-4.897794691346076590e+00
-4.899461358012743517e+00
-4.901128024679410444e+00
-4.902794691346077371e+00
-5.153643012945643420e+00
-5.312654763932724400e+00
-4.907794691346076377e+00
-5.221534405281190061e+00
-4.911128024679410231e+00
-4.912794691346077158e+00
-4.914461358012743197e+00
-4.966121639141628741e+00
-4.914461358012743197e+00
-4.912794691346077158e+00
-4.911128024679410231e+00
-4.909461358012743304e+00
-4.907794691346076377e+00
-4.906128024679409450e+00
-4.904461358012743410e+00
-4.902794691346077371e+00
-4.901128024679410444e+00
-4.899461358012743517e+00
-4.897794691346076590e+00
-5.456218796174218788e+00
-5.969097348719971663e+00
-5.083925244860218129e+00
-4.891128024679410657e+00
-5.549479618505002598e+00
-4.887794691346076803e+00
-4.886128024679409876e+00
-4.884461358012742949e+00
-5.723833729054476294e+00
-4.881128024679409982e+00
-4.879461358012743943e+00
-4.877794691346077016e+00
-5.873165937629453381e+00
-6.175460524636871895e+00
-5.421869727529777805e+00
-4.871128024679410196e+00
-4.869461358012743268e+00
-4.867794691346077229e+00
-4.870376010024992652e+00
-5.130855649634828097e+00
-5.116844794029624666e+00
-4.861128024679409521e+00
-4.859461358012743482e+00
-4.857794691346076554e+00
-4.856128024679410515e+00
-4.854461358012743588e+00
-4.852794691346076661e+00
-6.305454817692391245e+00
-4.849461358012742807e+00
-4.847794691346076768e+00
-4.846128024679409840e+00
-4.844461358012743801e+00
-5.786504502683097684e+00
-5.357747097142366854e+00
-5.523553058841560670e+00
-5.758053694117778676e+00
-5.504091961963942126e+00
-5.070786417898085929e+00
-4.832794691346077087e+00
-5.154973572823720041e+00
-4.829461358012743233e+00
-4.827794691346076306e+00
-5.845812473266020604e+00
-5.583502507813710380e+00
-5.092024407810226805e+00
-4.821128024679410373e+00
-4.819461358012743446e+00
-4.817794691346076519e+00
-4.816128024679409592e+00
-5.165105202687879427e+00
-5.074165041853024860e+00
-4.811128024679410586e+00
-4.809461358012743659e+00
-4.807794691346076732e+00
-4.806128024679409805e+00
-4.804461358012742878e+00
-4.802794691346076839e+00
-4.984849087973106663e+00
-5.193058545058205411e+00
-5.445890861498870805e+00
-4.796128024679410018e+00
-4.794461358012743091e+00
-4.792794691346076164e+00
-4.791128024679410125e+00
-5.046486689061216779e+00
-4.787794691346077158e+00
-4.786128024679410231e+00
-4.784461358012743304e+00
-4.857280102987044046e+00
-4.781128024679409450e+00
-4.779461358012743410e+00
-4.777794691346076483e+00
-4.883212940385664780e+00
-4.774461358012743517e+00
-4.772794691346076590e+00
-5.785443948708172357e+00
-5.131566969225726638e+00
-4.767794691346076696e+00
-4.766128024679409769e+00
-4.764461358012743730e+00
-5.625344319432413087e+00
-5.131919235377122135e+00
-4.759461358012742949e+00
-4.757794691346076021e+00
-4.756128024679409982e+00
-4.981262834716973842e+00
-5.242286061253613738e+00
-5.868930265942342572e+00
-4.749461358012743162e+00
-4.750529813093234743e+00
-4.746128024679410196e+00
-4.744461358012743268e+00
-4.742794691346077229e+00
-4.741128024679410302e+00
-5.438476299999613239e+00
-5.296495405949796620e+00
-4.736128024679409521e+00
-4.734461358012743482e+00
-4.732794691346076554e+00
-5.366938243932120045e+00
-5.200223583042792086e+00
-4.727794691346076661e+00
-4.898979175150373955e+00
-4.724461358012742807e+00
-4.722794691346076768e+00
-4.721128024679409840e+00
-4.719461358012743801e+00
-4.717794691346076874e+00
-6.122962750150005462e+00
-4.714461358012743020e+00
-4.712794691346076092e+00
-4.711128024679410053e+00
-4.709461358012743126e+00
-4.707794691346077087e+00
-4.706128024679410160e+00
-5.423506942465809111e+00
-4.702794691346076306e+00
-4.701128024679409378e+00
-4.754788989987463133e+00
-5.731990507488289310e+00
-4.696128024679410373e+00
-4.758764799219086683e+00
-4.720980265191424330e+00
-5.085812238416352216e+00
-4.689461358012742664e+00
-5.128362649251716476e+00
-5.603904315712874507e+00
-4.799822604572752560e+00
-4.682794691346076732e+00
-4.681128024679409805e+00
-4.679461358012742878e+00
-4.677794691346076839e+00
-4.676128024679409911e+00
-4.674461358012743872e+00
-4.672794691346076945e+00
-5.032491299360016157e+00
-4.671952212768960777e+00
-4.667794691346076164e+00
-4.666128024679410125e+00
-4.664461358012743197e+00
-4.662794691346077158e+00
-5.580930316604581165e+00
-4.659461358012743304e+00
-4.657794691346076377e+00
-4.656128024679409450e+00
-5.037634767570373207e+00
-5.053687062291217558e+00
-4.651128024679410444e+00
-5.176027592323953819e+00
-4.647794691346076590e+00
-4.646128024679409663e+00
-4.644461358012742735e+00
-4.642794691346076696e+00
-4.641128024679409769e+00
-4.639461358012743730e+00
-4.637794691346076803e+00
-4.636128024679409876e+00
-5.711775438444725239e+00
-4.711932052806870885e+00
-4.883116628276985338e+00
-4.629461358012743943e+00
-4.627794691346077016e+00
-5.100961389201474461e+00
-4.624461358012743162e+00
-4.622794691346076235e+00
-4.621128024679409307e+00
-4.619461358012743268e+00
-5.480538650583997473e+00
-5.453541407556880216e+00
-5.982465387618789876e+00
-5.322203432169125392e+00
-4.611128024679409521e+00
-5.670071844696018104e+00
-4.807731940155713701e+00
-4.606128024679410515e+00
-4.629209089382760212e+00
-4.602794691346076661e+00
-4.601128024679409734e+00
-4.599461358012742807e+00
-4.597794691346076768e+00
-4.596128024679409840e+00
-4.594461358012743801e+00
-4.602198869050745600e+00
-5.454895641390720584e+00
-4.589461358012743020e+00
-4.587794691346076092e+00
-5.620793503799545121e+00
-4.584461358012743126e+00
-5.393064289032031056e+00
-4.581128024679410160e+00
-4.579461358012743233e+00
-5.083140694014414152e+00
-4.576128024679409378e+00
-4.574461358012743339e+00
-4.788636626797075024e+00
-4.981076785719019462e+00
-4.569461358012743446e+00
-4.567794691346076519e+00
-4.566128024679409592e+00
-4.564461358012742664e+00
-5.489270024026197348e+00
-4.561128024679410586e+00
-4.559461358012743659e+00
-4.934216396919286041e+00
-4.582918360965226867e+00
-4.554461358012742878e+00
-4.552794691346076839e+00
-4.551128024679409911e+00
-4.549461358012743872e+00
-4.547794691346076945e+00
-4.546128024679410018e+00
-4.544461358012743091e+00
-4.542794691346076164e+00
-4.541128024679410125e+00
-5.058886898451570246e+00
-5.332618626515740701e+00
-4.536128024679410231e+00
-4.534461358012743304e+00
-4.532794691346076377e+00
-4.531128024679409450e+00
-4.529461358012743410e+00
-4.623378410409357819e+00
-4.806390253302362581e+00
-4.766939245502410216e+00
-4.582296408747023264e+00
-4.521128024679409663e+00
-4.894335091017170569e+00
-4.517794691346076696e+00
-4.516128024679409769e+00
-4.931630297130727314e+00
-4.512794691346076803e+00
-4.511128024679409876e+00
-4.509461358012742949e+00
-4.507794691346076021e+00
-4.640938259947875899e+00
-4.504461358012743943e+00
-4.502794691346077016e+00
-4.501128024679410089e+00
-4.499461358012743162e+00
-5.477408701493741816e+00
-4.551428977830706657e+00
-4.494461358012743268e+00
-5.996333566623105682e+00
-6.677792725303737242e+00
-4.489461358012743375e+00
-4.487794691346076448e+00
-4.839137158727996990e+00
-4.484461358012743482e+00
-4.482794691346076554e+00
-4.481128024679410515e+00
-4.479461358012743588e+00
-4.477794691346076661e+00
-4.476128024679409734e+00
-4.474461358012742807e+00
-4.472794691346076768e+00
-4.471128024679409840e+00
-4.469461358012743801e+00
-4.628582533252618703e+00
-4.798609397815644328e+00
-4.464461358012743020e+00
-4.513425879608835345e+00
-4.461128024679410053e+00
-4.459461358012743126e+00
-4.457794691346077087e+00
-4.456128024679410160e+00
-4.454461358012743233e+00
-4.701322100172117047e+00
-4.451128024679409378e+00
-4.449461358012743339e+00
-4.548564630348289839e+00
-4.827454381317988208e+00
-4.640882515392048546e+00
-4.442794691346076519e+00
-4.441128024679409592e+00
-4.439461358012742664e+00
-4.437794691346076625e+00
-4.436128024679410586e+00
-4.536768912847088941e+00
-4.432794691346076732e+00
-4.431128024679409805e+00
-4.429461358012742878e+00
-5.425259790971534102e+00
-4.426128024679409911e+00
-4.424461358012743872e+00
-4.422794691346076945e+00
-4.421128024679410018e+00
-4.419461358012743091e+00
-4.417794691346076164e+00
-4.416128024679410125e+00
-4.416128024679410125e+00
-4.416128024679410125e+00
-4.416128024679410125e+00
-4.416128024679410125e+00
-4.416128024679410125e+00
-4.416128024679410125e+00
-4.416128024679410125e+00
-4.459736058082009791e+00
-4.416128024679410125e+00
-4.573750109414140397e+00
-4.416128024679410125e+00
-4.689306244149165082e+00
-5.465139124705196139e+00
-4.493453432115039448e+00
-4.416128024679410125e+00
-4.954254047095795421e+00
-4.570570061801927153e+00
-4.931173088256433523e+00
-4.416128024679410125e+00
-4.416128024679410125e+00
-4.416128024679410125e+00
-4.760477581019205928e+00
-4.969478713174495965e+00
-4.416128024679410125e+00
-5.104391869572888041e+00
-4.416128024679410125e+00
-4.416128024679410125e+00
-4.749030943119924686e+00
-4.416128024679410125e+00
-4.453192397036923822e+00
-4.887280438610212663e+00
-4.726457536488624100e+00
-4.416128024679410125e+00
-4.607532086664477333e+00
-4.416128024679410125e+00
-4.416128024679410125e+00
-4.416128024679410125e+00
-4.602057545813855732e+00
-4.416860053385305740e+00
-4.416128024679410125e+00
-4.416128024679410125e+00
-4.806416675670028837e+00
-4.416128024679410125e+00
-4.416128024679410125e+00
-4.416128024679410125e+00
-4.416128024679410125e+00
-4.416128024679410125e+00
-4.416128024679410125e+00
-5.070642292212371061e+00
-4.416128024679410125e+00
-4.555433266175772822e+00
-4.853603116364892500e+00
-4.416128024679410125e+00
-4.416128024679410125e+00
-4.547479952643742607e+00
-4.416128024679410125e+00
-4.416128024679410125e+00
-4.445736832278103456e+00
-4.416128024679410125e+00
-4.416128024679410125e+00
-4.416128024679410125e+00
-4.416128024679410125e+00
-4.938834931998892230e+00
-4.718127477549666438e+00
-4.842416342373037530e+00
-4.416128024679410125e+00
-4.416128024679410125e+00
-4.416128024679410125e+00
-4.416128024679410125e+00
-4.416128024679410125e+00
-4.481188762742249310e+00
-4.643711883122499273e+00
-4.416128024679410125e+00
-4.518451266299061686e+00
-4.416128024679410125e+00
-5.021820478619024364e+00
-4.416128024679410125e+00
-4.416128024679410125e+00
-4.416128024679410125e+00
-4.416128024679410125e+00
-4.743572750418377559e+00
-4.416128024679410125e+00
-4.416128024679410125e+00
-4.416128024679410125e+00
-4.416128024679410125e+00
-4.753680231245365206e+00
-4.416128024679410125e+00
-4.730216968496574026e+00
-4.826349719035507135e+00
-4.416128024679410125e+00
-4.416128024679410125e+00
-5.905855961082744798e+00
-4.971864871983088463e+00
-4.826139220440564870e+00
-4.416128024679410125e+00
-4.416128024679410125e+00
-5.033832911939349231e+00
-4.657571350505239849e+00
-4.493591174890636530e+00
-4.416128024679410125e+00
-4.416128024679410125e+00
-4.416128024679410125e+00
-4.416128024679410125e+00
-4.416128024679410125e+00
-4.416128024679410125e+00
-4.416128024679410125e+00
-4.416128024679410125e+00
-4.416128024679410125e+00
-4.416128024679410125e+00
-4.416128024679410125e+00
-4.416128024679410125e+00
-4.416128024679410125e+00
-4.416128024679410125e+00
-4.416128024679410125e+00
-4.416128024679410125e+00
-4.416128024679410125e+00
-4.416128024679410125e+00
-4.416128024679410125e+00
-4.416128024679410125e+00
-4.416128024679410125e+00
-4.416128024679410125e+00
-4.416128024679410125e+00
-4.416128024679410125e+00
-4.416128024679410125e+00
-4.416128024679410125e+00
-4.910557390121702781e+00
-4.416128024679410125e+00
-4.908476810842167026e+00
-5.204382515262874875e+00
-4.416128024679410125e+00
-4.416128024679410125e+00
-4.758672394922831117e+00
-4.416128024679410125e+00
-4.416128024679410125e+00
-4.416128024679410125e+00
-4.416128024679410125e+00
-4.416128024679410125e+00
-4.416128024679410125e+00
-4.416128024679410125e+00
-4.416128024679410125e+00
-4.416128024679410125e+00
-4.923604723926706228e+00
-4.416128024679410125e+00
-4.416128024679410125e+00
-4.416128024679410125e+00
-4.416128024679410125e+00
-4.416128024679410125e+00
-4.577546412945999066e+00
-4.416128024679410125e+00
-4.416128024679410125e+00
-4.761096520760291106e+00
-4.416128024679410125e+00
-4.416128024679410125e+00
-5.024238223954574423e+00
-4.416128024679410125e+00
-5.006785195526656018e+00
-4.416128024679410125e+00
-4.416128024679410125e+00
-5.755372692718182748e+00
-4.416128024679410125e+00
-4.416128024679410125e+00
-4.438248575949405250e+00
-5.490146342284228709e+00
-5.002551598573063529e+00
-4.416128024679410125e+00
-4.416128024679410125e+00
-4.416128024679410125e+00
-4.416128024679410125e+00
-4.416128024679410125e+00
-4.416128024679410125e+00
-4.416128024679410125e+00
-4.416128024679410125e+00
-4.416128024679410125e+00
-4.416128024679410125e+00
-4.438476506998885185e+00
-5.045783804526379868e+00
-5.490250141653852722e+00
-4.416128024679410125e+00
-4.416128024679410125e+00
-4.416128024679410125e+00
-4.416128024679410125e+00
-4.416128024679410125e+00
-4.636299550924751323e+00
-4.450466071521137934e+00
-4.416128024679410125e+00
-4.648001321345629933e+00
-4.416128024679410125e+00
-4.416128024679410125e+00
-4.496879106160960760e+00
-4.684021437061282711e+00
-4.416128024679410125e+00
-4.416128024679410125e+00
-4.416128024679410125e+00
-4.416128024679410125e+00
-4.416128024679410125e+00
-4.416128024679410125e+00
-4.416128024679410125e+00
-4.509112177525628873e+00
-4.416128024679410125e+00
