-1.587259183340322011e+01
-1.590111220083876375e+01
-1.853725362702539670e+01
-2.441892332940199140e+01
-2.619696705969143835e+01
-3.497241775881288106e+01
-3.032113317031422284e+01
-2.089015133638083199e+01
-1.273565350724894962e+01
-1.040178543697436986e+01
-2.900954968944520118e+01
-2.980271474185153124e+01
-2.356486538167457567e+01
-2.486743668312720246e+01
-2.826962587525767034e+01
-2.094606931638316638e+01
-2.992525421392810969e+01
-2.007145280172733948e+01
-1.940112111604213752e+01
-2.409203253110478826e+01
-2.108536763196170938e+01
-2.943608244837433574e+01
-1.791067234734324032e+01
-1.368411581506621566e+01
-1.883971167817082204e+01
-1.777518086785981666e+01
-1.836466585550936159e+01
-1.209958230921011335e+01
-1.718604102105787490e+01
-1.083754570205377732e+01
-1.461016661599978228e+01
-9.151085151053726108e+00
-1.952958671760469045e+01
-1.735038648621211621e+01
-1.086862370277340517e+01
-1.339235267440711930e+01
-1.635955730917485340e+01
-1.327275931285474719e+01
-1.697474442831687114e+01
-1.075329456673243023e+01
-1.194530117485090592e+01
-9.421842378849389021e+00
-1.390283908422714099e+01
-1.597954408954798033e+01
-8.274768971168565912e+00
-8.444388716131058459e+00
-1.267682935652407927e+01
-1.132515098463685810e+01
-8.127621284392617440e+00
-7.981904340831435185e+00
-7.749838626978218237e+00
-8.276338893079872250e+00
-7.866501500822553616e+00
-8.935684447751016890e+00
-5.802926082624664694e+00
-5.539455928091986614e+00
-1.499204730628303039e+01
-1.534973559715790969e+01
-7.724583588569223558e+00
-5.462943734530591122e+00
-1.223822850920747385e+01
-1.559557619933715777e+01
-6.717739503866991591e+00
-7.130688686213010108e+00
-6.575366199557817204e+00
-7.972269851428074539e+00
-1.410221830008907418e+01
-1.411456425488172073e+01
-9.657738547640201787e+00
-8.315375764874765707e+00
-7.523012173158476479e+00
-9.344645013159951219e+00
-1.202111132455527986e+01
-1.111556173742175702e+01
-7.008296393613425046e+00
-8.028890561536959680e+00
-1.366743082851446189e+01
-1.753458033007908057e+01
-7.390236489156857935e+00
-6.427596361531334956e+00
-1.062486786190023125e+01
-1.118076538119042773e+01
-1.595430685288186190e+01
-1.573087870969284374e+01
-1.343191043630669590e+01
-9.648607788342447478e+00
-1.126339580320861167e+01
-1.423447175112398710e+01
-1.112385493997899033e+01
-7.934148288413523709e+00
-5.357682676025683044e+00
-4.340088913409304361e+00
-1.593523470347093962e+01
-2.169738931940038640e+01
-9.777735988238758225e+00
-8.641146691057272733e+00
-9.070237527968862068e+00
-6.378131891049370061e+00
-8.096549689714159115e+00
-8.226737432680801376e+00
-1.800317498654259651e+01
-1.148148507507374738e+01
-7.008557724448338355e+00
-7.673322060006191769e+00
-9.334764808740677822e+00
-9.783979925194561389e+00
-9.597400327198261749e+00
-1.101032940528131121e+01
-1.475787904341066259e+01
-1.580031324555617367e+01
-1.592590283742019963e+01
-1.154914480698504420e+01
-1.076355880611781579e+01
-1.071870278241184415e+01
-9.070751653146631455e+00
-1.164807854320856073e+01
-8.760320213768299169e+00
-9.548218564118945650e+00
-9.111996696319883071e+00
-6.746430751764921574e+00
-1.806740888131825074e+01
-2.278427443186767931e+01
-1.576862610153330380e+01
-1.271574585172975524e+01
-1.869613798528541793e+01
-1.608277000389950828e+01
-1.113679536377343560e+01
-1.446222084927540941e+01
-1.305648378630511530e+01
-1.748219567633580951e+01
-9.804640989210827939e+00
-1.146575337422761720e+01
-2.446839014172851279e+01
-2.095681487557835254e+01
-3.716922430091561580e+01
-4.328060125599745334e+01
-4.165069193665861746e+01
-5.071447504096442316e+01
-3.829830869936789384e+01
-5.309672827223035796e+01
-4.584389462861445708e+01
-3.972825489733486393e+01
-3.927203821559466235e+01
-4.903014978559635040e+01
-3.515892258625947875e+01
-4.005774739806663831e+01
-2.670453173659041468e+01
-2.850027837780636020e+01
-1.950172696349875423e+01
-1.591192714452341406e+01
-1.511496019484555475e+01
-1.708203474585406312e+01
-7.678708273222318859e+00
-6.083321906604212792e+00
-2.435527092691457796e+01
-1.934838251551427035e+01
-2.389619752101322092e+01
-1.442419742774196045e+01
-1.871021096417143781e+01
-1.295867859421920087e+01
-1.815406353267483652e+01
-1.919303466427066240e+01
-9.093306022061728555e+00
-1.025347038049356030e+01
-7.558991769799185967e+00
-5.928482003533930289e+00
-1.227638055705451237e+01
-1.255047301917513991e+01
-6.765441917255569315e+00
-8.346996798051209865e+00
-9.497617930128493313e+00
-6.978613423977562569e+00
-1.399516458444351841e+01
-1.642658042151816034e+01
-1.480312114813351521e+01
-1.700783113760384069e+01
-1.194622059059461172e+01
-1.202553175812741415e+01
-9.950835083446692764e+00
-9.640322182854058397e+00
-7.156554706894350026e+00
-7.456217487861588999e+00
-8.414969793866406533e+00
-9.693797553982850701e+00
-6.689426258287109128e+00
-8.166590763854641111e+00
-6.921214261921652344e+00
-7.761202659777308277e+00
-1.025742294188070325e+01
-7.477418233337355780e+00
-8.057608987667855160e+00
-7.925888682698086107e+00
-1.004988782116691226e+01
-1.282118386676098787e+01
-1.036443797678109568e+01
-1.205362694900219012e+01
-1.127369796125509183e+01
-7.293875133897818053e+00
-1.426427699573415175e+01
-9.307415554833829319e+00
-1.223574244884800777e+01
-1.276012453390212897e+01
-1.113666048023102384e+01
-1.423263220869047352e+01
-7.428131039460862617e+00
-9.393174068161401991e+00
-1.331123318214974738e+01
-9.835393192221371095e+00
-1.077499713548559335e+01
-9.326185529686984665e+00
-1.280617944502676586e+01
-1.038288070726016166e+01
-7.353279242538509841e+00
-6.930412147051463911e+00
-7.816783308404519737e+00
-6.022024136693231888e+00
-8.747933600108208196e+00
-6.313250009119275141e+00
-7.028633541677376861e+00
-8.692117312969902088e+00
-7.310896099563939821e+00
-7.376380455619334420e+00
-7.198025795028267559e+00
-6.626471903355111159e+00
-7.049183873977633574e+00
-8.106693878242751339e+00
-9.671445215210690449e+00
-8.360038421153667798e+00
-7.125091640647480240e+00
-6.947141091627451637e+00
-6.869374305006075154e+00
-5.173765819187067017e+00
-6.623188485345417043e+00
-5.488295167317779999e+00
-8.469937719238801677e+00
-1.029159193122699634e+01
-8.622902610438501370e+00
-7.656469279893481250e+00
-7.015659108325166038e+00
-7.883634622639671186e+00
-8.064787898033728197e+00
-8.235769533746982063e+00
-1.238003071849846215e+01
-1.237562294540973795e+01
-7.211160557969022555e+00
-8.411529022730332983e+00
-1.359352428225781040e+01
-1.659427261326484526e+01
-5.859634769039580249e+00
-4.795280691020747277e+00
-9.091549664346942450e+00
-6.573842359405785096e+00
-6.919401592024345682e+00
-6.322638866327731755e+00
-1.124010518998229102e+01
-1.010860863060247539e+01
-5.559970511344212163e+00
-6.116485677123868925e+00
-8.179919691307693697e+00
-9.919669217270589812e+00
-7.425847118118144685e+00
-5.747825110085232225e+00
-6.470678807073329430e+00
-7.383434122828586688e+00
-6.848565530232874288e+00
-5.598294131075685520e+00
-8.634271496350145014e+00
-8.878805636943216228e+00
-6.778600096022336707e+00
-5.147353119773748986e+00
-8.754477912694225594e+00
-7.270410466252781312e+00
-4.563938536105350607e+00
-4.994084468387250730e+00
-5.939373315770647643e+00
-6.605017853769497016e+00
-6.573859534848799591e+00
-7.372652903040866512e+00
-4.866351342252182022e+00
-4.425508748179951546e+00
-5.014965828509192036e+00
-4.453346986553265552e+00
-6.010399405463070721e+00
-6.516421275571981475e+00
-5.370290348545702308e+00
-5.838065571493355144e+00
-5.433038405178369779e+00
-4.775341062348924304e+00
-4.309970277874452194e+00
-3.942076312322836174e+00
-6.620710616724404751e+00
-8.100254411704145951e+00
-5.433545586088462720e+00
-5.747589920262377028e+00
-5.923633063241139141e+00
-5.054017064839455564e+00
-5.021305509827376667e+00
-4.978895993164613287e+00
-5.503234202665909791e+00
-4.742314593325962058e+00
-6.110298533372549912e+00
-7.113948054949692512e+00
-4.951193477597485959e+00
-5.354494381000720615e+00
-4.642375232748681135e+00
-5.271371420932411844e+00
-8.420009945674944873e+00
-8.505428218493449322e+00
-5.129761249574237958e+00
-4.931430661161108731e+00
-8.550359364567315268e+00
-6.443205575311714561e+00
-8.690726559777658622e+00
-5.996616311107341168e+00
-6.246447501128593593e+00
-7.222922179559513545e+00
-6.393495284170035653e+00
-6.761348600117792706e+00
-5.995079782658002010e+00
-4.811890806492272077e+00
-1.155184634945758582e+01
-7.927843259915621665e+00
-4.906689058460993458e+00
-5.293065295698155204e+00
-4.386712110961132893e+00
-4.816674833141558310e+00
-5.130894754184914142e+00
-5.393507154440238871e+00
-4.291211677193044416e+00
-4.194404670910977906e+00
-1.086800409446839666e+01
-1.230959097695151883e+01
-5.203908286861092414e+00
-5.056693715865645977e+00
-1.025803418126997357e+01
-1.328764631416731845e+01
-5.002089118213288721e+00
-5.040242968060348439e+00
-9.967357987209899406e+00
-1.201086126228856976e+01
-6.379437760161086324e+00
-4.862666569717862153e+00
-7.902829515088073187e+00
-1.004377011851154400e+01
-7.039016893240506612e+00
-8.765656377054305892e+00
-5.240846958125056076e+00
-4.876328976377984681e+00
-4.868672216080626391e+00
-5.360960276297106475e+00
-5.425822485502306058e+00
-4.743669652247275437e+00
-7.643781943387410571e+00
-6.398043823699649302e+00
-4.680209773718711830e+00
-4.845651859724639188e+00
-4.382005921951111382e+00
-4.880452021163312004e+00
-7.222771861936014837e+00
-5.209618469901723614e+00
-8.026545830593624586e+00
-6.139604822882724910e+00
-6.592695983539546667e+00
-7.022805114488629208e+00
-9.426586451357362506e+00
-9.253856658261272017e+00
-1.032212461171813089e+01
-1.105436482491804817e+01
-5.950944053287011926e+00
-6.628444120684092944e+00
-1.112793612276380628e+01
-1.033860226883389899e+01
-1.056411985326658431e+01
-9.738597508795267643e+00
-1.015069389448629522e+01
-1.008013472065022853e+01
-1.326516501760635514e+01
-9.912225648598331773e+00
-8.223918189992986072e+00
-9.106113709887692309e+00
-1.255621523751369395e+01
-7.990566432118472839e+00
-1.650855794539225130e+01
-2.234576701967435852e+01
-2.326988767859993601e+01
-2.133271949021958847e+01
-1.674077608269513817e+01
-1.964336675883211569e+01
-1.908474981855696484e+01
-2.016463364221233689e+01
-1.131285608001264897e+01
-1.414787434545948486e+01
-1.972794636843304161e+01
-1.622209035443853864e+01
-1.955233698139900156e+01
-2.757530386736087991e+01
-2.367022900623718229e+01
-1.926720356281830604e+01
-1.899223430509653099e+01
-1.326308158612589239e+01
-1.786869024850138743e+01
-1.288286237959553837e+01
-1.612335659559200352e+01
-1.499225176390542380e+01
-7.102272426548563722e+00
-5.642952353951620204e+00
-1.249077037092467179e+01
-1.082697741384493817e+01
-9.410847588441765055e+00
-7.658114489714994200e+00
-1.128755678444681365e+01
-1.483927747387270557e+01
-1.123593180208758113e+01
-1.525144036061526442e+01
-1.297689117411973747e+01
-1.621956673705706109e+01
-1.351326648616392667e+01
-1.606656844990044419e+01
-7.450470981933965398e+00
-6.228595158514848684e+00
-9.772695304056615129e+00
-1.171113298247050061e+01
-1.130993846634231303e+01
-9.909054323950444498e+00
-7.935354961598878099e+00
-8.223090042811028511e+00
-1.450374053636934590e+01
-1.079377763760306053e+01
-1.160294124534778959e+01
-9.487720638107868254e+00
-1.350520546668665389e+01
-9.964607463810688515e+00
-1.505949167801182575e+01
-1.213703022741603554e+01
-9.607115138012806810e+00
-1.205025013122150135e+01
-8.848303371159191855e+00
-7.029655874663528259e+00
-1.597525671314242146e+01
-2.051627650473283992e+01
-1.757282289680116705e+01
-2.149772497619924749e+01
-1.441486137166478798e+01
-1.456611711889006777e+01
-1.931067353019929911e+01
-2.309471175458414649e+01
-1.892100551757816973e+01
-2.594722319920529685e+01
-1.562047565124155746e+01
-1.649896231386597734e+01
-1.574941763483799129e+01
-1.374497150204914142e+01
-1.313571194536040210e+01
-1.781874649088598517e+01
-1.438081800073875449e+01
-1.710551241356835561e+01
-1.548879280057929186e+01
-1.381018433903494014e+01
-1.627094161686507334e+01
-1.701229503280400479e+01
-1.310438054084937143e+01
-1.289174859516075955e+01
-1.630002208916366513e+01
-1.535986333740102161e+01
-1.521488451502526473e+01
-1.816864755359091177e+01
-1.305460061955497508e+01
-1.312245447311356550e+01
-1.568913307695330062e+01
-1.120440318937952107e+01
-1.413002779263079489e+01
-1.034217339382771783e+01
-1.426325024113376827e+01
-1.971225043629677742e+01
-1.205440348001547690e+01
-1.617834914800767621e+01
-1.314694771749339886e+01
-1.351064770797736969e+01
-1.300640821430516780e+01
-8.140466066105696896e+00
-1.495765693391012086e+01
-1.676476306033563901e+01
-1.200812036430584762e+01
-1.548204117197145635e+01
-1.269729311553250639e+01
-9.819867677504610981e+00
-1.206876817635839316e+01
-1.433290096639850475e+01
-9.636414781245347783e+00
-1.113044534782213546e+01
-9.423829489155101768e+00
-8.503541924521449857e+00
-1.501078783122903815e+01
-1.333701786749271712e+01
-1.240837041026359877e+01
-9.188206764305268948e+00
-1.019892615192515173e+01
-1.068560465302608087e+01
-9.336776677544659009e+00
-9.166109342204393329e+00
-9.427569586459528139e+00
-6.793243918708086859e+00
-9.678031629503067279e+00
-1.096173992015597776e+01
-9.444239229194792529e+00
-1.016087881747947286e+01
-1.021379362575746796e+01
-6.696987524347616905e+00
-8.635796748725383054e+00
-1.016937921524409383e+01
-1.109610432141725944e+01
-1.149621220877652483e+01
-9.827392709197413367e+00
-1.203813043417491535e+01
-8.914637578040979449e+00
-8.524618684900186594e+00
-5.630925518615200964e+00
-5.851151786660729215e+00
-6.239870355464202767e+00
-5.512031326117861951e+00
-1.118181235352836289e+01
-1.231525820130282689e+01
-8.304116531661692946e+00
-8.522688317325409102e+00
-5.152739122165297836e+00
-4.363051509010852591e+00
-6.098849155480094097e+00
-7.373157943956189619e+00
-6.374190151023877426e+00
-7.905658099684591100e+00
-8.118057917406288126e+00
-8.358659843270759282e+00
-6.587235967793243496e+00
-7.288300601074992890e+00
-7.584712264471650478e+00
-9.620596533622881807e+00
-5.787245875838615383e+00
-4.473267720026476546e+00
-4.475516784071786880e+00
-4.991723680126444407e+00
-7.518599673580244946e+00
-7.320994922738024435e+00
-6.847132442596847390e+00
-8.680824775183785036e+00
-5.479155589040087371e+00
-5.094291788343413785e+00
-6.296340488524148959e+00
-7.685368014654504698e+00
-4.553481035016509360e+00
-5.025594628120588325e+00
-4.349972254022245188e+00
-3.983220562796970121e+00
-5.817066748015586874e+00
-4.915116492481336863e+00
-4.920487012766562529e+00
-5.055746726857758055e+00
-5.903167820213332639e+00
-6.192453504558669941e+00
-5.550985002910084454e+00
-5.896264208872801227e+00
-5.166028438365052544e+00
-5.726015506868807670e+00
-5.827992049386181428e+00
-6.498483265700587985e+00
-5.447398601004862506e+00
-5.844447472068645233e+00
-5.557211701952957661e+00
-4.521162316320188168e+00
-4.402478953253856631e+00
-4.962107584300746055e+00
-6.695115205602433228e+00
-6.903093152275666888e+00
-8.732566578856625128e+00
-8.225385728865619583e+00
-9.048174818734031177e+00
-7.112356391524161658e+00
-1.479182003213060526e+01
-1.882591675882233773e+01
-1.348454535405647370e+01
-9.244461161283387796e+00
-1.360511722229509601e+01
-1.560692974481325201e+01
-1.337532428603141277e+01
-8.917378726016952584e+00
-1.425557043790264977e+01
-1.315712915460628452e+01
-1.179866567670702970e+01
-1.320466112391200930e+01
-1.301233273769287635e+01
-1.501765981758883051e+01
-1.217415927468758774e+01
-9.408543263566635062e+00
-1.265376287422073709e+01
-1.239634468511942522e+01
-9.649967509972965374e+00
-7.988863519249226108e+00
-1.124726910309897931e+01
-9.786395290669466007e+00
-5.282104482825378255e+00
-4.337792488653188450e+00
-6.754886204584521714e+00
-7.581595301127889819e+00
-7.924919072176693113e+00
-9.856351423793903166e+00
-7.719791509606404922e+00
-8.653384976395640749e+00
-1.314350776013831457e+01
-1.324061723183507766e+01
-1.027128830293674255e+01
-1.147528782403622749e+01
-1.046424480277300795e+01
-8.650642671807730721e+00
-1.283011610417656279e+01
-1.204452011381453325e+01
-9.818702989581460372e+00
-1.106421790204905520e+01
-9.863780916090513884e+00
-6.921443200075173330e+00
-8.333588220086991072e+00
-8.350057695841607952e+00
-9.084272340388663380e+00
-9.076190971346907332e+00
-8.478392429219210769e+00
-5.781588308054816494e+00
-6.059947796623606386e+00
-6.426367964858369142e+00
-5.598907562976858543e+00
-5.169261596519359792e+00
-7.454112142223237036e+00
-9.586772750614766636e+00
-5.938771342630004391e+00
-5.228100591975752387e+00
-7.368397606939514510e+00
-5.882236685575908730e+00
-1.044461018820098452e+01
-1.084361916718305174e+01
-9.398010258996571054e+00
-1.012651931095608226e+01
-1.149600041033644260e+01
-1.486542336112251839e+01
-8.287671843438426222e+00
-8.102525302784576056e+00
-4.480671327060578690e+00
-4.387826728402570708e+00
-5.222194709886990083e+00
-5.186728121074232867e+00
-6.779224818983455414e+00
-5.704385707149373097e+00
-5.373823155401390217e+00
-4.803166055278351720e+00
-5.837049481061488798e+00
-6.744883252943318475e+00
-4.961845857120312786e+00
-4.731861434722585358e+00
-4.941760956903524793e+00
-4.050601593290703129e+00
-5.690478311961366664e+00
-5.006480698983146738e+00
-4.087927334732412987e+00
-3.971133511353386325e+00
-4.601781699342262222e+00
-4.678074525759873481e+00
-4.314824275993607294e+00
-4.050633682994175366e+00
-5.345541695376364366e+00
-6.232863979049635184e+00
-4.867275029244115814e+00
-5.519147537741143417e+00
-5.971648006828180755e+00
-7.220964336027370756e+00
-8.924567617021397226e+00
-1.042592196836587171e+01
-6.423464956083392075e+00
-5.271594932484998886e+00
-4.918055989396058258e+00
-5.396096364360706943e+00
-5.828137273941472962e+00
-5.262584893566891076e+00
-6.022080580687846130e+00
-5.242892092810050642e+00
-7.278560831249579088e+00
-7.619919386793012173e+00
-7.585118208798728112e+00
-7.283841905519708781e+00
-4.776777432560767700e+00
-4.625308335476571386e+00
-3.987401087944687283e+00
-3.664689658483487378e+00
-4.866425530835023494e+00
-4.383962983040449402e+00
-4.314485142694728381e+00
-4.600451139336681372e+00
-9.325098930250820928e+00
-1.072284778697274632e+01
-6.206992738787842079e+00
-4.945175787097779718e+00
-8.895185348469178521e+00
-9.896581319002155652e+00
-6.197286920262256693e+00
-6.212090696265936351e+00
-6.686574527068274598e+00
-7.872113372367981476e+00
-5.341893871884497713e+00
-5.210742835209254409e+00
-5.639157497752719017e+00
-5.461900551279957661e+00
-1.189506655291012294e+01
-1.081136648269139577e+01
-6.416847692093896605e+00
-5.485510256703479470e+00
-5.144518293742168957e+00
-5.167738593339804787e+00
-4.443692032227267497e+00
-4.507875057211568226e+00
-4.296500648190194838e+00
-4.820176406405434655e+00
-6.008917086796503604e+00
-7.435931917964423654e+00
-6.462694216827196136e+00
-6.495838038839285566e+00
-6.706613144459431020e+00
-5.122714786795683040e+00
-6.680686652501136358e+00
-5.983680095538447041e+00
-6.588707689534746059e+00
-7.619236559994441826e+00
-7.881519394287519908e+00
-7.056529108375429793e+00
-4.474706825538912192e+00
-5.073124537401957568e+00
-7.168265329156372268e+00
-8.354863575774729156e+00
-5.163081098221337761e+00
-5.151944478647622283e+00
-7.220899781973636244e+00
-7.955288179943805993e+00
-6.381676772184547097e+00
-6.533337568430270359e+00
-4.396380568711818704e+00
-5.036747188469313130e+00
-6.961393377673860350e+00
-5.165197455456761233e+00
-4.430278985437567485e+00
-4.521194288740585598e+00
-3.871603446796873627e+00
-4.165179649654477956e+00
-4.788597622705992762e+00
-4.168194764947549480e+00
-5.187833238063773500e+00
-5.304338193497095233e+00
-4.274445893070733860e+00
-4.808225497728662035e+00
-3.831030450483384975e+00
-3.876781461128867790e+00
-4.781088496155917689e+00
-4.536402291601062231e+00
-5.277994191126813561e+00
-5.440838287713358312e+00
-4.165643904950294463e+00
-3.975025588553432243e+00
-4.704285599911774085e+00
-5.061846650573782469e+00
-6.387828789712192368e+00
-7.117099443062325115e+00
-5.771530018720338440e+00
-6.270385900709372073e+00
-5.266644632289764871e+00
-4.691784175339501317e+00
-5.883270623856919457e+00
-5.517771772975549105e+00
-4.673631242987608125e+00
-5.160570499201004857e+00
-4.087840644711902449e+00
-4.367581761179055277e+00
-4.642681714804425930e+00
-4.718438695589404652e+00
-3.717001467077052368e+00
-3.748914402853038119e+00
-4.013486204394804524e+00
-4.156138164438512916e+00
-4.569682367577894588e+00
-5.173434204696339300e+00
-4.083334466666291185e+00
-3.730564806003810574e+00
-5.121269876738952398e+00
-5.403321931194368766e+00
-5.300997288649875294e+00
-4.747383006420479390e+00
-4.626883006212807459e+00
-4.054503877951543878e+00
-4.811185708952834261e+00
-4.892050810976120268e+00
-4.092187334252926689e+00
-3.781410289039167871e+00
-4.464194234151402263e+00
-3.974292776191248322e+00
-4.828100774953112406e+00
-5.039485148467264253e+00
-4.985031796840963203e+00
-5.933369100654881656e+00
-4.481579658406979583e+00
-4.118970368075035360e+00
-3.877175561678318338e+00
-3.980086654092134246e+00
-3.768908895631249756e+00
-3.590413696839828361e+00
-4.922537845951075575e+00
-4.135336008281287334e+00
-5.384364893265081164e+00
-5.870371409183433364e+00
-4.560596180150482404e+00
-4.945688137582252786e+00
-4.701565615406872567e+00
-5.047036127940709882e+00
-4.209304347739432295e+00
-3.840164921840646173e+00
-5.047728346772098362e+00
-5.223705532604057566e+00
-4.395631447564502636e+00
-4.655378210829317354e+00
-4.911329336524636879e+00
-4.172801196125315748e+00
-4.525225457274430596e+00
-4.877625550713998059e+00
-4.631667736684224934e+00
-4.577394046918913162e+00
-5.596959026986227492e+00
-5.310731958571954792e+00
-4.589618851663721522e+00
-4.580831271060838539e+00
-4.660513101103687106e+00
-4.301224946581500674e+00
-5.915265529932802302e+00
-6.837189829055938084e+00
-4.657104588723242067e+00
-4.488029976555148792e+00
-5.778696305997865323e+00
-4.742679792590734245e+00
-4.233491001832324407e+00
-4.418050711020561572e+00
-4.424919391837046412e+00
-4.874919853930698821e+00
-4.102901700791768747e+00
-3.949375106402382762e+00
-4.562185000897916787e+00
-5.036825803878533847e+00
-4.603249792284549891e+00
-4.421538857514680565e+00
-4.729431306371677302e+00
-4.868136909738806750e+00
-4.673819213833631636e+00
-4.171086790067032091e+00
-4.577828478542039115e+00
-4.287472234231479717e+00
-4.518664316160703187e+00
-4.329385796070879699e+00
-4.799741674361115429e+00
-3.986951330656569148e+00
-4.407469586385891702e+00
-4.461503802273541375e+00
-5.005714281462648074e+00
-5.154390634210503030e+00
-4.432744583379280456e+00
-3.800394598665229218e+00
-5.106681078694726317e+00
-5.002709148184695032e+00
-4.914878036802849515e+00
-4.986197533437323415e+00
-4.554951525640694499e+00
-4.646692749491828422e+00
-5.561034250768132736e+00
-6.305523367169405979e+00
-4.117099434147185377e+00
-3.879598809746377164e+00
-4.662000715765194592e+00
-4.820650583960115476e+00
-4.747793527074764874e+00
-5.300395534374546358e+00
-5.500609980535647203e+00
-5.991690991355524964e+00
-3.822256587753185997e+00
-3.474816764259722746e+00
-4.683587337590184418e+00
-5.152125572725454461e+00
-5.135285767549316205e+00
-5.723280862129827007e+00
-4.413936472126576582e+00
-4.955823064907581177e+00
-4.398463181562008550e+00
-4.124192156873491832e+00
-4.499771853676202582e+00
-5.027676610027901560e+00
-4.067135328261040961e+00
-4.310670559991847561e+00
-4.644877374817620641e+00
-4.820596568303027851e+00
-4.745494246235672620e+00
-4.677352284067354482e+00
-5.520653317721056830e+00
-4.860472713392689492e+00
-4.891152193979437790e+00
-5.113645429196650660e+00
-4.835016524552357531e+00
-4.730228396536357849e+00
-5.704884666630690937e+00
-5.365480222777472719e+00
-4.830294903061729705e+00
-5.306691758028660999e+00
-3.894696847997488831e+00
-3.653647680890827587e+00
-4.871050589902055528e+00
-4.986089440812525808e+00
-6.270570158982883946e+00
-6.006644069800517904e+00
-4.574089912639356825e+00
-4.825470976902941800e+00
-4.386580101568663181e+00
-4.090183257643955628e+00
-4.370291270539533812e+00
-4.780451831270450036e+00
-3.803221895650494844e+00
-3.625622394390586756e+00
-4.962888146070399742e+00
-4.884604204658344884e+00
-4.309071023218078444e+00
-4.022944738569504963e+00
-5.721718634550991389e+00
-5.437299629215219809e+00
-6.020902973252872492e+00
-7.482440514234498075e+00
-4.580700478052693647e+00
-4.758299963033270075e+00
-5.023733196510005605e+00
-5.787480906460975127e+00
-4.598260345374908908e+00
-4.597322992994298474e+00
-5.227071392255144389e+00
-4.676696991582748986e+00
-5.424168169855815513e+00
-4.716861615121855422e+00
-5.210703230975034295e+00
-4.386681836165617021e+00
-4.872896102153802644e+00
-5.695352053367892076e+00
-4.651780223164002415e+00
-4.883132398955046583e+00
-4.384880309888016470e+00
-4.346702459445088707e+00
-4.965918643532023502e+00
-5.572435051264577943e+00
-6.106502238830104012e+00
-6.956792710546875647e+00
-4.364069808281231033e+00
-3.835625796166312718e+00
-5.603256334992791743e+00
-4.960735139932187288e+00
-1.068546927007611025e+01
-1.033830032415780664e+01
-7.638938546510357419e+00
-6.634596928682209516e+00
-9.130096957816105530e+00
-1.076201058273565891e+01
-1.038271706931615768e+01
-1.190302326654926723e+01
-6.558156052385469614e+00
-8.161218211002891465e+00
-7.458138827107652524e+00
-7.207141328742365793e+00
-6.903007859702541715e+00
-7.396623024658631529e+00
-4.470845341353582469e+00
-3.809590413855050706e+00
-4.700476073715097236e+00
-4.885338932504549092e+00
-5.300293789696020497e+00
-6.141674965108951945e+00
-4.824060160759398919e+00
-5.492697175612685889e+00
-4.849693544780166121e+00
-4.573497939730921225e+00
-5.270638962366673397e+00
-5.657795159756413561e+00
-5.318985503808863591e+00
-5.205851431729425549e+00
-4.658382523611069637e+00
-3.970193249312949035e+00
-4.738208708817441384e+00
-4.147627142862776672e+00
-5.361052619288585674e+00
-4.453219133280447828e+00
-4.509497176436557453e+00
-4.121757925605654904e+00
-4.442656991661412036e+00
-5.086806401345885575e+00
-3.992368367901463877e+00
-4.134594482606386734e+00
-4.440426027505887774e+00
-4.087098768677513760e+00
-4.316933718662902209e+00
-4.512878741690766304e+00
-5.229737905126923714e+00
-5.493919526567849765e+00
-5.690857094104945446e+00
-6.155696553643031699e+00
-6.426758699109854867e+00
-5.702962912513927840e+00
-4.953182904725503377e+00
-4.727369346258903704e+00
-5.497313447635524319e+00
-6.179187136729431096e+00
-4.930078766579410576e+00
-4.863717724156656708e+00
-5.719919355676338135e+00
-6.660514152589578352e+00
-5.236164671927603820e+00
-5.816570949756941999e+00
-5.646374139396875158e+00
-5.425766878951859162e+00
-5.737318904132419739e+00
-4.578385179034976993e+00
-8.432052940554738640e+00
-1.097574518571044244e+01
-8.560027289543263862e+00
-1.025672146967180254e+01
-9.236585600877969426e+00
-9.942091983782438191e+00
-1.518745681879300946e+01
-1.618348080796925359e+01
-1.067845003062192966e+01
-1.361191721416411227e+01
-1.556646449209439886e+01
-1.226369304669616334e+01
-1.136467323371382143e+01
-8.308073551583500915e+00
-7.230156294427881214e+00
-6.215375283184461530e+00
-7.539404329556567141e+00
-8.774923101947686988e+00
-5.137284083597523754e+00
-6.085415387835289458e+00
-5.396133914231199036e+00
-4.266471331870882899e+00
-5.415848382375797243e+00
-5.593381754348881074e+00
-5.280675239011547895e+00
-5.445522978739030684e+00
-6.126033142370785001e+00
-4.760681072573957451e+00
-5.465649018527748204e+00
-5.352545577320507064e+00
-4.660763118655971482e+00
-4.684924540245278379e+00
-4.868110887730646930e+00
-4.117236375606508680e+00
-5.026307472866531789e+00
-4.582660681021549109e+00
-5.083702837944909625e+00
-5.477548296354555646e+00
-4.462150968583647348e+00
-4.208208717682478728e+00
-5.078695047752332492e+00
-4.744907524681127420e+00
-4.153831338662727468e+00
-4.053917369978389473e+00
-4.462829063142982555e+00
-4.586328655817363931e+00
-4.172755982972594424e+00
-4.105588727575408825e+00
-4.196030412252864217e+00
-4.053695652720526788e+00
-4.891007688910810280e+00
-5.642476292393011406e+00
-6.820394151249510095e+00
-5.412390158651693817e+00
-5.540738527263244784e+00
-5.716011069739212580e+00
-4.709227211877162311e+00
-4.537100063278321826e+00
-4.111350095035432695e+00
-3.842465340474153557e+00
-4.406047253786388396e+00
-4.053286912984133572e+00
-3.594401709248642440e+00
-3.481983028145643644e+00
-3.993615147900655415e+00
-3.713132091166830406e+00
-3.763614151139377917e+00
-4.026745210852642920e+00
-3.979976104866651099e+00
-4.318660492470543844e+00
-4.225774745843327018e+00
-3.780174298585694537e+00
-4.446020135480860169e+00
-4.633034500873988826e+00
-4.668809149277959314e+00
-5.169332673632354158e+00
-5.320358891512866784e+00
-5.838692790514053321e+00
-4.316880281254155349e+00
-4.139304875674229223e+00
-4.161261890084936077e+00
-4.008912940734933095e+00
-4.042476992373984501e+00
-4.185428175955729913e+00
-4.556471423388640751e+00
-4.538268739346023928e+00
-3.936630250548703636e+00
-4.159643655514782878e+00
-3.754445850374685811e+00
-3.979997084775107830e+00
-4.888460704491616404e+00
-4.457554672436634391e+00
-3.984534436312583416e+00
-3.971925157337358847e+00
-4.515952378650629484e+00
-4.737383375360519899e+00
-3.844752401403322750e+00
-3.905070101435437202e+00
-4.419752477114858635e+00
-4.699018835198082833e+00
-3.933122888910450143e+00
-3.900122375698741095e+00
-4.652002116992901115e+00
-4.003260498215336582e+00
-4.622812003928314262e+00
-5.324198476252485435e+00
-4.277545274699309452e+00
-4.659025979999153577e+00
-4.214060970170461218e+00
-4.135710927316698537e+00
-4.413223881106100421e+00
-4.245548748002435424e+00
-4.412243963852795936e+00
-3.847526369547502156e+00
-4.502804859384895941e+00
-3.989504350868636529e+00
-3.921626441504102445e+00
-3.694848854742510014e+00
-3.993305588014700369e+00
-3.578644292006180727e+00
-4.606262910216534223e+00
-5.145377270377699652e+00
-3.524181254372071415e+00
-3.384579626902540994e+00
-4.033525652882816281e+00
-4.328699721064523054e+00
-4.453395934448737492e+00
-5.095597313228135583e+00
-4.139149624263903426e+00
-3.632090514598192321e+00
-4.307757147939603293e+00
-4.770604271669865781e+00
-4.973233986272139084e+00
-5.604701920992132713e+00
-5.136038848159783399e+00
-4.526844036515920600e+00
-3.910199797205476280e+00
-3.925454378860455229e+00
-4.157533029127538526e+00
-4.022726728702836319e+00
-3.955708177610830489e+00
-3.748501834116596321e+00
-5.201748601784060178e+00
-5.023590121211178428e+00
-4.110710641070207672e+00
-4.556304922638301669e+00
-3.729547954822209910e+00
-3.680406872713370525e+00
-4.850324306290138665e+00
-4.394329788690600758e+00
-4.502942525009427932e+00
-4.952906152752990288e+00
-4.258160984801151017e+00
-3.802275985788877932e+00
-4.007148448111324868e+00
-3.938697472117671516e+00
-4.824467164594388180e+00
-5.476078731464618876e+00
-4.380638683135653189e+00
-4.705752882035628915e+00
-4.954755342094306236e+00
-5.207294493773856559e+00
-4.181849950271870675e+00
-4.287511442737440781e+00
-3.912980190273931846e+00
-4.250218147638172184e+00
-3.885826444718258443e+00
-3.893198154062042171e+00
-3.722521013889999786e+00
-3.999697735303398893e+00
-4.073776208096943741e+00
-4.481020757193262760e+00
-4.386668509152968909e+00
-3.921016303455961527e+00
-4.182220666525664043e+00
-4.662998355839179432e+00
-4.036681462216532346e+00
-4.008628182522729233e+00
-4.860891288418438094e+00
-4.490615635686527440e+00
-3.869650775238243412e+00
-3.742788728595986214e+00
-4.853016039374562496e+00
-4.236269357941619518e+00
-4.678072547121315594e+00
-4.101165509822632060e+00
-4.635662929563997281e+00
-5.007764241844337327e+00
-3.936046731354512218e+00
-3.930427975799053009e+00
-4.027976167000283603e+00
-4.246224851483842322e+00
-4.023406595248372852e+00
-4.123131443170733768e+00
-4.344492579109560992e+00
-4.245327632653737027e+00
-4.056129484317133382e+00
-4.182326062369838837e+00
-5.828008321467428310e+00
-6.859022815958717878e+00
-4.178135786732275925e+00
-4.288461516939756635e+00
-4.025039019004781338e+00
-4.408138894401439245e+00
-4.467897439337461307e+00
-4.466826255594515516e+00
-4.257707157758860994e+00
-4.201379647518778349e+00
-4.056940636869923900e+00
-4.004679900559572125e+00
-4.313769325918789477e+00
-4.235774532903203493e+00
-5.018049044481714738e+00
-5.842396936601539359e+00
-4.536401553861589164e+00
-4.018579765343655019e+00
-5.076717362633097252e+00
-5.731239700007743743e+00
-4.614803162963482031e+00
-4.306969789952789007e+00
-5.019751832026254412e+00
-5.803590818674296159e+00
-4.090547280475852254e+00
-4.520439245343609969e+00
-4.120084399974177636e+00
-4.597390782604662718e+00
-4.257387802729116544e+00
-4.798616130237236987e+00
-4.462378168600998229e+00
-4.566029092014356472e+00
-4.461484282084297703e+00
-5.050302461414081456e+00
-4.135434391807957688e+00
-4.343513707348865438e+00
-3.905392640433697160e+00
-4.210950860080508562e+00
-3.774777112890006947e+00
-3.736648352324972500e+00
-4.256558500997143391e+00
-4.460136924585382801e+00
-3.833355258022961287e+00
-3.741362386815372254e+00
-4.457405991497041420e+00
-4.839812492228702467e+00
-4.164423713071323085e+00
-4.362978451817348891e+00
-3.956306873367535282e+00
-3.543973948417774800e+00
-4.121545681555248031e+00
-4.406568848263724192e+00
-4.176698702325954748e+00
-3.969038817121191443e+00
-4.789817190644447997e+00
-4.558655232955672432e+00
-4.398789482436550102e+00
-3.771528188496437117e+00
-4.169322962507519215e+00
-4.421938037887978901e+00
-4.255083851956476870e+00
-3.943978748916014077e+00
-4.373639485601213295e+00
-4.830246537740028323e+00
-4.290849862423197436e+00
-4.010947317144886171e+00
-3.721256185682491058e+00
-3.507982697629271840e+00
-4.399326800526663916e+00
-4.669521464289652535e+00
-4.825680983639615285e+00
-4.253476100716254926e+00
-4.143009655397679403e+00
-3.778647709607108496e+00
-4.204519211385317590e+00
-3.990517306377811657e+00
-4.202160331273660177e+00
-4.731855719278805772e+00
-4.822823466481935384e+00
-5.140440714925961885e+00
-4.269050236256440201e+00
-3.756239312505312178e+00
-4.071856122254502885e+00
-3.657312097537973372e+00
-3.818420222863361246e+00
-3.628887608004614407e+00
-4.542898360078964970e+00
-4.877100255232742043e+00
-4.263975635707623724e+00
-4.421877220277468545e+00
-4.003778522158845554e+00
-3.766594841644368863e+00
-4.143406223536872268e+00
-4.525034222181570698e+00
-4.020811257240699099e+00
-4.134630736201541978e+00
-3.745590802728005819e+00
-3.529843633815832327e+00
-4.480782310923632217e+00
-4.816901562423675287e+00
-4.475905969631496006e+00
-4.529250113693949586e+00
-4.018914244391964985e+00
-3.560892327137261226e+00
-4.900647647730849599e+00
-5.565417983753902398e+00
-4.000105162323408514e+00
-3.657260636513297136e+00
-4.603146985334138463e+00
-3.919659295949169397e+00
-4.319588152168218897e+00
-4.692466050539631617e+00
-3.794229330185043381e+00
-4.084718380963629158e+00
-3.819665976493808124e+00
-3.817337069820392337e+00
-4.278140048933281037e+00
-3.881238392854931440e+00
-4.658049472865130269e+00
-4.261764646713202431e+00
-4.106462297707982323e+00
-4.043243502250000176e+00
-4.921804947382820039e+00
-5.572988177396938525e+00
-3.803926125113486378e+00
-3.868767830584578071e+00
-4.704569435219105422e+00
-5.172835334985271594e+00
-4.254721027924777133e+00
-3.960823097390639980e+00
-4.636457489284945943e+00
-4.009880533637872446e+00
-4.213163118020476716e+00
-3.778614695849213945e+00
-4.086143869406800633e+00
-3.891609220630658506e+00
-5.009360074164027843e+00
-5.774217629684901709e+00
-4.189675298299124329e+00
-3.950760832786857080e+00
-5.075760002594988052e+00
-5.297519084282861890e+00
-4.435443130687021451e+00
-4.588329151540800233e+00
-4.200738786600681784e+00
-3.855226042694076760e+00
-4.843305663034403352e+00
-4.768583894058508577e+00
-4.756670522746603069e+00
-5.267833732966784588e+00
-4.154888449171891374e+00
-4.613672948344931690e+00
-4.118462642619783232e+00
-3.686220619294484635e+00
-4.226805361052910825e+00
-4.613079122822711930e+00
-4.669079509374136627e+00
-4.233151320932033279e+00
-4.609964984640425811e+00
-4.697725748117709266e+00
-4.689727709736107641e+00
-4.005749059788507260e+00
-4.357416176513239314e+00
-4.647232455208976099e+00
-5.416567182212352449e+00
-6.213686601805636478e+00
-5.288585641872844079e+00
-5.030764234973259086e+00
-4.650532436258206559e+00
-5.318205387548120555e+00
-4.060407749075001682e+00
-3.711684566006411501e+00
-4.476529142757097901e+00
-5.172037985106803681e+00
-4.009070842697495252e+00
-4.318611315469521372e+00
-4.056919967120593995e+00
-3.659997334596765128e+00
-3.587539409443502691e+00
-3.808865487653523729e+00
-4.137462881737064002e+00
-3.928778607726031602e+00
-4.263653310896375892e+00
-4.356380657651371280e+00
-5.962599618554879299e+00
-6.852951438448353194e+00
-4.427579857454207790e+00
-3.809668760803077703e+00
-4.728357460639003307e+00
-5.017116253311570517e+00
-4.482520624404124021e+00
-3.956340785638074564e+00
-4.141755102936388155e+00
-3.802696585959448150e+00
-6.742483177573817876e+00
-5.048605896787631053e+00
-4.726768671238572139e+00
-4.784910487283847935e+00
-3.976241529788932638e+00
-3.758084876723470025e+00
-3.999866698366465023e+00
-4.261767951231745677e+00
-4.783412662236640855e+00
-5.097851493090396424e+00
-5.327238967099878764e+00
-5.372883444553488097e+00
-4.244265588319991345e+00
-4.169105695251503541e+00
-4.301835997902804465e+00
-4.561361490614125103e+00
-4.778929308108607721e+00
-4.475377942173577317e+00
-4.114104043970773894e+00
-4.330228465277571992e+00
-4.605865760878777415e+00
-4.370813039190066362e+00
-4.182744365876416737e+00
-3.819163624289386050e+00
-4.965295646612035263e+00
-5.723655476607679482e+00
-4.988439382311043779e+00
-4.097898252017663445e+00
-4.966841811330301226e+00
-5.230130113228217859e+00
-5.330226680282417639e+00
-6.021303375556078308e+00
-4.439382753593092978e+00
-4.718066904651757376e+00
-4.860296890625952493e+00
-4.568044137211050959e+00
-4.196158908925025521e+00
-4.561976668810995506e+00
-4.582333695510741656e+00
-4.449060720971009353e+00
-4.280928849588216067e+00
-3.914554213151826723e+00
-3.865712180327800063e+00
-4.135544796094647424e+00
-4.552632968785284895e+00
-4.147965417792813803e+00
-4.136118656077496070e+00
-4.116542120579086195e+00
-4.019329798448660007e+00
-4.208741409327002359e+00
-4.384273861401099204e+00
-4.569616924179278783e+00
-5.278275357062148565e+00
-5.380062299850837171e+00
-5.774907590995753459e+00
-5.475950021867997286e+00
-4.894254043400826149e+00
-4.898878363318094564e+00
-4.513636175581503984e+00
-4.093899606180862349e+00
-4.289670080751308845e+00
-4.321678483846357111e+00
-3.968509380672718301e+00
-3.543562455850505444e+00
-4.123158230343744179e+00
-3.991803295595258483e+00
-4.457744850628273525e+00
-4.514081825313910556e+00
-4.224590330045201014e+00
-3.861371672209254591e+00
-4.269031674355521666e+00
-4.193826045551551474e+00
-4.921913301679553321e+00
-5.333684504816202931e+00
-4.429623999808102397e+00
-3.895270887320659625e+00
-3.878510490576119629e+00
-3.847250101346214812e+00
-4.416146758546101836e+00
-4.664260087809207533e+00
-6.025999692714401057e+00
-6.973726843904336725e+00
-4.505426116877554676e+00
-4.018836082825199441e+00
-4.103543991175842010e+00
-3.753494590580105594e+00
-5.085431063694045406e+00
-4.992323964384827839e+00
-4.038311677904706798e+00
-3.920609519324586678e+00
-4.872708479575502238e+00
-4.097674555165524701e+00
-3.935770234333592299e+00
-4.276708229946464712e+00
-4.529208681751663690e+00
-4.305812067578650648e+00
-4.520659324161711012e+00
-4.558646668137804170e+00
-4.027229148054531471e+00
-4.351453908945376092e+00
-4.511893829641246079e+00
-4.252807496241738150e+00
-4.303509713385238911e+00
-4.500433765054759228e+00
-4.149136244046354172e+00
-3.701568994712744143e+00
-3.928390425350219317e+00
-4.255368863023557324e+00
-4.157261034625499896e+00
-3.822725644003103440e+00
-3.717152490207780602e+00
-3.531810007858720901e+00
-4.745839683392203412e+00
-5.121846373568787136e+00
-4.343967574857703795e+00
-3.953514868060142184e+00
-4.437956166671467528e+00
-4.550160300637383415e+00
-4.002905598725084779e+00
-3.941536089444125146e+00
-3.908358517552771083e+00
-3.774374445270461287e+00
-4.174227768554959361e+00
-4.455814666684550396e+00
-3.653465833295116205e+00
-3.752149255956071627e+00
-4.177854626702173668e+00
-3.825620792544397908e+00
-3.649096858665277665e+00
-3.663524996864649275e+00
-4.466809733888986500e+00
-4.584450628156757190e+00
-4.624168133178798712e+00
-5.204086029220915677e+00
-3.885499581217422005e+00
-4.202763310486529846e+00
-3.994457476802312001e+00
-4.212603718650898443e+00
-4.171246349292084155e+00
-3.800535916247048007e+00
-4.982886138830137313e+00
-5.035163485638328495e+00
-4.498500546804616640e+00
-4.300129208328296038e+00
-4.451625591846864793e+00
-3.784465842540024383e+00
-4.057867353518682663e+00
-3.965829594269500546e+00
-4.330712593461502280e+00
-4.940348812364989683e+00
-5.183498903118116452e+00
-6.048581088243428994e+00
-4.408044041100644073e+00
-3.927777512903325885e+00
-3.876071113406835522e+00
-3.782509260648777349e+00
-4.063851658894617636e+00
-3.746644998447774988e+00
-4.437337608737979444e+00
-4.381152697017541620e+00
-4.684995368914901981e+00
-4.360962958238204124e+00
-4.132310356822635811e+00
-4.401185139478020147e+00
-4.472127179646345319e+00
-3.954279576322367262e+00
-4.338815587008048702e+00
-4.861760029239811765e+00
-3.782436264201587406e+00
-3.956826665498411444e+00
-4.267117827873846636e+00
-4.697095742091289772e+00
-4.863213149163303051e+00
-3.985435650538081020e+00
-3.936010804318578415e+00
-4.095283354613798998e+00
-3.611255642051549586e+00
-3.689993352811049121e+00
-4.323174332244284379e+00
-4.269609156479253542e+00
-4.237657500780615649e+00
-4.386258102803507697e+00
-4.314104664940540346e+00
-3.918965781442949492e+00
-3.938507660292252410e+00
-3.619462314434941597e+00
-3.930528303724250883e+00
-4.146711732213252510e+00
-4.112466270924372225e+00
-4.581948139993756719e+00
-4.000295800726670237e+00
-4.053639291430826574e+00
-4.257501410575533107e+00
-3.683581598230595056e+00
-4.007813735201232852e+00
-3.978951923045644712e+00
-4.386358726720507306e+00
-4.177803058303382500e+00
-4.435592019497865302e+00
-4.331921110688141674e+00
-4.952617000213229481e+00
-5.145537811512835624e+00
-4.485261309328256729e+00
-4.663186226336872409e+00
-5.194387659252734046e+00
-5.735046874096554781e+00
-4.571989133671714001e+00
-4.001769759729130627e+00
-3.881619239770966345e+00
-3.664965588620344938e+00
-4.934467863515548558e+00
-5.838564969692888518e+00
-4.110197312504960010e+00
-4.041845957858284599e+00
-4.761126840335696109e+00
-3.924155748528125542e+00
-4.915896982749679012e+00
-5.314723959560308408e+00
-4.906151294921242467e+00
-5.579411986641221510e+00
-5.511273913787208656e+00
-6.222864599199383839e+00
-4.162246122915433055e+00
-3.818676186635771685e+00
-3.692904570123934249e+00
-3.731686058194847000e+00
-3.842525522753647671e+00
-4.035425931805677990e+00
-4.634746156121907212e+00
-5.064799778336865899e+00
-3.526055942760640605e+00
-3.698757643914870386e+00
-3.951445167838886441e+00
-3.914706660955937778e+00
-3.971117471179973712e+00
-4.347248829004545456e+00
-3.745790089119292787e+00
-3.833784071124282988e+00
-3.481924667621179914e+00
-3.652524253891809458e+00
-4.159327413260728967e+00
-4.387883113239316124e+00
-4.049220366287960005e+00
-3.717134281122175921e+00
-4.475951898769729986e+00
-4.065665971388199296e+00
-4.017180992375078752e+00
-4.161217280699980314e+00
-3.962818305628490911e+00
-3.774321666142323117e+00
-4.772553571009403584e+00
-4.255835803884120416e+00
-4.221881779927135980e+00
-4.290987001191595596e+00
-4.577971913589273356e+00
-4.037659557687082845e+00
-4.140752269366487326e+00
-3.683569569873306193e+00
-3.959322815972731391e+00
-4.185844064238322559e+00
-4.534929784000683028e+00
-3.968366646265034881e+00
-4.112283571306673657e+00
-3.821891534306856464e+00
-3.887684436513234587e+00
-4.117852523356701155e+00
-3.588799992647401460e+00
-3.384579626902540994e+00
-3.878559674490393405e+00
-4.260540140667772313e+00
-3.951657715054009756e+00
-3.644017004364266121e+00
-3.555350635023207140e+00
-3.498332757400307358e+00
-3.853041870841508398e+00
-3.659175772274423366e+00
-4.249457783245782494e+00
-3.781482658508226180e+00
-4.437100813522306453e+00
-4.475539243555278546e+00
-4.062225793560388709e+00
-3.626253044123794567e+00
-3.663212814899991621e+00
-3.521254986449974922e+00
-3.755355948558674051e+00
-3.661064715461140651e+00
-4.291213332769820532e+00
-4.254098242198295132e+00
-4.075888221471628547e+00
-4.283887173351878630e+00
-3.696943267629656305e+00
-3.685219766382787476e+00
-4.419490945980135699e+00
-4.876699377703710425e+00
-3.634729636291410770e+00
-3.459302441776274328e+00
-4.049290715311419930e+00
-4.002687145637901622e+00
-3.571717190784734264e+00
-3.635045461097507591e+00
-3.558894449040706398e+00
-3.726313409766489393e+00
-3.586159710364451136e+00
-3.384579626902540994e+00
-3.937570005304340981e+00
-3.724986554471958478e+00
-4.427000282464868874e+00
-5.070041874181872465e+00
-3.801246739008909081e+00
-3.584986542840707280e+00
-3.701224578889790173e+00
-3.986654531118445810e+00
-3.829601954426613553e+00
-4.068783202982605651e+00
-4.085387721541077433e+00
-3.962330468104948267e+00
-3.476234385901530999e+00
-3.560069922810883192e+00
-4.030007195590949998e+00
-4.340672246435738124e+00
-3.572661087809855474e+00
-3.816451269981622652e+00
-3.972941516060691569e+00
-3.664562036098213405e+00
-4.599374948845512456e+00
-4.312429887507975401e+00
-5.773909786225281060e+00
-6.132960681948967263e+00
-4.328657053680587730e+00
-4.154757978770424742e+00
-4.100062304380940326e+00
-4.122456918100726675e+00
-4.093804153090314202e+00
-4.270587094936011852e+00
-3.815222321414716511e+00
-3.803362265661755615e+00
-4.009864329835670205e+00
-3.945299255332585631e+00
-4.467401024014776567e+00
-4.021864213916274799e+00
-4.688964950404968413e+00
-4.441122471206019995e+00
-4.232714529235261480e+00
-4.109582668870916500e+00
-4.033512057981178067e+00
-4.160398376754539385e+00
-3.677372779325403407e+00
-3.626748146750762736e+00
-4.446405080709808111e+00
-3.919792418619116425e+00
-5.015922176524449938e+00
-4.543651534502815892e+00
-4.191256789821959927e+00
-3.674724154294864320e+00
-4.053547551354794720e+00
-4.439890163696905923e+00
-4.046003497305339813e+00
-4.118316742294945598e+00
-3.885113658375468404e+00
-3.770241540725060680e+00
-3.934626949154635511e+00
-3.530326702459809063e+00
-4.049488325643653575e+00
-4.005577912633143889e+00
-3.942218844658129662e+00
-4.182180907041016305e+00
-4.533491903196090078e+00
-5.102680720656620039e+00
-4.061524098236473534e+00
-4.164081481592854850e+00
-4.402657094923737802e+00
-4.831912596820185257e+00
-4.189811411965608023e+00
-3.966569560708723685e+00
-3.831619216366899394e+00
-4.158713586927342831e+00
-3.853682520250931276e+00
-3.628346764271593194e+00
-4.197213910887125365e+00
-3.707195062951995190e+00
-3.864468432908926054e+00
-3.803191823613838451e+00
-4.717352060240964207e+00
-5.157598705006531503e+00
-4.325098224848656692e+00
-4.673673666845058250e+00
-4.822849249996266074e+00
-4.449456246076064936e+00
-4.888426300966753679e+00
-4.731639593542400490e+00
-4.133294975055664011e+00
-3.835768999730958306e+00
-4.881622511057010172e+00
-4.919664990391821036e+00
-4.101317522676274585e+00
-3.972359743916409336e+00
-5.135819256083837381e+00
-5.731737015245784939e+00
-3.926646476405264430e+00
-3.655086296343355912e+00
-3.855520292329308596e+00
-3.514252537820380162e+00
-3.846997271226614501e+00
-3.734295018667612709e+00
-3.497877459689666679e+00
-3.424100117522435482e+00
-3.583983700936846262e+00
-3.809153054721775788e+00
-4.025708849988151705e+00
-3.699586197997585479e+00
-4.820116937204961260e+00
-4.384250461774583663e+00
-4.010185136947491458e+00
-3.599467510299700024e+00
-3.748875766479277338e+00
-3.589342150572804258e+00
-3.717666038615610624e+00
-3.914454055654077003e+00
-4.137677070039538663e+00
-4.565336946014674879e+00
-4.878247049255337586e+00
-4.932189578705121313e+00
-4.960416943498811904e+00
-4.911631076910052407e+00
-5.151333058711288437e+00
-6.148649768941074178e+00
-5.034417066972266319e+00
-5.507960233358223157e+00
-4.304169471590487461e+00
-3.715313625767026728e+00
-5.262878303153348369e+00
-4.873848898880634550e+00
-4.649132897661545805e+00
-4.989529625919986167e+00
-4.128208259267945657e+00
-4.055099683592082727e+00
-4.560311276311837858e+00
-5.105464072114012986e+00
-5.510940637991336821e+00
-4.870538322843663614e+00
-4.230128707028572244e+00
-4.238489852965852123e+00
-4.135998244759987230e+00
-4.546673022730666425e+00
-4.013606025669798072e+00
-3.843716247031565558e+00
-4.753793952188860139e+00
-5.224437213530580770e+00
-3.588212081660565822e+00
-3.825097579487091615e+00
-3.757011547099748938e+00
-3.465660576079247157e+00
-4.180968158026412418e+00
-4.218086037077329209e+00
-4.401111817654509650e+00
-4.442948126003759768e+00
-6.088636776003593987e+00
-7.439928171621539299e+00
-5.216880323015087306e+00
-5.495580230995082083e+00
-3.909127277490630270e+00
-3.637860594753901999e+00
-4.056974353757756724e+00
-4.189669224214676468e+00
-4.086654822581777147e+00
-4.057525697385807817e+00
-4.071513445626726124e+00
-3.601900175845372587e+00
-4.982286620132181376e+00
-5.081723111744303800e+00
-5.271228116334687464e+00
-4.718150035197029801e+00
-4.277221757220362797e+00
-4.048134356730762384e+00
-3.738358156421128342e+00
-4.036085690766826772e+00
-4.206871752247015372e+00
-4.108810267448468778e+00
-4.214866882410153615e+00
-4.486951683534224244e+00
-6.058961419065291842e+00
-7.486259662731336029e+00
-3.647479294884685252e+00
-3.384579626902540994e+00
-4.371959885711278027e+00
-3.892854617957318908e+00
-3.926184300015170159e+00
-4.252828074691572091e+00
-3.707095322867236753e+00
-3.708545320179455373e+00
-3.745036411506037055e+00
-4.022947666016226442e+00
-3.898205503594936339e+00
-3.825267560690544855e+00
-3.788680710672221785e+00
-3.873410138725953189e+00
-3.554458048213183119e+00
-3.428054154867398395e+00
-4.065360244693783542e+00
-4.357472643081944597e+00
-4.131347341020597419e+00
-4.292393590142881798e+00
-4.193929703156310751e+00
-4.047520635236245390e+00
-4.369993504215773150e+00
-4.902691628723125916e+00
-4.121676168433123344e+00
-3.937424155448879581e+00
-4.145786966946698016e+00
-4.362030646101430875e+00
-4.836831912482583817e+00
-3.966974377271100138e+00
-4.504171855756520237e+00
-4.272375413999618843e+00
-3.936694776264279660e+00
-4.263346746141446708e+00
-4.096456720588906641e+00
-4.325940543630238722e+00
-3.727961770082424131e+00
-3.956678889264041210e+00
-4.145004501463663615e+00
-4.330680850071238375e+00
-4.079765401223644616e+00
-4.048241237962669103e+00
-5.248321828052966431e+00
-5.108042526918152859e+00
-4.066593807174450070e+00
-4.272708662352068032e+00
-3.891866002233866695e+00
-3.821705636840545317e+00
-3.917765457043786981e+00
-4.270635470048737226e+00
-4.439316795386097247e+00
-4.173394955173447940e+00
-3.772655838694959129e+00
-3.794070403254946378e+00
-4.848641088069391536e+00
-4.273636010470887037e+00
-3.974982014336318592e+00
-3.799691495304643674e+00
-4.009991678846131613e+00
-3.886628996273367775e+00
-4.086217038434912574e+00
-4.368095037589258212e+00
-4.078872426719373223e+00
-3.870969595495214577e+00
-4.623727781925480507e+00
-4.721035063645382834e+00
-4.018813210116380041e+00
-3.847337837758556311e+00
-4.506169837382630661e+00
-4.825033371509888980e+00
-3.897169762325146003e+00
-3.804138173080718666e+00
-4.322924856485930611e+00
-4.694741217098785668e+00
-4.539314735215609353e+00
-4.554438092402749660e+00
-3.991864899864112637e+00
-4.163705822965160230e+00
-3.944296463564100463e+00
-4.099785895075346076e+00
-4.228162404067350444e+00
-4.283106098791288119e+00
-3.651969176369328274e+00
-3.648178352587192919e+00
-3.621218807561764841e+00
-3.741091364941256714e+00
-3.992802311935665927e+00
-3.788752128374805572e+00
-3.908946099152678322e+00
-4.021166452509928213e+00
-3.949581009832960454e+00
-3.527369357158447016e+00
-3.547022989806580817e+00
-3.637735331836758235e+00
-4.485842326496086052e+00
-3.858086941917391322e+00
-4.489464612019530065e+00
-5.033826066716422076e+00
-3.808607665862123071e+00
-3.481901084812539793e+00
-4.181933081523372842e+00
-4.069516332738339237e+00
-4.251988408340981351e+00
-4.024823800595726198e+00
-3.727165509809679200e+00
-3.541150333357666824e+00
-3.827858386451683081e+00
-3.654454493374188928e+00
-5.028647898702015340e+00
-5.688181374600628892e+00
-4.962786186856811277e+00
-4.204468122066819191e+00
-5.090200590394949209e+00
-4.680177864251464648e+00
-4.834209563758451011e+00
-3.972850210897097334e+00
-3.805531190073939030e+00
-3.575983888579613357e+00
-4.040205171854953647e+00
-3.689159233841959207e+00
-4.335084393269060143e+00
-4.579617186678050622e+00
-3.981961410431130055e+00
-3.623734845641400248e+00
-4.534187432998153966e+00
-5.027897891423678267e+00
-3.653260745911371288e+00
-3.670354336833735687e+00
-4.279966880306793620e+00
-3.903896756917325739e+00
-4.081502926875852921e+00
-4.448807728171299658e+00
-4.435465255482444746e+00
-4.147583397104051883e+00
-4.060599300756237540e+00
-4.535510824936577201e+00
-3.711888574659609752e+00
-3.595645711402236877e+00
-4.712805920785539726e+00
-4.750242970864904990e+00
-5.129984597172338567e+00
-5.667921261504333508e+00
-4.169250876844884601e+00
-4.618356791770619196e+00
-3.739521245148559991e+00
-3.600537884432618796e+00
-4.061907763021775253e+00
-3.963236963903517207e+00
-3.739642642811576323e+00
-3.681094518865609899e+00
-3.894708459522687072e+00
-3.762494717056210192e+00
-3.890413036192056140e+00
-3.923330463256482936e+00
-4.392791563743706718e+00
-4.120978076766897757e+00
-4.928543477379711213e+00
-4.698363388131936880e+00
-4.603003270870106078e+00
-4.571656511724573768e+00
-3.969545449564547468e+00
-4.386280946426184713e+00
-4.126494048077717025e+00
-3.989176129982929808e+00
-4.643598032293165367e+00
-4.454105622513669260e+00
-4.782629608129715493e+00
-4.633102702450409893e+00
-4.729425840658175062e+00
-4.347783807062112871e+00
-4.674647809362135753e+00
-5.334072375690213974e+00
-4.098869330094808916e+00
-3.792420002854770544e+00
-4.465971614153105840e+00
-4.579660477739968094e+00
-4.299856925054110768e+00
-4.273596869765719397e+00
-4.456034891118551222e+00
-4.927237479959387656e+00
-4.523642015382844050e+00
-4.098767070233671816e+00
-4.307082245942927656e+00
-4.726282797472823205e+00
-4.383680388981122000e+00
-4.968060647871863189e+00
-4.722323441574494574e+00
-4.521861421028698480e+00
-4.706459703280318152e+00
-4.939617228505857049e+00
-5.757197225324504508e+00
-4.949396993904422892e+00
-4.455854052984316027e+00
-3.856104157779924435e+00
-5.471485099835398103e+00
-5.935147364714003615e+00
-5.778035819564927955e+00
-4.645209958492007019e+00
-4.388044457577248814e+00
-3.779833333467984779e+00
-4.294060293504830206e+00
-3.991503320843253100e+00
-3.858497110376196026e+00
-3.477815586043213614e+00
-3.772507955112191169e+00
-3.656054508082930532e+00
-4.783795529850821460e+00
-4.220983577484850535e+00
-4.420790565733271116e+00
-4.947000474593395758e+00
-3.579120984729256882e+00
-3.384579626902540994e+00
-4.577770826945703142e+00
-4.096776397504007683e+00
-4.783963499515893503e+00
-3.955554759567744938e+00
-4.071697978619667424e+00
-3.881473708717098958e+00
-4.083731266714785590e+00
-3.783830673407839740e+00
-4.327686474462394628e+00
-4.105281283256950964e+00
-5.412361927593100752e+00
-5.479780633525762390e+00
-4.949588904626413211e+00
-4.642445980422009733e+00
-4.776883887944898710e+00
-5.499069737260139590e+00
-5.050607637219591162e+00
-5.449064129639158871e+00
-4.592762292262367652e+00
-5.229335902281885495e+00
-6.228785449429355303e+00
-5.238389843321481720e+00
-4.990414175433437016e+00
-4.130408347674976000e+00
-4.060109126530150547e+00
-4.158009311077251802e+00
-4.182909309705361345e+00
-4.404406979717623294e+00
-4.776780041999835191e+00
-5.136758966877231991e+00
-7.133980827735158847e+00
-8.261225435165250985e+00
-4.509173804125848228e+00
-4.475076792599091746e+00
-5.387460401605770777e+00
-6.238079156037657391e+00
-4.036078163483338699e+00
-4.436861260018533315e+00
-4.508801624011196552e+00
-4.415889140492587295e+00
-4.717626728843576700e+00
-5.234368330621869347e+00
-4.911720791110974815e+00
-5.250507168787098777e+00
-4.385524169562482477e+00
-4.702734533371487835e+00
-4.028047582462019882e+00
-4.314219991232193685e+00
-5.037588416729403384e+00
-4.788596504161993117e+00
-5.161204347472232001e+00
-4.714923141853224031e+00
-5.945467777402316578e+00
-7.180371144815913986e+00
-3.685012569579185993e+00
-3.501463280298938940e+00
-4.864666164679191773e+00
-5.557815407152564724e+00
-4.566348093253437490e+00
-4.271093800758126058e+00
-3.966914139909644810e+00
-3.944884122656632464e+00
-4.263539523115577268e+00
-3.757631167210922385e+00
-4.171403225505296852e+00
-4.015606359931706670e+00
-4.826070997900298920e+00
-5.024928639305421108e+00
-4.592279178748650992e+00
-4.937331468340426355e+00
-4.506192348894843214e+00
-3.949589656871093091e+00
-4.215233769370365202e+00
-4.075904171595381875e+00
-3.862010353516012628e+00
-4.117395418070857183e+00
-4.279029240782675991e+00
-4.179435684652948346e+00
-4.726698516955967655e+00
-5.206151399784638478e+00
-4.799367973663152931e+00
-5.656494196601008717e+00
-4.571632516568540083e+00
-4.973862750751254502e+00
-4.216301219876551265e+00
-3.939127692236590761e+00
-4.597192983828582769e+00
-4.191184695038927543e+00
-4.647037575547090960e+00
-4.322586621453730515e+00
-4.549546411243282407e+00
-4.802653592298149476e+00
-5.001057568920213470e+00
-4.294875640251675009e+00
-4.464534440311898500e+00
-3.951485700230355391e+00
-3.595596255747985914e+00
-3.530850648804302772e+00
-4.317515434456702828e+00
-3.804398677996684519e+00
-3.951442378143634748e+00
-4.039390900016258890e+00
-4.247180950654175113e+00
-3.885996834529767519e+00
-4.616065000928006867e+00
-4.952978518830424726e+00
-4.381073994791557347e+00
-4.962221103902704655e+00
-7.220387031592607308e+00
-8.905711724903673243e+00
-6.124430779218790200e+00
-7.562439955116194490e+00
-4.365379050065682165e+00
-4.432596482503306845e+00
-4.400511952162216467e+00
-4.025326091490725844e+00
-5.032920284040445225e+00
-4.232673381685637892e+00
-4.917942884949518145e+00
-4.490007958239417896e+00
-5.093154605781288424e+00
-5.620160292332419871e+00
-5.858685622219071298e+00
-7.097362622275906752e+00
-5.561071210271653520e+00
-5.364746890348291330e+00
-5.278607552582190721e+00
-4.814445462831746347e+00
-5.016884494428889951e+00
-5.518356465450287018e+00
-5.274197818015933237e+00
-4.610521431372106349e+00
-5.467627841468265082e+00
-5.513552894337765409e+00
-5.563008696048334478e+00
-4.605580734888852668e+00
-6.733900623215895997e+00
-5.678059479297718148e+00
-4.604762871622562592e+00
-4.837135967405499670e+00
-7.845241695908071300e+00
-1.001576981404083355e+01
-1.180611762237934137e+01
-8.739064548182795988e+00
-6.970326641613250551e+00
-7.943765534631007874e+00
-7.473629145774308036e+00
-7.115396734348103713e+00
-6.178100328946123376e+00
-6.574325506710633427e+00
-5.585020007681543497e+00
-5.360213415055075536e+00
-5.543014298522346728e+00
-6.464604397961513094e+00
-5.204811758689587897e+00
-5.374122613639985779e+00
-5.463570770952361322e+00
-5.123675808897318440e+00
-4.276772170144118590e+00
-4.262516077333111220e+00
-4.436283298802664810e+00
-3.963897405045608835e+00
-4.324745472349024844e+00
-4.341438199167024337e+00
-5.114921197572278366e+00
-5.053047016011231740e+00
-5.915440201721154700e+00
-5.628027673500304751e+00
-5.592088795546401592e+00
-6.171701511503321136e+00
-4.374705928900237240e+00
-4.508464899141748639e+00
-4.476516572733888033e+00
-4.020988103913571088e+00
-5.386153538754493653e+00
-4.540387478362661433e+00
-5.207612969877994047e+00
-5.436215349063252766e+00
-5.009874734426722931e+00
-5.222943705921826663e+00
-5.963923501203931998e+00
-7.096845527282511945e+00
-5.952817468208691842e+00
-6.686695588590509054e+00
-4.358939550244188332e+00
-4.686164029116839380e+00
-5.767210085177777223e+00
-4.538925795992772905e+00
-4.987379493615335058e+00
-4.563354134659650008e+00
-4.299009825386534978e+00
-3.833329996789517580e+00
-4.674809639732724342e+00
-5.061709257368227632e+00
-4.662355505996102600e+00
-5.375254427416698455e+00
-6.219563441278288529e+00
-4.895289543943214028e+00
-5.130465240104873814e+00
-6.102929997515349037e+00
-4.946607029639551456e+00
-4.115906782130831942e+00
-5.451396847317407257e+00
-5.749852563036608188e+00
-4.977091097452473356e+00
-5.658003108147026339e+00
-4.107411056881018929e+00
-4.045099076481340816e+00
-4.203505234195636042e+00
-3.983432232454991784e+00
-6.036983655438915797e+00
-6.666968793075112920e+00
-4.153374199484255236e+00
-4.270428679592186860e+00
-3.927686650660293211e+00
-4.003838497065876467e+00
-4.612878964086106315e+00
-5.269771434195458681e+00
-4.275473963513873876e+00
-4.581949851499657278e+00
-5.404242734506519596e+00
-6.487356576391738905e+00
-4.985933779436185098e+00
-5.135602294560435155e+00
-3.897574664148384826e+00
-3.558303115494488189e+00
-4.311448781702075905e+00
-4.254333684592088716e+00
-3.846128374442078446e+00
-3.730701893839582617e+00
-4.042816344127976969e+00
-3.767400288332317437e+00
-3.806200776805207298e+00
-3.894022129574120861e+00
-3.976830137659367104e+00
-4.177273794120893058e+00
-3.987172433208026945e+00
-3.865896828415064768e+00
-4.319722259112860563e+00
-4.060886153327865955e+00
-3.955195721276418830e+00
-3.723015538281146952e+00
-4.174577534647162302e+00
-3.805886177168956941e+00
-3.983935735819857271e+00
-3.759581041989934924e+00
-3.932670797298692733e+00
-3.799553845279080910e+00
-4.128338153916995878e+00
-3.811834477886210770e+00
-4.427763507326332615e+00
-3.762210831130989419e+00
-4.070441261537283140e+00
-4.199487050534241206e+00
-4.227216892102296342e+00
-4.377500083798259389e+00
-4.301667304456788798e+00
-3.987504467248285778e+00
-4.028353815022822637e+00
-3.649645528122216653e+00
-4.136334197785163092e+00
-3.800089229031729410e+00
-4.714777447611549377e+00
-4.128233764157472230e+00
-4.174751657626670998e+00
-3.645035860999531252e+00
-4.574181213071648600e+00
-4.850345317436884685e+00
-4.729332980748665705e+00
-4.412122059182824074e+00
-3.884679916438888547e+00
-3.792562502231207056e+00
-3.767280537264141138e+00
-3.574243258106948318e+00
-4.197022036897060993e+00
-4.682887535441485838e+00
-4.171470687727539151e+00
-4.209035262413700629e+00
-3.846050239646182867e+00
-3.895020297572958867e+00
-4.101870717887319273e+00
-3.838371684635568215e+00
-3.726800249672178822e+00
-3.615136186463972834e+00
-4.159488394737367756e+00
-4.277127177194429919e+00
-4.501214313977748738e+00
-4.322663577447224625e+00
-4.124876716308812696e+00
-4.417294181138850639e+00
-4.374883044827399203e+00
-4.737324644425190634e+00
-4.189522790514449646e+00
-4.686511943650566003e+00
-3.942221815886109759e+00
-3.702086176936475681e+00
-4.036067687984378871e+00
-4.041514251975133476e+00
-3.764486877614480420e+00
-3.768561813960022988e+00
-3.572802700116055163e+00
-3.743878728784028276e+00
-4.107073833624884429e+00
-4.472394362425271552e+00
-4.141549037958094814e+00
-3.652523177474090943e+00
-4.628201320415619158e+00
-5.103245650247564491e+00
-4.205008422340596574e+00
-3.651743522813265308e+00
-4.638981092251429850e+00
-4.483793645978024323e+00
-3.936487594959905856e+00
-4.029806187135912765e+00
-3.784100754330620653e+00
-3.564149975771568002e+00
-4.192519103698994165e+00
-4.091724884514742477e+00
-4.556888726943906676e+00
-4.292111167846567099e+00
-4.127282360530414529e+00
-4.379296294935204337e+00
-3.775519665378574530e+00
-3.896787399692833276e+00
-4.141445235381651102e+00
-4.353157950648666841e+00
-4.227050507264345391e+00
-4.678327414361695524e+00
-3.838913138399076885e+00
-4.165140467696068605e+00
-4.480990577078952875e+00
-3.938241531478256618e+00
-3.954293374972613684e+00
-3.711474829056589542e+00
-4.050551592496717923e+00
-3.909317216625345814e+00
-4.111084995886041149e+00
-3.757205817491270139e+00
-4.082278070058934283e+00
-3.973062239838111687e+00
-4.026723811837398692e+00
-4.151046972414707881e+00
-3.913906901757916224e+00
-3.769282983599707926e+00
-4.745686221979408259e+00
-4.416174084369091979e+00
-4.648214177380004308e+00
-5.020290211826936577e+00
-4.329735264393548277e+00
-4.081805965682175241e+00
-3.836781138655878109e+00
-4.175952964122561895e+00
-4.100474796118846577e+00
-3.854257192486127082e+00
-3.641246926474553725e+00
-3.384579626902540994e+00
-3.740122268880671008e+00
-3.649194232217193523e+00
-3.919558508606258762e+00
-3.961650966926905326e+00
-3.864014375169745108e+00
-3.584162812478420612e+00
-4.261994973248707019e+00
-4.737790770426417275e+00
-4.184097503148111130e+00
-4.333465947256651241e+00
-3.970539677344456564e+00
-3.649175315542844800e+00
-4.006087759853913965e+00
-4.014391085975505646e+00
-4.625466243140480493e+00
-4.349097300077730210e+00
-3.961536807458341691e+00
-3.569069411754520083e+00
-3.753634891918811611e+00
-3.694570165790129757e+00
-3.868077451760977503e+00
-3.501405872746825132e+00
-3.665050325603294468e+00
-3.669926697613516531e+00
-3.700691451073852001e+00
-3.966955354075210494e+00
-3.840597910623225530e+00
-3.971958375807157715e+00
-3.877713146856688553e+00
-4.087606536974486282e+00
-3.993824927369297839e+00
-4.042627302726747196e+00
-3.788548223228402456e+00
-3.929191121940053932e+00
-4.481292329473172131e+00
-4.622091795218628896e+00
-3.797747573037695723e+00
-3.475493956217484914e+00
-4.180708264908611582e+00
-4.110424454064753874e+00
-3.960981919012525054e+00
-3.628325811413679602e+00
-4.209038734808791205e+00
-4.755532406861288308e+00
-4.512962817118564729e+00
-4.111242069625812512e+00
-3.968877742192950642e+00
-3.608649238708575346e+00
-3.986104570705554906e+00
-3.601912832863998659e+00
-4.006297022334228686e+00
-4.165904543884912492e+00
-3.910491831129033535e+00
-3.993547720986628136e+00
-4.016497353050899832e+00
-3.898760166666214388e+00
-3.910386666493763208e+00
-4.011726572823308246e+00
-4.189117706210399028e+00
-4.356559114857757820e+00
-4.095417117467431645e+00
-4.183893764397549120e+00
-4.407327814618684947e+00
-4.073603015502524904e+00
-4.485748009347195975e+00
-4.628111306462978192e+00
-3.764873374843883624e+00
-4.037364880825618840e+00
-3.628667172665140050e+00
-3.403837730380868010e+00
-3.999855929700078860e+00
-3.908147080684623909e+00
-3.816667964403499091e+00
-3.937946806597813598e+00
-4.044048940322019448e+00
-3.977133458363410590e+00
-4.367872395299518651e+00
-4.546284674843804829e+00
-3.557055441073342372e+00
-3.384579626902540994e+00
-3.964197862618298984e+00
-3.796565606320315922e+00
-4.405097055754298552e+00
-4.244448758107760789e+00
-4.505914762144825225e+00
-3.841225088695205514e+00
-4.297020951337085393e+00
-4.641071192148118918e+00
-3.837556962531873950e+00
-3.686340270317026047e+00
-3.522902650967048466e+00
-3.727637745168277839e+00
-4.506884999039035833e+00
-4.480526395042884857e+00
-3.855184033459148729e+00
-3.636010009625834094e+00
-3.648981058378662823e+00
-3.683206570340373354e+00
-3.566280624282499367e+00
-3.734604401473164081e+00
-3.902601344594481603e+00
-4.060569278928379156e+00
-3.742492982112658240e+00
-3.960489933319162326e+00
-3.457157760838350136e+00
-3.398833529756743133e+00
-3.615686843068447232e+00
-3.855485873407815234e+00
-4.243270550409498298e+00
-4.216727360674552116e+00
-3.963000545000308072e+00
-4.053280708263022447e+00
-4.441249375250029274e+00
-4.962844465042295816e+00
-4.027448586049515278e+00
-4.281833876601838895e+00
-4.058732146438448041e+00
-3.768332065105298945e+00
-4.258653289033190958e+00
-4.825864017224638758e+00
-4.343849293773931919e+00
-4.186904313819738377e+00
-3.994488579618883151e+00
-4.430006727749991491e+00
-4.138243820743109147e+00
-4.433713242553991130e+00
-3.941585945678642844e+00
-4.297853509125960869e+00
-4.005969885702706179e+00
-4.387377321714753364e+00
-4.309016677564322606e+00
-4.082762016188565823e+00
-3.754835134111955242e+00
-3.451598136479344880e+00
-4.129821231831718897e+00
-3.874174924351401650e+00
-4.076792055567130646e+00
-4.443207398584574364e+00
-4.481146056233798802e+00
-4.771459098026585188e+00
-3.880506726045414467e+00
-4.018811463599086586e+00
-3.714824614219812027e+00
-3.832431491646528521e+00
-4.083594787734922349e+00
-3.747694234184153927e+00
-3.615814412184546356e+00
-3.778523957742182304e+00
-4.085049291246348524e+00
-4.384080079876884639e+00
-3.840370791920383553e+00
-4.065591321116247769e+00
-3.803014053861067723e+00
-3.942404066469723745e+00
-3.916457417397775309e+00
-4.169509676988445435e+00
-3.744436169754205679e+00
-3.586671961529269481e+00
-4.915531328868187444e+00
-5.528393014640221814e+00
-3.818130765787348224e+00
-3.508666224570696990e+00
-3.642916555502609732e+00
-3.819732983958359362e+00
-3.996419238123170459e+00
-4.357812464926480445e+00
-3.686818144286873711e+00
-3.537169992878915536e+00
-4.311870578519534369e+00
-4.429693497536622893e+00
-4.072655313238406016e+00
-3.870415957313269040e+00
-3.844935652471638932e+00
-3.470093820588433964e+00
-4.497740786824890868e+00
-4.082387802395503584e+00
-4.272303819272425862e+00
-3.881751895619784953e+00
-3.709122936239239721e+00
-3.406987918886295041e+00
-3.960098212105819471e+00
-3.828667414805309477e+00
-3.605649862750298418e+00
-3.384579626902540994e+00
-3.981188429018406971e+00
-3.630104416222460273e+00
-3.744590542100115549e+00
-3.649495307614039064e+00
-3.892649343639103421e+00
-3.796880394901197775e+00
-3.825615466173079682e+00
-4.154481269337534144e+00
-3.608197348685227901e+00
-3.778956442647729119e+00
-4.161000488052120971e+00
-3.730259832138540510e+00
-4.010341094899773751e+00
-3.871180312985121219e+00
-4.282372259200839970e+00
-3.701249564705524797e+00
-4.185019545364904836e+00
-4.591809003730944028e+00
-3.836255007133503980e+00
-3.923194445253269436e+00
-3.671660491364019840e+00
-3.748159707056170298e+00
-3.944546206390802112e+00
-4.344463848629064984e+00
-4.059699498389503169e+00
-3.619297406671887707e+00
-3.880160984144778169e+00
-3.844889215965863194e+00
-3.986963005376011893e+00
-3.879641759748987617e+00
-3.815762112326569699e+00
-3.604179377928765859e+00
-3.834062965454537952e+00
-3.829312913522415762e+00
-4.118828206025558991e+00
-4.379389291165569631e+00
-4.051549227273294029e+00
-3.707591129977380717e+00
-4.205374687729166894e+00
-4.305181560989505662e+00
-3.871586348692913404e+00
-3.738486754072727791e+00
-3.811118317128785904e+00
-4.029288660221224561e+00
-3.666250692567078140e+00
-3.615418595814388958e+00
-3.678474527946315575e+00
-3.661593784749123337e+00
-3.884809503055549840e+00
-3.891124494641500675e+00
-3.986209595507882675e+00
-3.595568873708048230e+00
-4.507793954812883364e+00
-4.884307925873706324e+00
-4.792117261386283467e+00
-5.090704074871879925e+00
-4.210394951399972108e+00
-4.493208205357292151e+00
-4.647719884897178133e+00
-4.619583273976838989e+00
-5.031969670753837498e+00
-5.072410737860202801e+00
-3.593542804444139982e+00
-3.504780023234537190e+00
-4.515943183075546763e+00
-4.122927137018161048e+00
-4.722046927140158168e+00
-5.291589343587066452e+00
-4.109557797509272525e+00
-3.922726718045010941e+00
-4.156383820458848355e+00
-4.280751431892751313e+00
-3.699018835353741430e+00
-3.426884895280516652e+00
-3.806601723181482377e+00
-3.582866955520768393e+00
-3.589260275102316378e+00
-3.788064660925149596e+00
-3.848273260349884595e+00
-3.714910000938763446e+00
-4.174747030423853644e+00
-4.596209244262339233e+00
-3.662306940666908872e+00
-3.556598723481140922e+00
-3.529049491874388877e+00
-3.428648097704262376e+00
-3.490672272048517932e+00
-3.577385815199487062e+00
-4.435157769477833689e+00
-4.384944724024775198e+00
-4.517550594278709752e+00
-4.815612832135955479e+00
-3.919195445055404292e+00
-3.899943154219884356e+00
-3.843840255489811675e+00
-3.598257014865543724e+00
-4.138472577882822634e+00
-4.590884240080952416e+00
-3.685863376799971114e+00
-3.464051250359854173e+00
-3.912123654365246672e+00
-3.945465126380296894e+00
-3.943082943296213116e+00
-4.325641623710458461e+00
-4.470783711148073714e+00
-4.440419905040381643e+00
-3.858475874599920807e+00
-3.755108339201468581e+00
-5.055624187873402064e+00
-5.912078871516732725e+00
-3.840882442962932686e+00
-4.041724372140941490e+00
-3.647114267115350472e+00
-3.423024505838461629e+00
-3.950506690010122668e+00
-4.066939583882485110e+00
-3.812403869996312089e+00
-3.611451492327509172e+00
-3.901101508892131697e+00
-4.036691076978865311e+00
-3.711032076879274832e+00
-3.834813800571017950e+00
-3.384579626902540994e+00
-3.384579626902540994e+00
-3.795540559455871765e+00
-3.540949644720453371e+00
-3.767320535841385265e+00
-3.875250417960063309e+00
-3.764595046672860157e+00
-4.077958464154528784e+00
-3.745908055569398876e+00
-3.417506998889730419e+00
-3.863398931405863657e+00
-3.531137347480187927e+00
-3.773810684241958313e+00
-3.824653342973759251e+00
-3.570415029080017177e+00
-3.635585605800081055e+00
-3.434947249017836768e+00
-3.481238425442125362e+00
-3.824431582041109223e+00
-3.582479942000818873e+00
-3.590018396642991938e+00
-3.598186692574292245e+00
-3.590000906835877359e+00
-3.529693854906748918e+00
-3.961754723069944362e+00
-3.959078215474840512e+00
-3.575123083333229701e+00
-3.514608366197053080e+00
-3.736051702217984882e+00
-3.921236591945536532e+00
-3.384579626902540994e+00
-3.478674545563438691e+00
-3.743669346589007851e+00
-3.587407939250119249e+00
-3.798663344746025849e+00
-3.623214204049145515e+00
-4.724808116326423502e+00
-3.919676239017711339e+00
-3.950227972196110215e+00
-4.067930488560897118e+00
-3.695391050382597520e+00
-3.985437403208669238e+00
-3.977350454342624353e+00
-4.298403448156479456e+00
-3.932765993494992784e+00
-3.695527311317857055e+00
-3.621987998884011795e+00
-3.875019887178109634e+00
-4.263587198780551368e+00
-4.822423547715656511e+00
-3.828774334298240767e+00
-3.577006905418854465e+00
-3.384579626902540994e+00
-3.384579626902540994e+00
-3.976590324962715250e+00
-3.583494010598671231e+00
-3.872988145628710299e+00
-3.679390104502314962e+00
-3.439680320158072568e+00
-3.384579626902540994e+00
-3.607169540824433085e+00
-3.858322550086813685e+00
-3.723402154859845936e+00
-4.004600935710568521e+00
-4.156336627460722077e+00
-4.021211693806789889e+00
-4.027650415318174915e+00
-4.184629074881933697e+00
-4.363834809088244171e+00
-4.566507575786498130e+00
-3.450721808059299178e+00
-3.529803850500258910e+00
-3.414808391835367551e+00
-3.400938170243398950e+00
-4.522482183439627157e+00
-4.232481321418048559e+00
-3.737730522827870772e+00
-3.709240173153934172e+00
-3.716022642901297246e+00
-3.974187583455895734e+00
-3.667936196636930823e+00
-3.557141538439485551e+00
-4.407245298483632112e+00
-4.216065227402226334e+00
-4.098030940386843568e+00
-4.092778508359788958e+00
-3.728959863992897361e+00
-3.867227867785592466e+00
-3.631848367251129694e+00
-3.833764262584861804e+00
-3.755733000522815779e+00
-3.507801137460447194e+00
-3.885267016417128794e+00
-3.826259325506573106e+00
-3.855814553872613182e+00
-4.148130329522672355e+00
-4.652960902145188982e+00
-5.341061113946564909e+00
-3.764838515586000689e+00
-3.629906619136580304e+00
-3.816831280135558835e+00
-3.969514077037493038e+00
-3.542260044704636179e+00
-3.709834070766813596e+00
-3.958784420914852831e+00
-3.923599797224505359e+00
-3.828588094843389911e+00
-3.827404860642266371e+00
-4.083442193067529757e+00
-4.222002921238543927e+00
-3.808026476834742269e+00
-3.748789343371095484e+00
-3.783672583801457101e+00
-4.020139811777753813e+00
-3.751532745761725351e+00
-3.611533211976622582e+00
-3.384579626902540994e+00
-3.384579626902540994e+00
-3.920927306042975680e+00
-4.216258856734446780e+00
-3.841449747339106935e+00
-4.057722384640673141e+00
-3.547702402454143034e+00
-3.463265898133458975e+00
-4.888443335586263316e+00
-4.586605390693706319e+00
-4.861326538359914906e+00
-4.059030192389024627e+00
-4.025856465270336138e+00
-4.026776993189936427e+00
-3.855294352671077007e+00
-3.733110312317149848e+00
-3.897582946400124371e+00
-4.257081319031033040e+00
-3.933701041738088655e+00
-4.329399172376616534e+00
-4.432948799952274754e+00
-4.866730781451349408e+00
-3.887375643220195798e+00
-3.957774875222837885e+00
-3.554242640696095634e+00
-3.734526363688427608e+00
-3.812523710431151791e+00
-4.107715141591535613e+00
-3.545819215256549306e+00
-3.703487656851068621e+00
-4.099499526422492934e+00
-4.313265159305223584e+00
-3.954711847789210033e+00
-3.957023429686286065e+00
-3.876622040863784591e+00
-4.212789634468643740e+00
-3.789011535111281859e+00
-3.819556213088394436e+00
-3.629760623862624769e+00
-3.433239395248431691e+00
-3.442066180439529610e+00
-3.558373313581662423e+00
-3.762546793359399011e+00
-3.452040726994497710e+00
-4.179683246897253568e+00
-4.443519582894943198e+00
-3.671030006496027731e+00
-3.809837008350416276e+00
-3.872258511439345519e+00
-4.168055351867592684e+00
-3.857556998516792568e+00
-3.496407347621004469e+00
-3.601787336255174665e+00
-3.634081436366362716e+00
-3.654680815071567501e+00
-3.831677885524291227e+00
-3.754667118643256529e+00
-3.583626399618412783e+00
-4.217351190509484482e+00
-4.040690508748638443e+00
-4.344484609321407120e+00
-4.806485989779210044e+00
-3.656676716286815676e+00
-3.518307783738613637e+00
-3.833928024279463997e+00
-4.193716848094677374e+00
-3.706381245683089354e+00
-3.606726538740045562e+00
-4.176796326888067235e+00
-4.437825441428169704e+00
-3.927000845906852611e+00
-3.808648847062126030e+00
-4.400938022713480891e+00
-4.211613428612552390e+00
-4.284204391242584009e+00
-4.501173956319956204e+00
-4.000454290785819822e+00
-4.283665740407329281e+00
-4.507588301285995414e+00
-4.460038738982754936e+00
-4.086681018677976063e+00
-3.787024817071078076e+00
-4.163667896978695993e+00
-4.144245184133739990e+00
-3.638478171964298902e+00
-3.792338393514240735e+00
-3.657913532661155820e+00
-3.652453842944178852e+00
-3.682248434176786489e+00
-3.948232870370613767e+00
-3.518621727604402061e+00
-3.594733233528537575e+00
-4.840565951815093193e+00
-4.606066978018954927e+00
-3.384579626902540994e+00
-3.417176054047688538e+00
-3.451963871303552978e+00
-3.634712236671004959e+00
-3.384579626902540994e+00
-3.384579626902540994e+00
-3.903902566222512860e+00
-3.791315461808219212e+00
-3.576823264915084621e+00
-3.421648267580918557e+00
-3.452671335014622755e+00
-3.581563319223947772e+00
-3.566723517817964151e+00
-3.448391773673539440e+00
-3.974343644662802433e+00
-3.578971237544659623e+00
-4.190555483044811069e+00
-4.681981690684578368e+00
-3.942421279399077605e+00
-3.939161559316941563e+00
-3.785421370554137965e+00
-4.000141253657846896e+00
