-6.936064480000000287e+01
-7.578064480000000458e+01
-7.650064480000000344e+01
-7.544064480000000117e+01
-7.650064480000000344e+01
-7.650064480000000344e+01
-7.650064480000000344e+01
-7.650064480000000344e+01
-7.650064480000000344e+01
-7.650064480000000344e+01
-7.650064480000000344e+01
-7.650064480000000344e+01
-7.650064480000000344e+01
-7.650064480000000344e+01
-7.649064479999999833e+01
-7.647064480000000231e+01
-7.549064479999999833e+01
-7.650064480000000344e+01
-7.650064480000000344e+01
-7.650064480000000344e+01
-7.650064480000000344e+01
-7.650064480000000344e+01
-7.650064480000000344e+01
-7.650064480000000344e+01
-7.650064480000000344e+01
-7.650064480000000344e+01
-7.650064480000000344e+01
-7.647064480000000231e+01
-7.650064480000000344e+01
-7.650064480000000344e+01
-7.650064480000000344e+01
-7.650064480000000344e+01
-7.643064479999999605e+01
-7.650064480000000344e+01
-7.640064480000000913e+01
-7.547064480000000231e+01
-7.650064480000000344e+01
-7.650064480000000344e+01
-7.650064480000000344e+01
-7.649064479999999833e+01
-7.596064479999999719e+01
-7.650064480000000344e+01
-7.650064480000000344e+01
-7.640064480000000913e+01
-7.650064480000000344e+01
-7.650064480000000344e+01
-7.638064479999999890e+01
-7.650064480000000344e+01
-7.429064480000000970e+01
-7.650064480000000344e+01
-7.650064480000000344e+01
-7.650064480000000344e+01
-7.650064480000000344e+01
-7.650064480000000344e+01
-7.650064480000000344e+01
-7.650064480000000344e+01
-7.650064480000000344e+01
-7.650064480000000344e+01
-7.650064480000000344e+01
-7.644064480000000117e+01
-7.650064480000000344e+01
-7.650064480000000344e+01
-7.650064480000000344e+01
-7.650064480000000344e+01
-7.650064480000000344e+01
-7.641064480000000003e+01
-7.650064480000000344e+01
-7.650064480000000344e+01
-7.649064479999999833e+01
-7.650064480000000344e+01
-7.650064480000000344e+01
-7.650064480000000344e+01
-7.650064480000000344e+01
-7.650064480000000344e+01
-7.650064480000000344e+01
-7.650064480000000344e+01
-7.650064480000000344e+01
-7.647064480000000231e+01
-7.650064480000000344e+01
-7.650064480000000344e+01
-7.649064479999999833e+01
-7.650064480000000344e+01
-7.650064480000000344e+01
-7.650064480000000344e+01
-7.650064480000000344e+01
-7.650064480000000344e+01
-7.650064480000000344e+01
-7.430064480000000060e+01
-7.640064480000000913e+01
-7.650064480000000344e+01
-7.650064480000000344e+01
-7.650064480000000344e+01
-7.650064480000000344e+01
-6.634064479999999264e+01
-7.282064480000001083e+01
-7.650064480000000344e+01
-6.995064480000000628e+01
-7.605064480000000060e+01
-7.314064480000000401e+01
-7.650064480000000344e+01
-7.536064480000000287e+01
-7.647064480000000231e+01
-7.650064480000000344e+01
-7.650064480000000344e+01
-7.623064480000000742e+01
-7.623064480000000742e+01
-7.178064480000000458e+01
-7.105064480000000060e+01
-7.650064480000000344e+01
-7.615064480000000913e+01
-7.650064480000000344e+01
-7.650064480000000344e+01
-7.635064479999999776e+01
-7.650064480000000344e+01
-7.128064479999999037e+01
-7.650064480000000344e+01
-7.614064480000000401e+01
-7.650064480000000344e+01
-6.000064479999999634e+01
-4.840064479999999492e+01
-7.322064480000000231e+01
-5.125064479999999634e+01
-7.643064479999999605e+01
-6.810064479999999776e+01
-4.425064479999999634e+01
-6.331064479999999861e+01
-7.650064480000000344e+01
-7.605064480000000060e+01
-7.555064480000000060e+01
-7.650064480000000344e+01
-7.650064480000000344e+01
-4.270064479999999207e+01
-7.429064480000000970e+01
-7.435064479999999776e+01
-7.636064480000000287e+01
-7.650064480000000344e+01
-7.650064480000000344e+01
-7.650064480000000344e+01
-7.650064480000000344e+01
-7.644064480000000117e+01
-7.650064480000000344e+01
-7.650064480000000344e+01
-7.650064480000000344e+01
-7.650064480000000344e+01
-7.650064480000000344e+01
-7.650064480000000344e+01
-7.650064480000000344e+01
-7.640064480000000913e+01
-7.055064480000000060e+01
-5.425064479999999634e+01
-7.650064480000000344e+01
-7.647064480000000231e+01
-7.650064480000000344e+01
-7.645064480000000628e+01
-7.611064480000000287e+01
-7.650064480000000344e+01
-7.650064480000000344e+01
-7.636064480000000287e+01
-7.419064480000000117e+01
-7.650064480000000344e+01
-4.415064479999999492e+01
-7.614064480000000401e+01
-6.852064479999999946e+01
-7.558064480000000174e+01
-7.650064480000000344e+01
-6.115064479999999492e+01
-6.491064480000000003e+01
-7.650064480000000344e+01
-7.575064480000000344e+01
-5.647064479999999520e+01
-5.925064479999999634e+01
-6.704064479999999548e+01
-6.503064480000000458e+01
-6.450064480000000344e+01
-7.650064480000000344e+01
-7.650064480000000344e+01
-7.622064480000000231e+01
-7.650064480000000344e+01
-7.650064480000000344e+01
-7.650064480000000344e+01
-7.640064480000000913e+01
-7.440064480000000913e+01
-7.559064480000000685e+01
-7.650064480000000344e+01
-7.635064479999999776e+01
-7.635064479999999776e+01
-7.650064480000000344e+01
-7.640064480000000913e+01
-6.556064480000000572e+01
-7.650064480000000344e+01
-7.395064480000000628e+01
-7.259064480000000685e+01
-7.649064479999999833e+01
-6.123064479999998611e+01
-7.272064480000000231e+01
-7.479064480000000970e+01
-7.622064480000000231e+01
-7.650064480000000344e+01
-7.650064480000000344e+01
-7.649064479999999833e+01
-6.775064480000000344e+01
-7.275064479999998923e+01
-7.650064480000000344e+01
-7.644064480000000117e+01
-7.389064480000000401e+01
-5.826064479999999435e+01
-7.515064480000000913e+01
-6.425064480000000344e+01
-7.649064479999999833e+01
-7.480064480000000060e+01
-7.650064480000000344e+01
-7.650064480000000344e+01
-7.650064480000000344e+01
-5.326064479999999435e+01
-7.644064480000000117e+01
-3.426064479999999435e+01
-7.650064480000000344e+01
-6.751064480000000856e+01
-4.026064479999999435e+01
-6.099064479999999833e+01
-6.924064479999999833e+01
-6.378064479999999747e+01
-5.526064479999999435e+01
-6.622064480000000231e+01
-4.925064479999999634e+01
-4.791064479999999293e+01
-6.446064479999999719e+01
-5.526064479999999435e+01
-6.126064479999999435e+01
-6.671064479999999719e+01
-6.647064480000000231e+01
-7.605064480000000060e+01
-7.647064480000000231e+01
-7.650064480000000344e+01
-7.650064480000000344e+01
-7.649064479999999833e+01
-7.650064480000000344e+01
-6.876064479999999435e+01
-7.166064480000000003e+01
-7.650064480000000344e+01
-7.647064480000000231e+01
-7.440064480000000913e+01
-2.328064479999999747e+01
-7.272064480000000231e+01
-5.528064479999999747e+01
-6.653064479999999037e+01
-5.325064479999999634e+01
-1.826064480000000145e+01
-4.394064480000000117e+01
-7.061064480000000287e+01
-5.964064479999999691e+01
-7.649064479999999833e+01
-6.925064479999998923e+01
-5.031064479999999861e+01
-7.116064480000000003e+01
-6.610064479999999776e+01
-7.650064480000000344e+01
-7.650064480000000344e+01
-7.640064480000000913e+01
-7.629064480000000970e+01
-7.650064480000000344e+01
-7.644064480000000117e+01
-7.037064479999999378e+01
-7.649064479999999833e+01
-7.617064480000000515e+01
-6.666064480000000003e+01
-5.261064479999999577e+01
-6.025064479999999634e+01
-4.825064479999999634e+01
-6.431064480000000572e+01
-5.128064479999999747e+01
-5.531064479999999861e+01
-5.728064479999999747e+01
-4.940064479999999492e+01
-6.798064479999999321e+01
-6.975064480000000344e+01
-7.214064480000000401e+01
-5.789064479999999691e+01
-6.428064480000000458e+01
-6.776064479999999435e+01
-6.713064479999999890e+01
-7.154064480000000970e+01
-6.989064480000000401e+01
-6.693064479999999605e+01
-5.831064479999999861e+01
-7.408064480000000174e+01
-7.450064480000000344e+01
-7.636064480000000287e+01
-6.426064479999999435e+01
-4.726064479999999435e+01
-6.863064479999999890e+01
-5.325064479999999634e+01
-6.976064479999999435e+01
-7.444064480000000117e+01
-5.126064479999999435e+01
-6.315064479999999492e+01
-5.925064479999999634e+01
-6.646064479999999719e+01
-6.225064479999999634e+01
-5.725064479999999634e+01
-7.650064480000000344e+01
-7.433064480000000174e+01
-7.147064479999998809e+01
-7.547064480000000231e+01
-6.461064480000000287e+01
-5.858064479999999463e+01
-7.644064480000000117e+01
-7.544064480000000117e+01
-7.368064480000001026e+01
-3.225064479999999634e+01
-1.928064479999999747e+01
-7.650064480000000344e+01
-7.649064479999999833e+01
-7.650064480000000344e+01
-7.650064480000000344e+01
-7.647064480000000231e+01
-7.650064480000000344e+01
-7.647064480000000231e+01
-7.648064480000000742e+01
-7.632064479999999662e+01
-7.636064480000000287e+01
-7.238064479999999890e+01
-7.650064480000000344e+01
-7.650064480000000344e+01
-7.650064480000000344e+01
-7.650064480000000344e+01
-7.650064480000000344e+01
-7.650064480000000344e+01
-7.649064479999999833e+01
-7.650064480000000344e+01
-7.650064480000000344e+01
-7.650064480000000344e+01
-7.650064480000000344e+01
-7.650064480000000344e+01
-7.644064480000000117e+01
-7.650064480000000344e+01
-7.650064480000000344e+01
-7.650064480000000344e+01
-7.650064480000000344e+01
-7.650064480000000344e+01
-7.625064480000000344e+01
-7.650064480000000344e+01
-4.661064479999999577e+01
-7.326064480000000856e+01
-7.111064480000000287e+01
-7.650064480000000344e+01
-7.647064480000000231e+01
-7.650064480000000344e+01
-7.650064480000000344e+01
-7.650064480000000344e+01
-7.650064480000000344e+01
-7.650064480000000344e+01
-7.647064480000000231e+01
-7.650064480000000344e+01
-7.650064480000000344e+01
-7.650064480000000344e+01
-7.650064480000000344e+01
-7.650064480000000344e+01
-7.650064480000000344e+01
-7.650064480000000344e+01
-7.635064479999999776e+01
-7.649064479999999833e+01
-7.650064480000000344e+01
-7.650064480000000344e+01
-7.650064480000000344e+01
-7.650064480000000344e+01
-7.650064480000000344e+01
-7.630064480000000060e+01
-7.650064480000000344e+01
-7.647064480000000231e+01
-6.615064479999999492e+01
-7.273064480000000742e+01
-7.647064480000000231e+01
-7.650064480000000344e+01
-7.650064480000000344e+01
-7.650064480000000344e+01
-7.650064480000000344e+01
-7.650064480000000344e+01
-7.635064479999999776e+01
-7.629064480000000970e+01
-7.650064480000000344e+01
-7.650064480000000344e+01
-7.649064479999999833e+01
-7.650064480000000344e+01
-7.650064480000000344e+01
-7.650064480000000344e+01
-7.650064480000000344e+01
-7.650064480000000344e+01
-7.650064480000000344e+01
-7.650064480000000344e+01
-7.635064479999999776e+01
-7.650064480000000344e+01
-7.647064480000000231e+01
-7.649064479999999833e+01
-7.649064479999999833e+01
-7.650064480000000344e+01
-7.649064479999999833e+01
-7.649064479999999833e+01
-7.041064480000001424e+01
-7.219064480000000117e+01
-6.425064480000000344e+01
-4.225064479999999634e+01
-5.363064479999999890e+01
-7.452064479999999946e+01
-6.650064480000000344e+01
-2.325064479999999634e+01
-4.026064479999999435e+01
-6.419064480000001538e+01
-7.205064480000000060e+01
-7.059064480000000685e+01
-5.828064479999999747e+01
-1.725064479999999989e+01
-7.650064480000000344e+01
-6.945064480000000628e+01
-3.626064479999999435e+01
-7.650064480000000344e+01
-7.314064480000000401e+01
-7.115064480000000913e+01
-7.650064480000000344e+01
-6.806064479999999151e+01
-7.643064479999999605e+01
-7.529064480000000970e+01
-7.650064480000000344e+01
-7.329064480000000970e+01
-7.544064480000000117e+01
-7.648064480000000742e+01
-7.650064480000000344e+01
-2.740064479999999492e+01
-7.360064480000001197e+01
-5.626064479999999435e+01
-7.650064480000000344e+01
-7.644064480000000117e+01
-7.647064480000000231e+01
-4.635064479999999776e+01
-7.137064479999999378e+01
-7.650064480000000344e+01
-7.629064480000000970e+01
-7.422064480000000231e+01
-6.426064479999999435e+01
-6.664064480000000401e+01
-7.514064480000000401e+01
-6.425064480000000344e+01
-7.629064480000000970e+01
-7.629064480000000970e+01
-7.322064480000000231e+01
-7.650064480000000344e+01
-5.128064479999999747e+01
-3.626064479999999435e+01
-7.650064480000000344e+01
-7.166064480000000003e+01
-7.629064480000000970e+01
-2.228064479999999747e+01
-1.525064479999999989e+01
-5.247064479999999520e+01
-7.648064480000000742e+01
-7.650064480000000344e+01
-1.726064480000000145e+01
-7.123064480000000742e+01
-6.750064479999998923e+01
-7.650064480000000344e+01
-7.647064480000000231e+01
-7.644064480000000117e+01
-7.605064480000000060e+01
-7.650064480000000344e+01
-7.647064480000000231e+01
-7.174064480000001254e+01
-7.644064480000000117e+01
-6.986064479999998866e+01
-7.635064479999999776e+01
-7.256064480000000572e+01
-7.297064480000000231e+01
-7.647064480000000231e+01
-7.650064480000000344e+01
-7.205064480000000060e+01
-7.643064479999999605e+01
-7.644064480000000117e+01
-7.650064480000000344e+01
-7.650064480000000344e+01
-7.300064480000000344e+01
-7.326064479999999435e+01
-6.680064480000000060e+01
-6.431064480000000572e+01
-6.790064479999999492e+01
-7.644064480000000117e+01
-7.647064480000000231e+01
-7.414064480000000401e+01
-2.626064480000000145e+01
-1.825064479999999989e+01
-7.650064480000000344e+01
-7.649064479999999833e+01
-6.837064480000000799e+01
-7.649064479999999833e+01
-6.672064480000000231e+01
-7.629064480000000970e+01
-7.000064480000000344e+01
-1.926064480000000145e+01
-5.525064479999999634e+01
-6.425064480000000344e+01
-5.625064479999999634e+01
-5.925064479999999634e+01
-6.446064479999999719e+01
-6.446064479999999719e+01
-6.620757964224580405e+01
-1.447253005472600762e+01
-6.551064479999999435e+01
-6.047630332425085697e+01
-1.043966476331344211e+02
-4.426064479999999435e+01
-3.515874881830210086e+01
-6.629517531423252308e+01
-5.325064479999999634e+01
-6.067364480442738284e+01
-8.727433677930925171e+01
-7.650064480000000344e+01
-9.654341501532738334e+01
-7.684569746800990231e+01
-7.650064480000000344e+01
-5.848957380893619984e+01
-7.767060349548135889e+01
-5.725064479999999634e+01
-7.917042173796764359e+01
-6.374385398769992861e+01
-6.425064480000000344e+01
-8.000187297646819218e+01
-7.026712563375667742e+01
-7.569064480000000117e+01
-8.329311271309896370e+01
-1.491941462350451957e+02
-7.644064480000000117e+01
-8.759458211179554610e+01
-3.621681035734131626e+01
-6.107064479999999662e+01
-9.122191424705917484e+01
-2.834337447875513760e+01
-6.616064480000000003e+01
-4.445740287192428752e+01
-1.046758701001270140e+02
-6.428064480000000458e+01
-4.665731545340513264e+01
-3.687674057706452402e+01
-7.435064479999999776e+01
-1.109013061499659614e+02
-1.775494872654206091e+01
-7.329064480000000970e+01
-9.990034232220980925e+01
-4.426498369599664073e+01
-7.647064480000000231e+01
-4.714629675184492896e+01
-5.209095725028632984e+01
-7.650064480000000344e+01
-9.968231002682668418e+01
-4.794637441895034158e+00
-7.640064480000000913e+01
-8.967095374808043573e+01
-9.548742092705595041e+00
-7.644064480000000117e+01
-5.828993033698863968e+01
-4.789748992888402768e+01
-7.648064480000000742e+01
-8.811244527969645901e+01
-2.986893529567254291e+00
-7.325064480000000344e+01
-6.684686744103667877e+01
-8.323006122679406360e+01
-3.728064479999999747e+01
-4.388392048125550104e+01
-6.737701815573504405e+01
-5.126064479999999435e+01
-5.026365083599794303e+01
-9.341928789200628103e+01
-6.525064480000000344e+01
-9.640513302631747194e+01
-6.760168829749154895e+00
-5.023064479999999321e+01
-5.761542513299128387e+01
-6.833070759079895140e+00
-5.425064479999999634e+01
-4.605824267965962804e+01
-9.152773888725188556e+01
-5.928064479999999747e+01
-6.796611551264786044e+01
-8.646907578313197007e+00
-7.650064480000000344e+01
-9.543818653274422559e+01
-9.406526009377697051e+01
-7.650064480000000344e+01
-4.720823701255768867e+01
-2.810370172046185644e+01
-6.426064479999999435e+01
-6.099529355736589764e+01
-5.061643563044457750e+01
-7.544064480000000117e+01
-8.422030110130889113e+01
-7.032389915090590193e+00
-4.931064479999999861e+01
-4.014519447037125133e+01
-2.968658937016635235e+01
-7.640064480000000913e+01
-6.334217890553713204e+01
-1.308370118755333351e+02
-5.525064479999999634e+01
-6.294450722148974364e+01
-9.424061082041512805e+01
-4.125064479999999634e+01
-4.431762828503649132e+01
-4.374542462426818190e+01
-7.081064480000000572e+01
-5.653145696540762799e+01
-2.821690532433967746e+01
-5.925064479999999634e+01
-5.686598455192482504e+01
-7.134196225818052994e+01
-6.519064480000000117e+01
-7.262547241725776814e+01
-1.248141038174412358e+02
-7.623064480000000742e+01
-1.092348601036860316e+02
-7.236415418038231451e+01
-7.230064480000001481e+01
-9.941787318756368563e+01
-1.185400220112178999e+02
-7.514064480000000401e+01
-4.254723188814273271e+01
-1.389074626390032847e+02
-7.535064479999999776e+01
-5.164885469486275582e+01
-1.153706428031936468e+02
-7.228064480000000458e+01
-9.770716507228890180e+01
-1.327278462777178447e+02
-5.425064479999999634e+01
-2.898552817134292425e+01
-1.652131062352260926e+00
-6.425064480000000344e+01
-9.270544571354011509e+01
-2.430731687727901402e+01
-6.503064480000000458e+01
-6.296336888124259445e+01
-4.397813691916519474e+01
-6.960064480000001197e+01
-8.223605127232340806e+01
-8.850315104401704502e+01
-6.911064480000000287e+01
-4.840148324261998880e+01
-1.082937268989358444e+02
-5.226064479999999435e+01
-4.633025686152085143e+01
-7.638926609335176465e+01
-6.950064480000000344e+01
-4.246100658564301966e+01
-1.376931603498007917e+02
-7.473064480000000742e+01
-9.771097602939084936e+01
-1.247207233369979065e+02
-7.650064480000000344e+01
-5.205269155556065641e+01
-5.478805203425537229e+00
-6.909064480000000685e+01
-9.772554355998697417e+01
-8.500558536728576087e+00
-7.640064480000000913e+01
-6.397390687792243824e+01
-2.384927654998002566e+01
-7.650064480000000344e+01
-6.011582584608548530e+01
-1.393068159917420132e+02
-7.584064480000000685e+01
-4.878768165236762400e+01
-9.981796840692908290e+01
-3.625064479999999634e+01
-3.285003086630426594e+01
-5.717438038960847280e+01
-7.650064480000000344e+01
-4.251666161848322645e+01
-8.280159277508646198e+01
-7.650064480000000344e+01
-6.230536991064826680e+01
-3.271608381573085467e+01
-7.650064480000000344e+01
-1.139690011733565029e+02
-3.356305986308422717e+01
-7.415064479999999492e+01
-1.050438271742926872e+02
-1.155764055250583624e+02
-7.640064480000000913e+01
-8.366247465665729521e+01
-1.904662522665181257e+01
-5.526064479999999435e+01
-5.185537930041105170e+01
-9.066611104908514562e+01
-7.435064479999999776e+01
-4.571373546513403596e+01
-4.444558074447486007e+01
-7.650064480000000344e+01
-9.899484438028942179e+01
-9.805206701767352229e+01
-7.650064480000000344e+01
-4.147479137397753135e+01
-5.453625451423980053e+01
-7.650064480000000344e+01
-5.555377323465475570e+01
-6.690105493019825644e+01
-7.650064480000000344e+01
-6.006388015312936091e+01
-1.019030776456205842e+02
-7.650064480000000344e+01
-5.264991874410793571e+01
-1.254446177844814940e+02
-7.650064480000000344e+01
-8.927839573483609570e+01
-1.402744428909739156e+02
-7.650064480000000344e+01
-8.867235333105914208e+01
-1.492002575625826637e+02
-7.650064480000000344e+01
-3.839570446873575804e+01
-5.870465676421588341e+00
-7.650064480000000344e+01
-9.795909697305691566e+01
-5.913113374433535796e+01
-7.650064480000000344e+01
-1.100270469066199155e+02
-7.264284575758779283e-01
-7.650064480000000344e+01
-4.849238180135988330e+01
-7.071517373893803438e+01
-7.645064480000000628e+01
-9.457715390259129151e+01
-5.421624140717997875e+01
-7.650064480000000344e+01
-8.375934322059943327e+01
-9.438447195025774761e+01
-6.325064479999999634e+01
-4.856281758040601204e+01
-1.045042309617209213e+02
-6.426064479999999435e+01
-5.639526769877892320e+01
-2.101964886206099692e+01
-6.957064480000001083e+01
-8.042494889026130522e+01
-2.036668044341678296e+01
-6.446064479999999719e+01
-5.202272256041513998e+01
-8.304810680934070888e+01
-7.650064480000000344e+01
-4.137369805135582368e+01
-9.087456953641496682e+01
-7.650064480000000344e+01
-8.578159145782346684e+01
-6.752628718961854304e+01
-7.547064480000000231e+01
-7.621945282328964311e+01
-1.054705818338805159e+02
-6.025064479999999634e+01
-3.116409336700454702e+01
-1.050072397729201441e+02
-5.140064479999999492e+01
-3.707844900938047061e+01
-6.001333398664584706e+00
-6.225064479999999634e+01
-8.455443763147835057e+01
-8.564060094048979010e+01
-7.649064479999999833e+01
-5.364254381607815247e+01
-1.487047173878700335e+02
-6.431064480000000572e+01
-8.640011493608534465e+01
-4.696236145918193472e+01
-6.025064479999999634e+01
-7.956697937611738780e+01
-7.199620750385572876e+01
-7.326064480000000856e+01
-1.015925106213887688e+02
-8.458971105048468075e+01
-6.270064479999999918e+01
-6.646135052487373684e+01
-4.569251255758435804e+01
-7.640064480000000913e+01
-1.022512162735563237e+02
-7.506599006314274902e+01
-6.900064480000000344e+01
-6.396813048465944007e+01
-4.258104556304432009e+01
-6.863064479999999890e+01
-5.900431628230850833e+01
-6.194405622399487044e+01
-7.650064480000000344e+01
-1.142996310106884437e+02
-1.170595170695496563e+02
-7.163064479999999890e+01
-7.919000536736253082e+01
-4.298547902258961528e+01
-7.650064480000000344e+01
-6.601463246697556997e+01
-1.104239613416783072e+01
-7.650064480000000344e+01
-5.337017641001969537e+01
-1.104001769260359254e+02
-7.647064480000000231e+01
-9.409848317062983369e+01
-1.361776450465627875e+01
-7.640064480000000913e+01
-6.233539542361789643e+01
-8.926631038185446698e+01
-7.650064480000000344e+01
-1.064261712541418206e+02
-5.990281351272089694e+01
-7.419064480000000117e+01
-6.083880598158564368e+01
-4.459326798528751112e+01
-7.328064480000000458e+01
-8.065653056279145972e+01
-9.200200548470334638e+01
-7.530064480000000060e+01
-9.419242594254242817e+01
-1.385808928615421678e+02
-7.026064479999999435e+01
-4.025892131364344095e+01
-6.202526047765399397e+01
-7.108064480000000174e+01
-5.114145542456549265e+01
-1.007932573310159512e+02
-6.525064480000000344e+01
-4.664731979186702659e+01
-5.199820459653907534e+01
-6.185064479999999776e+01
-3.978193571468048617e+01
-1.228212861075799083e+02
-4.425064479999999634e+01
-2.698225646472740280e+01
-1.303593128683923652e+01
-6.125064479999999634e+01
-4.305528409220801223e+01
-9.283899623414464486e+01
-6.325064479999999634e+01
-5.161552553370037089e+01
-6.377197700407761261e+01
-2.926064480000000145e+01
-2.569197192320438461e+01
-7.155426426965263431e-01
-6.757064479999999662e+01
-5.858358438340852103e+01
-7.854146701060898295e+01
-4.426064479999999435e+01
-5.448706692093226422e+01
-6.194494252762252984e+01
-6.210064479999999776e+01
-7.844962204331079647e+01
-8.426341660787112176e+01
-6.525064480000000344e+01
-7.797294851934059068e+01
-7.112446496635234894e+01
-3.425064479999999634e+01
-4.985312750547186056e+01
-3.557640834165055566e+01
-3.725064479999999634e+01
-2.841638543775865600e+01
-9.107438921728739700e+00
-3.926064479999999435e+01
-4.372402334831604520e+01
-6.768120070413930023e+01
-2.826064480000000145e+01
-3.495610857097263846e+01
-4.121069204219146087e+01
-1.425064479999999989e+01
-1.169814951766562139e+01
-2.530164826381989585e+00
-3.925064479999999634e+01
-5.722953744710542878e+01
-4.520701399804145382e+01
-7.440064480000000913e+01
-1.089753458173332490e+02
-4.816499674700557421e+01
-4.326064479999999435e+01
-2.353403036957613281e+01
-8.168410991919851938e+01
-6.908064480000000174e+01
-6.432662600004105968e+01
-7.789336050336278561e+01
-6.581064480000000572e+01
-4.662601734695347488e+01
-5.988745849624535822e+00
-4.425064479999999634e+01
-3.964698366842972632e+01
-8.603021571765516740e+00
-1.826064480000000145e+01
-1.087072771544704253e+01
-3.240644160284706743e+01
-4.925064479999999634e+01
-5.538011733899081435e+01
-5.195998907359822994e+01
-6.480064480000000060e+01
-6.869818835735753737e+01
-1.121594292368059769e+02
-1.625064479999999989e+01
-1.352173927528861519e+01
-1.605549559795215941e+01
-1.625064479999999989e+01
-1.333667237596263178e+01
-3.781023559850815730e-01
-2.125064479999999989e+01
-2.830287099348498003e+01
-1.081659405266640839e+01
-5.728064479999999747e+01
-6.441441981286116913e+01
-2.442636389862626345e+01
-3.125064479999999634e+01
-1.846080205860192791e+01
-4.628389823164827277e+01
-3.225064479999999634e+01
-3.074404354784515903e+01
-1.729630689165956881e+01
-5.925064479999999634e+01
-3.245280973684038628e+01
-3.465687340877367717e+01
-4.126064479999999435e+01
-4.500710295386560489e+01
-4.401599125798300349e+01
-4.526064479999999435e+01
-4.019314277328016516e+01
-5.849026617192208732e+01
-6.328064479999999747e+01
-3.185430474068959228e+01
-6.805427719595860481e+01
-4.125064479999999634e+01
-5.542578571513328711e+01
-9.117495228058892565e+00
-6.435064479999999776e+01
-7.745306409101439726e+01
-2.854488527058186520e+01
-6.225064479999999634e+01
-5.023898477947929564e+01
-5.057363330361664566e+01
-3.625064479999999634e+01
-5.274166687680738619e+01
-3.112501996542972194e+01
-1.625064479999999989e+01
-1.968953472722727227e+01
-4.980091663332943952e+00
-1.925064479999999989e+01
-2.628452507870523291e+01
-3.297794993723359624e+01
-1.625064479999999989e+01
-1.359055979945474135e+01
-5.425199786785508849e+00
-2.125064479999999989e+01
-1.797958136387068251e+01
-2.999999999999999889e-01
-7.648064480000000742e+01
-5.444440070790622599e+01
-4.642045964624799126e+01
-1.525064479999999989e+01
-1.535944110006968799e+01
-1.315783934444753456e+01
-1.928064479999999747e+01
-2.392498966832821594e+01
-3.219024493554809396e+01
-2.525064479999999634e+01
-3.197342907938382339e+01
-1.896179910260023149e+01
-2.425064479999999634e+01
-1.341019390960899038e+01
-3.010228667801106539e+01
-2.925064479999999634e+01
-2.512342611329014019e+01
-3.765401333999651001e+01
-3.225064479999999634e+01
-2.235870967805291087e+01
-9.231290986177675961e-01
-2.125064479999999989e+01
-1.877933098674447265e+01
-3.284052866679149929e+01
-5.825064479999999634e+01
-7.532650241697399451e+01
-1.528029701147528385e+01
-2.825064479999999634e+01
-3.730541300160189877e+01
-3.704107451220000513e+01
-3.025064479999999634e+01
-1.894385248158302915e+01
-1.437137252064520965e+01
-6.225064479999999634e+01
-4.618958356697754652e+01
-6.398622722323430168e+01
-5.525064479999999634e+01
-5.762388030651252535e+01
-3.213197378204011301e+01
-6.446064479999999719e+01
-6.050539464822922753e+01
-4.447024728612386468e+01
-2.326064480000000145e+01
-1.740942029665547253e+01
-2.611274255914985787e+01
-5.025064479999999634e+01
-4.699993159253849484e+01
-1.831223114354228798e+01
-4.925064479999999634e+01
-7.072169833566452724e+01
-6.886252341816860678e+01
-4.726064479999999435e+01
-5.952064824582419078e+01
-2.714686052712877284e+01
-1.725064479999999989e+01
-2.090656361044263534e+01
-2.740359972470508154e+01
-1.725064479999999989e+01
-9.805530804483762353e+00
-2.070008261581183007e+01
-2.925064479999999634e+01
-2.176992453926003179e+01
-2.930559669509214515e+01
-4.625064479999999634e+01
-5.554857408767860250e+01
-3.524526961590202490e+01
-1.625064479999999989e+01
-2.077692939214774981e+01
-1.729443555009066458e+01
-2.725064479999999634e+01
-2.099867984253036468e+01
-1.320501497979215344e+00
-1.726064480000000145e+01
-2.061471178754661082e+01
-1.879550314003874689e+01
-2.825064479999999634e+01
-3.662013218938048453e+01
-2.733504570650139343e+01
-4.325064479999999634e+01
-4.760456020408667399e+01
-1.087298870496584158e+01
-3.625064479999999634e+01
-3.988254194158901811e+01
-6.465579801433973728e+01
-1.826064480000000145e+01
-1.743171436903963212e+01
-3.226283771218148644e+01
-2.926064480000000145e+01
-3.246682211882593094e+01
-9.203089603946782660e+00
-3.925064479999999634e+01
-3.688544592089489527e+01
-2.708984392133247709e+01
-4.025064479999999634e+01
-4.831839204441887148e+01
-4.607908241426833484e+01
-1.725064479999999989e+01
-1.983030130554183401e+01
-2.861392840177293095e+01
-1.525064479999999989e+01
-1.211988702202657286e+01
-2.054050529751011211e+01
-1.625064479999999989e+01
-1.493473018934278151e+01
-1.952732865391272199e+01
-2.225064479999999989e+01
-1.542667069324844320e+01
-1.643737571830157052e+01
-1.925064479999999989e+01
-1.029036534311765649e+01
-2.287903788700365482e+01
-1.425064479999999989e+01
-8.708217436546892287e+00
-1.888892280202252039e+01
-1.525064479999999989e+01
-9.319327798911036354e+00
-1.090792687849291198e+01
-2.225064479999999989e+01
-2.182823706222830751e+01
-3.506576160015345067e+01
-1.625064479999999989e+01
-1.481102437303114527e+01
-3.865763621085426038e+00
-3.725064479999999634e+01
-1.881094564119978330e+01
-5.676898928267056021e+01
-6.285064479999999065e+01
-5.823152980892709252e+01
-8.551638646433200108e+01
-3.626064479999999435e+01
-2.374262388538929969e+01
-5.708308208832104924e+01
-1.825064479999999989e+01
-2.311112449801943214e+01
-2.082793572004915816e+01
-2.125064479999999989e+01
-2.384532217749681493e+01
-1.357056478652238951e+01
-1.725064479999999989e+01
-1.134662422630570155e+01
-2.435406735505841169e+01
-2.225064479999999989e+01
-1.242837401675881459e+01
-6.610733917367809909e+00
-2.125064479999999989e+01
-1.715620428618485604e+01
-4.224955447663514008e+01
-1.726064480000000145e+01
-2.350860279131869746e+01
-2.584692953194661413e+00
-4.126064479999999435e+01
-4.933242909363216455e+01
-3.644941181781051398e+01
-3.528064479999999747e+01
-3.540471927221320669e+01
-4.259101879360498799e+01
-1.725064479999999989e+01
-1.032245057104449870e+01
-2.913638078516693497e+01
-5.925064479999999634e+01
-3.949563087926102867e+01
-1.501832455075862072e+01
-3.125064479999999634e+01
-3.385637205646402492e+01
-2.214883829279899530e+01
-2.426064480000000145e+01
-2.530917042896812674e+01
-3.114690260563867596e+01
-1.825064479999999989e+01
-1.620636104748525241e+01
-2.277340158112481205e+01
-4.525064479999999634e+01
-2.595637354909538175e+01
-8.517258460381484042e+01
-1.725064479999999989e+01
-1.448422761102678535e+01
-2.066651522485341275e+01
-4.926064479999999435e+01
-2.475911858771613439e+01
-4.820392942907241007e+01
-2.025064479999999989e+01
-2.877789091611760242e+01
-1.427192754862099378e+01
-2.125064479999999989e+01
-2.322950665470434828e+01
-3.742811144565676784e+01
-1.525064479999999989e+01
-1.457113839940358346e+01
-7.363760142733671188e+00
-1.425064479999999989e+01
-1.600458351516969913e+01
-1.280338499272170694e+01
-1.725064479999999989e+01
-1.067802591272635837e+01
-3.239915567069828484e+01
-1.525064479999999989e+01
-2.107172387205377362e+01
-8.974816442259033522e+00
-1.625064479999999989e+01
-1.561338311649616450e+01
-2.656360074319728426e+00
-1.826064480000000145e+01
-2.220901638728049221e+01
-3.279288560790549312e+00
-1.725064479999999989e+01
-1.211872098543404519e+01
-1.637189678144926575e+01
-3.025064479999999634e+01
-3.352669132059737933e+01
-3.803353100273742626e+01
-1.725064479999999989e+01
-9.922082463917650585e+00
-2.128338175464397608e+01
-1.725064479999999989e+01
-2.063844857273178590e+01
-2.998848374542095740e+00
-1.625064479999999989e+01
-9.113570669711620553e+00
-2.555441576404643200e+01
-1.625064479999999989e+01
-1.791441558608703488e+01
-1.408465782998840155e+01
-1.525064479999999989e+01
-2.174458428593479198e+01
-1.867439445925454322e+01
-1.625064479999999989e+01
-1.669667211712669186e+01
-2.296758415158301148e+00
-1.425064479999999989e+01
-1.134460415603405359e+01
-1.009211560993263035e+00
-1.425064479999999989e+01
-1.625668805200014333e+01
-5.108944067883264495e+00
-1.925064479999999989e+01
-1.780406199526925448e+01
-1.655609773297760512e+01
-1.625064479999999989e+01
-1.569398595452489964e+01
-4.134374760082582867e+00
-2.226064480000000145e+01
-2.226458355584448867e+01
-1.100204513291777886e+01
-1.625064479999999989e+01
-9.177068999890767742e+00
-1.383292548095089458e+01
-1.726064480000000145e+01
-1.683536589242875792e+01
-1.957689738652236144e+01
-1.625064479999999989e+01
-1.160488530902673787e+01
-1.700632868460029101e+01
-1.825064479999999989e+01
-2.268538191018202355e+01
-5.209556672636981745e+00
-2.825064479999999634e+01
-2.897955252848500152e+01
-4.579091310101659928e+01
-1.826064480000000145e+01
-2.575612384876616190e+01
-2.054566508720782281e+00
-2.025064479999999989e+01
-1.080070891455081394e+01
-2.482013613051228873e+01
-1.425064479999999989e+01
-1.398050262797862509e+01
-1.162411084268776662e+01
-1.425064479999999989e+01
-9.139325841926824623e+00
-1.007548970669843058e+01
-3.525064479999999634e+01
-2.317052056396385495e+01
-5.709494848670077261e+01
-2.425064479999999634e+01
-2.826204062813877371e+01
-3.961834045184177455e+01
-1.725064479999999989e+01
-2.399326247535384482e+01
-1.389734087230171156e+01
-1.625064479999999989e+01
-1.285422424846634470e+01
-9.074953812218957694e+00
-1.725064479999999989e+01
-1.498765534719327874e+01
-3.721277520543750938e-01
-1.725064479999999989e+01
-1.361538084373809276e+01
-2.517046826718773644e+01
-1.625064479999999989e+01
-1.782875370604329746e+01
-2.189105014075158806e+01
-1.625064479999999989e+01
-1.181574089742844080e+01
-1.253252911563691896e+00
-1.725064479999999989e+01
-1.945360642120985872e+01
-1.202066204337515209e+01
-1.425064479999999989e+01
-9.302176608405886782e+00
-2.618071151592300794e+01
-3.625064479999999634e+01
-3.877661509550190999e+01
-2.762069715366912703e+01
-2.025064479999999989e+01
-1.887962606880189043e+01
-3.345284583289809177e+01
-1.925064479999999989e+01
-2.822746872139554952e+01
-2.792051975775160599e+01
-1.925064479999999989e+01
-1.240252155324108152e+01
-3.716448709752665280e+01
-3.525064479999999634e+01
-3.365487169803153478e+01
-6.625310187905908776e+01
-1.625064479999999989e+01
-1.382893651392720180e+01
-7.344523618309457547e+00
-1.625064479999999989e+01
-1.410217178696779428e+01
-2.083400964973881386e+01
-1.725064479999999989e+01
-1.931591151773532289e+01
-2.185486207768761346e+01
-1.525064479999999989e+01
-1.870548742211102677e+01
-2.451146964986980592e+00
-1.525064479999999989e+01
-1.509093871512597929e+01
-1.895080305837207035e+01
-1.625064479999999989e+01
-1.673056906455882142e+01
-1.104307493102284710e+01
-1.826064480000000145e+01
-1.700571157241923714e+01
-2.963001029110244744e+01
-1.625064479999999989e+01
-2.332894909228146574e+01
-3.028857605543276321e+00
-1.625064479999999989e+01
-1.559196140849893020e+01
-5.585773320397427355e+00
-1.725064479999999989e+01
-2.259160752671757422e+01
-2.916661997029327935e+00
-1.625064479999999989e+01
-2.196353115171194759e+01
-2.119565781901535573e+01
-1.625064479999999989e+01
-2.308686275174053648e+01
-2.145207808964058671e+01
-1.725064479999999989e+01
-1.239624307738361608e+01
-1.702069456490348287e+01
-1.725064479999999989e+01
-2.136931646335791868e+01
-1.559196825001221320e+01
-1.625064479999999989e+01
-1.182993184287961341e+01
-7.734634796619689112e+00
-1.826064480000000145e+01
-2.166166461853751812e+01
-2.457851739735139063e+01
-2.325064479999999634e+01
-3.295359182355693406e+01
-4.611446268208967325e+01
-1.825064479999999989e+01
-2.702420146682937485e+01
-1.668645198406801455e+01
-1.925064479999999989e+01
-1.465800263244305768e+01
-2.927505741959065233e+01
-1.525064479999999989e+01
-1.217794831095895702e+01
-2.738054093163509606e+01
-1.625064479999999989e+01
-2.017103521747782580e+01
-8.053745955221240038e+00
-1.625064479999999989e+01
-1.296487852283570597e+01
-1.285703096045817162e+01
-1.725064479999999989e+01
-1.840177674387129514e+01
-7.753000605972291126e+00
-1.625064479999999989e+01
-1.573269899303535269e+01
-8.667415034563846987e+00
-1.625064479999999989e+01
-1.330739009872914380e+01
-2.500439291611446890e+01
-1.625064479999999989e+01
-9.525400762523329234e+00
-2.055654917650723235e+01
-1.725064479999999989e+01
-1.090119968827340102e+01
-1.854001516497311286e+01
-1.725064479999999989e+01
-2.373381451404095799e+01
-2.509425822301643549e+01
-1.625064479999999989e+01
-1.316453015820672157e+01
-2.848686402210490343e+01
-1.625064479999999989e+01
-1.636764017994470777e+01
-2.309810655331281737e+01
-1.625064479999999989e+01
-1.278398805283472761e+01
-4.887276104809814115e+00
-2.126064480000000145e+01
-1.767295345389878491e+01
-4.243138765870102702e+01
-1.525064479999999989e+01
-1.389776674284723512e+01
-2.179057526789098986e+01
-1.525064479999999989e+01
-1.917986270348092503e+01
-3.628136607882572306e+00
-3.226064479999999435e+01
-1.864160886067274703e+01
-6.343236669920239024e+01
-1.425064479999999989e+01
-1.247985400753525909e+01
-5.440351623841152673e+00
-1.625064479999999989e+01
-1.951357598923775782e+01
-8.956916860501884514e-01
-1.826064480000000145e+01
-2.396947865993339732e+01
-4.402368120784446504e+00
-1.725064479999999989e+01
-1.093412448027532236e+01
-1.078266314439929374e+00
-1.625064479999999989e+01
-9.467929236402273574e+00
-1.339061736859429885e+01
-1.625064479999999989e+01
-1.389934148709269301e+01
-1.361717438306577144e+01
-1.525064479999999989e+01
-1.272350288382159889e+01
-1.647293922828336221e+01
-1.725064479999999989e+01
-2.445269890388016520e+01
-1.934871469654008891e+01
-1.525064479999999989e+01
-1.307580715409038952e+01
-2.651248140428738509e+01
-1.725064479999999989e+01
-1.654538567694578077e+01
-2.491527019011910227e+01
-1.725064479999999989e+01
-1.845542696256008242e+01
-1.911034677797826475e+01
-1.525064479999999989e+01
-2.145668308212510667e+01
-1.736977074330965110e+01
-1.625064479999999989e+01
-1.591221982837884319e+01
-1.151535725682518674e+01
-1.425064479999999989e+01
-1.476152019092185164e+01
-1.827219022349546762e+01
-1.625064479999999989e+01
-1.626103766464562028e+01
-6.764694298113404614e+00
-1.826064480000000145e+01
-2.044368202868296436e+01
-1.586635511182171854e+01
-1.425064479999999989e+01
-1.061623938649222865e+01
-9.315232246031396102e+00
-1.525064479999999989e+01
-1.473161547183794085e+01
-5.639990834728212832e+00
-1.725064479999999989e+01
-1.268507673646431577e+01
-3.314725447680910264e+01
-1.825064479999999989e+01
-1.906379761752569379e+01
-7.372174426101908651e+00
-2.025064479999999989e+01
-1.265800026622208563e+01
-1.087123756868678015e+00
-1.725064479999999989e+01
-2.316825567530475638e+01
-5.080146048542140136e+00
-1.725064479999999989e+01
-1.105324693707474104e+01
-1.822589836261776242e+01
-1.425064479999999989e+01
-1.596827321413632284e+01
-2.499437971656600865e+01
-2.025064479999999989e+01
-2.378424622778118902e+01
-3.813642635683009985e+01
-1.725064479999999989e+01
-2.064853105458873728e+01
-3.393954459243211375e+01
-1.525064479999999989e+01
-2.132854561466069754e+01
-7.726916161775156056e+00
-1.726064480000000145e+01
-8.840518851217286311e+00
-3.223425870713185049e+01
-1.425064479999999989e+01
-1.735448372811994489e+01
-4.404652780498775400e+00
-1.525064479999999989e+01
-1.319828487677185791e+01
-2.134804900482132339e+01
-1.525064479999999989e+01
-8.707561284770751087e+00
-5.019092494196142340e+00
-1.625064479999999989e+01
-2.352386788163751419e+01
-2.540268026597721018e+01
-2.126064480000000145e+01
-1.789487033024578011e+01
-2.622433132590902005e+01
-1.625064479999999989e+01
-1.872226645493345742e+01
-4.161549637914388811e+00
-1.725064479999999989e+01
-1.279953762788813165e+01
-9.405804957469030114e+00
-1.825064479999999989e+01
-1.670977160226351899e+01
-2.255796825633705538e+00
-1.625064479999999989e+01
-1.418246950386696170e+01
-1.937837569482167055e+01
-1.625064479999999989e+01
-1.152289632117470930e+01
-3.267172768998225507e+00
-1.525064479999999989e+01
-2.207513733362145558e+01
-2.862213536729528585e+01
-1.625064479999999989e+01
-1.206721511465537766e+01
-5.304336796243482866e-01
-1.725064479999999989e+01
-1.327708917891949980e+01
-3.085593818471262750e+01
-1.726064480000000145e+01
-9.106654267002369352e+00
-1.815580691442454508e+01
-1.725064479999999989e+01
-1.369401795101070718e+01
-1.098263962583815179e+01
-1.725064479999999989e+01
-1.945879412888658777e+01
-2.887681135771577345e+01
-1.625064479999999989e+01
-1.308144446935963678e+01
-8.597228799391078979e+00
-1.625064479999999989e+01
-1.154398156788085927e+01
-2.188996415978216703e+01
-1.725064479999999989e+01
-2.118001045339631716e+01
-1.553080532452158025e+01
-1.726064480000000145e+01
-1.343451654014028662e+01
-3.415106129648812328e+01
-1.725064479999999989e+01
-1.633541544102124021e+01
-2.565737198435907374e+01
-1.625064479999999989e+01
-1.496837861804222136e+01
-1.818267608201398744e+01
-1.625064479999999989e+01
-1.452435020039415292e+01
-6.056472818356066767e-01
-1.826064480000000145e+01
-2.646799386736562099e+01
-6.869692275033154161e+00
-1.625064479999999989e+01
-1.421296690417537611e+01
-1.507489720802861832e+01
-1.425064479999999989e+01
-2.013124769407606252e+01
-7.450878057789839914e+00
-1.525064479999999989e+01
-2.155926194687944530e+01
-1.629995908990203191e+01
-1.625064479999999989e+01
-1.498720965279244055e+01
-2.747621464923471990e+01
-1.725064479999999989e+01
-2.328753612895353342e+01
-2.093046692482746707e+01
-1.725064479999999989e+01
-1.659063630858907956e+01
-2.412629478799707528e+01
-1.625064479999999989e+01
-1.684883367056614745e+01
-1.211811788809940538e+01
-1.625064479999999989e+01
-1.613679071829909972e+01
-5.849291802991556821e+00
-1.625064479999999989e+01
-1.625976837530147989e+01
-8.121781631237263710e+00
-1.725064479999999989e+01
-2.186143865122366847e+01
-2.699709148132522074e+01
-3.226064479999999435e+01
-3.920078564492064288e+01
-5.545041026001040763e+00
-1.525064479999999989e+01
-1.906896664696825638e+01
-2.581224570410482144e+00
-1.625064479999999989e+01
-1.707473998831773443e+01
-1.693883387227749182e+01
-1.525064479999999989e+01
-1.667299409884621042e+01
-1.877759866495842189e+01
-1.425064479999999989e+01
-1.599284629232607102e+01
-1.477479919079890713e+01
-1.625064479999999989e+01
-2.333557124406728533e+01
-2.487379226185507264e+01
-1.425064479999999989e+01
-1.305862816651286273e+01
-9.164003788376099635e+00
-1.926064480000000145e+01
-2.854231886962477205e+01
-1.119162071261298230e+01
-1.725064479999999989e+01
-2.358675079935921914e+01
-1.418016439656339678e+01
-1.525064479999999989e+01
-1.476433378616122738e+01
-2.363262839093368228e+01
-1.525064479999999989e+01
-1.439267653894267340e+01
-2.452117341245361715e+01
-1.625064479999999989e+01
-1.426433925465035202e+01
-1.233484829226392598e+01
-1.525064479999999989e+01
-1.894415212569911589e+01
-2.230589351460258740e+01
-1.725064479999999989e+01
-2.367834893550181974e+01
-2.850626769771873370e+01
-1.625064479999999989e+01
-2.066308661591829221e+01
-2.310827122660538890e+01
-1.726064480000000145e+01
-1.697155658581685955e+01
-9.076460056270043708e-01
-1.625064479999999989e+01
-1.245822020723712953e+01
-1.890066339079654867e+01
-1.725064479999999989e+01
-2.036478348620240197e+01
-3.201097485486326377e+01
-1.425064479999999989e+01
-1.205452362354167661e+01
-2.441288668590908983e+01
-1.725064479999999989e+01
-1.952090629810956557e+01
-8.394582397636201065e+00
-1.525064479999999989e+01
-1.407364093304304298e+01
-1.897480667197861237e+01
-1.625064479999999989e+01
-1.717225812560160492e+01
-1.276468408726393733e+01
-1.926064480000000145e+01
-1.294372454308057740e+01
-7.423845676152929229e-01
-1.625064479999999989e+01
-2.434354824201790279e+01
-1.838550414776548081e+01
-1.625064479999999989e+01
-1.905335306027175690e+01
-2.774337073248148045e+01
-1.525064479999999989e+01
-9.338502547194154957e+00
-2.325740612719820888e+01
-1.625064479999999989e+01
-1.108340610128235326e+01
-1.435962699429477318e+01
-1.625064479999999989e+01
-1.788272392563232316e+01
-2.277995883627077944e+01
-1.625064479999999989e+01
-1.128171325241806322e+01
-1.160963863523392448e+01
-1.425064479999999989e+01
-1.000974963511247573e+01
-1.203049419384782581e+01
-1.425064479999999989e+01
-1.905267092930307982e+01
-1.689301763664339262e+01
-1.725064479999999989e+01
-2.062106621502129045e+01
-3.384745406276825008e+01
-1.625064479999999989e+01
-1.139306223729302836e+01
-1.506148936364509083e+01
-1.625064479999999989e+01
-1.687907597246977787e+01
-2.935465362429491876e+01
-1.625064479999999989e+01
-1.317663900147059231e+01
-2.908593691784962232e+01
-1.525064479999999989e+01
-8.393903903551775514e+00
-2.607487178606754696e+01
-1.625064479999999989e+01
-1.165962968015291423e+01
-1.418141665282174557e+00
-1.525064479999999989e+01
-9.759006027144994988e+00
-2.979755013624731319e+01
-1.825064479999999989e+01
-1.804228771416394395e+01
-3.044555080051329554e+01
-1.725064479999999989e+01
-2.152111277443593806e+01
-3.364170072564467517e+01
-1.625064479999999989e+01
-1.859622536302235218e+01
-2.322185034226009748e+00
-1.625064479999999989e+01
-2.156770056046735107e+01
-1.699665514234562380e+01
-1.725064479999999989e+01
-2.036349602042808726e+01
-4.944273735148955851e+00
-2.426064480000000145e+01
-2.255756167838254456e+01
-8.935711203263153379e+00
-1.525064479999999989e+01
-1.963203528060701331e+01
-9.076497068248471578e+00
-1.926064480000000145e+01
-2.097588915461980008e+01
-1.718075266631127107e+01
-1.625064479999999989e+01
-2.428806162569288318e+01
-2.086478259057168927e+01
-1.725064479999999989e+01
-1.434583738693849320e+01
-3.399695501173448520e+01
-1.425064479999999989e+01
-1.401545075523932837e+01
-1.922258136164340669e+01
-1.625064479999999989e+01
-9.813954138782850833e+00
-8.363035539946260144e+00
-1.425064479999999989e+01
-2.096300559181939605e+01
-2.316915753929666622e+01
-1.625064479999999989e+01
-1.397620535414140974e+01
-8.200974403854955241e+00
-1.725064479999999989e+01
-1.908103642371848707e+01
-3.229416744052527122e+01
-1.525064479999999989e+01
-2.287151608388917623e+01
-1.465957040963029101e+01
-1.725064479999999989e+01
-1.533128517150532666e+01
-6.141679725961864733e+00
-1.725064479999999989e+01
-1.371987804675470635e+01
-3.111061853298507174e+01
-2.225064479999999989e+01
-2.443358638321269893e+01
-2.251745306752015807e+01
-1.425064479999999989e+01
-8.734238147076549552e+00
-3.920185039605055266e+00
-1.725064479999999989e+01
-1.764586361230772127e+01
-1.187414455309667716e+01
-1.625064479999999989e+01
-2.321215430184155792e+01
-2.462270790009703347e+01
-1.725064479999999989e+01
-1.606590846989285737e+01
-1.395446169431226480e+01
-1.525064479999999989e+01
-1.851490939769891142e+01
-1.067000097581629703e+01
-1.725064479999999989e+01
-1.452318823315549956e+01
-1.804164753059459869e+01
-1.625064479999999989e+01
-1.463264699809012193e+01
-8.786262332087808602e+00
-1.726064480000000145e+01
-1.735264000828845354e+01
-2.076778076419467922e+01
-1.625064479999999989e+01
-9.042006057423979115e+00
-2.449069404145075168e+01
-1.525064479999999989e+01
-2.053856945023906633e+01
-1.896274161265040092e+01
-1.625064479999999989e+01
-1.086443008174060409e+01
-3.081447766769326080e+01
-1.525064479999999989e+01
-1.443087875719970548e+01
-5.498548125141152099e+00
-1.826064480000000145e+01
-1.372812470222934067e+01
-8.341877967885629630e+00
-1.525064479999999989e+01
-1.422767628846212418e+01
-2.163045589819652292e+01
-1.725064479999999989e+01
-2.081923375764654693e+01
-1.499197714087970823e+01
-1.726064480000000145e+01
-1.303583331874431650e+01
-1.193134769192466926e+01
-1.425064479999999989e+01
-2.020287618772709237e+01
-2.224544404281927257e+01
-1.725064479999999989e+01
-1.093265643593476000e+01
-7.508334971968366744e-01
-1.826064480000000145e+01
-1.131491364595997418e+01
-2.799078578398873063e+01
-1.525064479999999989e+01
-2.062732998354475455e+01
-1.851738669187405861e+01
-1.525064479999999989e+01
-1.486189619446777144e+01
-1.844164512748185913e+01
-1.425064479999999989e+01
-1.735077788707977930e+01
-4.451238644554569746e+00
-1.725064479999999989e+01
-1.416733214450263034e+01
-2.433310310542877275e+01
-1.625064479999999989e+01
-1.355170132551703155e+01
-1.740520965712194723e+00
-1.525064479999999989e+01
-8.783554557380576000e+00
-2.587760808799659884e+01
-1.725064479999999989e+01
-1.953059333457976976e+01
-6.777953016355215965e+00
-1.625064479999999989e+01
-1.889958202301812662e+01
-1.213475471022065477e+01
-1.625064479999999989e+01
-1.085886984502714370e+01
-2.618175464921154472e+01
-1.425064479999999989e+01
-7.606735701024541996e+00
-1.648951585379435514e+01
-1.825064479999999989e+01
-2.494011408144423569e+01
-3.009355110313362758e+01
-1.725064479999999989e+01
-2.365909429009916209e+01
-1.808226327344652873e+01
-1.725064479999999989e+01
-9.071111797767327900e+00
-2.398071840581722824e+01
-1.425064479999999989e+01
-1.841239981139602122e+01
-1.131806537149065761e+01
-2.425064479999999634e+01
-3.167745646836788609e+01
-2.997060916422665144e+01
-1.425064479999999989e+01
-7.390193447265340332e+00
-2.194982986457737439e+01
-2.326064480000000145e+01
-2.137348243249315871e+01
-2.235558961098276143e+01
-1.625064479999999989e+01
-1.247446809193557193e+01
-5.297055691004461053e+00
-1.625064479999999989e+01
-1.913134757635491212e+01
-1.173612139507802610e+01
-1.425064479999999989e+01
-1.153130911381578727e+01
-2.437612510840772728e+01
-1.625064479999999989e+01
-2.081468026221373435e+01
-2.791265878217242147e+01
-1.625064479999999989e+01
-1.838352330570599236e+01
-2.955153891059587679e+01
-1.525064479999999989e+01
-1.049076203079517455e+01
-2.478021329777379123e+01
-1.625064479999999989e+01
-1.048950818048530564e+01
-2.603406739998683150e+01
-1.725064479999999989e+01
-2.043934936954203963e+01
-9.532333951343019862e+00
-1.825064479999999989e+01
-9.772043960592087686e+00
-2.999999999999999889e-01
-1.625064479999999989e+01
-2.016011827764783249e+01
-1.429599400270891785e+01
-1.825064479999999989e+01
-1.183897381736808541e+01
-7.676615974465921255e+00
-1.725064479999999989e+01
-1.226633722271612470e+01
-5.179792228828635103e+00
-1.625064479999999989e+01
-2.294863662682549688e+01
-3.061442332155066737e+01
-1.625064479999999989e+01
-2.037732922116855150e+01
-7.754695302829798464e+00
-1.726064480000000145e+01
-1.318911017523562634e+01
-2.835717257380994027e+01
-1.625064479999999989e+01
-1.463200136373240312e+01
-1.308589377968072753e+01
-1.726064480000000145e+01
-2.118692758537701337e+01
-8.321661798001839472e+00
-2.025064479999999989e+01
-1.230690459227577982e+01
-5.562430815765365466e+00
-2.125064479999999989e+01
-1.529703699346766399e+01
-3.493816705352709562e+01
-1.926064480000000145e+01
-1.963166892150297826e+01
-3.563614897526640846e+01
-1.425064479999999989e+01
-1.397471994184171429e+01
-1.780148279818645207e+01
-1.725064479999999989e+01
-1.056186224254293116e+01
-6.484789025668815654e+00
-1.725064479999999989e+01
-9.699133141741292263e+00
-2.292841162836122848e+01
-1.725064479999999989e+01
-2.024773849849208318e+01
-4.900953044835352657e+00
-1.725064479999999989e+01
-2.032130074806185860e+01
-1.298621196131893285e+01
-1.425064479999999989e+01
-7.674789762819575145e+00
-2.840137281772399547e+01
-3.026064479999999435e+01
-1.810345670662067619e+01
-3.498648707440274563e+01
-2.225064479999999989e+01
-2.777052532447925870e+01
-2.718992157274938748e+01
-1.726064480000000145e+01
-2.275564243645056806e+01
-6.585097287998852522e+00
-1.725064479999999989e+01
-8.928747818558964155e+00
-3.280099072580665620e+01
-1.625064479999999989e+01
-1.518189438897033305e+01
-9.097996449606387870e+00
-1.625064479999999989e+01
-8.378658724224283816e+00
-1.109348871406816173e+01
-1.725064479999999989e+01
-2.419615012124454267e+01
-3.204607214516093450e+01
-2.325064479999999634e+01
-1.209057223511167045e+01
-2.907842616789253043e+01
-1.525064479999999989e+01
-1.958288469173108837e+01
-1.690379191575702578e+01
-3.025064479999999634e+01
-3.595824837781117367e+01
-4.256346301559243983e+00
-1.425064479999999989e+01
-1.717003712141680793e+01
-1.897315779666056201e+01
-1.725064479999999989e+01
-1.227157248588958716e+01
-1.757924519841246536e+01
-1.525064479999999989e+01
-1.891819180765727282e+01
-2.558291309592605600e+01
-1.625064479999999989e+01
-1.112595216229259520e+01
-3.106724294415872833e+01
-1.725064479999999989e+01
-2.050020418640608710e+01
-3.441758739936436484e+01
-1.725064479999999989e+01
-1.098890270268408464e+01
-3.231896381495182169e+01
-1.525064479999999989e+01
-2.240778690074679247e+01
-1.439086546895633312e+01
-1.625064479999999989e+01
-1.533508284554387124e+01
-2.788314712562579700e+01
-1.525064479999999989e+01
-1.267729959513438587e+01
-1.543669807703200902e+01
-1.625064479999999989e+01
-8.341774104282178470e+00
-2.999999999999999889e-01
-2.525064479999999634e+01
-1.588558499562288695e+01
-2.856930361269466800e+01
-1.625064479999999989e+01
-1.627357882999397631e+01
-1.793461731880755394e+01
-1.525064479999999989e+01
-1.002256206049390919e+01
-1.671844331327896072e+01
-1.425064479999999989e+01
-1.394386474429978584e+01
-1.166373689368858635e+01
-1.825064479999999989e+01
-1.997625972776544501e+01
-1.605159723895008739e+01
-1.525064479999999989e+01
-2.075413107228472853e+01
-1.665287456518468190e+01
-1.725064479999999989e+01
-2.022644617948578372e+01
-2.694906390878965396e+01
-1.625064479999999989e+01
-8.364234859236695740e+00
-1.294610078288923916e+01
-1.726064480000000145e+01
-1.570915112526798474e+01
-2.784615463071114405e+00
-1.525064479999999989e+01
-1.942602730874253325e+01
-2.424338111470765966e+01
-1.525064479999999989e+01
-2.108260014801298610e+01
-1.519432631074993267e+00
-1.725064479999999989e+01
-1.933388563433994989e+01
-1.785223715901247132e+01
-1.925064479999999989e+01
-2.591455953671374601e+01
-2.553571459765974438e+01
-1.425064479999999989e+01
-1.089569007670173129e+01
-6.178457186614448204e+00
-1.625064479999999989e+01
-2.061553543577161207e+01
-2.899154930415154041e+00
-1.725064479999999989e+01
-1.203050949429251304e+01
-2.575036612470455211e+01
-1.726064480000000145e+01
-2.448908353193573717e+01
-6.092251608083815384e+00
-1.726064480000000145e+01
-1.818310583532494817e+01
-8.566241455824201267e+00
-1.625064479999999989e+01
-1.743345950255848820e+01
-3.841184573990000573e+00
-1.625064479999999989e+01
-1.987492550477636399e+01
-2.320690378337731374e+01
-1.625064479999999989e+01
-1.643698166216595524e+01
-9.191544226014244146e+00
-1.625064479999999989e+01
-2.120706474227668892e+01
-2.708060963384582465e+01
-1.525064479999999989e+01
-2.130948831007113142e+01
-1.966847671844066525e+01
-1.625064479999999989e+01
-2.317295579654984294e+01
-9.624012641392585721e+00
-1.625064479999999989e+01
-1.438147211606044706e+01
-7.213413150799462770e+00
-1.625064479999999989e+01
-2.103544423072175462e+01
-1.326814012285969469e+01
-1.525064479999999989e+01
-1.115309857793085513e+01
-2.474632295415996808e+01
-1.525064479999999989e+01
-1.232922973078815509e+01
-1.128063816858632684e+01
-2.025064479999999989e+01
-2.762648575997557288e+01
-5.566045217035515691e+00
-1.425064479999999989e+01
-9.551275197510264547e+00
-1.582150282261935104e+01
-1.625064479999999989e+01
-2.074973450578553980e+01
-4.295954907046555249e+00
-1.425064479999999989e+01
-9.799039806010613418e+00
-8.172720706930373780e+00
-1.625064479999999989e+01
-9.933821472737630387e+00
-1.629123317314753905e+00
-1.725064479999999989e+01
-9.947127451956109923e+00
-2.169458106206968395e+01
-1.826064480000000145e+01
-2.120785832867002441e+01
-2.740491223068907800e+00
-1.825064479999999989e+01
-1.968122257723211277e+01
-3.534118477557008475e+01
-1.725064479999999989e+01
-1.984377350704367515e+01
-1.572804632249815882e+01
-1.625064479999999989e+01
-1.372100148617191984e+01
-8.959947644068174455e+00
-1.525064479999999989e+01
-2.156762193554623863e+01
-2.999999999999999889e-01
-1.525064479999999989e+01
-2.066839327779788249e+01
-2.841504627192620802e+01
-1.525064479999999989e+01
-1.235433399689173228e+01
-2.463480396535485539e+01
-1.625064479999999989e+01
-8.162782827238613592e+00
-1.586630823421475789e+01
-1.725064479999999989e+01
-2.376047142094211750e+01
-2.454400703732996902e+01
-1.625064479999999989e+01
-8.601359840363620890e+00
-1.947477490294220104e+01
-1.726064480000000145e+01
-1.311356680708223443e+01
-1.490690002296471661e+01
-1.725064479999999989e+01
-2.128311381942893021e+01
-1.781662094775566629e+01
-1.525064479999999989e+01
-9.854967037240481176e+00
-1.426312781155992759e+01
-1.625064479999999989e+01
-1.126167247905481261e+01
-4.403776557894650168e+00
-1.425064479999999989e+01
-9.996186995744450243e+00
-8.288633939134200546e+00
-1.525064479999999989e+01
-2.057189237268875814e+01
-4.484961357083378175e+00
-1.625064479999999989e+01
-1.240434010491660644e+01
-2.073902978060841207e+01
-1.625064479999999989e+01
-1.104179770643751723e+01
-1.696601231106341245e+01
-1.625064479999999989e+01
-1.582700904490143579e+01
-1.143981067261695550e+01
-1.525064479999999989e+01
-1.523142072935519309e+01
-8.266940660784920070e+00
-1.726064480000000145e+01
-1.285160895658500380e+01
-1.466444180714786683e+01
-1.725064479999999989e+01
-1.017223933944455538e+01
-1.788695442213742126e+01
-1.625064479999999989e+01
-1.748277830724166293e+01
-1.706092158687502902e+01
-1.625064479999999989e+01
-9.122529090701293697e+00
-4.959125996687040683e+00
-1.625064479999999989e+01
-1.608849088773968461e+01
-2.088870899545429793e+01
-1.525064479999999989e+01
-1.569582617238170208e+01
-3.022939128924602414e+01
-2.025064479999999989e+01
-1.313896347656073083e+01
-3.280867398754463693e+01
-1.725064479999999989e+01
-1.027514444848991637e+01
-9.696345197806055083e+00
-1.925064479999999989e+01
-1.552749571261550798e+01
-2.388785164636085767e+01
-1.425064479999999989e+01
-1.177334587693102641e+01
-2.055553729018793874e+01
-1.525064479999999989e+01
-1.512974239001776766e+01
-1.823412999407414858e+01
-1.525064479999999989e+01
-1.347386766096892963e+01
-9.167018916441252330e+00
-1.725064479999999989e+01
-1.906273350289438540e+01
-1.732294648202999809e+01
-1.425064479999999989e+01
-1.326938496165579018e+01
-2.880812225588513797e+00
-1.625064479999999989e+01
-8.412157533397550679e+00
-1.170503713393398648e+01
-1.425064479999999989e+01
-2.077848946336247593e+01
-6.040256224095255533e+00
-1.425064479999999989e+01
-1.766899910296769960e+01
-5.061407137126090916e+00
-1.625064479999999989e+01
-2.290242658065642800e+01
-3.325672703264464403e+00
-1.525064479999999989e+01
-1.340819773873167087e+01
-2.899883282804236018e+00
-1.525064479999999989e+01
-1.600617530054646664e+01
-1.080673451650279304e+01
-1.425064479999999989e+01
-1.859085903620946922e+01
-7.509933563784898958e+00
-1.725064479999999989e+01
-2.387357391954357766e+01
-8.320489937210608034e+00
-1.425064479999999989e+01
-1.394656882932423869e+01
-2.485045800388785153e+01
-1.726064480000000145e+01
-1.545940593195620849e+01
-3.364598926438935678e+01
-1.725064479999999989e+01
-2.302963876424161427e+01
-4.030821059913762383e+00
-1.525064479999999989e+01
-2.023322720604184610e+01
-1.520169358425242123e+01
-1.425064479999999989e+01
-1.194328474579934074e+01
-2.450401018311957557e+01
-1.625064479999999989e+01
-1.931694525851156641e+01
-2.748294660226208919e+01
-1.525064479999999989e+01
-2.264448393150336969e+01
-1.345763090364264158e+01
-1.725064479999999989e+01
-2.071689962372023786e+01
-3.020224677049663597e+01
-1.625064479999999989e+01
-1.132743705544173096e+01
-1.235278074606687149e+01
-1.525064479999999989e+01
-1.945053117066657933e+01
-1.381674812525610818e+01
-1.726064480000000145e+01
-1.358461740461376088e+01
-5.464596950593870517e+00
-1.425064479999999989e+01
-1.099348650203532962e+01
-5.932936559933807530e+00
-1.525064479999999989e+01
-1.434471307523227779e+01
-2.234606393849017536e+01
-1.525064479999999989e+01
-1.958898895500071191e+01
-6.726462128188202882e+00
-1.625064479999999989e+01
-1.907341927510362822e+01
-3.049620602992868612e+01
-1.725064479999999989e+01
-2.474668265820389479e+01
-1.076951175674679639e+01
-1.625064479999999989e+01
-8.892464302352429684e+00
-2.814090073302669026e+01
-1.525064479999999989e+01
-1.836906002057408216e+01
-2.999999999999999889e-01
-1.525064479999999989e+01
-1.342401882395110668e+01
-2.239170526738643829e+01
-1.525064479999999989e+01
-2.275659728589924313e+01
-2.577827045599754996e+01
-1.625064479999999989e+01
-1.042946872921590185e+01
-6.465927701853036780e+00
-1.625064479999999989e+01
-1.843048420245969155e+01
-2.315018023218654974e+01
-1.525064479999999989e+01
-1.601095186104966572e+01
-2.059000655524670265e+01
-1.726064480000000145e+01
-1.005678838692371357e+01
-2.814402138881595405e+00
-1.625064479999999989e+01
-2.286091848709375540e+01
-1.212151526781177324e+00
-1.726064480000000145e+01
-1.552812882908789049e+01
-3.003810158591989676e+01
-1.625064479999999989e+01
-8.344325024389561918e+00
-5.765027960150396424e+00
-1.625064479999999989e+01
-1.479368731988990859e+01
-2.993546856386614508e+01
-1.725064479999999989e+01
-1.411012153703048355e+01
-2.680083780379065672e+01
-1.625064479999999989e+01
-8.287573805855718234e+00
-7.932487537272539413e+00
-1.825064479999999989e+01
-2.640464122107142941e+01
-3.294871513082778591e+01
-1.625064479999999989e+01
-2.076114298682992398e+01
-8.447456256299307853e+00
-1.925064479999999989e+01
-2.043976215472510916e+01
-3.993845223080265683e+00
-1.625064479999999989e+01
-1.763614106980469742e+01
-7.607832250496453952e+00
-1.625064479999999989e+01
-1.278875634881639733e+01
-1.350043015069329222e+01
-1.725064479999999989e+01
-1.761126526110215451e+01
-2.033191506406542004e+01
-1.625064479999999989e+01
-1.884474415612767828e+01
-1.423806239177830157e+01
-1.425064479999999989e+01
-1.913213557365491013e+01
-6.376524407676710915e+00
-1.625064479999999989e+01
-1.470782554989464330e+01
-2.415402747460853305e+01
-1.625064479999999989e+01
-1.339766626748269118e+01
-1.877670125709255444e+01
-1.625064479999999989e+01
-1.989465621926803962e+01
-2.672754704885930366e+01
-1.525064479999999989e+01
-1.014598177669007484e+01
-1.874221574299578208e+01
-1.625064479999999989e+01
-1.678470407098596695e+01
-2.980776656192468010e+01
-1.525064479999999989e+01
-1.132664338989568797e+01
-8.225119296878414588e+00
-1.625064479999999989e+01
-1.278996043429931895e+01
-2.885649134129753435e+01
-1.725064479999999989e+01
-1.734058639338844898e+01
-2.856477005554973658e+01
-1.525064479999999989e+01
-1.628691524442467653e+01
-2.416873842878002066e+01
-1.625064479999999989e+01
-2.422922781681815252e+01
-7.062560985584253714e+00
-1.525064479999999989e+01
-1.546264858936130793e+01
-2.938041148778390976e+01
-1.425064479999999989e+01
-9.986196795146829785e+00
-2.680547821371051498e+01
-1.725064479999999989e+01
-1.800871316181862980e+01
-2.962932454308784003e+01
-1.625064479999999989e+01
-2.099166968922396848e+01
-2.360191373878437915e+01
-1.525064479999999989e+01
-1.085148099276129230e+01
-2.525457768805565451e+01
-1.625064479999999989e+01
-1.351760474722781069e+01
-1.364086494247901626e+01
-1.625064479999999989e+01
-2.064659040732788498e+01
-1.610339883699225894e+01
-1.625064479999999989e+01
-8.920131336216858386e+00
-1.036393824574397016e+01
-1.726064480000000145e+01
-2.311027171686504644e+01
-1.861123838759938209e+01
-1.625064479999999989e+01
-1.845067374384928982e+01
-2.082522210962754627e+01
-1.725064479999999989e+01
-1.241263707321891374e+01
-4.880733952577209322e+00
-1.725064479999999989e+01
-1.887650960520405619e+01
-7.816167422579832547e+00
-1.726064480000000145e+01
-2.190666580037927247e+01
-9.697542334484843707e+00
-1.725064479999999989e+01
-1.680842045498221538e+01
-2.631612468907193403e+01
-1.725064479999999989e+01
-1.338399450142487446e+01
-1.731892221816478994e+01
-1.625064479999999989e+01
-8.796027996823298167e+00
-2.068238482822833291e+01
-1.725064479999999989e+01
-1.817034795517500712e+01
-1.092093139048634853e+01
-1.625064479999999989e+01
-1.762600341031690476e+01
-9.416856067550920528e+00
-1.625064479999999989e+01
-1.252211697027303927e+01
-7.899697972901812193e+00
-1.725064479999999989e+01
-2.405854601688884387e+01
-1.255530064216196884e+01
-1.625064479999999989e+01
-2.344188647505860601e+01
-2.280413037666795262e+01
-1.525064479999999989e+01
-1.439389195531997956e+01
-1.241030950060183713e+01
-1.525064479999999989e+01
-2.161743827502619197e+01
-2.999999999999999889e-01
-1.625064479999999989e+01
-2.197367384011311842e+01
-7.058497380544169530e+00
-1.625064479999999989e+01
-8.842818845072972778e+00
-6.886198055672796414e-01
-1.525064479999999989e+01
-9.012168462863273888e+00
-1.605970450180670639e+01
-1.525064479999999989e+01
-9.665037245573113722e+00
-2.899548779925014230e+01
-1.525064479999999989e+01
-2.278489302572720021e+01
-2.523669151130869182e+01
-1.625064479999999989e+01
-1.464801186476048933e+01
-2.896614595091519107e+01
-1.726064480000000145e+01
-2.061707297533854089e+01
-1.333509872651892181e+01
-1.625064479999999989e+01
-8.832984104707199080e+00
-2.979050661927001542e+01
-1.525064479999999989e+01
-8.568922543767497402e+00
-1.011173523065508562e+00
-1.525064479999999989e+01
-1.819448079747578007e+01
-1.164728961982880229e+01
-1.725064479999999989e+01
-1.655568982342724027e+01
-1.888928966048725044e+01
-1.425064479999999989e+01
-1.021074415168859417e+01
-1.030178519591556885e+01
-1.625064479999999989e+01
-1.339532810460608303e+01
-7.475006627161898010e+00
-1.725064479999999989e+01
-1.099901803444983628e+01
-1.275273009723425588e+01
-1.726064480000000145e+01
-2.037820293305395936e+01
-1.092837678386690214e+01
-1.625064479999999989e+01
-2.270017414476056672e+01
-1.143959021305433055e+01
-1.525064479999999989e+01
-1.885559257554214696e+01
-1.126399364427529726e+01
-1.625064479999999989e+01
-9.120155586377238777e+00
-2.999999999999999889e-01
-1.725064479999999989e+01
-1.746288310678817979e+01
-1.389080585432373738e+01
-1.525064479999999989e+01
-2.047327250579043323e+01
-2.995689542700689856e+01
-1.525064479999999989e+01
-1.226146995104427262e+01
-1.842815861322878490e+01
-1.525064479999999989e+01
-1.937366484773158248e+01
-1.066625390990331823e+01
-1.725064479999999989e+01
-2.480344729156882977e+01
-1.586924044169747283e+01
-1.525064479999999989e+01
-1.256958619693513590e+01
-2.862793987543126661e+01
-1.525064479999999989e+01
-1.897748651038106615e+01
-2.892520333624052853e+01
-1.625064479999999989e+01
-2.383981878813029454e+01
-2.728235422749860817e+01
-1.625064479999999989e+01
-1.121440127653605145e+01
-2.100582164897661386e+01
-1.425064479999999989e+01
-1.280207119376703062e+01
-2.688746159445727102e+01
-1.826064480000000145e+01
-1.745471498621838791e+01
-3.546788233516554101e+01
-1.525064479999999989e+01
-8.937138388469989536e+00
-1.776224122488640234e+01
-1.625064479999999989e+01
-2.198276602674591373e+01
-1.900754761839542084e+01
-1.625064479999999989e+01
-1.706900555792718066e+01
-2.295889236330623007e+01
-1.725064479999999989e+01
-2.127660499403315342e+01
-2.367914966971837387e+01
-1.425064479999999989e+01
-8.276908014439257499e+00
-2.263748436065436564e+01
-1.625064479999999989e+01
-2.242668603079468426e+01
-3.201658377507692421e+01
-1.525064479999999989e+01
-1.490438046573074615e+01
-2.727974632020487888e+01
-1.525064479999999989e+01
-2.002616936042497287e+01
-7.265922204225520709e+00
-1.625064479999999989e+01
-1.359140370797138964e+01
-9.452652195345404351e+00
-3.525064479999999634e+01
-1.911350106672713167e+01
-4.175298850347969903e+01
-1.925064479999999989e+01
-9.995804716353299924e+00
-9.640718993649334934e+00
-1.525064479999999989e+01
-1.014397244056186409e+01
-6.043151070251713719e+00
-1.625064479999999989e+01
-1.019626443328439791e+01
-3.028905567954761935e+01
-1.725064479999999989e+01
-2.404964957039153717e+01
-4.942705976909316234e-01
-1.625064479999999989e+01
-1.470038277279029160e+01
-1.060320151528205912e+01
-1.425064479999999989e+01
-1.417758160098319742e+01
-4.202605895731259977e+00
-1.525064479999999989e+01
-8.175352028295339579e+00
-2.917227567393289434e+01
-1.425064479999999989e+01
-1.876863293594594850e+01
-2.641377746516452163e+01
-1.726064480000000145e+01
-1.353687708444274840e+01
-3.259902444595544679e+00
-1.625064479999999989e+01
-2.226296866248415895e+01
-2.471784712448922505e+01
-1.525064479999999989e+01
-1.865709297320027105e+01
-1.355443867351588239e+01
-1.726064480000000145e+01
-1.915142994752686789e+01
-1.244437331629622534e+01
-1.625064479999999989e+01
-9.453469501330982183e+00
-5.381156898902968777e+00
-1.525064479999999989e+01
-1.535619634794239019e+01
-2.844435257895599634e+01
-1.625064479999999989e+01
-2.132018742782634035e+01
-2.887419972846462457e+01
-1.725064479999999989e+01
-2.120031678939171016e+01
-1.751369237620462371e+01
-1.625064479999999989e+01
-2.048360031074965804e+01
-3.152907015931723222e+01
-1.625064479999999989e+01
-1.612083820128543721e+01
-4.379184678430906530e+00
-1.625064479999999989e+01
-1.874317312285447557e+01
-9.226995615975219778e+00
-1.625064479999999989e+01
-2.433302694592518733e+01
-2.528696927746926448e+00
-1.625064479999999989e+01
-1.844277828307077627e+01
-1.570227601390504368e+01
-1.625064479999999989e+01
-2.119241320925346983e+01
-2.070923595443603915e+01
-1.625064479999999989e+01
-1.877102723453543476e+01
-2.448597624470028222e+01
-1.625064479999999989e+01
-1.941935016192425323e+01
-2.747224653143328865e+01
-1.525064479999999989e+01
-7.943278163208510101e+00
-3.332438381594000631e+00
-1.425064479999999989e+01
-9.637650653867250838e+00
-1.531716147021305297e+01
-1.625064479999999989e+01
-1.073624898786019877e+01
-2.368074762745084172e+01
-1.625064479999999989e+01
-1.073620804862376943e+01
-1.758786444293377471e+01
-1.625064479999999989e+01
-1.263859051238899589e+01
-8.362064165517413272e+00
-1.725064479999999989e+01
-2.529743753888722324e+01
-2.365003839777687489e+01
-1.625064479999999989e+01
-2.117481501869836791e+01
-1.201589103979058670e+01
-1.925064479999999989e+01
-1.318073312950247455e+01
-3.620917034709194127e+01
-1.425064479999999989e+01
-1.834660119704779646e+01
-2.404576280831784629e+01
-1.425064479999999989e+01
-1.947658441592843914e+01
-1.765878320296769033e+01
-1.625064479999999989e+01
-2.100854397331664103e+01
-2.877005755103756002e+01
-1.725064479999999989e+01
-1.473503123798386660e+01
-6.691914914748691601e+00
-1.625064479999999989e+01
-8.983272122029726248e+00
-1.914328608470464843e+01
-1.726064480000000145e+01
-2.391530828610343207e+01
-1.387888186709259131e+01
-1.625064479999999989e+01
-2.245576560240558450e+01
-2.833371235812730049e+01
-1.726064480000000145e+01
-1.703241636707446460e+01
-1.856182858373653488e+00
-1.525064479999999989e+01
-2.032656307465971324e+01
-2.507236715047081788e+00
-1.725064479999999989e+01
-1.758139550874617285e+01
-2.755753878363137233e+00
-1.726064480000000145e+01
-1.800142775867237077e+01
-2.021875711906048423e+01
-1.725064479999999989e+01
-2.309077393529976163e+01
-2.173158607424090150e+01
-1.725064479999999989e+01
-2.070198059892045706e+01
-2.612818724422551497e+01
-1.525064479999999989e+01
-9.858429449987138327e+00
-7.746006851691000783e+00
-1.425064479999999989e+01
-1.295860827943696414e+01
-2.697388358863825175e+01
-1.625064479999999989e+01
-2.177113040290283408e+01
-2.750546742390112342e+01
-1.625064479999999989e+01
-1.476646491724314103e+01
-4.501814172057803987e+00
-1.525064479999999989e+01
-2.270540184708390186e+01
-2.454935043167156294e+01
-1.625064479999999989e+01
-1.267428780652471154e+01
-1.679116719819617032e+01
-1.725064479999999989e+01
-1.180916672187687766e+01
-3.206518435501912734e+00
-1.725064479999999989e+01
-1.049842948584733549e+01
-2.782278183624084988e+01
-1.525064479999999989e+01
-1.005138702837249198e+01
-2.332271808077561559e+01
-1.725064479999999989e+01
-1.311977001555628064e+01
-2.626376476054431208e+01
-1.625064479999999989e+01
-2.061872855275726124e+01
-4.524485450748001014e+00
-1.625064479999999989e+01
-2.294472320863728143e+01
-6.148123237694324672e+00
-1.625064479999999989e+01
-1.574614356940132076e+01
-4.993625046485938412e+00
-1.525064479999999989e+01
-2.237589384824575944e+01
-7.690064708275237138e-01
-1.625064479999999989e+01
-1.041889700193472024e+01
-1.557523928723806250e+01
-1.625064479999999989e+01
-1.928342484192022610e+01
-1.556855305924836230e+01
-1.525064479999999989e+01
-1.169343912446849032e+01
-4.470145016536932303e+00
-1.725064479999999989e+01
-1.521811888511658140e+01
-2.973702735220881266e+01
-1.625064479999999989e+01
-1.933213298668827562e+01
-1.004993169140199782e+01
-1.425064479999999989e+01
-1.536004954212481444e+01
-1.674179663591192480e+01
-1.625064479999999989e+01
-2.027370946226562864e+01
-5.054285046322295472e-01
-1.625064479999999989e+01
-1.603158822367690206e+01
-1.035424585151408650e+01
-1.726064480000000145e+01
-1.804876141473455675e+01
-1.458401455476288966e+01
-1.726064480000000145e+01
-2.213130351806951879e+01
-9.077936023993357750e+00
-1.625064479999999989e+01
-1.176401303907923079e+01
-4.072899304784897367e+00
-1.725064479999999989e+01
-2.571303965345931886e+01
-4.218867115718076377e+00
-1.625064479999999989e+01
-1.154273671093953624e+01
-3.048739746654816685e+01
-1.525064479999999989e+01
-7.891107951477181359e+00
-1.910340148914432845e+01
-1.425064479999999989e+01
-1.391238553205442585e+01
-2.683311452895397409e+00
-1.625064479999999989e+01
-1.309507672784283194e+01
-6.324350049234535476e+00
-1.625064479999999989e+01
-2.289053819083552810e+01
-5.766592175194830361e+00
-1.625064479999999989e+01
-1.914801102199643879e+01
-3.229125384849603364e+01
-1.625064479999999989e+01
-2.185073155380488430e+01
-1.270966670470276050e+01
-1.525064479999999989e+01
-2.200120810447617004e+01
-7.223274094308798965e+00
-1.625064479999999989e+01
-1.966402133764032456e+01
-1.720305787213412430e+01
-1.525064479999999989e+01
-2.055382342649476968e+01
-1.066884535398772194e+01
-1.525064479999999989e+01
-1.720495971519048339e+01
-9.545717331569267827e+00
-1.625064479999999989e+01
-1.673190765974216632e+01
-2.973483021023006145e+01
-1.625064479999999989e+01
-1.758738031191374063e+01
-8.217904288246952405e+00
-1.425064479999999989e+01
-7.526386727468530324e+00
-1.492594707592709291e+01
-1.625064479999999989e+01
-1.584601605330476559e+01
-1.959939658751831004e+01
-1.525064479999999989e+01
-2.059162928126072245e+01
-2.689220595715067219e+01
-1.525064479999999989e+01
-1.579429806566387207e+01
-1.195742020253686277e+01
-1.625064479999999989e+01
-1.998224325114686906e+01
-2.710516021678335363e+01
-1.625064479999999989e+01
-1.919806810606778669e+01
-2.271379098246432093e+01
-1.525064479999999989e+01
-1.655813912931523291e+01
-1.034020820686642317e+01
-1.625064479999999989e+01
-8.789106536377705226e+00
-2.999999999999999889e-01
-1.425064479999999989e+01
-2.016182996764040780e+01
-1.197873714229821829e+01
-1.726064480000000145e+01
-1.789859830805166752e+01
-2.463027503732155310e+01
-1.625064479999999989e+01
-1.617485610039087618e+01
-2.019357739229497639e+01
-1.425064479999999989e+01
-1.626246661582154118e+01
-5.299337950537656994e+00
-1.425064479999999989e+01
-1.327329109747931213e+01
-7.513075503431075219e+00
-1.625064479999999989e+01
-1.629061169998927028e+01
-5.119413581934624702e+00
-1.625064479999999989e+01
-8.263998519097761175e+00
-2.884799618428883150e+01
-1.625064479999999989e+01
-1.351218193054001482e+01
-2.683096396064934552e+01
-1.725064479999999989e+01
-2.556306228931203606e+01
-1.213943453251852489e+01
-1.625064479999999989e+01
-1.134812582638911138e+01
-1.924871501377909411e+00
-1.725064479999999989e+01
-1.264319130719005990e+01
-2.869217496027297898e+01
-1.525064479999999989e+01
-9.545861297353607000e+00
-9.343651281870879899e+00
-1.725064479999999989e+01
-2.029110837911664689e+01
-2.935081514170732575e+01
-1.425064479999999989e+01
-1.515099567499244060e+01
-2.815571775911122643e+01
-1.525064479999999989e+01
-1.086980621143325365e+01
-1.971809696801425105e+01
-1.625064479999999989e+01
-1.683587968921295897e+01
-1.648036933629597556e+01
-1.625064479999999989e+01
-1.803732991227484561e+01
-3.061629956002613540e+01
-1.425064479999999989e+01
-1.425792650615772850e+01
-7.626083474173988463e+00
-1.425064479999999989e+01
-1.987934854827123132e+01
-9.806427081872847396e+00
-1.725064479999999989e+01
-1.749793227415968033e+01
-5.737070311336198714e+00
-1.425064479999999989e+01
-1.927479618086088564e+01
-1.524178255052716224e+01
-1.625064479999999989e+01
-2.117608110629639739e+01
-2.960828900786445317e+01
-1.725064479999999989e+01
-8.783897639981638861e+00
-3.259813180054438675e+01
-1.725064479999999989e+01
-2.338412890941320654e+01
-6.279261883681028777e+00
-1.725064479999999989e+01
-1.161051985738034631e+01
-1.009228319644670435e+01
-1.625064479999999989e+01
-1.526005895491563180e+01
-6.092024966556493837e+00
-1.625064479999999989e+01
-1.518432422594527686e+01
-1.421445914602006155e+01
-1.726064480000000145e+01
-2.530141051891747139e+01
-8.098961068431954402e+00
-1.525064479999999989e+01
-1.613469211549055515e+01
-1.015460405933611909e+01
-1.625064479999999989e+01
-1.359033518802090512e+01
-2.795922817708181185e+01
-1.625064479999999989e+01
-2.196003958053378824e+01
-6.691799727554197830e+00
-1.625064479999999989e+01
-2.285004580812801933e+01
-5.894693685161250585e+00
-1.625064479999999989e+01
-1.491368931629421901e+01
-2.067470878784617128e+01
-1.625064479999999989e+01
-1.367600101746452346e+01
-3.651831809831804776e+00
-1.625064479999999989e+01
-1.028877086671518626e+01
-2.999999999999999889e-01
-1.525064479999999989e+01
-1.214330909780718670e+01
-1.794083349596142796e+01
-1.726064480000000145e+01
-1.569279339621101776e+01
-1.218402379921695200e+00
-1.625064479999999989e+01
-2.036242919831664011e+01
-6.847173242895960854e+00
-1.625064479999999989e+01
-1.991183119251768474e+01
-1.759625895439044996e+01
-1.425064479999999989e+01
-1.112382015239940536e+01
-1.925364092435334840e+01
-1.625064479999999989e+01
-1.358377673298049260e+01
-1.123641434754699020e+00
-1.625064479999999989e+01
-1.634473794573167638e+01
-7.999006638294662963e+00
-1.525064479999999989e+01
-1.258245106001593250e+01
-1.175148828864770856e+01
-1.625064479999999989e+01
-2.398040890548943693e+01
-1.221678887738685049e+00
-1.625064479999999989e+01
-1.489454511556058947e+01
-3.000295384987015268e+01
-1.625064479999999989e+01
-1.807879170138735603e+01
-7.989852961510894858e+00
-1.725064479999999989e+01
-1.763660749299426200e+01
-4.424872645301533680e+00
-1.425064479999999989e+01
-1.980798746075020134e+01
-1.170792716849268800e+01
-1.425064479999999989e+01
-1.730188581331596609e+01
-4.856345545386799856e+00
-1.625064479999999989e+01
-2.288387233330246673e+01
-1.032265261028430103e+01
-1.625064479999999989e+01
-1.191774315484254743e+01
-2.490134734844871289e+01
-1.625064479999999989e+01
-2.222147438385402296e+01
-2.328309163712840046e+01
-1.625064479999999989e+01
-1.642282514591387965e+01
-2.244376346491137397e+01
-1.425064479999999989e+01
-9.505490750494118402e+00
-2.374314134892976469e+01
-1.726064480000000145e+01
-1.447727971312824380e+01
-2.994028246538641724e+01
-1.625064479999999989e+01
-2.170545370592094514e+01
-2.579198221721716777e+01
-1.525064479999999989e+01
-1.150521036372681749e+01
-7.792881698905728349e+00
-1.425064479999999989e+01
-1.763861853843325633e+01
-1.141437292545173854e+01
-1.625064479999999989e+01
-1.073017980301480634e+01
-3.014103001240691171e+01
-1.725064479999999989e+01
-1.852965877669356587e+01
-3.310160866936763568e+01
-1.725064479999999989e+01
-2.282535020722360741e+01
-1.078552961159296864e+01
-1.625064479999999989e+01
-1.029629304276948076e+01
-2.809533377051314318e+01
-1.625064479999999989e+01
-9.071697888710399837e+00
-3.166468652212930834e+01
-1.525064479999999989e+01
-1.785939104745422057e+01
-3.793376087758602466e+00
-1.425064479999999989e+01
-1.009644008214445421e+01
-1.382018745708017526e+01
-1.525064479999999989e+01
-1.415898759128562467e+01
-2.471388799058176744e+01
-1.625064479999999989e+01
-1.657564668542688224e+01
-1.241827433605572928e+01
-1.425064479999999989e+01
-1.141982871642903241e+01
-4.039630670985648209e+00
-1.425064479999999989e+01
-1.187948659383103234e+01
-9.152416208009665155e+00
-1.625064479999999989e+01
-1.329483251986222214e+01
-2.014650232993446011e+01
-1.425064479999999989e+01
-9.469836926950499389e+00
-2.299432758723731496e+01
-1.625064479999999989e+01
-9.535991485191164685e+00
-3.143390525284292636e+01
-1.425064479999999989e+01
-1.839723682640489244e+01
-1.341293319431735220e+01
-1.525064479999999989e+01
-2.190149747733715202e+01
-1.716676434175952792e+01
-1.726064480000000145e+01
-9.854805663227310220e+00
-7.836748668589931910e+00
-1.726064480000000145e+01
-1.290841763146772614e+01
-1.342716395998840184e+00
-1.625064479999999989e+01
-9.204155097928044427e+00
-1.066855511874265083e+01
-1.625064479999999989e+01
-1.659389983600023299e+01
-1.250681346746168110e+01
-1.425064479999999989e+01
-1.781818255336415291e+01
-1.770150273677019825e+01
-1.525064479999999989e+01
-1.787972791065613265e+01
-2.435032683122535246e+01
-1.625064479999999989e+01
-1.789784931540477686e+01
-7.754417244129925280e-01
-1.525064479999999989e+01
-1.305075345651009400e+01
-3.017120682704061352e+01
-1.425064479999999989e+01
-1.179091867219023548e+01
-1.179486822903896837e+01
-1.525064479999999989e+01
-1.164538703094007310e+01
-1.776031025520369155e+01
-1.425064479999999989e+01
-1.263866539558621049e+01
-2.129855047881825669e+01
-1.625064479999999989e+01
-2.083005396146634780e+01
-2.539027080171823769e+01
-1.625064479999999989e+01
-2.316687562350576357e+01
-1.482962695918821261e+01
-1.625064479999999989e+01
-1.032732735449578065e+01
-1.635186087886393480e+01
-1.625064479999999989e+01
-2.071507940284164917e+01
-2.552961611655422303e+01
-1.625064479999999989e+01
-1.318348260281573836e+01
-1.701688032757625990e+01
-1.425064479999999989e+01
-8.540773924573082709e+00
-1.121828809451884013e+00
-1.726064480000000145e+01
-1.236632565359451696e+01
-2.179155848521473615e+01
-1.525064479999999989e+01
-1.022939189997653742e+01
-1.541340723546202440e+00
-1.725064479999999989e+01
-2.134615106894718650e+01
-1.669054928652563419e+01
-1.425064479999999989e+01
-1.937515192917793172e+01
-1.018960327722867554e+01
-1.525064479999999989e+01
-9.067714296261367934e+00
-1.359502938303961095e+01
-1.726064480000000145e+01
-1.199027683698747282e+01
-2.067564782047139715e+01
-1.625064479999999989e+01
-9.060172052925903330e+00
-2.970114302229301728e+01
-1.525064479999999989e+01
-2.056734048813470039e+01
-1.193805034353951378e+01
-1.425064479999999989e+01
-9.267736573732673122e+00
-7.306052070071759275e+00
-1.625064479999999989e+01
-2.260483632077242078e+01
-1.099770806361164865e+01
-1.725064479999999989e+01
-1.657819637388412559e+01
-2.616162936989633181e+01
-1.625064479999999989e+01
-1.646422193094513986e+01
-2.051685772164761801e+01
-1.525064479999999989e+01
-2.052941165462785378e+01
-2.094822803461173066e+01
-1.625064479999999989e+01
-1.325066166923099686e+01
-3.073223367570405173e+01
-1.625064479999999989e+01
-1.337778808174322087e+01
-2.738250954220550781e+01
-1.525064479999999989e+01
-1.080265906740150506e+01
-9.617084063430052510e+00
-1.625064479999999989e+01
-1.795096521521145405e+01
-7.545606643300708072e+00
-1.525064479999999989e+01
-1.009354067283259937e+01
-4.941249420006794679e+00
-1.625064479999999989e+01
-1.719415253905750873e+01
-2.044325065610328096e+01
-1.625064479999999989e+01
-1.125099578457849958e+01
-2.663200782799172117e+01
-1.525064479999999989e+01
-2.209183381522358047e+01
-2.410132688513250088e+01
-1.625064479999999989e+01
-1.056341953271252443e+01
-1.756052852460996760e+01
-1.625064479999999989e+01
-1.636702308447073406e+01
-7.218353819953598816e+00
-1.625064479999999989e+01
-9.105358271454353059e+00
-2.817592041219194954e+01
-1.625064479999999989e+01
-1.603602689381306945e+01
-1.374724430357385785e+00
-1.625064479999999989e+01
-2.245016537304135085e+01
-7.814256455565415038e+00
-1.525064479999999989e+01
-1.683020641387666316e+01
-2.999999999999999889e-01
-1.625064479999999989e+01
-1.425981333130676454e+01
-3.229456438044601896e+01
-1.625064479999999989e+01
-2.403648719113029841e+01
-3.991847501914350005e+00
-1.625064479999999989e+01
-2.286745686170768010e+01
-2.999999999999999889e-01
-1.725064479999999989e+01
-2.265379434702720829e+01
-7.406239008130274470e+00
-1.726064480000000145e+01
-1.919238291879874225e+01
-5.073803238381888292e+00
-1.726064480000000145e+01
-1.041620747820484638e+01
-2.864226430091701303e+01
-1.625064479999999989e+01
-2.290026959771829951e+01
-1.565889550291881704e+00
-1.625064479999999989e+01
-9.233414651206889090e+00
-2.704454944776495751e+01
-1.726064480000000145e+01
-1.659208935334400437e+01
-3.011314683038360940e+01
-1.625064479999999989e+01
-1.079489658236735394e+01
-2.797189867074828484e+01
-1.725064479999999989e+01
-1.610101012126060738e+01
-1.176917853714977014e+01
-1.425064479999999989e+01
-1.528357553936914925e+01
-2.610638899353121900e+01
-1.525064479999999989e+01
-1.523770026404121580e+01
-6.493380489454168014e+00
-1.525064479999999989e+01
-1.853013841246097471e+01
-2.959839394331256202e+01
-1.625064479999999989e+01
-1.518270466329049029e+01
-1.091878416232452764e+01
-1.625064479999999989e+01
-2.185818249099931876e+01
-9.599843271653716315e+00
-1.625064479999999989e+01
-2.235693840016621792e+01
-5.176996579160324075e+00
-1.625064479999999989e+01
-1.803335195741180286e+01
-2.539921429018992782e+01
-1.625064479999999989e+01
-2.290220536737250256e+01
-1.051161840374794387e+01
-1.525064479999999989e+01
-1.652952521192420221e+01
-2.812469258396039606e+01
-1.625064479999999989e+01
-1.101368246204934209e+01
-7.584844341996026529e+00
-1.625064479999999989e+01
-2.378580092274372504e+01
-6.419790848462389121e+00
-1.625064479999999989e+01
-2.272374488332625475e+01
-3.193970440814648981e+01
-1.525064479999999989e+01
-1.758697905285459484e+01
-1.529796609806729535e+01
-1.625064479999999989e+01
-2.432267911490886902e+01
-2.982369321742744717e+01
-1.625064479999999989e+01
-1.652507010010833710e+01
-2.524759062719699187e+00
-1.625064479999999989e+01
-1.008999644312228838e+01
-2.056071550141670912e+01
-1.625064479999999989e+01
-1.864342728263013527e+01
-1.012550273314182725e+01
-1.425064479999999989e+01
-1.534600929187056551e+01
-8.700603441935069071e+00
-1.425064479999999989e+01
-1.235745265572161777e+01
-1.468517370243462494e+01
-1.726064480000000145e+01
-2.557939907896633613e+01
-2.405420196352010009e+01
-1.726064480000000145e+01
-1.573770847738687273e+01
-2.321874941756318123e+01
-1.525064479999999989e+01
-2.121283491178317249e+01
-1.129108147497049330e+01
-1.625064479999999989e+01
-8.845283506622479308e+00
-3.223672842983948783e+01
-1.525064479999999989e+01
-9.855988718132547177e+00
-2.004280920787871878e+01
-1.725064479999999989e+01
-1.976584030006401349e+01
-2.367192761610998275e+01
-1.525064479999999989e+01
-1.612356180769543812e+01
-1.268013143696032685e+01
-1.726064480000000145e+01
-2.343879127384893124e+01
-9.582957956350032447e+00
-1.525064479999999989e+01
-1.775191667157204378e+01
-1.492191028568066002e+01
-1.625064479999999989e+01
-1.046375228904745924e+01
-3.270582184452537788e+00
-1.625064479999999989e+01
-1.501385983814298442e+01
-1.309321968075632370e+01
-1.625064479999999989e+01
-1.988904417137881353e+01
-2.501915937498274189e+01
-1.425064479999999989e+01
-1.388266949627677782e+01
-1.978632703352815980e+01
-1.425064479999999989e+01
-7.147020231115719824e+00
-1.147365731314737225e+01
-1.525064479999999989e+01
-8.217931973212177610e+00
-1.464924136353958950e+01
-1.425064479999999989e+01
-1.956108696937702263e+01
-1.542957722074563875e+01
-1.625064479999999989e+01
-9.353270345860252633e+00
-1.018729013662044380e+00
-1.625064479999999989e+01
-2.129572350063347130e+01
-2.116496055445444924e+01
-1.625064479999999989e+01
-1.245832708750150530e+01
-1.736144002305408307e+01
-1.525064479999999989e+01
-1.608729824267722819e+01
-2.410515185447175668e+01
-1.725064479999999989e+01
-9.415168976136273571e+00
-9.014385714190218835e+00
-1.625064479999999989e+01
-2.147431400796100576e+01
-1.323326052994203650e+01
-1.525064479999999989e+01
-1.729292674995201651e+01
-7.063292640332935690e+00
-1.625064479999999989e+01
-2.231956862654258344e+01
-1.605003562873065803e+01
-1.625064479999999989e+01
-1.285795900175172335e+01
-2.991885251165113502e+00
-1.525064479999999989e+01
-1.501703824771169060e+01
-2.135672004326954010e+01
-1.525064479999999989e+01
-1.053238238400147608e+01
-8.655872499138840936e+00
-1.525064479999999989e+01
-1.110565740875445151e+01
-1.378676867628273683e+01
-1.525064479999999989e+01
-1.659319201340405669e+01
-2.502257746946534667e+01
-1.625064479999999989e+01
-2.037242194179289356e+01
-1.623058018199906272e+01
-1.625064479999999989e+01
-1.918405252181857890e+01
-1.788398792468545651e+01
-1.525064479999999989e+01
-1.142844250514998272e+01
-2.354651611392764465e+01
-1.625064479999999989e+01
-1.028954736188814678e+01
-2.252942871242629508e+01
-1.625064479999999989e+01
-2.076228598743249165e+01
-1.202301884210507765e+01
-1.525064479999999989e+01
-1.639644793980934878e+01
-1.644139983975414054e+01
-1.625064479999999989e+01
-1.369301898375603699e+01
-2.240777120561832092e+01
-1.525064479999999989e+01
-2.017619780474568003e+01
-3.167490717111379084e+00
-1.525064479999999989e+01
-7.859897142965199812e+00
-1.786885363813110672e+01
-1.625064479999999989e+01
-2.324314918470929925e+01
-2.352871041874859515e+01
-1.625064479999999989e+01
-1.234987240906347594e+01
-1.331178161823133266e+01
-1.625064479999999989e+01
-9.425789553187520653e+00
-2.861866001928599701e+01
-1.525064479999999989e+01
-1.152022490187037818e+01
-1.010045695306239466e+01
-1.425064479999999989e+01
-1.349715547866689924e+01
-9.936850660490193832e+00
-1.525064479999999989e+01
-1.662342724021880613e+01
-2.587770835708388972e+01
-1.725064479999999989e+01
-9.526581458319204998e+00
-1.915828376622421558e+01
-1.525064479999999989e+01
-1.878398175930305669e+01
-1.632544516059558148e+01
-1.525064479999999989e+01
-1.003867608423377078e+01
-5.426186160510626522e+00
-1.725064479999999989e+01
-1.539224039755723616e+01
-2.058475467500721123e+01
-1.625064479999999989e+01
-9.878190876337178850e+00
-1.292461952102889100e+01
-1.525064479999999989e+01
-2.074865192862520402e+01
-2.458777067440998820e+01
-1.625064479999999989e+01
-1.960653025639839697e+01
-1.190705498118633443e+01
-1.625064479999999989e+01
-1.694649253339046169e+01
-5.731097383204097895e-01
-1.525064479999999989e+01
-2.003544202015576658e+01
-1.316835841828170039e+01
-1.726064480000000145e+01
-9.148301490215398957e+00
-3.432041705379128871e+01
-1.726064480000000145e+01
-2.457455934219878202e+01
-3.216030214101262885e+01
-1.725064479999999989e+01
-1.407485330982709115e+01
-5.315027441556459564e+00
-1.425064479999999989e+01
-1.788953239387038252e+01
-1.625179256710366360e+01
-1.625064479999999989e+01
-1.291595726174914560e+01
-2.472052242651686882e+01
-1.625064479999999989e+01
-1.543282200788755176e+01
-9.077513643767833429e+00
-1.525064479999999989e+01
-1.235560783498496384e+01
-1.545981585341404951e+01
-1.625064479999999989e+01
-1.912237745480569373e+01
-2.763451327074055897e+01
-1.725064479999999989e+01
-2.091844413181730289e+01
-4.649008937882763703e+00
-1.725064479999999989e+01
-9.650694823458909610e+00
-1.513534302040825885e+01
-1.625064479999999989e+01
-2.376548933340681202e+01
-1.776429659140282169e+00
-1.625064479999999989e+01
-1.532327374004447051e+01
-3.092205195559094832e+01
-1.726064480000000145e+01
-2.381166392963240241e+01
-1.499012922183652385e+01
-1.525064479999999989e+01
-1.944214451724460702e+01
-1.028569681516539092e+01
-1.525064479999999989e+01
-2.138862131946457623e+01
-2.193354737923138131e+01
-1.725064479999999989e+01
-1.574856171361888180e+01
-1.934239655666521784e+00
-1.625064479999999989e+01
-1.423204512790018761e+01
-2.012374069312339486e+01
-1.625064479999999989e+01
-1.244590171575505266e+01
-1.711717858871902465e+01
-1.525064479999999989e+01
-1.815031642154270131e+01
-1.021363428858408184e+01
-1.725064479999999989e+01
-1.136320262988891194e+01
-1.423408111458697611e+01
-1.625064479999999989e+01
-2.126294493622773274e+01
-1.886854755700218433e+00
-1.625064479999999989e+01
-1.367012831452459487e+01
-2.617207595122999564e+01
-1.525064479999999989e+01
-9.529448028030191864e+00
-2.029767988323134986e+01
-1.625064479999999989e+01
-1.570496836850434264e+01
-1.167457373132096876e+01
-1.425064479999999989e+01
-1.288990834244661343e+01
-2.139247994599263691e+01
-1.625064479999999989e+01
-2.368328477352353545e+01
-1.634942214688706486e+00
-1.525064479999999989e+01
-1.579480922931327491e+01
-1.822425574559744277e+01
-1.625064479999999989e+01
-8.818657005774412028e+00
-1.749789943684834626e+01
-1.625064479999999989e+01
-2.315318135856451676e+01
-1.924376115175362045e+01
-1.425064479999999989e+01
-1.164899392393856559e+01
-1.017958773612426882e+01
-1.725064479999999989e+01
-2.399606589249057365e+01
-5.280545158531479544e+00
