-9.457796293333333892e+01
-9.607796293333333892e+01
-9.607796293333333892e+01
-6.928796293333333267e+01
-9.607796293333333892e+01
-9.607796293333333892e+01
-9.607796293333333892e+01
-9.105796293333334290e+01
-9.607796293333333892e+01
-8.658796293333332983e+01
-9.607796293333333892e+01
-9.607796293333333892e+01
-9.607796293333333892e+01
-9.607796293333333892e+01
-9.607796293333333892e+01
-9.607796293333333892e+01
-9.607796293333333892e+01
-9.607796293333333892e+01
-9.571796293333333949e+01
-9.607796293333333892e+01
-9.507796293333333892e+01
-9.607796293333333892e+01
-9.607796293333333892e+01
-9.607796293333333892e+01
-9.607796293333333892e+01
-9.607796293333333892e+01
-9.600796293333333153e+01
-9.607796293333333892e+01
-9.607796293333333892e+01
-9.607796293333333892e+01
-9.604796293333333779e+01
-9.607796293333333892e+01
-9.607796293333333892e+01
-9.607796293333333892e+01
-9.607796293333333892e+01
-9.607796293333333892e+01
-9.597796293333334461e+01
-9.607796293333333892e+01
-9.607796293333333892e+01
-9.607796293333333892e+01
-9.607796293333333892e+01
-9.607796293333333892e+01
-9.607796293333333892e+01
-9.607796293333333892e+01
-9.607796293333333892e+01
-9.522796293333334461e+01
-9.607796293333333892e+01
-9.607796293333333892e+01
-9.607796293333333892e+01
-9.607796293333333892e+01
-9.592796293333333324e+01
-9.562796293333333608e+01
-9.607796293333333892e+01
-9.607796293333333892e+01
-9.492796293333333324e+01
-9.607796293333333892e+01
-9.607796293333333892e+01
-9.607796293333333892e+01
-9.606796293333333381e+01
-9.604796293333333779e+01
-9.607796293333333892e+01
-9.607796293333333892e+01
-9.607796293333333892e+01
-9.607796293333333892e+01
-9.607796293333333892e+01
-9.607796293333333892e+01
-9.607796293333333892e+01
-9.607796293333333892e+01
-9.386796293333334518e+01
-9.607796293333333892e+01
-9.597796293333334461e+01
-9.604796293333333779e+01
-9.572796293333334461e+01
-9.607796293333333892e+01
-9.597796293333334461e+01
-9.607796293333333892e+01
-9.607796293333333892e+01
-9.607796293333333892e+01
-9.607796293333333892e+01
-9.607796293333333892e+01
-9.607796293333333892e+01
-9.607796293333333892e+01
-9.607796293333333892e+01
-9.601796293333333665e+01
-9.607796293333333892e+01
-9.607796293333333892e+01
-9.607796293333333892e+01
-9.607796293333333892e+01
-9.607796293333333892e+01
-9.607796293333333892e+01
-9.501796293333333665e+01
-9.607796293333333892e+01
-9.607796293333333892e+01
-9.607796293333333892e+01
-9.607796293333333892e+01
-9.607796293333333892e+01
-9.607796293333333892e+01
-9.607796293333333892e+01
-9.607796293333333892e+01
-9.607796293333333892e+01
-9.607796293333333892e+01
-9.607796293333333892e+01
-9.607796293333333892e+01
-9.607796293333333892e+01
-9.607796293333333892e+01
-9.607796293333333892e+01
-9.604796293333333779e+01
-9.607796293333333892e+01
-9.607796293333333892e+01
-9.607796293333333892e+01
-9.607796293333333892e+01
-9.464796293333334631e+01
-9.607796293333333892e+01
-9.607796293333333892e+01
-9.601796293333333665e+01
-9.544796293333334347e+01
-9.607796293333333892e+01
-9.607796293333333892e+01
-9.607796293333333892e+01
-9.552796293333334177e+01
-9.607796293333333892e+01
-9.607796293333333892e+01
-9.607796293333333892e+01
-9.607796293333333892e+01
-9.504796293333333779e+01
-9.607796293333333892e+01
-9.607796293333333892e+01
-9.607796293333333892e+01
-9.607796293333333892e+01
-9.597796293333334461e+01
-9.607796293333333892e+01
-9.607796293333333892e+01
-9.607796293333333892e+01
-9.586796293333334518e+01
-9.607796293333333892e+01
-9.607796293333333892e+01
-9.607796293333333892e+01
-9.607796293333333892e+01
-9.292796293333334745e+01
-9.607796293333333892e+01
-9.162796293333333608e+01
-9.607796293333333892e+01
-9.607796293333333892e+01
-9.607796293333333892e+01
-9.607796293333333892e+01
-9.607796293333333892e+01
-9.607796293333333892e+01
-9.607796293333333892e+01
-9.607796293333333892e+01
-9.607796293333333892e+01
-9.607796293333333892e+01
-9.607796293333333892e+01
-9.607796293333333892e+01
-9.607796293333333892e+01
-9.607796293333333892e+01
-9.607796293333333892e+01
-9.607796293333333892e+01
-9.607796293333333892e+01
-9.504796293333333779e+01
-9.607796293333333892e+01
-9.607796293333333892e+01
-9.607796293333333892e+01
-9.607796293333333892e+01
-9.607796293333333892e+01
-9.607796293333333892e+01
-9.607796293333333892e+01
-9.392796293333333324e+01
-9.607796293333333892e+01
-9.607796293333333892e+01
-9.607796293333333892e+01
-9.607796293333333892e+01
-9.607796293333333892e+01
-9.607796293333333892e+01
-9.607796293333333892e+01
-9.562796293333333608e+01
-9.607796293333333892e+01
-9.607796293333333892e+01
-9.607796293333333892e+01
-9.607796293333333892e+01
-9.607796293333333892e+01
-9.607796293333333892e+01
-9.607796293333333892e+01
-9.607796293333333892e+01
-9.607796293333333892e+01
-9.607796293333333892e+01
-9.162796293333333608e+01
-9.607796293333333892e+01
-9.607796293333333892e+01
-9.607796293333333892e+01
-9.607796293333333892e+01
-9.607796293333333892e+01
-9.607796293333333892e+01
-9.607796293333333892e+01
-9.607796293333333892e+01
-9.607796293333333892e+01
-9.607796293333333892e+01
-9.607796293333333892e+01
-9.607796293333333892e+01
-9.607796293333333892e+01
-9.607796293333333892e+01
-9.607796293333333892e+01
-9.552796293333334177e+01
-9.604796293333333779e+01
-9.506796293333333381e+01
-9.607796293333333892e+01
-9.607796293333333892e+01
-9.607796293333333892e+01
-9.607796293333333892e+01
-9.404796293333333779e+01
-9.586796293333334518e+01
-9.607796293333333892e+01
-9.607796293333333892e+01
-9.607796293333333892e+01
-9.606796293333333381e+01
-9.607796293333333892e+01
-9.607796293333333892e+01
-9.607796293333333892e+01
-9.607796293333333892e+01
-9.607796293333333892e+01
-9.607796293333333892e+01
-9.607796293333333892e+01
-9.607796293333333892e+01
-9.607796293333333892e+01
-9.607796293333333892e+01
-9.607796293333333892e+01
-9.607796293333333892e+01
-9.607796293333333892e+01
-9.607796293333333892e+01
-9.592796293333333324e+01
-9.607796293333333892e+01
-9.607796293333333892e+01
-9.607796293333333892e+01
-9.607796293333333892e+01
-9.607796293333333892e+01
-9.607796293333333892e+01
-9.607796293333333892e+01
-9.607796293333333892e+01
-9.607796293333333892e+01
-9.504796293333333779e+01
-9.607796293333333892e+01
-9.607796293333333892e+01
-9.607796293333333892e+01
-9.607796293333333892e+01
-9.607796293333333892e+01
-9.607796293333333892e+01
-9.607796293333333892e+01
-9.607796293333333892e+01
-9.607796293333333892e+01
-9.607796293333333892e+01
-9.607796293333333892e+01
-9.607796293333333892e+01
-9.607796293333333892e+01
-9.386796293333334518e+01
-8.310796293333334006e+01
-9.506796293333333381e+01
-9.607796293333333892e+01
-9.607796293333333892e+01
-9.607796293333333892e+01
-9.607796293333333892e+01
-9.607796293333333892e+01
-9.601796293333333665e+01
-9.607796293333333892e+01
-9.579796293333333779e+01
-9.386796293333334518e+01
-9.607796293333333892e+01
-9.607796293333333892e+01
-9.607796293333333892e+01
-9.607796293333333892e+01
-9.606796293333333381e+01
-9.607796293333333892e+01
-9.607796293333333892e+01
-9.607796293333333892e+01
-9.601796293333333665e+01
-9.607796293333333892e+01
-9.607796293333333892e+01
-9.607796293333333892e+01
-9.607796293333333892e+01
-9.607796293333333892e+01
-9.282796293333333892e+01
-9.607796293333333892e+01
-9.292796293333334745e+01
-9.541796293333334233e+01
-9.607796293333333892e+01
-9.607796293333333892e+01
-9.607796293333333892e+01
-9.607796293333333892e+01
-9.607796293333333892e+01
-9.607796293333333892e+01
-9.607796293333333892e+01
-9.607796293333333892e+01
-9.579796293333333779e+01
-9.607796293333333892e+01
-9.607796293333333892e+01
-9.607796293333333892e+01
-9.604796293333333779e+01
-9.607796293333333892e+01
-9.607796293333333892e+01
-9.607796293333333892e+01
-9.607796293333333892e+01
-9.607796293333333892e+01
-9.607796293333333892e+01
-9.607796293333333892e+01
-9.607796293333333892e+01
-9.607796293333333892e+01
-9.354796293333333779e+01
-7.210796293333334006e+01
-9.607796293333333892e+01
-9.607796293333333892e+01
-9.607796293333333892e+01
-9.607796293333333892e+01
-9.607796293333333892e+01
-9.607796293333333892e+01
-9.607796293333333892e+01
-9.015796293333333722e+01
-9.607796293333333892e+01
-9.607796293333333892e+01
-9.585796293333334006e+01
-9.607796293333333892e+01
-9.607796293333333892e+01
-9.607796293333333892e+01
-9.607796293333333892e+01
-9.607796293333333892e+01
-9.607796293333333892e+01
-9.607796293333333892e+01
-9.607796293333333892e+01
-9.607796293333333892e+01
-9.607796293333333892e+01
-9.607796293333333892e+01
-9.562796293333333608e+01
-9.607796293333333892e+01
-9.379796293333333779e+01
-9.607796293333333892e+01
-9.607796293333333892e+01
-9.598796293333333551e+01
-9.607796293333333892e+01
-9.607796293333333892e+01
-9.607796293333333892e+01
-9.606796293333333381e+01
-7.792796293333333324e+01
-9.607796293333333892e+01
-9.607796293333333892e+01
-9.607796293333333892e+01
-9.607796293333333892e+01
-9.607796293333333892e+01
-9.607796293333333892e+01
-8.972796293333334461e+01
-9.607796293333333892e+01
-9.595796293333333438e+01
-9.607796293333333892e+01
-9.607796293333333892e+01
-9.607796293333333892e+01
-9.471796293333333949e+01
-9.002796293333334177e+01
-9.607796293333333892e+01
-9.607796293333333892e+01
-9.607796293333333892e+01
-9.607796293333333892e+01
-9.607796293333333892e+01
-8.962796293333335029e+01
-9.607796293333333892e+01
-9.607796293333333892e+01
-9.607796293333333892e+01
-9.607796293333333892e+01
-9.607796293333333892e+01
-9.607796293333333892e+01
-9.030796293333334290e+01
-9.607796293333333892e+01
-9.397796293333334461e+01
-9.607796293333333892e+01
-9.607796293333333892e+01
-9.179796293333333779e+01
-9.607796293333333892e+01
-9.607796293333333892e+01
-9.607796293333333892e+01
-9.607796293333333892e+01
-9.607796293333333892e+01
-9.607796293333333892e+01
-9.607796293333333892e+01
-9.607796293333333892e+01
-9.607796293333333892e+01
-9.607796293333333892e+01
-9.607796293333333892e+01
-9.607796293333333892e+01
-8.929796293333333779e+01
-9.604796293333333779e+01
-9.607796293333333892e+01
-9.607796293333333892e+01
-9.607796293333333892e+01
-9.607796293333333892e+01
-9.607796293333333892e+01
-9.607796293333333892e+01
-9.607796293333333892e+01
-9.607796293333333892e+01
-9.607796293333333892e+01
-9.607796293333333892e+01
-9.607796293333333892e+01
-9.607796293333333892e+01
-9.601796293333333665e+01
-9.607796293333333892e+01
-9.607796293333333892e+01
-9.607796293333333892e+01
-9.607796293333333892e+01
-9.607796293333333892e+01
-8.466796293333332812e+01
-7.782796293333332471e+01
-8.385796293333334006e+01
-9.607796293333333892e+01
-8.506796293333333381e+01
-9.607796293333333892e+01
-9.606796293333333381e+01
-9.607796293333333892e+01
-8.635796293333332585e+01
-9.607796293333333892e+01
-9.607796293333333892e+01
-9.607796293333333892e+01
-9.607796293333333892e+01
-9.607796293333333892e+01
-9.607796293333333892e+01
-9.607796293333333892e+01
-9.607796293333333892e+01
-9.607796293333333892e+01
-9.607796293333333892e+01
-9.607796293333333892e+01
-8.502796293333332756e+01
-9.607796293333333892e+01
-9.607796293333333892e+01
-9.601796293333333665e+01
-9.597796293333334461e+01
-9.607796293333333892e+01
-9.607796293333333892e+01
-9.607796293333333892e+01
-9.607796293333333892e+01
-9.607796293333333892e+01
-9.592796293333333324e+01
-9.607796293333333892e+01
-6.682796293333333892e+01
-9.607796293333333892e+01
-9.607796293333333892e+01
-9.522796293333334461e+01
-9.607796293333333892e+01
-9.607796293333333892e+01
-9.607796293333333892e+01
-8.427796293333334177e+01
-9.572796293333334461e+01
-9.607796293333333892e+01
-9.607796293333333892e+01
-9.607796293333333892e+01
-9.607796293333333892e+01
-9.607796293333333892e+01
-9.558796293333334404e+01
-9.463796293333334120e+01
-9.607796293333333892e+01
-9.607796293333333892e+01
-9.607796293333333892e+01
-9.607796293333333892e+01
-9.607796293333333892e+01
-9.607796293333333892e+01
-9.607796293333333892e+01
-9.607796293333333892e+01
-9.607796293333333892e+01
-8.931796293333334802e+01
-9.607796293333333892e+01
-9.607796293333333892e+01
-9.592796293333333324e+01
-9.607796293333333892e+01
-9.563796293333334120e+01
-9.607796293333333892e+01
-9.607796293333333892e+01
-9.253796293333334688e+01
-9.363796293333334120e+01
-9.607796293333333892e+01
-9.607796293333333892e+01
-9.607796293333333892e+01
-9.607796293333333892e+01
-9.607796293333333892e+01
-9.602796293333334177e+01
-9.607796293333333892e+01
-9.606796293333333381e+01
-9.607796293333333892e+01
-9.607796293333333892e+01
-9.607796293333333892e+01
-5.531796293333332670e+01
-9.607796293333333892e+01
-9.607796293333333892e+01
-9.604796293333333779e+01
-9.607796293333333892e+01
-9.606796293333333381e+01
-9.604796293333333779e+01
-9.607796293333333892e+01
-8.421796293333333949e+01
-8.820796293333333438e+01
-9.585796293333334006e+01
-8.827796293333334177e+01
-9.404796293333333779e+01
-9.607796293333333892e+01
-9.607796293333333892e+01
-9.607796293333333892e+01
-9.604796293333333779e+01
-8.411796293333334518e+01
-9.597796293333334461e+01
-9.607796293333333892e+01
-9.607796293333333892e+01
-5.282796293333333182e+01
-9.607796293333333892e+01
-9.607796293333333892e+01
-9.607796293333333892e+01
-9.607796293333333892e+01
-9.607796293333333892e+01
-9.607796293333333892e+01
-9.607796293333333892e+01
-7.746796293333333949e+01
-8.088796293333334120e+01
-9.607796293333333892e+01
-9.563796293333334120e+01
-9.607796293333333892e+01
-9.607796293333333892e+01
-9.607796293333333892e+01
-9.607796293333333892e+01
-9.607796293333333892e+01
-9.607796293333333892e+01
-9.586796293333334518e+01
-9.607796293333333892e+01
-9.607796293333333892e+01
-9.607796293333333892e+01
-9.597796293333334461e+01
-9.597796293333334461e+01
-9.607796293333333892e+01
-9.607796293333333892e+01
-9.555796293333334290e+01
-9.607796293333333892e+01
-9.607796293333333892e+01
-9.607796293333333892e+01
-9.607796293333333892e+01
-8.232796293333333892e+01
-9.607796293333333892e+01
-9.607796293333333892e+01
-9.607796293333333892e+01
-9.607796293333333892e+01
-9.607796293333333892e+01
-7.729796293333333779e+01
-9.607796293333333892e+01
-9.607796293333333892e+01
-9.607796293333333892e+01
-9.601796293333333665e+01
-6.961796293333333097e+01
-9.607796293333333892e+01
-8.311796293333334518e+01
-9.607796293333333892e+01
-8.246796293333333949e+01
-9.597796293333334461e+01
-9.352796293333334177e+01
-9.607796293333333892e+01
-9.607796293333333892e+01
-9.552796293333334177e+01
-9.607796293333333892e+01
-9.607796293333333892e+01
-9.607796293333333892e+01
-9.607796293333333892e+01
-9.607796293333333892e+01
-9.016796293333334233e+01
-9.607796293333333892e+01
-9.565796293333333722e+01
-9.607796293333333892e+01
-9.471796293333333949e+01
-9.607796293333333892e+01
-9.551796293333333665e+01
-9.606796293333333381e+01
-9.607796293333333892e+01
-9.607796293333333892e+01
-9.607796293333333892e+01
-9.529796293333333779e+01
-9.607796293333333892e+01
-9.607796293333333892e+01
-9.607796293333333892e+01
-9.586796293333334518e+01
-8.382796293333333892e+01
-9.597796293333334461e+01
-9.607796293333333892e+01
-9.417796293333334745e+01
-9.607796293333333892e+01
-8.787796293333333608e+01
-9.568796293333333836e+01
-9.607796293333333892e+01
-9.607796293333333892e+01
-9.607796293333333892e+01
-9.607796293333333892e+01
-8.270796293333333438e+01
-9.607796293333333892e+01
-9.607796293333333892e+01
-9.607796293333333892e+01
-9.582796293333333892e+01
-9.606796293333333381e+01
-9.607796293333333892e+01
-9.252796293333334177e+01
-9.607796293333333892e+01
-9.607796293333333892e+01
-9.607796293333333892e+01
-9.607796293333333892e+01
-9.586796293333334518e+01
-9.607796293333333892e+01
-9.292796293333334745e+01
-9.594796293333334347e+01
-9.607796293333333892e+01
-9.607796293333333892e+01
-9.607796293333333892e+01
-9.607796293333333892e+01
-9.607796293333333892e+01
-9.607796293333333892e+01
-7.681796293333333381e+01
-9.607796293333333892e+01
-9.607796293333333892e+01
-9.607796293333333892e+01
-9.607796293333333892e+01
-9.607796293333333892e+01
-9.607796293333333892e+01
-9.607796293333333892e+01
-9.607796293333333892e+01
-9.607796293333333892e+01
-9.607796293333333892e+01
-9.607796293333333892e+01
-9.607796293333333892e+01
-9.607796293333333892e+01
-9.607796293333333892e+01
-9.607796293333333892e+01
-9.607796293333333892e+01
-9.052796293333334177e+01
-9.607796293333333892e+01
-9.241796293333334233e+01
-9.607796293333333892e+01
-9.607796293333333892e+01
-9.607796293333333892e+01
-9.607796293333333892e+01
-9.579796293333333779e+01
-9.607796293333333892e+01
-9.607796293333333892e+01
-9.607796293333333892e+01
-9.607796293333333892e+01
-9.504796293333333779e+01
-9.607796293333333892e+01
-9.504796293333333779e+01
-9.607796293333333892e+01
-9.607796293333333892e+01
-9.606796293333333381e+01
-9.607796293333333892e+01
-9.607796293333333892e+01
-9.607796293333333892e+01
-9.607796293333333892e+01
-9.607796293333333892e+01
-9.607796293333333892e+01
-9.607796293333333892e+01
-9.607796293333333892e+01
-9.607796293333333892e+01
-9.607796293333333892e+01
-9.601796293333333665e+01
-9.607796293333333892e+01
-9.607796293333333892e+01
-9.607796293333333892e+01
-9.607796293333333892e+01
-9.607796293333333892e+01
-9.607796293333333892e+01
-9.607796293333333892e+01
-9.607796293333333892e+01
-9.607796293333333892e+01
-9.607796293333333892e+01
-9.607796293333333892e+01
-9.607796293333333892e+01
-9.607796293333333892e+01
-9.607796293333333892e+01
-9.607796293333333892e+01
-9.607796293333333892e+01
-9.607796293333333892e+01
-9.607796293333333892e+01
-9.607796293333333892e+01
-9.607796293333333892e+01
-9.607796293333333892e+01
-9.607796293333333892e+01
-9.607796293333333892e+01
-9.607796293333333892e+01
-9.607796293333333892e+01
-9.607796293333333892e+01
-9.292796293333334745e+01
-9.607796293333333892e+01
-9.587796293333333608e+01
-9.607796293333333892e+01
-9.607796293333333892e+01
-9.607796293333333892e+01
-9.607796293333333892e+01
-9.607796293333333892e+01
-9.003796293333333267e+01
-9.592796293333333324e+01
-9.607796293333333892e+01
-9.471796293333333949e+01
-9.601796293333333665e+01
-9.607796293333333892e+01
-9.607796293333333892e+01
-9.607796293333333892e+01
-9.601796293333333665e+01
-9.563796293333334120e+01
-9.607796293333333892e+01
-9.607796293333333892e+01
-9.607796293333333892e+01
-9.607796293333333892e+01
-9.607796293333333892e+01
-9.563796293333334120e+01
-9.607796293333333892e+01
-9.606796293333333381e+01
-9.606796293333333381e+01
-9.607796293333333892e+01
-9.607796293333333892e+01
-9.607796293333333892e+01
-9.607796293333333892e+01
-9.607796293333333892e+01
-9.607796293333333892e+01
-9.607796293333333892e+01
-9.607796293333333892e+01
-9.607796293333333892e+01
-9.607796293333333892e+01
-9.607796293333333892e+01
-9.607796293333333892e+01
-9.506796293333333381e+01
-9.607796293333333892e+01
-9.607796293333333892e+01
-9.607796293333333892e+01
-9.516796293333334233e+01
-9.607796293333333892e+01
-9.562796293333333608e+01
-9.607796293333333892e+01
-9.607796293333333892e+01
-9.607796293333333892e+01
-9.607796293333333892e+01
-9.607796293333333892e+01
-9.607796293333333892e+01
-9.404796293333333779e+01
-9.607796293333333892e+01
-9.607796293333333892e+01
-9.504796293333333779e+01
-9.607796293333333892e+01
-9.607796293333333892e+01
-9.607796293333333892e+01
-9.232796293333333892e+01
-9.562796293333333608e+01
-9.607796293333333892e+01
-9.607796293333333892e+01
-7.728796293333333267e+01
-9.607796293333333892e+01
-9.601796293333333665e+01
-9.506796293333333381e+01
-9.607796293333333892e+01
-9.607796293333333892e+01
-9.607796293333333892e+01
-9.607796293333333892e+01
-9.604796293333333779e+01
-9.607796293333333892e+01
-9.607796293333333892e+01
-9.607796293333333892e+01
-9.607796293333333892e+01
-9.607796293333333892e+01
-9.607796293333333892e+01
-9.607796293333333892e+01
-9.607796293333333892e+01
-9.606796293333333381e+01
-9.607796293333333892e+01
-9.607796293333333892e+01
-9.607796293333333892e+01
-9.607796293333333892e+01
-9.607796293333333892e+01
-9.502796293333334177e+01
-9.607796293333333892e+01
-9.607796293333333892e+01
-9.592796293333333324e+01
-9.607796293333333892e+01
-9.607796293333333892e+01
-9.607796293333333892e+01
-9.607796293333333892e+01
-9.607796293333333892e+01
-9.607796293333333892e+01
-9.607796293333333892e+01
-9.607796293333333892e+01
-9.607796293333333892e+01
-9.607796293333333892e+01
-9.607796293333333892e+01
-9.607796293333333892e+01
-9.607796293333333892e+01
-9.607796293333333892e+01
-9.607796293333333892e+01
-9.607796293333333892e+01
-9.604796293333333779e+01
-9.607796293333333892e+01
-9.607796293333333892e+01
-9.606796293333333381e+01
-9.607796293333333892e+01
-9.607796293333333892e+01
-9.607796293333333892e+01
-9.607796293333333892e+01
-9.607796293333333892e+01
-9.607796293333333892e+01
-9.607796293333333892e+01
-9.607796293333333892e+01
-9.607796293333333892e+01
-9.606796293333333381e+01
-9.607796293333333892e+01
-9.607796293333333892e+01
-9.607796293333333892e+01
-9.607796293333333892e+01
-9.607796293333333892e+01
-9.607796293333333892e+01
-9.607796293333333892e+01
-9.607796293333333892e+01
-9.607796293333333892e+01
-9.607796293333333892e+01
-9.404796293333333779e+01
-9.586796293333334518e+01
-9.607796293333333892e+01
-9.607796293333333892e+01
-9.607796293333333892e+01
-9.607796293333333892e+01
-9.607796293333333892e+01
-9.497796293333334461e+01
-9.607796293333333892e+01
-9.580796293333334290e+01
-9.607796293333333892e+01
-9.607796293333333892e+01
-9.607796293333333892e+01
-9.607796293333333892e+01
-9.607796293333333892e+01
-9.607796293333333892e+01
-9.607796293333333892e+01
-9.606796293333333381e+01
-9.607796293333333892e+01
-9.607796293333333892e+01
-9.607796293333333892e+01
-9.607796293333333892e+01
-9.607796293333333892e+01
-9.592796293333333324e+01
-9.607796293333333892e+01
-9.607796293333333892e+01
-9.607796293333333892e+01
-9.607796293333333892e+01
-9.607796293333333892e+01
-9.607796293333333892e+01
-9.607796293333333892e+01
-9.607796293333333892e+01
-9.607796293333333892e+01
-9.607796293333333892e+01
-9.607796293333333892e+01
-9.607796293333333892e+01
-9.607796293333333892e+01
-9.607796293333333892e+01
-9.607796293333333892e+01
-9.607796293333333892e+01
-9.607796293333333892e+01
-9.607796293333333892e+01
-9.607796293333333892e+01
-9.580796293333334290e+01
-9.607796293333333892e+01
-9.607796293333333892e+01
-9.607796293333333892e+01
-9.607796293333333892e+01
-9.607796293333333892e+01
-9.607796293333333892e+01
-9.607796293333333892e+01
-9.607796293333333892e+01
-9.607796293333333892e+01
-9.607796293333333892e+01
-9.607796293333333892e+01
-9.604796293333333779e+01
-9.606796293333333381e+01
-9.607796293333333892e+01
-9.607796293333333892e+01
-9.607796293333333892e+01
-9.607796293333333892e+01
-9.607796293333333892e+01
-9.607796293333333892e+01
-9.506796293333333381e+01
-9.607796293333333892e+01
-9.607796293333333892e+01
-9.607796293333333892e+01
-9.607796293333333892e+01
-9.607796293333333892e+01
-9.606796293333333381e+01
-9.604796293333333779e+01
-9.504796293333333779e+01
-9.607796293333333892e+01
-9.607796293333333892e+01
-9.401796293333333665e+01
-9.607796293333333892e+01
-9.607796293333333892e+01
-9.607796293333333892e+01
-9.607796293333333892e+01
-9.607796293333333892e+01
-9.607796293333333892e+01
-9.592796293333333324e+01
-9.606796293333333381e+01
-9.606796293333333381e+01
-9.607796293333333892e+01
-9.607796293333333892e+01
-9.607796293333333892e+01
-9.607796293333333892e+01
-9.606796293333333381e+01
-9.607796293333333892e+01
-9.607796293333333892e+01
-9.607796293333333892e+01
-9.607796293333333892e+01
-9.607796293333333892e+01
-9.607796293333333892e+01
-9.607796293333333892e+01
-9.607796293333333892e+01
-9.607796293333333892e+01
-9.607796293333333892e+01
-9.607796293333333892e+01
-9.607796293333333892e+01
-9.607796293333333892e+01
-9.607796293333333892e+01
-9.607796293333333892e+01
-9.607796293333333892e+01
-9.404796293333333779e+01
-9.606796293333333381e+01
-9.607796293333333892e+01
-9.565796293333333722e+01
-9.607796293333333892e+01
-9.607796293333333892e+01
-9.607796293333333892e+01
-9.607796293333333892e+01
-9.607796293333333892e+01
-9.607796293333333892e+01
-9.607796293333333892e+01
-9.607796293333333892e+01
-9.593796293333333836e+01
-9.607796293333333892e+01
-9.607796293333333892e+01
-9.607796293333333892e+01
-9.607796293333333892e+01
-9.606796293333333381e+01
-9.607796293333333892e+01
-9.607796293333333892e+01
-9.607796293333333892e+01
-9.607796293333333892e+01
-9.506796293333333381e+01
-9.607796293333333892e+01
-9.462796293333333608e+01
-9.604796293333333779e+01
-9.607796293333333892e+01
-9.606796293333333381e+01
-9.607796293333333892e+01
-9.607796293333333892e+01
-9.607796293333333892e+01
-9.607796293333333892e+01
-9.607796293333333892e+01
-9.607796293333333892e+01
-9.607796293333333892e+01
-9.607796293333333892e+01
-9.607796293333333892e+01
-9.371796293333333949e+01
-9.607796293333333892e+01
-9.607796293333333892e+01
-9.607796293333333892e+01
-9.607796293333333892e+01
-9.607796293333333892e+01
-9.607796293333333892e+01
-9.607796293333333892e+01
-9.262796293333333608e+01
-9.607796293333333892e+01
-9.486796293333334518e+01
-9.607796293333333892e+01
-9.607796293333333892e+01
-9.607796293333333892e+01
-9.506796293333333381e+01
-9.607796293333333892e+01
-9.607796293333333892e+01
-9.607796293333333892e+01
-9.607796293333333892e+01
-9.606796293333333381e+01
-9.607796293333333892e+01
-9.607796293333333892e+01
-9.607796293333333892e+01
-9.607796293333333892e+01
-9.607796293333333892e+01
-9.607796293333333892e+01
-9.607796293333333892e+01
-9.607796293333333892e+01
-9.607796293333333892e+01
-9.607796293333333892e+01
-9.486796293333334518e+01
-9.404796293333333779e+01
-9.607796293333333892e+01
-9.607796293333333892e+01
-9.607796293333333892e+01
-9.607796293333333892e+01
-9.607796293333333892e+01
-9.607796293333333892e+01
-9.607796293333333892e+01
-9.607796293333333892e+01
-9.607796293333333892e+01
-9.604796293333333779e+01
-9.607796293333333892e+01
-9.607796293333333892e+01
-9.607796293333333892e+01
-9.497796293333334461e+01
-9.604796293333333779e+01
-9.607796293333333892e+01
-9.607796293333333892e+01
-9.607796293333333892e+01
-9.607796293333333892e+01
-9.586796293333334518e+01
-9.607796293333333892e+01
-9.607796293333333892e+01
-9.607796293333333892e+01
-9.607796293333333892e+01
-9.606796293333333381e+01
-9.607796293333333892e+01
-9.604796293333333779e+01
-9.607796293333333892e+01
-9.607796293333333892e+01
-9.607796293333333892e+01
-9.607796293333333892e+01
-9.404796293333333779e+01
-9.607796293333333892e+01
-9.607796293333333892e+01
-9.607796293333333892e+01
-9.607796293333333892e+01
-9.607796293333333892e+01
-9.607796293333333892e+01
-9.607796293333333892e+01
-9.607796293333333892e+01
-9.607796293333333892e+01
-9.607796293333333892e+01
-9.607796293333333892e+01
-9.607796293333333892e+01
-9.607796293333333892e+01
-9.504796293333333779e+01
-9.607796293333333892e+01
-9.607796293333333892e+01
-9.607796293333333892e+01
-9.607796293333333892e+01
-9.607796293333333892e+01
-9.607796293333333892e+01
-9.404796293333333779e+01
-9.607796293333333892e+01
-9.607796293333333892e+01
-9.607796293333333892e+01
-9.607796293333333892e+01
-9.607796293333333892e+01
-9.607796293333333892e+01
-9.607796293333333892e+01
-9.607796293333333892e+01
-9.607796293333333892e+01
-9.607796293333333892e+01
-9.607796293333333892e+01
-9.607796293333333892e+01
-9.607796293333333892e+01
-9.607796293333333892e+01
-9.607796293333333892e+01
-9.606796293333333381e+01
-9.606796293333333381e+01
-9.604796293333333779e+01
-9.607796293333333892e+01
-9.607796293333333892e+01
-9.541796293333334233e+01
-9.607796293333333892e+01
-9.607796293333333892e+01
-9.607796293333333892e+01
-9.486796293333334518e+01
-9.607796293333333892e+01
-9.607796293333333892e+01
-9.607796293333333892e+01
-9.607796293333333892e+01
-9.571796293333333949e+01
-9.542796293333333324e+01
-9.607796293333333892e+01
-9.607796293333333892e+01
-9.607796293333333892e+01
-9.607796293333333892e+01
-9.607796293333333892e+01
-9.607796293333333892e+01
-9.607796293333333892e+01
-9.607796293333333892e+01
-9.607796293333333892e+01
-9.607796293333333892e+01
-9.607796293333333892e+01
-9.607796293333333892e+01
-9.606796293333333381e+01
-9.607796293333333892e+01
-9.607796293333333892e+01
-9.606796293333333381e+01
-9.607796293333333892e+01
-9.607796293333333892e+01
-9.607796293333333892e+01
-9.606796293333333381e+01
-9.604796293333333779e+01
-9.607796293333333892e+01
-9.607796293333333892e+01
-9.604796293333333779e+01
-9.607796293333333892e+01
-9.607796293333333892e+01
-9.607796293333333892e+01
-9.606796293333333381e+01
-9.607796293333333892e+01
-9.607796293333333892e+01
-9.607796293333333892e+01
-9.607796293333333892e+01
-9.607796293333333892e+01
-9.607796293333333892e+01
-9.592796293333333324e+01
-9.607796293333333892e+01
-9.607796293333333892e+01
-9.606796293333333381e+01
-9.607796293333333892e+01
-9.607796293333333892e+01
-9.607796293333333892e+01
-9.593796293333333836e+01
-9.607796293333333892e+01
-9.607796293333333892e+01
-9.607796293333333892e+01
-9.607796293333333892e+01
-9.607796293333333892e+01
-9.607796293333333892e+01
-9.607796293333333892e+01
-9.029796293333333779e+01
-9.607796293333333892e+01
-9.607796293333333892e+01
-9.607796293333333892e+01
-9.607796293333333892e+01
-9.607796293333333892e+01
-9.607796293333333892e+01
-9.607796293333333892e+01
-9.607796293333333892e+01
-9.607796293333333892e+01
-9.607796293333333892e+01
-9.607796293333333892e+01
-9.607796293333333892e+01
-9.607796293333333892e+01
-9.404796293333333779e+01
-9.607796293333333892e+01
-9.607796293333333892e+01
-9.606796293333333381e+01
-9.479796293333333779e+01
-9.607796293333333892e+01
-9.607796293333333892e+01
-9.607796293333333892e+01
-9.607796293333333892e+01
-9.606796293333333381e+01
-9.607796293333333892e+01
-9.607796293333333892e+01
-9.607796293333333892e+01
-9.271796293333333949e+01
-9.607796293333333892e+01
-9.607796293333333892e+01
-9.604796293333333779e+01
-9.607796293333333892e+01
-9.607796293333333892e+01
-9.607796293333333892e+01
-9.504796293333333779e+01
-9.607796293333333892e+01
-9.580796293333334290e+01
-9.607796293333333892e+01
-9.607796293333333892e+01
-9.607796293333333892e+01
-9.607796293333333892e+01
-9.607796293333333892e+01
-9.607796293333333892e+01
-9.607796293333333892e+01
-9.607796293333333892e+01
-9.604796293333333779e+01
-9.607796293333333892e+01
-9.607796293333333892e+01
-9.607796293333333892e+01
-9.607796293333333892e+01
-9.607796293333333892e+01
-9.606796293333333381e+01
-9.607796293333333892e+01
-9.607796293333333892e+01
-9.504796293333333779e+01
-9.606796293333333381e+01
-9.606796293333333381e+01
-9.606796293333333381e+01
-9.607796293333333892e+01
-9.607796293333333892e+01
-9.607796293333333892e+01
-9.607796293333333892e+01
-9.607796293333333892e+01
-9.607796293333333892e+01
-9.605796293333334290e+01
-9.607796293333333892e+01
-9.607796293333333892e+01
-9.607796293333333892e+01
-9.607796293333333892e+01
-9.607796293333333892e+01
-9.607796293333333892e+01
-9.607796293333333892e+01
-9.606796293333333381e+01
-9.606796293333333381e+01
-9.607796293333333892e+01
-9.607796293333333892e+01
-9.607796293333333892e+01
-9.607796293333333892e+01
-9.607796293333333892e+01
-9.604796293333333779e+01
-9.607796293333333892e+01
-9.607796293333333892e+01
-9.607796293333333892e+01
-9.607796293333333892e+01
-9.607796293333333892e+01
-9.607796293333333892e+01
-9.607796293333333892e+01
-9.607796293333333892e+01
-9.607796293333333892e+01
-9.606796293333333381e+01
-9.607796293333333892e+01
-9.607796293333333892e+01
-9.607796293333333892e+01
-9.607796293333333892e+01
-9.571796293333333949e+01
-9.607796293333333892e+01
-9.607796293333333892e+01
-9.607796293333333892e+01
-9.592796293333333324e+01
-9.607796293333333892e+01
-9.607796293333333892e+01
-9.535796293333334006e+01
-9.607796293333333892e+01
-9.607796293333333892e+01
-9.607796293333333892e+01
-9.607796293333333892e+01
-9.607796293333333892e+01
-9.607796293333333892e+01
-9.607796293333333892e+01
-9.601796293333333665e+01
-9.607796293333333892e+01
-9.607796293333333892e+01
-9.301796293333333665e+01
-9.607796293333333892e+01
-9.607796293333333892e+01
-9.597796293333334461e+01
-9.607796293333333892e+01
-9.607796293333333892e+01
-9.607796293333333892e+01
-9.601796293333333665e+01
-9.607796293333333892e+01
-9.607796293333333892e+01
-9.607796293333333892e+01
-9.607796293333333892e+01
-9.607796293333333892e+01
-9.607796293333333892e+01
-9.607796293333333892e+01
-9.605796293333334290e+01
-9.606796293333333381e+01
-9.607796293333333892e+01
-9.607796293333333892e+01
-9.607796293333333892e+01
-9.607796293333333892e+01
-9.604796293333333779e+01
-9.607796293333333892e+01
-9.607796293333333892e+01
-9.607796293333333892e+01
-9.607796293333333892e+01
-9.601796293333333665e+01
-9.607796293333333892e+01
-9.607796293333333892e+01
-9.607796293333333892e+01
-9.607796293333333892e+01
-9.607796293333333892e+01
-9.607796293333333892e+01
-9.607796293333333892e+01
-9.607796293333333892e+01
-9.607796293333333892e+01
-9.607796293333333892e+01
-9.607796293333333892e+01
-9.607796293333333892e+01
-9.607796293333333892e+01
-9.607796293333333892e+01
-9.607796293333333892e+01
-9.029796293333333779e+01
-9.607796293333333892e+01
-9.607796293333333892e+01
-9.607796293333333892e+01
-9.607796293333333892e+01
-9.386796293333334518e+01
-9.607796293333333892e+01
-9.607796293333333892e+01
-9.607796293333333892e+01
-9.607796293333333892e+01
-9.607796293333333892e+01
-9.607796293333333892e+01
-9.607796293333333892e+01
-9.041796293333334233e+01
-9.607796293333333892e+01
-9.607796293333333892e+01
-9.607796293333333892e+01
-9.607796293333333892e+01
-9.606796293333333381e+01
-9.607796293333333892e+01
-9.607796293333333892e+01
-9.607796293333333892e+01
-9.606796293333333381e+01
-9.606796293333333381e+01
-9.607796293333333892e+01
-9.607796293333333892e+01
-9.607796293333333892e+01
-9.571796293333333949e+01
-9.607796293333333892e+01
-9.607796293333333892e+01
-9.607796293333333892e+01
-9.607796293333333892e+01
-9.607796293333333892e+01
-9.607796293333333892e+01
-9.529796293333333779e+01
-9.607796293333333892e+01
-9.607796293333333892e+01
-9.607796293333333892e+01
-9.607796293333333892e+01
-9.607796293333333892e+01
-9.607796293333333892e+01
-9.604796293333333779e+01
-9.607796293333333892e+01
-9.607796293333333892e+01
-9.607796293333333892e+01
-9.607796293333333892e+01
-8.383796293333332983e+01
-9.607796293333333892e+01
-9.607796293333333892e+01
-5.582796293333333182e+01
-9.607796293333333892e+01
-9.607796293333333892e+01
-9.607796293333333892e+01
-9.571796293333333949e+01
-9.607796293333333892e+01
-9.607796293333333892e+01
-9.607796293333333892e+01
-9.607796293333333892e+01
-9.607796293333333892e+01
-9.607796293333333892e+01
-9.607796293333333892e+01
-9.552796293333334177e+01
-9.607796293333333892e+01
-8.817796293333333324e+01
-9.607796293333333892e+01
-9.607796293333333892e+01
-9.607796293333333892e+01
-9.607796293333333892e+01
-9.607796293333333892e+01
-9.607796293333333892e+01
-9.607796293333333892e+01
-9.607796293333333892e+01
-9.607796293333333892e+01
-9.607796293333333892e+01
-9.607796293333333892e+01
-9.607796293333333892e+01
-9.607796293333333892e+01
-9.607796293333333892e+01
-9.606796293333333381e+01
-9.607796293333333892e+01
-9.607796293333333892e+01
-9.607796293333333892e+01
-9.607796293333333892e+01
-9.607796293333333892e+01
-9.607796293333333892e+01
-9.607796293333333892e+01
-9.607796293333333892e+01
-9.607796293333333892e+01
-9.606796293333333381e+01
-9.607796293333333892e+01
-9.607796293333333892e+01
-9.607796293333333892e+01
-9.607796293333333892e+01
-9.601796293333333665e+01
-7.637796293333333608e+01
-9.607796293333333892e+01
-8.382796293333333892e+01
-9.112796293333333608e+01
-9.607796293333333892e+01
-9.607796293333333892e+01
-8.403796293333333267e+01
-9.607796293333333892e+01
-9.607796293333333892e+01
-9.607796293333333892e+01
-4.582796293333333182e+01
-6.082796293333333182e+01
-9.607796293333333892e+01
-9.605796293333334290e+01
-9.607796293333333892e+01
-8.285796293333334006e+01
-8.385796293333334006e+01
-9.607796293333333892e+01
-9.282796293333333892e+01
-9.607796293333333892e+01
-9.607796293333333892e+01
-9.607796293333333892e+01
-9.607796293333333892e+01
-9.607796293333333892e+01
-9.607796293333333892e+01
-9.607796293333333892e+01
-9.607796293333333892e+01
-9.606796293333333381e+01
-9.607796293333333892e+01
-8.515796293333333722e+01
-9.607796293333333892e+01
-8.941796293333334233e+01
-9.607796293333333892e+01
-9.607796293333333892e+01
-9.607796293333333892e+01
-9.607796293333333892e+01
-9.607796293333333892e+01
-9.607796293333333892e+01
-9.607796293333333892e+01
-9.607796293333333892e+01
-8.382796293333333892e+01
-9.607796293333333892e+01
-9.607796293333333892e+01
-9.607796293333333892e+01
-9.607796293333333892e+01
-9.607796293333333892e+01
-9.607796293333333892e+01
-9.607796293333333892e+01
-9.607796293333333892e+01
-9.606796293333333381e+01
-9.607796293333333892e+01
-9.607796293333333892e+01
-9.607796293333333892e+01
-9.607796293333333892e+01
-9.397796293333334461e+01
-9.607796293333333892e+01
-9.607796293333333892e+01
-9.404796293333333779e+01
-9.607796293333333892e+01
-9.504796293333333779e+01
-9.607796293333333892e+01
-9.607796293333333892e+01
-9.605796293333334290e+01
-9.607796293333333892e+01
-9.562796293333333608e+01
-9.607796293333333892e+01
-9.607796293333333892e+01
-9.607796293333333892e+01
-9.607796293333333892e+01
-9.607796293333333892e+01
-9.607796293333333892e+01
-9.607796293333333892e+01
-9.607796293333333892e+01
-9.607796293333333892e+01
-9.607796293333333892e+01
-9.607796293333333892e+01
-8.246796293333333949e+01
-9.607796293333333892e+01
-9.607796293333333892e+01
-9.607796293333333892e+01
-9.607796293333333892e+01
-9.601796293333333665e+01
-9.607796293333333892e+01
-9.607796293333333892e+01
-9.607796293333333892e+01
-9.607796293333333892e+01
-9.607796293333333892e+01
-9.606796293333333381e+01
-9.607796293333333892e+01
-9.607796293333333892e+01
-6.482796293333333892e+01
-9.607796293333333892e+01
-9.606796293333333381e+01
-9.607796293333333892e+01
-9.607796293333333892e+01
-9.607796293333333892e+01
-9.607796293333333892e+01
-9.607796293333333892e+01
-9.607796293333333892e+01
-6.082796293333333182e+01
-8.943796293333332414e+01
-9.607796293333333892e+01
-9.607796293333333892e+01
-9.607796293333333892e+01
-9.607796293333333892e+01
-9.607796293333333892e+01
-9.607796293333333892e+01
-9.606796293333333381e+01
-9.607796293333333892e+01
-9.607796293333333892e+01
-9.607796293333333892e+01
-9.607796293333333892e+01
-9.607796293333333892e+01
-9.462796293333333608e+01
-9.607796293333333892e+01
-9.607796293333333892e+01
-9.607796293333333892e+01
-9.607796293333333892e+01
-9.607796293333333892e+01
-9.607796293333333892e+01
-9.607796293333333892e+01
-9.607796293333333892e+01
-9.607796293333333892e+01
-9.607796293333333892e+01
-9.571796293333333949e+01
-9.607796293333333892e+01
-9.607796293333333892e+01
-9.607796293333333892e+01
-9.607796293333333892e+01
-9.607796293333333892e+01
-9.607796293333333892e+01
-9.607796293333333892e+01
-9.607796293333333892e+01
-9.607796293333333892e+01
-9.607796293333333892e+01
-9.607796293333333892e+01
-9.607796293333333892e+01
-9.606796293333333381e+01
-9.607796293333333892e+01
-9.607796293333333892e+01
-9.607796293333333892e+01
-9.607796293333333892e+01
-9.386796293333334518e+01
-9.607796293333333892e+01
-9.597796293333334461e+01
-9.607796293333333892e+01
-9.607796293333333892e+01
-9.552796293333334177e+01
-9.607796293333333892e+01
-9.607796293333333892e+01
-9.606796293333333381e+01
-9.607796293333333892e+01
-9.607796293333333892e+01
-9.607796293333333892e+01
-9.607796293333333892e+01
-9.607796293333333892e+01
-9.607796293333333892e+01
-9.607796293333333892e+01
-9.607796293333333892e+01
-9.607796293333333892e+01
-9.604796293333333779e+01
-9.501796293333333665e+01
-9.607796293333333892e+01
-9.607796293333333892e+01
-9.607796293333333892e+01
-9.606796293333333381e+01
-9.607796293333333892e+01
-9.606796293333333381e+01
-9.607796293333333892e+01
-9.607796293333333892e+01
-9.607796293333333892e+01
-9.607796293333333892e+01
-9.607796293333333892e+01
-9.607796293333333892e+01
-9.607796293333333892e+01
-9.607796293333333892e+01
-9.607796293333333892e+01
-9.607796293333333892e+01
-9.607796293333333892e+01
-9.607796293333333892e+01
-9.607796293333333892e+01
-9.506796293333333381e+01
-9.607796293333333892e+01
-9.604796293333333779e+01
-9.607796293333333892e+01
-9.607796293333333892e+01
-9.607796293333333892e+01
-9.601796293333333665e+01
-9.607796293333333892e+01
-9.607796293333333892e+01
-9.607796293333333892e+01
-9.607796293333333892e+01
-9.607796293333333892e+01
-9.392796293333333324e+01
-9.607796293333333892e+01
-9.607796293333333892e+01
-9.607796293333333892e+01
-9.607796293333333892e+01
-9.606796293333333381e+01
-9.607796293333333892e+01
-9.607796293333333892e+01
-9.607796293333333892e+01
-9.607796293333333892e+01
-9.607796293333333892e+01
-9.607796293333333892e+01
-9.601796293333333665e+01
-9.607796293333333892e+01
-9.607796293333333892e+01
-9.606796293333333381e+01
-9.607796293333333892e+01
-9.607796293333333892e+01
-9.271796293333333949e+01
-9.607796293333333892e+01
-9.607796293333333892e+01
-9.331796293333334802e+01
-9.604796293333333779e+01
-9.607796293333333892e+01
-8.987796293333333608e+01
-9.607796293333333892e+01
-9.607796293333333892e+01
-9.607796293333333892e+01
-9.607796293333333892e+01
-9.607796293333333892e+01
-9.607796293333333892e+01
-9.607796293333333892e+01
-9.606796293333333381e+01
-9.607796293333333892e+01
-9.607796293333333892e+01
-9.607796293333333892e+01
-9.601796293333333665e+01
-9.607796293333333892e+01
-9.607796293333333892e+01
-9.607796293333333892e+01
-9.607796293333333892e+01
-9.607796293333333892e+01
-9.607796293333333892e+01
-9.601796293333333665e+01
-9.607796293333333892e+01
-8.977796293333334177e+01
-8.172796293333334461e+01
-9.607796293333333892e+01
-9.607796293333333892e+01
-9.592796293333333324e+01
-9.596796293333333949e+01
-9.607796293333333892e+01
-9.607796293333333892e+01
-9.607796293333333892e+01
-9.607796293333333892e+01
-9.607796293333333892e+01
-9.607796293333333892e+01
-9.607796293333333892e+01
-9.607796293333333892e+01
-9.607796293333333892e+01
-9.607796293333333892e+01
-9.607796293333333892e+01
-9.607796293333333892e+01
-9.607796293333333892e+01
-9.607796293333333892e+01
-9.607796293333333892e+01
-9.607796293333333892e+01
-9.607796293333333892e+01
-9.607796293333333892e+01
-9.607796293333333892e+01
-9.607796293333333892e+01
-9.606796293333333381e+01
-9.606796293333333381e+01
-9.597796293333334461e+01
-9.607796293333333892e+01
-9.607796293333333892e+01
-9.607796293333333892e+01
-9.607796293333333892e+01
-9.607796293333333892e+01
-9.607796293333333892e+01
-9.606796293333333381e+01
-9.607796293333333892e+01
-9.506796293333333381e+01
-9.604796293333333779e+01
-9.593796293333333836e+01
-9.604796293333333779e+01
-9.606796293333333381e+01
-9.601796293333333665e+01
-9.607796293333333892e+01
-9.607796293333333892e+01
-9.607796293333333892e+01
-9.607796293333333892e+01
-9.607796293333333892e+01
-9.607796293333333892e+01
-9.607796293333333892e+01
-9.607796293333333892e+01
-9.607796293333333892e+01
-9.607796293333333892e+01
-9.607796293333333892e+01
-9.607796293333333892e+01
-9.607796293333333892e+01
-9.607796293333333892e+01
-9.607796293333333892e+01
-9.607796293333333892e+01
-9.607796293333333892e+01
-9.607796293333333892e+01
-9.607796293333333892e+01
-9.607796293333333892e+01
-9.607796293333333892e+01
-9.506796293333333381e+01
-9.607796293333333892e+01
-9.597796293333334461e+01
-9.286796293333334518e+01
-9.607796293333333892e+01
-9.598796293333333551e+01
-9.607796293333333892e+01
-9.607796293333333892e+01
-9.607796293333333892e+01
-9.607796293333333892e+01
-9.607796293333333892e+01
-9.607796293333333892e+01
-9.607796293333333892e+01
-9.607796293333333892e+01
-9.607796293333333892e+01
-9.607796293333333892e+01
-9.604796293333333779e+01
-9.607796293333333892e+01
-9.607796293333333892e+01
-9.607796293333333892e+01
-9.607796293333333892e+01
-9.607796293333333892e+01
-9.607796293333333892e+01
-9.607796293333333892e+01
-9.607796293333333892e+01
-9.572796293333334461e+01
-9.607796293333333892e+01
-9.530796293333334290e+01
-9.601796293333333665e+01
-9.606796293333333381e+01
-8.839796293333334631e+01
-9.607796293333333892e+01
-9.607796293333333892e+01
-9.607796293333333892e+01
-8.277796293333334177e+01
-9.601796293333333665e+01
-9.607796293333333892e+01
-9.607796293333333892e+01
-9.216796293333334233e+01
-9.607796293333333892e+01
-9.607796293333333892e+01
-9.607796293333333892e+01
-8.527796293333332756e+01
-9.607796293333333892e+01
-9.325796293333333153e+01
-9.596796293333333949e+01
-9.607796293333333892e+01
-9.607796293333333892e+01
-9.607796293333333892e+01
-7.082796293333333892e+01
-8.487796293333333608e+01
-9.607796293333333892e+01
-9.607796293333333892e+01
-9.607796293333333892e+01
-9.607796293333333892e+01
-9.481796293333334802e+01
-9.607796293333333892e+01
-9.607796293333333892e+01
-9.607796293333333892e+01
-9.607796293333333892e+01
-9.604796293333333779e+01
-9.401796293333333665e+01
-9.397796293333334461e+01
-7.552796293333332756e+01
-9.607796293333333892e+01
-9.607796293333333892e+01
-9.308796293333334404e+01
-9.607796293333333892e+01
-9.607796293333333892e+01
-9.607796293333333892e+01
-9.501796293333333665e+01
-9.607796293333333892e+01
-9.607796293333333892e+01
-9.607796293333333892e+01
-9.605796293333334290e+01
-9.607796293333333892e+01
-9.604796293333333779e+01
-6.985796293333334006e+01
-9.607796293333333892e+01
-9.604796293333333779e+01
-9.607796293333333892e+01
-9.229796293333333779e+01
-9.607796293333333892e+01
-9.607796293333333892e+01
-9.607796293333333892e+01
-9.580796293333334290e+01
-9.607796293333333892e+01
-9.607796293333333892e+01
-9.607796293333333892e+01
-9.607796293333333892e+01
-9.607796293333333892e+01
-9.607796293333333892e+01
-8.182796293333333892e+01
-9.607796293333333892e+01
-9.607796293333333892e+01
-9.504796293333333779e+01
-9.607796293333333892e+01
-9.607796293333333892e+01
-9.607796293333333892e+01
-9.607796293333333892e+01
-9.607796293333333892e+01
-9.607796293333333892e+01
-4.083796293333332983e+01
-9.607796293333333892e+01
-9.607796293333333892e+01
-9.607796293333333892e+01
-9.607796293333333892e+01
-9.607796293333333892e+01
-9.607796293333333892e+01
-5.585796293333333296e+01
-9.607796293333333892e+01
-9.607796293333333892e+01
-9.607796293333333892e+01
-9.607796293333333892e+01
-9.607796293333333892e+01
-9.607796293333333892e+01
-9.606796293333333381e+01
-9.606796293333333381e+01
-8.407796293333333892e+01
-9.607796293333333892e+01
-8.410796293333334006e+01
-9.607796293333333892e+01
-9.607796293333333892e+01
-9.607796293333333892e+01
-9.607796293333333892e+01
-9.607796293333333892e+01
-9.606796293333333381e+01
-9.601796293333333665e+01
-9.607796293333333892e+01
-9.607796293333333892e+01
-9.604796293333333779e+01
-9.607796293333333892e+01
-8.382796293333333892e+01
-9.607796293333333892e+01
-9.331796293333334802e+01
-9.601796293333333665e+01
-9.603796293333333267e+01
-9.607796293333333892e+01
-9.607796293333333892e+01
-9.607796293333333892e+01
-9.607796293333333892e+01
-9.607796293333333892e+01
-9.607796293333333892e+01
-9.604796293333333779e+01
-9.607796293333333892e+01
-9.607796293333333892e+01
-9.607796293333333892e+01
-9.607796293333333892e+01
-9.607796293333333892e+01
-9.607796293333333892e+01
-9.607796293333333892e+01
-9.607796293333333892e+01
-9.331796293333334802e+01
-9.607796293333333892e+01
-9.607796293333333892e+01
-9.607796293333333892e+01
-9.607796293333333892e+01
-9.606796293333333381e+01
-9.606796293333333381e+01
-9.607796293333333892e+01
-9.607796293333333892e+01
-9.607796293333333892e+01
-9.607796293333333892e+01
-9.607796293333333892e+01
-9.607796293333333892e+01
-9.607796293333333892e+01
-9.607796293333333892e+01
-9.607796293333333892e+01
-9.607796293333333892e+01
-9.607796293333333892e+01
-9.604796293333333779e+01
-9.607796293333333892e+01
-8.082796293333333892e+01
-9.586796293333334518e+01
-9.607796293333333892e+01
-8.382796293333333892e+01
-9.607796293333333892e+01
-9.607796293333333892e+01
-9.607796293333333892e+01
-9.607796293333333892e+01
-9.607796293333333892e+01
-9.607796293333333892e+01
-9.607796293333333892e+01
-9.607796293333333892e+01
-9.605796293333334290e+01
-9.607796293333333892e+01
-9.607796293333333892e+01
-9.607796293333333892e+01
-9.607796293333333892e+01
-9.607796293333333892e+01
-9.607796293333333892e+01
-9.607796293333333892e+01
-9.607796293333333892e+01
-9.607796293333333892e+01
-9.607796293333333892e+01
-9.607796293333333892e+01
-9.592796293333333324e+01
-9.607796293333333892e+01
-9.607796293333333892e+01
-9.392796293333333324e+01
-9.607796293333333892e+01
-9.607796293333333892e+01
-9.607796293333333892e+01
-9.607796293333333892e+01
-9.607796293333333892e+01
-9.607796293333333892e+01
-9.607796293333333892e+01
-9.607796293333333892e+01
-9.607796293333333892e+01
-9.607796293333333892e+01
-9.607796293333333892e+01
-9.607796293333333892e+01
-9.607796293333333892e+01
-9.607796293333333892e+01
-9.597796293333334461e+01
-9.607796293333333892e+01
-9.607796293333333892e+01
-9.607796293333333892e+01
-9.607796293333333892e+01
-9.607796293333333892e+01
-9.607796293333333892e+01
-9.607796293333333892e+01
-9.607796293333333892e+01
-9.607796293333333892e+01
-9.397796293333334461e+01
-9.607796293333333892e+01
-9.604796293333333779e+01
-9.601796293333333665e+01
-9.593796293333333836e+01
-9.607796293333333892e+01
-9.607796293333333892e+01
-9.607796293333333892e+01
-9.607796293333333892e+01
-9.607796293333333892e+01
-9.597796293333334461e+01
-9.597796293333334461e+01
-9.607796293333333892e+01
-9.597796293333334461e+01
-9.607796293333333892e+01
-9.607796293333333892e+01
-9.607796293333333892e+01
-9.607796293333333892e+01
-9.593796293333333836e+01
-9.606796293333333381e+01
-9.607796293333333892e+01
-9.607796293333333892e+01
-9.607796293333333892e+01
-9.607796293333333892e+01
-9.607796293333333892e+01
-9.604796293333333779e+01
-9.607796293333333892e+01
-9.607796293333333892e+01
-9.607796293333333892e+01
-9.607796293333333892e+01
-9.607796293333333892e+01
-9.607796293333333892e+01
-9.607796293333333892e+01
-9.607796293333333892e+01
-9.607796293333333892e+01
-9.607796293333333892e+01
-9.607796293333333892e+01
-9.606796293333333381e+01
-9.397796293333334461e+01
-9.607796293333333892e+01
-9.607796293333333892e+01
-9.592796293333333324e+01
-9.607796293333333892e+01
-9.606796293333333381e+01
-9.607796293333333892e+01
-9.607796293333333892e+01
-9.162796293333333608e+01
-9.607796293333333892e+01
-9.607796293333333892e+01
-9.607796293333333892e+01
-9.607796293333333892e+01
-9.607796293333333892e+01
-9.607796293333333892e+01
-9.597796293333334461e+01
-9.607796293333333892e+01
-9.607796293333333892e+01
-9.607796293333333892e+01
-9.607796293333333892e+01
-9.607796293333333892e+01
-9.606796293333333381e+01
-9.607796293333333892e+01
-9.532796293333333892e+01
-9.606796293333333381e+01
-9.607796293333333892e+01
-9.607796293333333892e+01
-9.271796293333333949e+01
-9.607796293333333892e+01
-9.607796293333333892e+01
-9.607796293333333892e+01
-9.607796293333333892e+01
-9.607796293333333892e+01
-9.607796293333333892e+01
-9.607796293333333892e+01
-9.607796293333333892e+01
-9.607796293333333892e+01
-9.607796293333333892e+01
-9.607796293333333892e+01
-9.607796293333333892e+01
-9.607796293333333892e+01
-9.397796293333334461e+01
-9.597796293333334461e+01
-9.607796293333333892e+01
-9.607796293333333892e+01
-9.607796293333333892e+01
-9.607796293333333892e+01
-9.607796293333333892e+01
-9.607796293333333892e+01
-9.607796293333333892e+01
-9.607796293333333892e+01
-9.607796293333333892e+01
-8.930796293333334290e+01
-9.607796293333333892e+01
-9.607796293333333892e+01
-9.607796293333333892e+01
-9.607796293333333892e+01
-9.607796293333333892e+01
-6.210796293333333296e+01
-9.607796293333333892e+01
-9.607796293333333892e+01
-9.607796293333333892e+01
-9.606796293333333381e+01
-9.607796293333333892e+01
-9.607796293333333892e+01
-9.517796293333333324e+01
-9.607796293333333892e+01
-9.604796293333333779e+01
-9.607796293333333892e+01
-9.607796293333333892e+01
-9.607796293333333892e+01
-9.607796293333333892e+01
-9.606796293333333381e+01
-9.607796293333333892e+01
-9.571796293333333949e+01
-9.607796293333333892e+01
-9.604796293333333779e+01
-9.607796293333333892e+01
-9.607796293333333892e+01
-9.604796293333333779e+01
-9.598796293333333551e+01
-9.607796293333333892e+01
-9.598796293333333551e+01
-9.607796293333333892e+01
-9.607796293333333892e+01
-9.607796293333333892e+01
-9.607796293333333892e+01
-9.604796293333333779e+01
-9.607796293333333892e+01
-9.604796293333333779e+01
-9.607796293333333892e+01
-9.607796293333333892e+01
-9.602796293333334177e+01
-9.607796293333333892e+01
-9.607796293333333892e+01
-9.607796293333333892e+01
-9.607796293333333892e+01
-9.607796293333333892e+01
-9.607796293333333892e+01
-9.607796293333333892e+01
-9.607796293333333892e+01
-9.607796293333333892e+01
-9.607796293333333892e+01
-9.607796293333333892e+01
-9.607796293333333892e+01
-9.606796293333333381e+01
-9.602796293333334177e+01
-9.607796293333333892e+01
-9.607796293333333892e+01
-9.607796293333333892e+01
-9.607796293333333892e+01
-9.607796293333333892e+01
-9.607796293333333892e+01
-9.607796293333333892e+01
-9.607796293333333892e+01
-9.607796293333333892e+01
-9.607796293333333892e+01
-9.279796293333333779e+01
-9.607796293333333892e+01
-9.607796293333333892e+01
-9.607796293333333892e+01
-9.607796293333333892e+01
-9.607796293333333892e+01
-9.607796293333333892e+01
-9.607796293333333892e+01
-9.492796293333333324e+01
-9.607796293333333892e+01
-9.607796293333333892e+01
-9.607796293333333892e+01
-9.607796293333333892e+01
-9.607796293333333892e+01
-9.607796293333333892e+01
-9.607796293333333892e+01
-9.607796293333333892e+01
-9.292796293333334745e+01
-9.607796293333333892e+01
-9.607796293333333892e+01
-9.607796293333333892e+01
-9.607796293333333892e+01
-9.607796293333333892e+01
-9.607796293333333892e+01
-9.607796293333333892e+01
-9.607796293333333892e+01
-9.607796293333333892e+01
-9.607796293333333892e+01
-9.607796293333333892e+01
-9.607796293333333892e+01
-9.607796293333333892e+01
-9.607796293333333892e+01
-9.607796293333333892e+01
-9.607796293333333892e+01
-9.607796293333333892e+01
-9.607796293333333892e+01
-9.607796293333333892e+01
-9.607796293333333892e+01
-9.607796293333333892e+01
-9.607796293333333892e+01
-9.607796293333333892e+01
-9.607796293333333892e+01
-8.518796293333333836e+01
-9.607796293333333892e+01
-9.607796293333333892e+01
-9.607796293333333892e+01
-9.607796293333333892e+01
-9.607796293333333892e+01
-9.607796293333333892e+01
-9.607796293333333892e+01
-9.607796293333333892e+01
-9.453796293333333267e+01
-9.607796293333333892e+01
-9.607796293333333892e+01
-9.607796293333333892e+01
-9.607796293333333892e+01
-9.607796293333333892e+01
-9.586796293333334518e+01
-9.162796293333333608e+01
-9.607796293333333892e+01
-9.607796293333333892e+01
-9.607796293333333892e+01
-9.592796293333333324e+01
-9.606796293333333381e+01
-9.607796293333333892e+01
-9.607796293333333892e+01
-9.607796293333333892e+01
-9.607796293333333892e+01
-9.607796293333333892e+01
-6.427796293333332756e+01
-9.607796293333333892e+01
-9.607796293333333892e+01
-9.607796293333333892e+01
-9.607796293333333892e+01
-9.607796293333333892e+01
-9.607796293333333892e+01
-9.607796293333333892e+01
-8.397796293333333040e+01
-7.897796293333333040e+01
-8.388796293333334120e+01
-9.607796293333333892e+01
-9.607796293333333892e+01
-8.347796293333334461e+01
-9.607796293333333892e+01
-9.286796293333334518e+01
-9.601796293333333665e+01
-9.607796293333333892e+01
-9.607796293333333892e+01
-9.607796293333333892e+01
-9.607796293333333892e+01
-9.516796293333334233e+01
-9.607796293333333892e+01
-9.256796293333334802e+01
-9.607796293333333892e+01
-9.607796293333333892e+01
-8.427796293333334177e+01
-9.607796293333333892e+01
-9.607796293333333892e+01
-9.607796293333333892e+01
-9.607796293333333892e+01
-9.601796293333333665e+01
-9.607796293333333892e+01
-9.607796293333333892e+01
-9.607796293333333892e+01
-9.586796293333334518e+01
-9.607796293333333892e+01
-9.607796293333333892e+01
-6.882796293333333892e+01
-9.607796293333333892e+01
-9.607796293333333892e+01
-9.607796293333333892e+01
-8.437796293333333608e+01
-9.607796293333333892e+01
-9.607796293333333892e+01
-4.488796293333332699e+01
-9.607796293333333892e+01
-9.587796293333333608e+01
-9.607796293333333892e+01
-9.607796293333333892e+01
-9.607796293333333892e+01
-9.604796293333333779e+01
-9.607796293333333892e+01
-9.607796293333333892e+01
-8.448796293333333551e+01
-9.504796293333333779e+01
-9.607796293333333892e+01
-9.607796293333333892e+01
-9.604796293333333779e+01
-9.607796293333333892e+01
-9.493796293333333836e+01
-9.607796293333333892e+01
-9.607796293333333892e+01
-9.587796293333333608e+01
-9.607796293333333892e+01
-9.607796293333333892e+01
-8.969796293333334347e+01
-9.607796293333333892e+01
-9.607796293333333892e+01
-9.607796293333333892e+01
-9.541796293333334233e+01
-9.607796293333333892e+01
-9.607796293333333892e+01
-9.607796293333333892e+01
-9.607796293333333892e+01
-6.237796293333332898e+01
-9.607796293333333892e+01
-9.607796293333333892e+01
-9.595796293333333438e+01
-9.386796293333334518e+01
-9.607796293333333892e+01
-9.607796293333333892e+01
-9.607796293333333892e+01
-8.502796293333332756e+01
-9.607796293333333892e+01
-9.263796293333334120e+01
-9.087796293333333608e+01
-9.607796293333333892e+01
-9.607796293333333892e+01
-8.437796293333333608e+01
-5.610796293333333296e+01
-7.002796293333332756e+01
-9.607796293333333892e+01
-9.607796293333333892e+01
-9.607796293333333892e+01
-9.607796293333333892e+01
-8.487796293333333608e+01
-9.607796293333333892e+01
-9.607796293333333892e+01
-8.473796293333333551e+01
-9.607796293333333892e+01
-9.601796293333333665e+01
-9.607796293333333892e+01
-9.607796293333333892e+01
-9.607796293333333892e+01
-9.607796293333333892e+01
-9.607796293333333892e+01
-9.607796293333333892e+01
-8.460796293333334006e+01
-8.553796293333333267e+01
-6.148796293333332841e+01
-8.848796293333333551e+01
-9.607796293333333892e+01
-8.629796293333333779e+01
-8.418796293333333836e+01
-5.297796293333332329e+01
-9.607796293333333892e+01
-8.473796293333333551e+01
-9.607796293333333892e+01
-9.607796293333333892e+01
-8.866796293333334233e+01
-8.878796293333333267e+01
-9.457796293333333892e+01
-9.607796293333333892e+01
-4.582796293333333182e+01
-9.607796293333333892e+01
-9.452796293333334177e+01
-8.907796293333333892e+01
-9.364796293333334631e+01
-7.283796293333332983e+01
-9.607796293333333892e+01
-9.607796293333333892e+01
-9.607796293333333892e+01
-9.607796293333333892e+01
-8.388796293333334120e+01
-9.607796293333333892e+01
-9.579796293333333779e+01
-9.562796293333333608e+01
-9.607796293333333892e+01
-9.056796293333334802e+01
-8.382796293333333892e+01
-8.392796293333333324e+01
-9.607796293333333892e+01
-9.297796293333334461e+01
-9.607796293333333892e+01
-9.607796293333333892e+01
-9.601796293333333665e+01
-9.607796293333333892e+01
-9.607796293333333892e+01
-9.607796293333333892e+01
-9.601796293333333665e+01
-4.088796293333332699e+01
-9.607796293333333892e+01
-9.607796293333333892e+01
-8.611796293333334518e+01
-7.683796293333332983e+01
-8.942796293333333324e+01
-9.607796293333333892e+01
-8.980796293333334290e+01
-9.607796293333333892e+01
-9.592796293333333324e+01
-8.756796293333333381e+01
-9.607796293333333892e+01
-4.983796293333332272e+01
-9.607796293333333892e+01
-4.782796293333333182e+01
-8.488796293333334120e+01
-8.403796293333333267e+01
-5.682796293333333182e+01
-9.607796293333333892e+01
-8.082796293333333892e+01
-5.788796293333332699e+01
-9.407796293333333892e+01
-9.607796293333333892e+01
-9.607796293333333892e+01
-8.418796293333333836e+01
-9.607796293333333892e+01
-9.607796293333333892e+01
-9.607796293333333892e+01
-8.388796293333334120e+01
-9.601796293333333665e+01
-7.882796293333333892e+01
-8.392796293333333324e+01
-7.482796293333333892e+01
-9.607796293333333892e+01
-9.607796293333333892e+01
-9.607796293333333892e+01
-9.607796293333333892e+01
-9.607796293333333892e+01
-6.985796293333334006e+01
-8.502796293333332756e+01
-9.597796293333334461e+01
-8.385796293333334006e+01
-9.607796293333333892e+01
-9.607796293333333892e+01
-9.607796293333333892e+01
-9.607796293333333892e+01
-9.578796293333333267e+01
-9.607796293333333892e+01
-9.607796293333333892e+01
-9.601796293333333665e+01
-9.607796293333333892e+01
-9.607796293333333892e+01
-9.352796293333334177e+01
-9.607796293333333892e+01
-9.261796293333333097e+01
-9.606796293333333381e+01
-9.607796293333333892e+01
-9.607796293333333892e+01
-9.317796293333334745e+01
-6.603796293333333267e+01
-9.607796293333333892e+01
-9.604796293333333779e+01
-9.607796293333333892e+01
-4.592796293333332613e+01
-9.607796293333333892e+01
-9.607796293333333892e+01
-8.403796293333333267e+01
-9.604796293333333779e+01
-9.496796293333333949e+01
-9.607796293333333892e+01
-9.607796293333333892e+01
-4.488796293333332699e+01
-9.607796293333333892e+01
-9.607796293333333892e+01
-8.419796293333332926e+01
-9.607796293333333892e+01
-9.607796293333333892e+01
-9.607796293333333892e+01
-9.607796293333333892e+01
-9.607796293333333892e+01
-9.607796293333333892e+01
-9.607796293333333892e+01
-9.493796293333333836e+01
-9.607796293333333892e+01
-8.763796293333334120e+01
-8.403796293333333267e+01
-9.607796293333333892e+01
-9.607796293333333892e+01
-9.607796293333333892e+01
-9.607796293333333892e+01
-8.397796293333333040e+01
-9.607796293333333892e+01
-7.988796293333334120e+01
-8.802796293333334177e+01
-9.504796293333333779e+01
-9.607796293333333892e+01
-9.607796293333333892e+01
-9.607796293333333892e+01
-9.529796293333333779e+01
-9.607796293333333892e+01
-9.447796293333334461e+01
-9.552796293333334177e+01
-9.607796293333333892e+01
-9.592796293333333324e+01
-9.607796293333333892e+01
-9.607796293333333892e+01
-9.292796293333334745e+01
-9.607796293333333892e+01
-9.030796293333334290e+01
-9.607796293333333892e+01
-9.607796293333333892e+01
-9.607796293333333892e+01
-9.607796293333333892e+01
-9.607796293333333892e+01
-9.607796293333333892e+01
-9.607796293333333892e+01
-9.607796293333333892e+01
-7.683796293333332983e+01
-8.431796293333333381e+01
-9.607796293333333892e+01
-9.607796293333333892e+01
-9.504796293333333779e+01
-9.601796293333333665e+01
-9.607796293333333892e+01
-9.504796293333333779e+01
-9.607796293333333892e+01
-9.607796293333333892e+01
-9.516796293333334233e+01
-9.606796293333333381e+01
-9.604796293333333779e+01
-9.607796293333333892e+01
-9.604796293333333779e+01
-9.081796293333333381e+01
-9.607796293333333892e+01
-9.607796293333333892e+01
-9.606796293333333381e+01
-9.607796293333333892e+01
-9.606796293333333381e+01
-9.607796293333333892e+01
-9.607796293333333892e+01
-9.607796293333333892e+01
-9.607796293333333892e+01
-9.607796293333333892e+01
-9.587796293333333608e+01
-9.607796293333333892e+01
-9.607796293333333892e+01
-9.202796293333332756e+01
-9.592796293333333324e+01
-9.574796293333334063e+01
-9.607796293333333892e+01
-9.606796293333333381e+01
-9.474796293333334063e+01
-9.607796293333333892e+01
-8.986796293333334518e+01
-9.607796293333333892e+01
-9.607796293333333892e+01
-9.601796293333333665e+01
-9.607796293333333892e+01
-9.607796293333333892e+01
-7.388796293333334120e+01
-9.607796293333333892e+01
-9.607796293333333892e+01
-9.607796293333333892e+01
-9.607796293333333892e+01
-7.182796293333333892e+01
-9.607796293333333892e+01
-9.607796293333333892e+01
-9.607796293333333892e+01
-9.607796293333333892e+01
-9.607796293333333892e+01
-9.607796293333333892e+01
-9.606796293333333381e+01
-8.497796293333333040e+01
-9.607796293333333892e+01
-9.607796293333333892e+01
-8.392796293333333324e+01
-9.607796293333333892e+01
-9.607796293333333892e+01
-9.539796293333334631e+01
-9.607796293333333892e+01
-9.132796293333333892e+01
-9.604796293333333779e+01
-9.607796293333333892e+01
-9.607796293333333892e+01
-8.941796293333334233e+01
-9.607796293333333892e+01
-9.532796293333333892e+01
-9.042796293333333324e+01
-9.607796293333333892e+01
-9.607796293333333892e+01
-9.607796293333333892e+01
-9.607796293333333892e+01
-9.607796293333333892e+01
-8.954796293333333779e+01
-9.499796293333334063e+01
-9.607796293333333892e+01
-8.755796293333334290e+01
-9.607796293333333892e+01
-9.607796293333333892e+01
-9.607796293333333892e+01
-6.610796293333334006e+01
-9.607796293333333892e+01
-9.607796293333333892e+01
-9.607796293333333892e+01
-9.607796293333333892e+01
-8.656796293333333381e+01
-9.607796293333333892e+01
-8.383796293333332983e+01
-9.607796293333333892e+01
-9.607796293333333892e+01
-7.182796293333333892e+01
-9.607796293333333892e+01
-9.607796293333333892e+01
-8.385796293333334006e+01
-9.601796293333333665e+01
-9.607796293333333892e+01
-8.634796293333333495e+01
-9.606796293333333381e+01
-9.607796293333333892e+01
-9.607796293333333892e+01
-9.607796293333333892e+01
-9.606796293333333381e+01
-8.568796293333333836e+01
-9.607796293333333892e+01
-9.607796293333333892e+01
-9.607796293333333892e+01
-9.607796293333333892e+01
-9.562796293333333608e+01
-9.607796293333333892e+01
-9.607796293333333892e+01
-9.603796293333333267e+01
-9.607796293333333892e+01
-9.607796293333333892e+01
-9.596796293333333949e+01
-9.593796293333333836e+01
-9.607796293333333892e+01
-9.607796293333333892e+01
-9.597796293333334461e+01
-9.607796293333333892e+01
-8.845796293333334859e+01
-9.607796293333333892e+01
-9.607796293333333892e+01
-9.607796293333333892e+01
-9.604796293333333779e+01
-9.604796293333333779e+01
-9.607796293333333892e+01
-9.607796293333333892e+01
-8.410796293333334006e+01
-9.607796293333333892e+01
-9.607796293333333892e+01
-9.607796293333333892e+01
-9.607796293333333892e+01
-9.607796293333333892e+01
-9.607796293333333892e+01
-9.607796293333333892e+01
-9.607796293333333892e+01
-9.607796293333333892e+01
-9.297796293333334461e+01
-9.607796293333333892e+01
-9.607796293333333892e+01
-9.607796293333333892e+01
-9.372796293333334461e+01
-9.607796293333333892e+01
-4.485796293333332585e+01
-8.293796293333333836e+01
-9.215796293333333722e+01
-9.604796293333333779e+01
-9.607796293333333892e+01
-8.385796293333334006e+01
-8.728796293333334688e+01
-8.397796293333333040e+01
-9.607796293333333892e+01
-9.574796293333334063e+01
-9.607796293333333892e+01
-4.882796293333333182e+01
-8.618796293333332414e+01
-9.607796293333333892e+01
-9.607796293333333892e+01
-7.184796293333333495e+01
-9.607796293333333892e+01
-9.607796293333333892e+01
-9.607796293333333892e+01
-9.607796293333333892e+01
-9.607796293333333892e+01
-9.607796293333333892e+01
-8.410796293333334006e+01
-9.607796293333333892e+01
-9.604796293333333779e+01
-9.240796293333332301e+01
-8.799796293333334063e+01
-9.351796293333333665e+01
-9.096796293333333949e+01
-9.607796293333333892e+01
-4.085796293333332585e+01
-7.997796293333333040e+01
-9.607796293333333892e+01
-8.145796293333333438e+01
-7.582796293333333892e+01
-9.607796293333333892e+01
-9.607796293333333892e+01
-8.503796293333333267e+01
-9.607796293333333892e+01
-9.607796293333333892e+01
-9.607796293333333892e+01
-9.607796293333333892e+01
-9.586796293333334518e+01
-9.607796293333333892e+01
-9.607796293333333892e+01
-9.212796293333332187e+01
-9.607796293333333892e+01
-7.782796293333333892e+01
-9.607796293333333892e+01
-7.965796293333333722e+01
-9.479796293333333779e+01
-9.607796293333333892e+01
-9.607796293333333892e+01
-7.893796293333333836e+01
-9.607796293333333892e+01
-8.397796293333333040e+01
-6.303796293333332557e+01
-9.607796293333333892e+01
-9.607796293333333892e+01
-9.341796293333332812e+01
-9.386796293333334518e+01
-8.401796293333332244e+01
-8.679796293333333779e+01
-9.607796293333333892e+01
-9.607796293333333892e+01
-8.382796293333333892e+01
-9.607796293333333892e+01
-8.418796293333333836e+01
-9.607796293333333892e+01
-9.607796293333333892e+01
-5.288796293333332699e+01
-9.607796293333333892e+01
-4.888796293333332699e+01
-9.607796293333333892e+01
-9.255796293333334290e+01
-8.657796293333333892e+01
-9.223796293333333551e+01
-9.373796293333334972e+01
-9.607796293333333892e+01
-8.794796293333332926e+01
-9.607796293333333892e+01
-9.606796293333333381e+01
-9.498796293333333551e+01
-9.607796293333333892e+01
-9.607796293333333892e+01
-9.597796293333334461e+01
-9.607796293333333892e+01
-9.607796293333333892e+01
-3.888796293333332699e+01
-9.073796293333333551e+01
-9.497796293333334461e+01
-8.616796293333332812e+01
-9.558796293333332983e+01
-9.607796293333333892e+01
-9.607796293333333892e+01
-8.485796293333334006e+01
-8.724796293333332642e+01
-9.607796293333333892e+01
-9.607796293333333892e+01
-8.448796293333333551e+01
-9.607796293333333892e+01
-9.384796293333334916e+01
-8.482796293333333892e+01
-8.784796293333333495e+01
-8.422796293333334461e+01
-9.562796293333333608e+01
-9.607796293333333892e+01
-9.607796293333333892e+01
-8.421796293333333949e+01
-7.997796293333333040e+01
-9.374796293333332642e+01
-9.607796293333333892e+01
-9.585796293333334006e+01
-9.606796293333333381e+01
-9.607796293333333892e+01
-8.973796293333333551e+01
-8.403796293333333267e+01
-9.597796293333334461e+01
-9.607796293333333892e+01
-9.607796293333333892e+01
-9.607796293333333892e+01
-9.607796293333333892e+01
-9.607796293333333892e+01
-9.607796293333333892e+01
-9.597796293333334461e+01
-8.498796293333333551e+01
-8.614796293333333210e+01
-8.403796293333333267e+01
-9.607796293333333892e+01
-9.607796293333333892e+01
-9.607796293333333892e+01
-9.607796293333333892e+01
-9.607796293333333892e+01
-8.971796293333333949e+01
-9.607796293333333892e+01
-9.607796293333333892e+01
-8.403796293333333267e+01
-9.582796293333333892e+01
-8.437796293333333608e+01
-9.607796293333333892e+01
-9.003796293333333267e+01
-9.607796293333333892e+01
-9.607796293333333892e+01
-9.502796293333332756e+01
-9.607796293333333892e+01
-9.603796293333333267e+01
-6.803796293333333267e+01
-9.607796293333333892e+01
-9.054796293333332358e+01
-9.607796293333333892e+01
-8.303796293333333267e+01
-9.607796293333333892e+01
-9.607796293333333892e+01
-9.607796293333333892e+01
-9.607796293333333892e+01
-9.607796293333333892e+01
-9.162796293333333608e+01
-7.986796293333333097e+01
-9.607796293333333892e+01
-7.282796293333333892e+01
-9.607796293333333892e+01
-9.607796293333333892e+01
-9.606796293333333381e+01
-8.974796293333334063e+01
-9.329796293333333779e+01
-9.607796293333333892e+01
-9.607796293333333892e+01
-9.607796293333333892e+01
-7.110796293333334006e+01
-9.607796293333333892e+01
-8.382796293333333892e+01
-8.437796293333333608e+01
-4.592796293333332613e+01
-9.607796293333333892e+01
-9.607796293333333892e+01
-9.607796293333333892e+01
-8.273796293333333551e+01
-9.607796293333333892e+01
-8.448796293333333551e+01
-7.603796293333333267e+01
-9.283796293333332983e+01
-9.601796293333333665e+01
-9.607796293333333892e+01
-7.174796293333334063e+01
-9.568796293333333836e+01
-9.607796293333333892e+01
-9.607796293333333892e+01
-9.162796293333333608e+01
-9.607796293333333892e+01
-9.607796293333333892e+01
-9.607796293333333892e+01
-9.606796293333333381e+01
-9.607796293333333892e+01
-9.607796293333333892e+01
-9.607796293333333892e+01
-7.697796293333333040e+01
-9.607796293333333892e+01
-9.607796293333333892e+01
-9.607796293333333892e+01
-9.607796293333333892e+01
-9.601796293333333665e+01
-9.607796293333333892e+01
-8.907796293333333892e+01
-9.607796293333333892e+01
-9.601796293333333665e+01
-9.607796293333333892e+01
-9.552796293333334177e+01
-9.607796293333333892e+01
-9.607796293333333892e+01
-9.607796293333333892e+01
-9.607796293333333892e+01
-9.607796293333333892e+01
-9.586796293333334518e+01
-9.607796293333333892e+01
-9.606796293333333381e+01
-9.607796293333333892e+01
-9.592796293333333324e+01
-9.607796293333333892e+01
-9.579796293333333779e+01
-9.152796293333334177e+01
-9.601796293333333665e+01
-9.607796293333333892e+01
-9.607796293333333892e+01
-9.607796293333333892e+01
-9.604796293333333779e+01
-9.607796293333333892e+01
-9.607796293333333892e+01
-9.607796293333333892e+01
-9.607796293333333892e+01
-9.052796293333334177e+01
-9.607796293333333892e+01
-9.607796293333333892e+01
-9.592796293333333324e+01
-9.607796293333333892e+01
-8.613796293333334120e+01
-9.271796293333333949e+01
-9.607796293333333892e+01
-9.607796293333333892e+01
-9.607796293333333892e+01
-9.497796293333334461e+01
-9.607796293333333892e+01
-9.607796293333333892e+01
-9.604796293333333779e+01
-9.607796293333333892e+01
-9.607796293333333892e+01
-9.607796293333333892e+01
-9.129796293333333779e+01
-9.607796293333333892e+01
-9.522796293333334461e+01
-9.607796293333333892e+01
-9.607796293333333892e+01
-9.607796293333333892e+01
-9.607796293333333892e+01
-9.607796293333333892e+01
-9.607796293333333892e+01
-9.607796293333333892e+01
-9.607796293333333892e+01
-9.152796293333334177e+01
-9.552796293333334177e+01
-9.607796293333333892e+01
-9.607796293333333892e+01
-9.607796293333333892e+01
-9.386796293333334518e+01
-9.607796293333333892e+01
-9.607796293333333892e+01
-9.607796293333333892e+01
-8.107796293333333892e+01
-9.607796293333333892e+01
-9.607796293333333892e+01
-5.988796293333332699e+01
-9.607796293333333892e+01
-9.607796293333333892e+01
-9.048796293333333551e+01
-8.382796293333333892e+01
-9.607796293333333892e+01
-7.503796293333333267e+01
-9.607796293333333892e+01
-9.607796293333333892e+01
-9.601796293333333665e+01
-9.607796293333333892e+01
-9.607796293333333892e+01
-8.600796293333333153e+01
-9.607796293333333892e+01
-9.607796293333333892e+01
-9.420796293333334859e+01
-9.542796293333333324e+01
-9.106796293333333381e+01
-9.597796293333334461e+01
-8.382796293333333892e+01
-9.607796293333333892e+01
-9.607796293333333892e+01
-9.607796293333333892e+01
-9.604796293333333779e+01
-9.606796293333333381e+01
-9.607796293333333892e+01
-9.607796293333333892e+01
-9.597796293333334461e+01
-9.436796293333334518e+01
-9.607796293333333892e+01
-9.607796293333333892e+01
-9.607796293333333892e+01
-8.707796293333332471e+01
-9.607796293333333892e+01
-9.607796293333333892e+01
-9.601796293333333665e+01
-9.607796293333333892e+01
-7.982796293333333892e+01
-9.607796293333333892e+01
-9.607796293333333892e+01
-8.673796293333333551e+01
-5.210796293333333296e+01
-9.607796293333333892e+01
-9.486796293333334518e+01
-9.607796293333333892e+01
-9.607796293333333892e+01
-9.607796293333333892e+01
-9.607796293333333892e+01
-9.607796293333333892e+01
-9.607796293333333892e+01
-9.607796293333333892e+01
-9.604796293333333779e+01
-9.607796293333333892e+01
-9.607796293333333892e+01
-9.607796293333333892e+01
-9.607796293333333892e+01
-9.397796293333334461e+01
-9.607796293333333892e+01
-9.607796293333333892e+01
-9.607796293333333892e+01
-9.604796293333333779e+01
-9.593796293333333836e+01
-9.607796293333333892e+01
-9.607796293333333892e+01
-9.607796293333333892e+01
-9.607796293333333892e+01
-9.607796293333333892e+01
-9.607796293333333892e+01
-6.706796293333333381e+01
-9.607796293333333892e+01
-9.607796293333333892e+01
-9.607796293333333892e+01
-9.607796293333333892e+01
-8.248796293333333551e+01
-9.607796293333333892e+01
-9.607796293333333892e+01
-9.532796293333333892e+01
-9.607796293333333892e+01
-8.977796293333332756e+01
-8.932796293333333892e+01
-9.607796293333333892e+01
-9.607796293333333892e+01
-9.062796293333333608e+01
-9.607796293333333892e+01
-9.586796293333334518e+01
-9.607796293333333892e+01
-8.383796293333332983e+01
-9.606796293333333381e+01
-9.376796293333333665e+01
-8.736796293333334518e+01
-9.607796293333333892e+01
-9.561796293333333097e+01
-9.607796293333333892e+01
-7.318796293333333836e+01
-9.416796293333334233e+01
-9.200796293333334575e+01
-9.607796293333333892e+01
-9.607796293333333892e+01
-8.786796293333333097e+01
-9.607796293333333892e+01
-9.607796293333333892e+01
-9.031796293333333381e+01
-9.559796293333333495e+01
-9.229796293333333779e+01
-9.607796293333333892e+01
-9.607796293333333892e+01
-9.490796293333333722e+01
-7.182796293333333892e+01
-8.668796293333333836e+01
-4.182796293333333182e+01
-7.983796293333332983e+01
-8.982796293333333892e+01
-8.500796293333333153e+01
-4.988796293333332699e+01
-6.703796293333333267e+01
-9.607796293333333892e+01
-9.607796293333333892e+01
-8.660796293333334006e+01
-9.597796293333334461e+01
-9.143796293333333836e+01
-9.586796293333334518e+01
-8.788796293333332699e+01
-9.607796293333333892e+01
-9.607796293333333892e+01
-9.607796293333333892e+01
-9.607796293333333892e+01
-9.607796293333333892e+01
-7.209796293333333495e+01
-9.607796293333333892e+01
-9.486796293333334518e+01
-9.240796293333333722e+01
-9.607796293333333892e+01
-6.869796293333334347e+01
-9.607796293333333892e+01
-9.607796293333333892e+01
-9.569796293333334347e+01
-9.417796293333334745e+01
-9.604796293333333779e+01
-9.607796293333333892e+01
-9.607796293333333892e+01
-9.053796293333333267e+01
-9.601796293333333665e+01
-9.598796293333333551e+01
-9.607796293333333892e+01
-8.085796293333334006e+01
-9.601796293333333665e+01
-5.683796293333332272e+01
-8.391796293333334233e+01
-9.607796293333333892e+01
-9.607796293333333892e+01
-9.607796293333333892e+01
-9.605796293333334290e+01
-9.551796293333333665e+01
-9.607796293333333892e+01
-9.586796293333334518e+01
-9.567796293333333324e+01
-9.607796293333333892e+01
-9.604796293333333779e+01
-9.607796293333333892e+01
-9.607796293333333892e+01
-9.607796293333333892e+01
-9.544796293333334347e+01
-7.088796293333334120e+01
-9.256796293333334802e+01
-8.510796293333334006e+01
-4.588796293333332699e+01
-9.607796293333333892e+01
-3.783796293333332983e+01
-9.607796293333333892e+01
-5.192796293333332613e+01
-9.607796293333333892e+01
-9.607796293333333892e+01
-9.607796293333333892e+01
-9.607796293333333892e+01
-9.607796293333333892e+01
-9.607796293333333892e+01
-9.607796293333333892e+01
-9.295796293333333438e+01
-9.607796293333333892e+01
-8.634796293333333495e+01
-9.607796293333333892e+01
-9.607796293333333892e+01
-9.593796293333333836e+01
-9.607796293333333892e+01
-8.382796293333333892e+01
-9.607796293333333892e+01
-4.883796293333332983e+01
-9.607796293333333892e+01
-9.607796293333333892e+01
-9.607796293333333892e+01
-8.595796293333333438e+01
-6.582796293333333892e+01
-9.607796293333333892e+01
-9.607796293333333892e+01
-4.083796293333332983e+01
-9.607796293333333892e+01
-8.714796293333333210e+01
-8.575796293333333153e+01
-8.427796293333334177e+01
-6.483796293333332983e+01
-9.607796293333333892e+01
-8.385796293333334006e+01
