-2.402471307202428719e+01
-2.872473160599995268e+01
-2.677367942506905862e+01
-3.025128389947651897e+01
-2.602354434044073628e+01
-2.471737748804232382e+01
-2.555392689636450143e+01
-2.729563732093977535e+01
-2.656128553821688953e+01
-2.067211172692197962e+01
-2.625580337903144468e+01
-2.741153785661023079e+01
-3.252131585511478562e+01
-3.499193782699170896e+01
-3.296154536858002615e+01
-3.233450549032440335e+01
-3.309823599163677699e+01
-2.697186726487967334e+01
-2.408600966588113934e+01
-3.163246443244213424e+01
-4.165387820084669102e+01
-3.420766996110024394e+01
-3.093129827525133990e+01
-3.035520360096443682e+01
-4.560394593581791156e+01
-2.452369341002279057e+01
-4.407453690296616600e+01
-5.265479070090224667e+01
-4.881430281226857204e+01
-3.854462876230662971e+01
-5.742365644360585719e+01
-5.191372450486481682e+01
-4.684476725960809063e+01
-4.616897471773237527e+01
-3.365752754224752152e+01
-3.234945934015357949e+01
-5.284944325972407597e+01
-3.516866099723871031e+01
-4.810553702253967856e+01
-4.255926081214907697e+01
-5.415566513676356664e+01
-4.315667806275180141e+01
-4.135890607655228735e+01
-3.859053580376210846e+01
-3.061507317380520377e+01
-4.603554310297587904e+01
-4.863532367752088703e+01
-5.870524331245645300e+01
-4.558640921974168236e+01
-5.756132005635421933e+01
-4.701314665211344135e+01
-4.466054323894836386e+01
-4.851912669646925025e+01
-4.304832960075490433e+01
-5.141247519024138057e+01
-5.372310204484709573e+01
-5.602659361151862782e+01
-1.471138513322323682e+01
-5.150164433901329630e+01
-1.383710856101453857e+01
-4.566298394747146006e+01
-5.742735474888934988e+01
-4.597455612199819086e+01
-3.097095672585550474e+01
-9.980428877699569767e+00
-4.357708790865431325e+01
-5.013073814870024592e+01
-2.683069676559451366e+01
-4.117343145826396977e+01
-5.381980561599198865e+01
-4.260992324599805414e+01
-5.312537191407243853e+01
-5.871102516263199078e+01
-4.461243735395824217e+01
-4.439572652091680283e+01
-5.242888489036221245e+01
-4.878081513742101549e+01
-4.257527716945924823e+01
-4.917043541667780460e+01
-5.161761024853384328e+01
-8.815212711803312118e+00
-5.331118354931381731e+01
-5.432266573077882299e+01
-4.011384643933811844e+01
-5.583635278406035951e+01
-3.465227901773201324e+01
-8.378577109546784030e+00
-4.122984790381922693e+01
-5.447961304732772447e+01
-5.724307772768339930e+01
-4.139452334348332840e+01
-3.629839645904149847e+01
-5.155408672152206151e+01
-4.830112581067019306e+01
-4.893339775579028839e+01
-4.609781303003187247e+01
-3.884683418389403897e+01
-4.822480642116095595e+01
-4.675531968734664900e+01
-3.736624900013351436e+01
-5.359663510581255963e+01
-4.794362697566047160e+01
-4.611210082685653333e+01
-5.605693732991307598e+01
-5.493128870090944105e+01
-5.258494419005644005e+01
-5.017693975684038321e+01
-2.172488485291605542e+01
-4.133606770381219064e+01
-4.276452104558430989e+01
-5.293229459788241797e+01
-4.901528406885345390e+01
-4.141992330490537455e+01
-4.503840635250192292e+01
-5.088204466110862967e+01
-4.821150960677037745e+01
-5.039262154394533866e+01
-4.737631290856868560e+01
-5.140535818153006886e+01
-5.250763291729537485e+01
-5.358319903057345357e+01
-5.464575650399955009e+01
-4.845621964455774133e+01
-5.246731566481613385e+01
-5.531539876010312184e+01
-6.179267948987092041e+01
-5.312887697820610100e+01
-5.711896015162951556e+01
-5.542635344275647213e+01
-4.257499773601404769e+01
-5.800983734803646996e+01
-5.555273894915295330e+01
-4.577159789207455276e+01
-2.980187558418262128e+01
-5.379289055115776108e+01
-2.460995074747854261e+01
-5.237064184889589313e+01
-5.026200288451452991e+01
-5.314138369702826026e+01
-5.045566238633603007e+01
-4.879789241154437462e+01
-4.377739774416603069e+01
-5.452608575252236989e+01
-5.212430593677729718e+01
-3.986830562650126808e+01
-5.213109246240045991e+01
-5.652824335642294784e+01
-4.536133705220166235e+01
-6.031719979991887470e+01
-4.614927346742958747e+01
-5.834944263710050194e+01
-5.644879565481643624e+01
-4.854154455523617884e+01
-4.847810414123423328e+01
-5.203779329517065833e+01
-5.176733739284185987e+01
-4.976711534196513043e+01
-5.552935081882758084e+01
-5.496098428625432319e+01
-5.877175648589005874e+01
-6.038799307161805530e+01
-4.678768942209492820e+01
-5.266348402992075961e+01
-5.584961098327308093e+01
-5.307677791481322771e+01
-5.090027666393098826e+01
-5.697625155388070084e+01
-5.653135905726242783e+01
-5.396633392369097493e+01
-5.892703562616978985e+01
-5.698168219790127864e+01
-3.126103500329689311e+01
-4.481111035612548932e+01
-5.396601351821738746e+01
-4.708193351201488497e+01
-5.220466379110234811e+01
-4.558111967112559881e+01
-6.074828712267810005e+01
-2.804015487127543338e+01
-4.890545228970393055e+01
-1.201824434250850970e+01
-2.057667530383810117e+01
-3.179792212703415899e+01
-3.611359628686578560e+01
-3.542932075410887194e+01
-3.454982621426167100e+01
-4.045454719914814490e+01
-3.543368689596440646e+01
-2.881529088022503871e+01
-3.425836594722136397e+01
-3.898052418990322110e+01
-3.153427235098355652e+01
-3.781118606433624763e+01
-3.785491660748157017e+01
-3.929709655760581910e+01
-3.395542258401638236e+01
-2.983050561689094593e+01
-3.736147120775770247e+01
-3.274644064503548435e+01
-3.781687518187229102e+01
-3.998523322688619430e+01
-3.775401059012919802e+01
-4.384106657496949566e+01
-2.865679452841713015e+01
-3.371483402355444525e+01
-3.039407348816719434e+01
-3.848756017425746734e+01
-2.581639331025789730e+01
-4.484501720051220985e+01
-3.510418055507719259e+01
-3.858168048653960369e+01
-4.291038516048649143e+01
-4.027775170759501577e+01
-2.893494846006721133e+01
-3.383981196260099722e+01
-3.508002303704724767e+01
-3.028359441860095558e+01
-4.267667617299026972e+01
-3.975777778615796620e+01
-4.164406639015821554e+01
-4.289906536013968719e+01
-4.096295851031546675e+01
-3.587431353361727560e+01
-4.072633408433578950e+01
-3.544684203213459028e+01
-3.204070265277311336e+01
-3.051509371032113904e+01
-3.645818771222693755e+01
-3.969775303921468179e+01
-3.574107291130944475e+01
-4.218439357578321847e+01
-3.597606793266695746e+01
-3.850657381052355532e+01
-4.046718031583375108e+01
-4.717062158113665760e+01
-3.260721688866988188e+01
-3.833263189756681300e+01
-3.998013501346788701e+01
-4.329274838290600513e+01
-4.521164468234947265e+01
-3.190590191639185136e+01
-4.012709562373301964e+01
-4.088122318349625317e+01
-4.229496624112270098e+01
-4.493292718987770940e+01
-4.103545439002818540e+01
-4.335269236729509856e+01
-3.067099840922746168e+01
-4.159622192325949896e+01
-4.262402535109146839e+01
-4.171766347764893368e+01
-3.715559946800648561e+01
-3.159554405859987369e+01
-3.803875372330499260e+01
-4.723635502142072795e+01
-4.360273174941205099e+01
-3.716191592637869689e+01
-5.158402382126872965e+01
-4.346905816087917884e+01
-3.829467166264259248e+01
-3.829257968529183387e+01
-3.106586460440387398e+01
-4.239783541708870018e+01
-4.969856060226413774e+01
-4.735568032617455003e+01
-4.463615083797296279e+01
-3.876179804295792053e+01
-4.974423716099169468e+01
-4.164276975181865481e+01
-4.109551408430974107e+01
-4.533633590996939233e+01
-4.712143766313963056e+01
-4.475288075362056617e+01
-3.431690114759891230e+01
-3.810975372955084595e+01
-4.366290724777667265e+01
-3.632066119765617174e+01
-4.682357978663288378e+01
-4.756298992882519627e+01
-4.571043714013898551e+01
-4.139358171056361613e+01
-3.589698724616422965e+01
-4.443391410633477534e+01
-3.835325019839714145e+01
-4.629315358303292527e+01
-4.783603149611765559e+01
-4.532328565501391893e+01
-4.562032599156746926e+01
-3.705370317873472175e+01
-4.665497405159039346e+01
-4.389368716330477582e+01
-4.631032943427675264e+01
-3.842065693640688551e+01
-4.285129002975336476e+01
-3.883664231750371698e+01
-3.862452669433898933e+01
-4.931431228224515451e+01
-3.645142955455806799e+01
-3.882724736510488839e+01
-4.559564404318556541e+01
-4.488866300381724983e+01
-3.812268015763376638e+01
-4.093489460258538060e+01
-4.066414603887895396e+01
-4.735744558311344576e+01
-4.518030324723265068e+01
-4.754922565954426261e+01
-3.869787105271801408e+01
-4.375213985232502267e+01
-4.488953254347988775e+01
-4.128164775575838519e+01
-4.422587931291953822e+01
-4.127112843799125130e+01
-4.588605192200850524e+01
-4.222808599839814292e+01
-3.813651426667005495e+01
-3.219434105887609832e+01
-4.001290942940257622e+01
-3.738332469891096110e+01
-4.115411365640449759e+01
-4.303383949610501702e+01
-3.685453016211290844e+01
-4.191023627596590018e+01
-4.101202573900997095e+01
-2.548602922829860873e+01
-3.908166130853575027e+01
-4.408737861262643776e+01
-4.275343626242764827e+01
-4.748233364114879151e+01
-3.925214762524336720e+01
-3.552002163096185683e+01
-3.757712099060270106e+01
-4.749492935840206087e+01
-4.655777704279753237e+01
-4.294852647509600274e+01
-3.827434996855723881e+01
-4.315113102455135419e+01
-4.673228128501201439e+01
-4.170542341198431302e+01
-4.957260174100903782e+01
-3.754644469146916208e+01
-4.823660726809645638e+01
-3.719949465154940071e+01
-4.705486381009170316e+01
-4.820152693964016777e+01
-4.180987780001037635e+01
-3.296707658109195904e+01
-3.718038111389353872e+01
-4.695599169701679898e+01
-3.738926938105826991e+01
-4.147976851638876639e+01
-4.196167759043879641e+01
-4.620542559753189238e+01
-4.790872448125691818e+01
-5.112004252284858552e+01
-4.518827624879348548e+01
-4.898787031893669308e+01
-3.819580372274112534e+01
-4.297606084981186569e+01
-5.047880949430247455e+01
-4.020122455494237101e+01
-5.087810943959786414e+01
-4.778653041964153658e+01
-4.403993665313144135e+01
-4.541538402227795501e+01
-5.062931583995685259e+01
-4.334584141079065489e+01
-5.010242449641955886e+01
-4.484354635878587914e+01
-4.473632163819384289e+01
-4.755443279627528597e+01
-5.172467006537273448e+01
-4.042710963856900719e+01
-3.747346197346495700e+01
-3.685504479180467996e+01
-4.467997101285349260e+01
-4.629567454042078367e+01
-4.842391733918270091e+01
-3.259078318419464892e+01
-2.922389946859254906e+01
-4.266404130826609986e+01
-4.537343841858482563e+01
-4.600305728370722846e+01
-4.859627922512441955e+01
-4.603095364875436957e+01
-4.024745025461694325e+01
-4.639435617115712063e+01
-5.203107741401478137e+01
-5.061984786428943295e+01
-4.126220662498882774e+01
-5.068700757119456313e+01
-4.885772121298159476e+01
-4.505050627543280228e+01
-3.907869565742539208e+01
-4.801548466492152301e+01
-5.147317826926564521e+01
-4.483432728936197975e+01
-4.213626013168443762e+01
-4.339987175730677649e+01
-5.077012240485743888e+01
-4.092304532866393174e+01
-4.421520005024824940e+01
-4.481239673673509571e+01
-5.040975609258753565e+01
-5.159067663472622201e+01
-5.270938830141137998e+01
-4.267117278209984477e+01
-5.080842617961472740e+01
-4.510949382797768692e+01
-4.966652082856021622e+01
-4.795725141029414829e+01
-4.556860206195956664e+01
-4.580055795653589001e+01
-4.449222698012008692e+01
-3.785675733624611183e+01
-3.794510672519813710e+01
-4.112269533228039364e+01
-4.469462500409289163e+01
-4.207028136103883043e+01
-4.779315256649937993e+01
-5.418754505593590665e+01
-4.292975033220539416e+01
-4.244193737814000400e+01
-4.465776222865507350e+01
-5.207896147808098419e+01
-4.610460042938424863e+01
-3.279320302972317336e+01
-4.579060820990735436e+01
-3.854201402178107827e+01
-4.386739408693058095e+01
-3.602696309261762053e+01
-4.587084600515410671e+01
-4.568896536449157253e+01
-5.427648666365981001e+01
-4.959987151347653622e+01
-5.266296455375299246e+01
-3.109185409866910987e+01
-5.116381546320331353e+01
-4.761952579226856130e+01
-4.116627263613622745e+01
-5.468344637805177655e+01
-3.462121468871150398e+01
-5.187049577855557203e+01
-4.072724891468698871e+01
-4.400231975415738361e+01
-4.681558375267216832e+01
-5.263886692063965711e+01
-4.790500576397175081e+01
-5.027251164107491377e+01
-4.387384556078358600e+01
-3.962571912029521570e+01
-3.915783470358553586e+01
-3.830514564751821638e+01
-4.782180667665961948e+01
-4.727734518736254188e+01
-4.488586765701182202e+01
-4.629483842313445052e+01
-4.445078006291858941e+01
-4.376708584371512956e+01
-4.795107276662965745e+01
-5.152957118538736836e+01
-5.134328074493538452e+01
-4.852541658730731200e+01
-3.844684148852143579e+01
-5.264600150528815448e+01
-5.069213607677099986e+01
-4.414178753205342787e+01
-4.430361967667982981e+01
-4.714915651820088982e+01
-5.296666805677994461e+01
-4.783271645892816082e+01
-4.541078246429436405e+01
-4.405088983776972356e+01
-4.909031293710030042e+01
-4.663283047693028749e+01
-4.805489670276707415e+01
-4.393510117420913019e+01
-4.898079904578341370e+01
-4.435443175432109797e+01
-4.175847370456359187e+01
-4.974022206515818567e+01
-3.842790086450948905e+01
-3.756699157564271729e+01
-4.545212926184317581e+01
-4.323621932082610186e+01
-4.804942632117323598e+01
-2.731414597428240043e+01
-3.017315240635453577e+01
-4.483475577557258163e+01
-4.575673707621005804e+01
-4.727480090569968496e+01
-3.541061601993027352e+01
-5.398393112734110844e+01
-3.560282623269488766e+01
-4.656930131569762210e+01
-4.084579769358322210e+01
-4.472615368217751097e+01
-5.118607347714663547e+01
-4.982678794575980419e+01
-5.227735722818429309e+01
-4.537893033542958676e+01
-4.786535878405141631e+01
-4.279514306004873703e+01
-3.231972812248681493e+01
-5.113621726735566142e+01
-4.521028582665368845e+01
-3.323120476830771963e+01
-5.278507290245141803e+01
-2.647417114127010507e+01
-4.887853659883641910e+01
-3.721842750603286731e+01
-3.176176232032587876e+01
-4.682145973014388574e+01
-3.143549617617062353e+01
-2.975403487948302228e+01
-2.037872801485112717e+01
-4.469016831370073817e+01
-4.515597175988188638e+01
-4.651232134258853534e+01
-4.314972766391481684e+01
-4.550890066784210575e+01
-4.901426255710889279e+01
-3.538647401520459823e+01
-5.257649450893165977e+01
-4.983870087409410843e+01
-5.355766161984072937e+01
-5.023832252277083654e+01
-2.458395954352546653e+01
-4.488445568237982997e+01
-4.931070061328637877e+01
-4.780801019615801550e+01
-4.884568553687230263e+01
-4.713746387754846268e+01
-4.600766526653605126e+01
-4.095569201553824712e+01
-5.147433386750105200e+01
-4.390392924750460679e+01
-4.770448388578796539e+01
-4.062788674411221734e+01
-5.415206656619010062e+01
-4.996288944767805873e+01
-4.192140489384038915e+01
-4.108488696977700982e+01
-5.141507385855035039e+01
-4.416096574481193926e+01
-5.025747266902658339e+01
-4.070473036061118677e+01
-3.925673819637032835e+01
-2.425777215399526199e+01
-4.918448886987280844e+01
-4.210129781759270173e+01
-4.616059935972985784e+01
-3.470584729877165842e+01
-5.257634819786039770e+01
-4.271807496014812244e+01
-3.738935949725499341e+01
-5.147753651733557945e+01
-3.912931516312953306e+01
-4.672825457231916602e+01
-4.024311233140828392e+01
-3.821705025046362891e+01
-5.427442135741372198e+01
-4.078806291465247824e+01
-5.278653276793836824e+01
-5.349741554521050091e+01
-5.115267235032455773e+01
-4.755125096218397829e+01
-4.768980919593170853e+01
-3.775510541859154046e+01
-4.054337477457167438e+01
-4.874425401237672162e+01
-2.625126187152165969e+01
-4.130743412700854833e+01
-4.018829751035143261e+01
-4.933776133694259869e+01
-4.525391713100363944e+01
-4.115834233244493845e+01
-4.120024608330817983e+01
-4.345377219692672810e+01
-4.285942715255949764e+01
-2.719251906066381608e+01
-4.520121858771324241e+01
-4.897484262206378247e+01
-4.593354191571772560e+01
-3.794496449460390863e+01
-4.183484065830808873e+01
-3.007596418337356425e+01
-3.707609812460564314e+01
-4.458089034110167148e+01
-4.559932849255913112e+01
-3.700024542988159482e+01
-4.124892250798552595e+01
-4.159467980886402927e+01
-4.000417921607409966e+01
-2.372943135363911438e+01
-3.572934231475668554e+01
-4.735561497950920540e+01
-4.512949856935063053e+01
-3.874187783593129808e+01
-4.008706591072296277e+01
-4.394253518459969854e+01
-4.124809680040314674e+01
-4.673766338182235103e+01
-4.793928177561627280e+01
-2.036941473111640022e+01
-3.367444405589237988e+01
-3.620547342037642835e+01
-4.612332869736562913e+01
-4.797469772011915978e+01
-3.237232266483854204e+01
-5.079106927548505013e+01
-3.876531242234662500e+01
-4.589482756637222138e+01
-3.623783160076861520e+01
-3.917237382535667933e+01
-4.390043616115908520e+01
-2.916897675648927546e+01
-3.613146215745076972e+01
-4.514013228429227809e+01
-3.983275949037151520e+01
-3.776325973381793943e+01
-3.281458506596688096e+01
-3.584335499674507730e+01
-3.035960065267757102e+01
-3.095007465282968440e+01
-2.916635051007198953e+01
-3.180572864697329649e+01
-4.133989762211471941e+01
-2.823683218601542322e+01
-3.669505137054026989e+01
-4.549659967257203164e+01
-4.351751762052009553e+01
-3.602498053052802618e+01
-3.290022430256036046e+01
-3.053350697596247798e+01
-3.947373545659031180e+01
-4.313707944358603186e+01
-3.937595194554733524e+01
-4.405631541320136080e+01
-4.624767817458141650e+01
-2.706831885204820409e+01
-3.477531264114166731e+01
-2.906251363777687757e+01
-4.469678394937236732e+01
-3.252421345449754853e+01
-3.538221833696813690e+01
-3.531693132659265189e+01
-3.639387547164204761e+01
-3.644065071144238033e+01
-3.587236596827023760e+01
-4.261104247437712189e+01
-2.982295873684316945e+01
-3.999027144044248416e+01
-3.522211749477825293e+01
-3.646139288179527682e+01
-3.314599340338244815e+01
-3.278119476957073175e+01
-4.267301083693094199e+01
-2.842456895510443715e+01
-4.063677015078793175e+01
-3.302610087815746454e+01
-3.097476910158703234e+01
-4.354483454125553266e+01
-4.273244265528084895e+01
-3.945416171265188154e+01
-4.847839977836020608e+01
-3.493608988111189007e+01
-3.824426458343121737e+01
-4.215810643563300175e+01
-3.469842801469950189e+01
-4.190110132594410430e+01
-3.333235759068503512e+01
-3.545131900280048853e+01
-4.271514680368731121e+01
-3.466001873567361002e+01
-4.182390131476040551e+01
-4.482850970199130813e+01
-3.587588104271554812e+01
-4.345876114830264214e+01
-3.476333842965568266e+01
-2.881078813599278377e+01
-3.354193495473931108e+01
-3.030613278421681756e+01
-3.694145091432726247e+01
-2.578442329138546540e+01
-3.507399703402531088e+01
-2.914311406693063589e+01
-3.138136777173876624e+01
-2.678154748157535892e+01
-3.349077768471724426e+01
-3.789851717648217289e+01
-3.471951359809332871e+01
-4.225286160680416003e+01
-3.208737094012460034e+01
-3.879803763465231725e+01
-2.768702795937170791e+01
-3.800578637170541185e+01
-3.267780990906811667e+01
-4.113191290923057863e+01
-4.242914414953782654e+01
-3.876982988779959527e+01
-4.203627489340011891e+01
-3.242703120541341377e+01
-3.810424218752440595e+01
-3.360328466323501573e+01
-3.728192425517519126e+01
-3.090790665667793036e+01
-3.382398201816830152e+01
-3.248805553255135692e+01
-3.856808012902053662e+01
-3.736856583379640284e+01
-3.369176594920441659e+01
-3.354834684609795659e+01
-4.320732932699709750e+01
-3.090210128972805492e+01
-3.637604749365200263e+01
-3.950612650699495276e+01
-2.861531216035232816e+01
-3.079850746110499671e+01
-3.667014337924970135e+01
-4.187457657674069367e+01
-3.629630315325626810e+01
-4.229347377849072842e+01
-3.597872429749569534e+01
-3.410525873465963542e+01
-2.967882550882531234e+01
-3.412601177999145818e+01
-3.785804369105900946e+01
-3.496494726611835802e+01
-3.262688122231625698e+01
-2.868743013756848370e+01
-4.268498529489532700e+01
-3.524463690390608406e+01
-4.141357693895830749e+01
-3.298705099425593801e+01
-3.884957938701977298e+01
-4.121837273400537072e+01
-3.651496783010129832e+01
-3.530988824316844443e+01
-2.843843318616339388e+01
-2.925318833029746557e+01
-4.198660182439510180e+01
-3.286840420529178886e+01
-3.950648613352517202e+01
-3.952796319646699885e+01
-3.585993768486925859e+01
-4.074616704231237208e+01
-3.645946719806519809e+01
-4.053335416014794390e+01
-4.038822649341687310e+01
-4.184659444319697030e+01
-4.446182507133024586e+01
-4.059286170931374471e+01
-4.021400479793611282e+01
-3.903761568700732454e+01
-4.525435397713332719e+01
-4.905082956125831117e+01
-4.840855086150079956e+01
-4.550408698229252735e+01
-4.513277767015078012e+01
-4.491043386991416497e+01
-4.037814943147242985e+01
-3.711211795324504692e+01
-5.156810921477536169e+01
-4.456329711162275942e+01
-5.048238157553841177e+01
-4.896778412614825271e+01
-5.247821863801297582e+01
-3.921492000840716230e+01
-4.138293802072903560e+01
-4.571572334235614221e+01
-4.157378733585677111e+01
-4.879803411718212658e+01
-4.396743235195545907e+01
-4.228122081065623661e+01
-4.444416894042297628e+01
-3.333193657719731107e+01
-2.725969058708057347e+01
-2.890804665094245252e+01
-2.759093449242404716e+01
-3.319171599053952093e+01
-4.118174103111446982e+01
-3.442184684544324114e+01
-3.118892316906752527e+01
-3.921393878974689784e+01
-3.261651979398497758e+01
-3.102017619688751182e+01
-3.434191347937241545e+01
-3.547845046735393026e+01
-3.462238612310940056e+01
-3.167100396906811710e+01
-2.981288189121954701e+01
-2.697026140460290478e+01
-3.131462624755617341e+01
-3.283881379741039552e+01
-3.188430830963397611e+01
-3.134871208981985546e+01
-2.902942310752573007e+01
-2.692925869842223818e+01
-3.211636653118902984e+01
-3.734339832176333118e+01
-2.961789903665419388e+01
-2.785187636651414067e+01
-3.347252974412342752e+01
-3.364339626453203635e+01
-3.062436767641936797e+01
-3.733009430232783643e+01
-3.257033739145744278e+01
-3.051464199503501717e+01
-2.910082864864548924e+01
-2.618867914639928784e+01
-2.680836049813906996e+01
-2.563960495997231348e+01
-3.848586869829038903e+01
-3.388442639238692067e+01
-3.084973573589384088e+01
-2.526140230618905491e+01
-3.206037214490120135e+01
-3.567595217773864391e+01
-3.062910623244656705e+01
-3.336241853185848072e+01
-3.175575311155611047e+01
-2.653054958503733474e+01
-2.759942986525317110e+01
-3.102812654752020904e+01
-3.030845496170794817e+01
-2.778868802607885868e+01
-2.816688630795257353e+01
-2.688857245184201616e+01
-3.216934349135941318e+01
-2.469793210325340382e+01
-3.050262948935356988e+01
-2.301505457566783974e+01
-2.262602948358292565e+01
-2.951890395582297799e+01
-2.160437975415011991e+01
-2.181267907586305199e+01
-2.351200008163108990e+01
-2.965370950446112275e+01
-2.772281930734062882e+01
-3.335982321905515136e+01
-3.103346910015221383e+01
-2.743857647447249448e+01
-3.433654818984572898e+01
-1.970162482830169282e+01
-2.828523085780738100e+01
-2.703340455539849430e+01
-2.345045191342835977e+01
-1.941912379235884956e+01
-2.576820347601195138e+01
-2.357497532215061398e+01
-2.835648495301850502e+01
-2.321848909199164623e+01
-2.878093091479823329e+01
-2.812723230544968089e+01
-2.120531279597587471e+01
-2.407376901430372840e+01
-2.636214210953848180e+01
-2.289645401756284571e+01
-1.667474700957859568e+01
-2.981538336167977832e+01
-1.862257165780090773e+01
-2.582410936386055411e+01
-2.490015528723144556e+01
-2.266485391745998612e+01
-2.547768207890939607e+01
-2.197839360201896142e+01
-1.747314974887741812e+01
-2.721242213272887511e+01
-3.124368319945079975e+01
-2.025623129058794802e+01
-2.362604546048779142e+01
-2.315189255533176649e+01
-1.711266784928297824e+01
-1.869783566212539938e+01
-2.180775502955934897e+01
-2.145294781603488943e+01
-2.347689449892450497e+01
-2.059326753227776052e+01
-2.460138185298411528e+01
-1.942503450464679204e+01
-1.079240450714923938e+01
-1.527755937110121387e+01
-2.145560920673884908e+01
-2.285866794856120165e+01
-2.731073025912525054e+01
-1.986365573030854037e+01
-2.262733007735808144e+01
-1.378149520791545335e+01
-1.811368788727417467e+01
-1.795917537309034273e+01
-2.426313903521515414e+01
-2.045558701596121054e+01
-7.869988345786307349e+00
-1.963954942147011451e+01
-1.288901634085539705e+01
-1.875030457346140622e+01
-1.815668258462601159e+01
-8.239956323376429026e+00
-6.515352279586119622e+00
-2.107391618353790363e+01
-1.090134569607550041e+01
-1.921802868171201339e+01
-2.139276089295656647e+01
-1.543766131673570285e+01
-1.864510993998023025e+01
-7.222254650486677363e+00
-1.925862564579208325e+01
-1.743167842417756574e+01
-1.367778250630346548e+01
-8.335027591083008502e+00
-1.114450888054811628e+01
-1.112849016245436928e+01
-4.300050034711498270e+00
-1.944410621180340470e+01
-1.594978207900106248e+01
-1.787499813524502557e+01
-2.167785733211803745e+01
-1.983651311726150368e+01
-1.932156801039035088e+01
-4.512309817898258579e+00
-2.270067525804761388e+01
-2.016250741629610843e+01
-1.386742035466946987e+01
-1.921747834778067343e+01
-1.882365376307263105e+01
-2.114397483498384389e+01
-1.674824302474068816e+01
-1.828042095811754564e+01
-2.302650475932693652e+01
-1.974104410715498048e+01
-1.247752767965252474e+01
-2.310755430553230738e+00
-3.159801025218139880e+00
-2.124712416183032104e+01
-1.877804110592120068e+01
-2.419410951385612307e+01
-1.808811173490663293e+01
-4.025659420467882832e+00
-1.695202139426996268e+01
-2.037187807757649693e+01
-2.336795044809654609e+00
-3.153939341919848260e+00
-1.819948453247101128e+01
-3.398134526768444630e+00
-9.648317983268311693e+00
-4.851717349166015936e+00
-1.678826765200417270e+01
-1.691523091049326766e+01
-2.060964113648572749e+01
-3.807601427210079326e+00
-1.854406243227479933e+01
-3.892648979048683344e+00
-2.002684842256805098e+01
-2.126272894252426227e+01
-2.376413080017902857e+01
-1.343146052778869759e+01
-7.712324111923539505e+00
-8.631418717747694203e+00
-2.458953339846868857e+01
-1.527331158405168665e+01
-3.780386286480636127e+00
-2.116822446118579748e+01
-1.213222869217069011e+01
-1.936617475925476839e+01
-3.646860926728079377e+00
-2.086663717383457950e+01
-2.187599787599731371e+01
-1.824118907977580761e+01
-1.323333123536884948e+01
-1.977809490541280368e+01
-1.347667627142379843e+01
-1.787049104796029297e+01
-5.250067763389132836e+00
-2.078153961838156505e+01
-1.869525579666740356e+01
-2.396147777624227260e+01
-2.483973924349168527e+01
-1.753989896174307006e+01
-2.000610107413188032e+01
-1.821654399550675762e+01
-2.389887508269334759e+01
-1.748104482457454623e+01
-1.906934150326741673e+01
-1.840240534270252226e+01
-1.872030591742870698e+01
-1.668188644928708442e+01
-1.730518301462448605e+01
-1.842741101654808489e+01
-1.762725885214286592e+01
-2.080851755430624905e+01
-1.877499535316172796e+01
-4.425116490294283444e+00
-2.107102267721988298e+01
-1.934959686557986203e+01
-2.072580368678934448e+01
-2.142493100387867599e+01
-2.217063393801742421e+01
-2.089063741831452248e+01
-1.983618541811314628e+01
