-2.306056926732210144e+01
-2.622333551788965877e+01
-2.572676532101102609e+01
-4.214198050426062991e+01
-3.580027283193049925e+01
-2.198479560889112250e+01
-1.976554470198629687e+01
-1.362121196660403832e+01
-2.219712509196323680e+01
-2.946092576050538270e+01
-4.827997960927764609e+01
-4.291208336523994404e+01
-2.620285890529841666e+01
-3.807438506549444668e+01
-3.520124255841046335e+01
-2.628615569250447948e+01
-2.600713829541734512e+01
-1.159432591332469720e+01
-3.182598667649640234e+01
-2.121184428801473842e+01
-2.163061706499348347e+01
-2.335482957839328577e+01
-2.537438009607972234e+01
-3.693133334144201996e+01
-3.464757364144752927e+01
-3.326265281948707297e+01
-2.877438622730819162e+01
-3.249089532050147255e+01
-4.206599801116610138e+01
-4.181110324837529646e+01
-3.847343123998302161e+01
-4.617344473169548991e+01
-4.246678709692027098e+01
-4.440102641250665982e+01
-2.324908459261930105e+01
-4.206770622018611405e+00
-2.158256574096889580e+01
-1.972517676385892216e+01
-2.790133208894546257e+01
-2.897747915307132871e+01
-4.332286962625275351e+01
-3.827436029035700216e+01
-3.745002227279039886e+01
-2.986994733790105983e+01
-3.077516476398290735e+01
-2.901700496573549870e+01
-3.162902740680267044e+01
-3.063441238984930237e+01
-2.554211827183283745e+01
-3.388675941237943334e+01
-3.208215450001719660e+01
-3.022648704893213178e+01
-3.442299626675848145e+01
-3.214877201073137059e+01
-3.052342886415781820e+01
-3.556812166825169896e+01
-2.680455879156278343e+01
-2.617671716666781023e+01
-2.769288665927488324e+01
-3.379885988594347879e+01
-3.566687892578114116e+01
-2.944381652541226302e+01
-3.460224778597442707e+01
-2.783786784915663404e+01
-3.135645768548551615e+01
-3.333990600877333321e+01
-3.062887403171643186e+01
-3.369805365038061495e+01
-2.690429945173361759e+01
-2.953923051856817139e+01
-3.550485143969689972e+01
-2.528698623983623506e+01
-2.893014926412685384e+01
-3.534215561593079968e+01
-2.770113158939438947e+01
-3.061639847637932732e+01
-2.489268690131972050e+01
-2.680155589855083420e+01
-3.617551654853603793e+01
-2.476405888888781703e+01
-2.753369067046781993e+01
-2.394616181321410053e+01
-2.815409368140534241e+01
-3.486167208521260363e+01
-2.884949502946888344e+01
-2.407829235032091475e+01
-3.528602836967331768e+01
-3.218587919234239791e+01
-3.660834219171319148e+01
-2.592768146827877374e+01
-3.220683780134054075e+01
-2.986302381483646684e+01
-3.841756220421283530e+01
-3.914526722889958421e+01
-4.093208853414587622e+01
-2.517738152786560946e+01
-3.249581247767260805e+01
-2.878955417281627405e+01
-2.832134753559081286e+00
-2.796051076812906100e+00
-2.723434405581414808e+01
-1.313954307427383306e+01
-2.413636674045018182e+01
-1.872303902330819270e+01
-2.634133605981583770e+01
-2.185343171152030095e+01
-1.875171357770578240e+01
-2.614645228248085118e+01
-7.894830611315368785e+00
-2.851346501934771638e+01
-2.773464929675530399e+01
-2.541227717645585926e+01
-1.531979498779665150e+01
-1.717633534198210299e+01
-2.920500899257068994e+01
-2.847746565322907131e+01
-2.350574972304238486e+01
-2.160614240188169077e+01
-4.167360203650330774e+00
-2.079217745382571891e+01
-2.260633758106717295e+01
-8.416342807793371961e+00
-2.068984622387086247e+01
-3.621936153258686009e+00
-1.795108992642140677e+01
-2.300049566391663447e+01
-1.885382329593559803e+01
-1.894469981981859519e+01
-8.959394949991127177e+00
-2.464093975102052880e+01
-2.265779643055259029e+01
-1.863976114126552019e+01
-2.450088681935679702e+01
-2.857681967662767875e+01
-2.825082349499034251e+01
-2.118918153772692747e+01
-2.435580852074989977e+01
-2.313011787282169962e+01
-2.467145302492678383e+01
-2.643149044774932221e+01
-1.833215940803669142e+01
-2.071691291991422545e+01
-3.002876924439222606e+01
-2.341827150193787332e+01
-1.266613607786396045e+01
-2.404774388758596970e+01
-2.202352304851814324e+01
-2.298763717933272588e+01
-2.845690653690584426e+01
-2.856087421356773604e+01
-2.925977316596747713e+01
-2.107771955241524253e+01
-2.974526479823099834e+01
-2.815311621472012149e+01
-2.380878999822957809e+01
-2.256148584287759817e+01
-1.988008437844391452e+01
-2.501179667582020372e+01
-2.379926389407827614e+01
-2.764376796281221615e+01
-2.154493151917354155e+01
-1.947421685417685211e+01
-1.851438777522999857e+01
-1.970462038256395942e+01
-1.901261673658506623e+01
-2.369730898282595888e+01
-1.964834496350177417e+01
-2.084134727370704709e+01
-2.801635839471107658e+01
-2.487306440936046670e+01
-2.500104501527141565e+01
-2.011689186910550120e+01
-2.159273439263437666e+01
-2.384241848333284608e+01
-2.509954170383845806e+01
-2.438587925517867561e+01
-1.717703452037999057e+01
-2.618754449401490803e+01
-8.496197174917140771e+00
-1.941613689211049021e+01
-2.116796038990461071e+01
-1.948108101461646413e+01
-1.890231728093531416e+01
-1.954498561863162820e+01
-2.349963615660548655e+01
-2.044853333273924179e+01
-3.716663452630422970e+00
-2.160455898103871064e+01
-2.066183816336875978e+01
-1.825021026727104712e+01
-2.415444988009002714e+01
-1.948677266849449552e+01
-1.241719449844849521e+01
-2.233206891567333940e+01
-2.015183410545445142e+01
-1.970235005686415874e+01
-2.236472028285097480e+01
-2.451778284369440897e+01
-1.864207292629577495e+01
-2.132115201340062072e+01
-2.509924701840301609e+01
-2.178214775498308953e+01
-2.164680352796331775e+01
-2.468905527504672293e+01
-2.762320134413360151e+01
-2.388844131561571871e+01
-3.061102428724560198e+01
-2.571900324709058694e+01
-3.127841911135345754e+01
-2.863048244845080958e+01
-2.290550292819926170e+01
-2.989312546198467047e+01
-3.109098719130993160e+01
-3.880604645579420975e+01
-4.057593483718604688e+01
-4.087505908420616407e+01
-3.564566818563694994e+01
-2.855585258187257836e+01
-2.567500277528358765e+01
-1.685323146539064965e+01
-2.595243077196015946e+01
-2.233112006127988636e+01
-2.221665404815946587e+01
-2.016864362889944928e+01
-2.256328580342427514e+01
-1.927255308649200671e+01
-2.742876792374452677e+01
-2.465906584721649608e+01
-1.965573822064280662e+01
-1.945614667888669658e+01
-2.304096566523401179e+01
-2.049646237676361693e+01
-1.705376069020464769e+01
-2.155703260165300605e+01
-2.048305336323200621e+01
-1.940880988016334996e+01
-2.201516618865971608e+01
-1.736808812537423918e+01
-8.043935897213540187e+00
-2.040102660123293532e+01
-2.054080185484714605e+01
-1.983655130535982281e+01
-1.842473167959651903e+01
-1.802381239150118120e+01
-1.806999820922001021e+01
-1.645119155375331843e+01
-5.184811052327696679e+00
-1.782323949500409910e+01
-1.743347008317873303e+01
-5.487846107014245689e+00
-7.919860341127580305e+00
-5.135959726392417934e+00
-5.730049781935180775e+00
-3.986232014624575548e+00
-3.428593655580641553e+00
-3.096238330858402943e+00
-4.348270153941907523e+00
-1.709652158513281961e+01
-2.953336220050807981e+00
-1.475007887867378642e+01
-3.396924996036953637e+00
-9.641347822340982532e+00
-3.597914181206456785e+00
-3.972506672678753681e+00
-1.204322713673514045e+01
-1.002990221094027490e+01
-4.199361451497834352e+00
-6.878793653583212375e+00
-1.756929600748681608e+01
-6.732032701694716792e+00
-1.130070486771072780e+01
-1.553053353231775269e+01
-1.816460324323753284e+01
-1.146675860523559187e+01
-1.889037332803020064e+01
-1.750576828902844539e+01
-1.206273366199264885e+01
-1.461153451970117167e+01
-1.827814595873302395e+01
-1.866759154567838408e+01
-2.350052959932242658e+01
-1.824927781529455117e+01
-7.205730094619759996e+00
-1.583805999882026327e+01
-2.166705019236682261e+01
-1.365437167179157107e+01
-2.283471306617873609e+01
-2.818230582928124051e+01
-2.810503597287813093e+01
-2.575944043470225253e+01
-2.958233062371604305e+01
-2.459381758041841337e+01
-3.122580249636628835e+01
-1.451323659136480870e+01
-1.076270406603937602e+01
-1.356840596707864854e+01
-2.103661001299977329e+01
-1.874435064927045502e+01
-2.039043593136700494e+01
-6.592539324124114586e+00
-4.380927632374677749e+00
-1.039482868496050472e+01
-2.236112744473399871e+01
-3.510645880805586039e+00
-9.158219582362409739e+00
-2.257722485373083643e+01
-8.035439371892936222e+00
-1.900891842304069712e+01
-1.635145184707765154e+01
-2.458166236855762676e+01
-2.230265778609920346e+01
-1.970619086030144729e+01
-1.991028473724408343e+01
-2.465586151456779618e+01
-1.818135201845227655e+01
-2.505970133481848450e+01
-7.270978103505189694e+00
-2.227120000724280047e+01
-2.139871599170729155e+01
-2.156265999368867980e+01
-2.143181099624614916e+01
-1.436731029813480021e+01
-2.319931426804361863e+01
-1.813678281469378106e+01
-1.471470950137167755e+01
-2.086296229623529186e+01
-1.840437107447375098e+01
-1.930853968258278996e+01
-1.896907179555355683e+01
-2.031355110373286621e+01
-1.616611071731441385e+01
-1.896633148993667461e+01
-1.418723491287747684e+01
-9.590668958203185213e+00
-4.216002314968394060e+00
-2.278142601889205210e+01
-1.806683692232250493e+01
-2.017561232696484197e+01
-1.984279385396304463e+01
-2.369642401098787587e+01
-2.069954190593273324e+01
-2.063936941492689314e+01
-1.704661550435646333e+01
-2.087030006005270621e+01
-1.801044330241071734e+01
-2.324778569063179745e+01
-1.967799996848561861e+01
-2.116693724263962295e+01
-2.133597054184579278e+01
-1.466372780454049796e+01
-1.977700575141308548e+01
-1.854318058325164031e+01
-1.156223400619664687e+01
-2.030857171593780208e+01
-1.906293267002696012e+01
-1.963970001639518514e+01
-1.956496349553430036e+01
-8.862335521612392242e+00
-2.058474316615339816e+01
-1.837101293347287267e+01
-2.398771527680887772e+01
-2.596102421646100211e+01
-2.161795402104918651e+01
-1.643463854471129082e+01
-2.042716372443509343e+01
-1.355611490459562063e+01
-2.077700245084272623e+01
-2.446275810249104055e+01
-2.347511696818284577e+01
-3.325987036508486483e+00
-2.232747007368837799e+01
-2.350397470192806892e+01
-2.509670861625053107e+01
-2.100239396034575989e+01
-1.846946139547441490e+01
-1.545009255002274529e+01
-2.260656970391565679e+01
-2.076367936141112125e+01
-2.190888735279993682e+01
-2.218859087307432532e+01
-2.269351108632382008e+01
-2.137524827584948994e+01
-1.990656521038174276e+01
-2.340674427613553021e+01
-2.065959199770940202e+01
-2.300191318595005896e+01
-1.931949974451780605e+01
-2.243541386773840074e+01
-2.084565512889053096e+01
-2.314228465757063091e+01
-2.082847819082112295e+01
-2.146457680941127677e+01
-1.952620739951437656e+01
-2.436208295778815724e+01
-2.327385000268785831e+01
-2.332788070308194150e+01
-2.161817611448277887e+01
-2.214780279169936961e+01
-2.295676935620284453e+01
-2.347895242321292031e+01
-2.330597284316381490e+01
-2.126562203368279214e+01
-1.483987652437879667e+01
-1.325917952853197868e+01
-2.062886402942040576e+01
-2.275815281187333738e+01
-2.450449963458368785e+01
-2.088836379225233131e+01
-1.921768683120907895e+01
-1.658382250121868751e+01
-2.377220900140111581e+01
-1.788932896946836593e+01
-2.384393571166263470e+01
-2.208009132202661107e+01
-2.667289156499332847e+01
-2.168546687269306616e+01
-1.567599066955304643e+01
-7.212669673028483608e+00
-4.054431936979829842e+00
-2.372911807905657255e+01
-9.634580975748004761e+00
-1.618961237518276519e+01
-2.197456250689293711e+01
-2.361806190008310224e+01
-1.928138269906277102e+01
-1.002575833550023532e+01
-1.059412323845284298e+01
-2.440048540751445572e+01
-2.449360334948832119e+01
-1.882703207952338431e+01
-1.557435341186999089e+01
-1.949534798458214979e+01
-2.046531021610327628e+01
-2.216713493482603781e+01
-2.308075279632782539e+01
-2.104243539437507593e+01
-1.278928827649645328e+01
-2.296778761650997325e+01
-1.882509660673216700e+01
-2.153180182268994614e+01
-8.607433759388747774e+00
-1.371719157659954114e+01
-1.796500822812304321e+01
-1.692174421651311889e+01
-2.213281419735153221e+01
-1.575439910508858077e+01
-3.786403910603934886e+00
-2.211129950946867595e+01
-3.653749471841913010e+00
-4.416009472656512003e+00
-1.764931384732337705e+01
-4.320534450566143825e+00
-2.496594812524384466e+01
-3.237374550064297196e+00
-1.005628653288646746e+01
-2.083861890060507349e+01
-3.203924948008210816e+00
-1.898333373637446186e+01
-2.112703064208806580e+01
-1.377450797757409617e+01
-9.335599568692472872e+00
-3.653027064288591141e+00
-3.353400570914798706e+00
-1.869029682211428423e+01
-1.624824851359113609e+01
-1.737037970885685922e+01
-1.968909180827888505e+01
-2.074023464607711276e+01
-1.183843000007155410e+01
-1.921352363726662205e+01
-2.097506879511383460e+01
-1.923667703674034257e+01
-1.696382122140309079e+01
-3.267733849180880057e+00
-1.826407729396050783e+01
-1.948667045501924378e+01
-2.117583115809737748e+01
-2.154383929066244718e+01
-2.179225632855358086e+01
-1.668474269114975073e+01
-1.315787435298235408e+01
-8.341450184134933110e+00
-1.953304097885060386e+01
-2.025850934485879051e+01
-2.140199972816976270e+01
-1.527930875172267555e+00
-3.886335741059997684e+00
-2.933336030551392692e+00
-1.975485807915409708e+01
-4.087961580927456318e+00
-1.947063181114153707e+01
-1.206957980862343582e+01
-2.736741337086414649e+00
-1.715081737158869402e+01
-6.057468828579859021e+00
-1.786952706265546809e+01
-1.190059293213561098e+01
-1.859887971863295064e+01
-2.410282016574022634e+00
-1.374050492960699010e+01
-7.842712139163710461e+00
-7.840647148686475276e+00
-1.980977207457028300e+01
-1.395073571006730262e+01
-2.922947581634509184e+00
-9.447435908965795548e+00
-1.195401081151133482e+01
-1.459896156829326053e+01
-1.728166074511012695e+01
-1.773553180267466667e+00
-3.034356328557435312e+00
-2.439841193728361279e+00
-1.157445210741489383e+01
-7.678097796594270719e+00
-3.527421011249840532e+00
-1.948564308594928818e+01
-1.486220622948955850e+01
-1.818310074893190631e+01
-9.393798408100098030e+00
-1.988900711626233786e+01
-1.930984677922249659e+01
-3.381160894223720348e+00
-1.790801341889884668e+01
-8.935762427252440077e+00
-1.724620051653010577e+01
-5.825925565274457263e+00
-1.197216342189149074e+01
-1.707276042195017496e+00
-1.410399201268406699e+01
-3.587302774204387035e+00
-4.355403772874865354e+00
-1.838268459420362078e+01
-6.815311081718118835e+00
-2.896809643428372549e+00
-2.012796180877755958e+01
-6.017241570597997580e+00
-1.456447810590022840e+01
-1.397926589054247870e+01
-1.806363160395284595e+01
-1.102411130878277845e+01
-2.199233805567738642e+01
-1.717248480514574638e+01
-2.840065310362236861e+00
-1.661466637102506283e+01
-9.320795714675865540e+00
-3.870134052189269536e+00
-9.666445184963942339e+00
-6.554766755623824714e+00
-4.641056769177654751e+00
-6.107871496314158044e+00
-1.309788378680369014e+01
-2.228268033583508334e+00
-2.202375781644921648e+00
-2.171847139695590290e+00
-2.200366766009970831e+00
-1.667068189063861450e+00
-1.379271241821225402e+00
-2.805731360535558938e+00
-1.416502832021569569e+00
-2.237066488248185436e+00
-1.814805120225721824e+00
-1.891924781395375899e+00
-2.188926795378215218e+00
-3.268156381014608147e+00
-2.051403156160353625e+00
-8.439665319149209921e-01
-1.556550454108572179e+00
-2.217669112153295430e+00
-2.778298271634950911e+00
-2.625859305569867352e+00
-1.849151564491591904e+00
-2.347009222061742673e+00
-3.516813029235003274e+00
-2.516853874757432941e+00
-1.396270985660103880e+00
-4.022185112606318391e+00
-8.528531338364242487e+00
-2.016427718197485230e+00
-2.251979391167546751e+00
-1.448677483048611103e+00
-1.704627694944216953e+00
-2.007557989880349503e+00
-1.881973974466135680e+00
-1.936187517523570767e+00
-3.285645387724902999e+00
-2.798785122557987837e+00
-2.285803391559639408e+00
-2.050209433277319970e+00
-1.102463376071301404e+00
-1.663963546948013850e+00
-2.304206547500679214e+00
-1.595219829497565023e+00
-2.646555954031969193e+00
-3.140724033890990530e+00
-3.785067916836776902e+00
-2.942378068227868848e+00
-1.671720445363800156e+00
-2.704100927938158261e+00
-4.322982086362453735e+00
-2.109012651898209967e+00
-2.873622487374401846e+00
-2.260459787829917300e+00
-2.954609500220879870e+00
-2.066338416222593288e+00
-1.803114838753401505e+00
-1.987473094085264069e+00
-1.245152126691944749e+00
-2.166039659627397640e+00
-7.637068552762153573e+00
-3.091575189299396698e+01
-3.164416373451890507e+01
-2.995963408057675181e+01
-2.660997574701270807e+01
-2.391747027215857102e+01
-2.123392894816018028e+01
-2.008362156764966144e+01
-1.906319877750227931e+01
-1.475658433053582286e+01
-7.190561303866773279e+00
-7.394143027249686639e+00
-4.475366252622271723e+00
-1.738471617378506906e+01
-3.471437352599290982e+00
-3.804731549631371390e+00
-3.467389292936518874e+00
-1.864501397142396755e+01
-2.365227539623435504e+01
-9.622446406384975504e+00
-7.301645584714667514e+00
-1.925348897767822010e+01
-2.160364778076419867e+01
-1.965835932198055502e+01
-4.485498184337612493e+00
-1.422817721550416437e+01
-1.884390892451210320e+01
-2.414479463478072407e+00
-1.878954780228743715e+01
-2.405782861961818853e+01
-4.093421298279269038e+00
-3.924113221806214469e+00
-7.866035837395948249e+00
-6.118673979768178839e+00
-9.790797576058356100e+00
-9.411610757517520298e+00
-1.926326007530236240e+01
-1.483831898412781669e+01
-1.469501453533010071e+01
-1.097423575408878982e+01
-4.013306291953568028e+00
-3.900579547055949003e+00
-6.711770630839878571e+00
-7.451012724992347458e+00
-2.290211991088273891e+00
-2.533998236079054944e+00
-3.904516212881826043e+00
-1.004952825828751273e+01
-2.741426377002151415e+00
-2.408847054435892865e+00
-2.762213965402507743e+00
-3.033736315389819804e+00
-1.291773490695347970e+00
-1.476904351028673545e+01
-1.666773612648185576e+01
-2.005571409585685672e+01
-5.067361593178053347e+00
-4.013735537464893532e+00
-2.798527897300544520e+00
-2.579526414941036183e+00
-3.026097553043034960e+00
-3.381173444523822624e+00
-2.157916817543804910e+01
-1.914117929868445955e+01
-2.178980749976754172e+00
-1.272379399964320035e+00
-2.072508225189240605e+01
-7.503818553256903279e+00
-1.862346053718163219e+01
-1.447905501844041654e+00
-1.107994404443401848e+01
-1.902587508092640434e+01
-2.447583572476925706e+00
-1.768504151064845153e+00
-4.157269494087685757e+00
-1.728277103367048095e+00
-1.732227648783711160e+00
-1.701292782550039018e+00
-1.103735696409586353e+01
-1.953807028595668127e+00
-1.151795926683774063e+00
-2.146545413546661951e+00
-1.165564125892896596e+00
-4.001330058609399387e+00
-1.145037464846025976e+00
-3.728465765056917292e+00
-1.342897554187731490e+00
-1.325814192550917037e+00
-3.425693398863487893e+00
-1.868108222370882698e+00
-1.229670230313495649e+00
-2.846950483494476991e+00
-1.669782648914049972e+01
-1.478388440625207023e+00
-1.151313385541281153e+00
-2.542323952863549508e+00
-4.181300935654893358e+00
-1.609926343684159322e+00
-2.996252354027762799e+00
-4.337953540180258472e+00
-2.797342317037808002e+00
-8.615835637393262081e-01
-4.169167219986005257e+00
-3.008092810750955248e+00
-3.583584547972649581e+00
-1.500300343480140963e+00
-2.435397961557133950e+00
-4.000887366438539594e+00
-1.366894117946823695e+00
-1.816740683930384348e+00
-1.956352628905611679e+00
-4.747057573924653440e+00
-1.553648180824069591e+01
-1.184415625504550151e+00
-5.374169264246941857e+00
-1.673670449591382559e+00
-3.980536076848394167e+00
-2.197466422198214087e+00
-2.705960751900923889e+00
-1.152502689256416746e+00
-1.654068731299320527e+00
-1.287991383372705689e+00
-3.809398842917753658e+00
-1.744319398716139835e+00
-5.924830050662940550e+00
-4.421683350149798741e+00
-3.306837337003506239e+00
-5.140093205158977163e+00
-1.406021911840140426e+01
-3.136517770668664884e+00
-1.224602504391751223e+00
-2.009101801485440486e+00
-2.258945745166974994e+00
-1.463638539190303955e+00
-3.400452998701708029e+00
-1.966366120480804058e+00
-1.682545287734138473e+00
-1.313541553775371717e+01
-2.263880026623130703e+00
-1.752727237381521253e+00
-3.341565563795459770e+00
-1.764877128655952809e+00
-3.152037452753461810e+00
-1.621764229989020478e+00
-2.065689547947882954e+00
-2.333986547025627800e+00
-1.495632057596966114e+01
-1.284633070647865161e+01
-1.632787157959087576e+00
-2.110809342236947828e+00
-2.905681071933064796e+00
-1.770157807948520556e+01
-2.777342979513079069e+00
-3.358148017502172955e+00
-4.003738917482900561e+00
-1.646415076697176616e+01
-7.247123423914948681e+00
-3.779025011655415156e+00
-1.918762383405689320e+01
-8.960900776059043338e+00
-3.862963958219065574e+00
-3.639906789156893474e+00
-2.921294506956920056e+00
-1.374072406691677184e+00
-2.519992929352612876e+00
-2.622855748630287476e+00
-1.117902641529739327e+01
-3.371450823157732479e+00
-1.906728353230294326e+00
-3.014569254239591878e+00
-2.013437711706080435e+00
-1.139496738691101463e+00
-9.544539581131294970e-01
-3.931731098326236129e+00
-2.979853444669979368e+00
-2.693617396561901245e+00
-3.284873657276000891e+00
-1.471093584352413552e+00
-1.337401861606122511e+00
-4.563508778675124056e+00
-2.208042785510329065e+00
-1.561993794670742730e+00
-3.721586273778215048e+00
-2.304568895387769434e+00
-2.637093597543663570e+00
-2.951579560524557166e+00
-3.303785616836953043e+00
-2.100511311124417357e+00
-3.071118697775037543e+00
-3.387133881423414650e+00
-1.744918282725659520e+00
-2.393765893519995913e+00
-3.644681098330285529e+00
-2.557631535127069533e+00
-3.313250701914485230e+00
-4.084347994929022896e+00
-3.742610554453107863e+00
-3.297182731711502779e+00
-3.391553969181152262e+00
-2.744599037974349454e+00
-4.504462985015608822e+00
-1.951603650179438487e+00
-2.039673820596966891e+00
-1.829788403772992789e+00
-2.457478743268613819e+00
-2.191550405344063535e+00
-3.068710368535570332e+00
-3.821886714489487691e+00
-2.209540326146433475e+00
-2.103477872439854846e+00
-1.722110340086761227e+00
-2.037411396908455519e+00
-2.410550010974764401e+00
-2.498390581070404792e+00
-2.300697576297678904e+00
-2.103539867068011215e+00
-1.711734961734904692e+00
-1.956278176918675626e+01
-6.647337548483487346e+00
-6.510481021215724695e+00
-2.070514802442341917e+01
-2.768980756059389314e+00
-2.381801779786912210e+00
-8.739420142066256503e+00
-2.444738532041126788e+00
-1.894531521083916559e+01
-2.329984929855730247e+00
-6.419144456764455775e+00
-7.130801406399100095e+00
-3.028802785940623021e+00
-2.379464095394573597e+00
-3.055250533330462037e+00
-1.419622195800100739e+00
-1.897357547892768670e+00
-1.220972846759154962e+00
-2.923678021504593438e+00
-7.489276710809744664e+00
-2.356670338931325492e+00
-4.202138052156914050e+00
-5.006118468763426144e+00
-2.136332527408977722e+00
-1.945178588783056384e+01
-6.403743680083923806e+00
-2.160086379725248751e+00
-2.124435979849221834e+00
-1.143288158727427728e+00
-1.823727005901662324e+01
-1.904560902231090314e+00
-1.961073511336095754e+00
-3.744010571878437776e+00
-5.656352534426523526e+00
-1.495515551574821744e+00
-2.560889297970135203e+00
-2.756640266680736140e+00
-3.755509548459486702e+00
-2.566026959706058985e+00
-3.606055266670126436e+00
-9.475616509455691006e-01
-2.170604445706013408e+00
-8.787031272955774241e+00
-2.103579424319751645e+00
-2.780450929922205106e+00
-2.229079431681308066e+00
-3.504592498397415046e+00
-1.108087206079992093e+01
-6.264318593374342825e+00
-3.091885219323519340e+00
-1.743041081520114943e+00
-1.805092841396557013e+00
-1.822700265837567279e+00
-9.072735956339210261e+00
-7.748059220424716287e+00
-3.189980806797654722e+00
-3.276971932269513665e+00
-3.046798870134707737e+00
-4.395445858932669481e+00
-3.027895536094656226e+00
-2.956961983395971938e+00
-3.050032555843763316e+00
-2.805056310058688940e+00
-1.840985825334157511e+01
-2.015492858706535984e+01
-1.915384842130405474e+01
-5.913085786586520065e+00
-3.664881906926723776e+00
-9.948472948292145901e+00
-7.453663676705876817e+00
-7.290164157046516102e+00
-2.648275482544184101e+00
-3.176484698528470041e+00
-3.332976041137740264e+00
-1.586675867399318740e+01
-1.711109967128162435e+00
-1.422729950969423207e+01
-3.351017103044199974e+00
-3.552104929915567144e+00
-4.210906269832605631e+00
-2.287151039004170272e+00
-2.551415755641206484e+00
-3.028214197834020016e+00
-2.238705377734981905e+00
-3.039160992926619453e+00
-9.697135339637794615e+00
-4.616902066166552743e+00
-2.228913625733339732e+00
-2.110582198850968538e+00
-1.597307217026355142e+00
-1.859419762670029064e+00
-1.604069364673004428e+00
-3.556399801963145535e+00
-3.878585601915820913e+00
-3.087336835098115628e+00
-2.959277426690603896e+00
-2.693410257633173543e+00
-2.803498337446645561e+00
-4.376223072075339005e+00
-5.266826509275082557e+00
-5.249145077851767205e+00
-1.346443166659745927e+01
-3.424336935454582065e+00
-1.924801368685272518e+00
-2.381165886454090774e+00
-1.591115073598150520e+00
-1.369322177522701356e+00
-2.214143640656732526e+00
-2.682746461485887135e+00
-4.196463515740662231e+00
-1.803346896656729648e+00
-3.401465772630825946e+00
-3.358372672099968259e+00
-1.388238744408572423e+00
-2.238762806018260942e+00
-4.306325592908418542e+00
-1.722947976880175203e+00
-2.016696116962172436e+00
-1.364274832653425751e+00
-1.824908632546595744e+00
-1.862842365709584502e+00
-2.322592467751175338e+00
-9.393080092252366065e-01
-2.644679827205777212e+00
-2.123070508813078572e+00
-2.873755379352947781e+00
-1.153817227396448075e+01
-3.606442656095008026e+00
-1.974478446188101755e+00
-1.895735130180495531e+01
-2.191675419621577081e+00
-1.834862116673077281e+01
-7.782227927463830852e+00
-1.999911322644486589e+01
-3.445150864903804511e+00
-3.349151142965201444e+00
-1.906145355663289820e+01
-1.820446390772186263e+01
-3.333162843733664449e+00
-3.396346199366857999e+00
-2.806768532512765812e+00
-2.822313052008997847e+00
-1.502195078671681117e+01
-3.246240298243394662e+00
-2.173556581687170031e+00
-4.010241092949899944e+00
-2.598663944837440898e+00
-3.592993622711623924e+00
-2.761361485651246284e+00
-1.739403420166285796e+00
-1.878316068117565152e+01
-2.918900940114541598e+00
-4.394303049228176938e+00
-2.215225352328575870e+00
-6.120229500621254815e+00
-5.855671589103143226e+00
-3.727661861887912487e+00
-7.264230965707885623e+00
-1.753855145004041161e+00
-8.222287956594390934e+00
-1.481016217994266082e+00
-1.566115148596982642e+00
-2.948061879836762156e+00
-1.792364801772608374e+00
-3.560964400642852024e+00
-3.364338689015982542e+00
-2.244171549985973790e+00
-2.331646312305569069e+00
-3.208994946806746462e+00
-1.742841585365292989e+00
-3.707943457091737560e+00
-3.119938364660542085e+00
-2.858501602030684374e+00
-4.413367230166938882e+00
-2.282247028916264409e+00
