-2.397025288854089453e+01
-3.434129929593153463e+01
-2.968546825906206976e+01
-2.882669560412534793e+01
-3.341747634691579805e+01
-4.832764417826162884e+01
-4.403735333030795829e+01
-2.819138396629994503e+01
-4.658263898313728646e+01
-9.342699648992068617e+00
-2.598631736300870898e+01
-2.616628269036338139e+01
-2.882039652786111006e+01
-3.345794540929414040e+01
-2.251721263193364919e+01
-2.617311912379523520e+01
-2.108222234324360045e+01
-3.324152349380936045e+01
-1.135040225646685741e+01
-2.725701648537175359e+01
-2.443519530201183798e+01
-2.478333178005356174e+01
-2.332432606499326866e+01
-3.192998843689603561e+01
-2.217697436781851650e+01
-3.896253477815691468e+01
-2.695913826507616662e+01
-2.854791000650443777e+01
-2.189890229678575650e+01
-2.373173917523266496e+01
-2.011699544727715505e+01
-2.359047716985228149e+01
-2.127884974015262642e+01
-4.381506588472908703e+01
-2.363954984004330129e+01
-3.095909261763702247e+01
-2.368004488169792054e+01
-3.500473276662800970e+01
-2.378816435123746231e+01
-2.009751542796640678e+01
-1.902652127816769578e+01
-2.241011082137152499e+01
-1.006362325255126677e+01
-2.318039774565605171e+01
-1.923820628695110102e+01
-1.655983809473451274e+01
-1.933818178832845192e+01
-1.785479610863100319e+01
-2.288767251377637635e+01
-2.239317318709021265e+01
-3.396712765688625524e+01
-3.266060129512283794e+01
-2.342403193294689245e+01
-2.691045785089940523e+01
-3.080088842591054643e+01
-2.063454333725677614e+01
-2.122714477020706170e+01
-2.057267014356222035e+01
-1.950146959395955903e+01
-1.573765542061195966e+01
-1.500020524593191240e+01
-2.661622315373133318e+01
-2.210929745402424373e+01
-1.415672547631063871e+01
-2.783501945338056416e+01
-2.045414558920880665e+01
-2.938727649611968928e+01
-2.334942930225963309e+01
-2.409153132980765477e+01
-2.041384738235155538e+01
-2.737934025291183104e+01
-2.816983486986300633e+01
-2.081215158979514257e+01
-2.923351016064121310e+01
-3.005426742485886749e+01
-2.266163656835967188e+01
-2.321760013232344733e+01
-1.865321988953554211e+01
-3.233057579681314309e+01
-2.991208701555258287e+01
-2.048494993544533571e+01
-2.604747151463072541e+01
-2.973605366988267562e+01
-2.335909834472374058e+01
-2.142714611629511623e+01
-2.454535571496906243e+01
-2.715584022898480754e+01
-2.406434368165681548e+01
-2.028743892979358421e+01
-1.692020681971690621e+01
-2.759089770114425022e+01
-1.175822939709597215e+01
-2.294486157526651482e+01
-1.317227449034125719e+01
-3.000285379369450212e+01
-2.401271794682153526e+01
-1.845954120722137404e+01
-2.107589190868054274e+01
-2.012072938564350011e+01
-1.285577811428793993e+01
-6.604001612240531394e+00
-1.317943357271540705e+01
-3.626164037909743953e+00
-2.128624538368155683e+01
-2.627629297818931953e+00
-1.911478798642198740e+01
-1.075468084941487845e+01
-2.086822766895502568e+01
-1.481657286710586874e+01
-2.524205628102987120e+01
-1.978316343352292961e+01
-2.039650157183134027e+01
-1.060697783111565506e+01
-3.066601729011243904e+01
-2.335173630758545826e+01
-1.565066238100845908e+01
-2.061394734509493176e+01
-2.000783599522220513e+01
-1.973993216918328741e+01
-1.273086385834460366e+01
-2.342056820930444516e+01
-5.112321627656749357e+00
-2.268430617893146461e+01
-1.313130053207651926e+01
-2.034103195781144890e+01
-1.679432672675845950e+01
-1.257520372589575430e+01
-2.132442345582393628e+01
-2.321202952048755108e+01
-2.466361657717435563e+01
-2.352952665797567633e+01
-2.173549947178242547e+01
-1.898364663819236142e+01
-1.880113213971877784e+01
-1.659760374665580329e+01
-1.788624319691908582e+01
-1.389371795712213498e+01
-1.553704928361198867e+01
-1.269899521077868343e+01
-1.930540510322737902e+01
-1.691601919595813541e+01
-1.940750920871386498e+01
-1.191544011262700664e+01
-9.328538763417592250e+00
-1.857721430735113088e+01
-1.332747128599268827e+01
-8.007510914371071209e+00
-1.226223254142514563e+01
-1.942776893704234098e+01
-1.832704139582201819e+01
-2.166963020915335747e+01
-9.678561165849110637e+00
-2.063978700990697845e+01
-1.916608441712297406e+01
-2.200183689759430550e+01
-2.116320629273776177e+01
-2.685898568727805724e+01
-2.533434589950232052e+01
-2.021001924072631084e+01
-1.917064690175927666e+01
-1.982538705318536287e+01
-1.854274516147411944e+01
-1.967616629854686749e+01
-2.166497214118707859e+01
-1.334458081894871562e+01
-1.762638504033771625e+01
-2.130270189769965228e+01
-2.009275673015421759e+01
-2.200623711686851181e+01
-2.070523023262993334e+01
-2.184321563526212984e+01
-2.069176234987232021e+01
-1.957713443915196905e+01
-9.289470326742495843e+00
-6.887074308346430307e+00
-1.052380038615773294e+01
-6.625464522036628168e+00
-1.537813751624151948e+01
-2.163724911405895668e+01
-2.540747080920704093e+01
-4.899722252508293074e+00
-2.255381329124242740e+01
-6.875746654853558404e+00
-2.229091896321650168e+01
-4.163500499641751951e+00
-1.117361910772615730e+01
-4.298382920438234223e+00
-4.581234047514945118e+00
-8.108233560371571613e+00
-7.684494586095514279e+00
-2.544094520217904165e+00
-1.557319798216821916e+01
-2.175718933741460859e+01
-1.432741658768378734e+01
-2.261421950023030902e+01
-2.722182362600574113e+00
-1.384562533757232039e+01
-2.118391353171793767e+01
-3.277794362707348252e+00
-7.515594749761492110e+00
-7.173169183053826004e+00
-3.143561302984878569e+00
-3.996205239637278250e+00
-1.999336330840573339e+01
-1.555213275012641994e+01
-2.221956637876461826e+01
-1.983738921644114583e+01
-2.452837277878198918e+01
-1.920872756084332877e+01
-1.841742625158265767e+01
-1.277222050414061094e+01
-1.920916743481307520e+01
-2.257863657182523909e+01
-1.896357903639553300e+01
-1.916011267061567125e+01
-1.911976956976057807e+01
-1.674239287710765822e+01
-7.441003025945296834e+00
-1.677046861278559930e+01
-3.113948201128664550e+00
-7.192962149611792810e+00
-1.804590074533518163e+01
-4.051112151927918958e+00
-1.244181424903983491e+01
-2.536130822840744869e+00
-3.881875035525767625e+00
-3.247424454786016490e+00
-3.830477721695146442e+00
-2.070483573737758931e+00
-2.351153465129444786e+00
-1.914728659655216214e+00
-2.169410297143712363e+00
-2.824615673824583340e+00
-1.481922799203135988e+01
-4.334601007960667829e+00
-4.671103672310193744e+00
-4.314710100735702270e+00
-2.977953492237157995e+00
-9.630411041722631182e+00
-1.108196570023826411e+01
-3.879091535133869950e+00
-2.319674332684752205e+00
-2.273980664766471982e+00
-3.324557582551225021e+00
-1.748345774842058109e+00
-2.527967813154728738e+00
-5.124884788791423951e+00
-3.255833382273596754e+00
-1.651137917268109323e+00
-1.338989336770677552e+00
-2.518698222543088949e+00
-1.344763769213157989e+00
-2.984947061883010733e+00
-2.640503463331668854e+00
-1.130797021041638706e+00
-2.368648179170715906e+00
-2.604954162914435489e+00
-2.523966746307583442e+00
-1.480885864168253629e+00
-1.796859749604746925e+00
-2.358797612485390438e+00
-1.786823825720213588e+00
-1.886683421691389029e+00
-1.477086073356379758e+00
-1.527806323946829359e+00
-1.386222915605955786e+00
-1.838451774751143519e+00
-1.844979053116025725e+00
-1.706375086604206226e+00
-1.703770887879764828e+00
-1.406031920977693694e+00
-2.523619596581052171e+00
-1.313841274990549923e+00
-2.189452244712574380e+00
-2.500142340933162011e+00
-2.828394622617385945e+00
-2.211184864034364761e+00
-2.445320510190737817e+00
-2.325339884447038763e+00
-2.262736356143848049e+00
-1.908099426795672793e+00
-2.300723059950497529e+00
-2.466148621397642682e+00
-2.315565086216973434e+00
-1.687697916873268644e+00
-1.876598126986755100e+00
-2.338509546211231527e+00
-1.667282182892522391e+00
-2.183437005687387522e+00
-3.353024098733757175e+00
-2.469364422433503847e+00
-1.775122121945104992e+00
-1.485088083369994649e+00
-2.134272418771733459e+00
-1.785600335929777627e+00
-1.272025188809430940e+00
-1.867707892761360400e+00
-2.578912570208289345e+00
-2.456719730348028374e+00
-2.126574852836530027e+00
-3.197194328473151881e+00
-1.946931493209977049e+01
-1.737447075021049514e+01
-2.102535057752533021e+00
-4.098391042663698691e+00
-1.801904847225812034e+01
-2.968011416963742821e+00
-3.443040016116327262e+00
-1.762254772798939939e+01
-6.236068116365329317e+00
-3.762185841348415938e+00
-3.596562883946352596e+00
-2.598767429471458890e+00
-1.827267798352646855e+00
-3.306677839285620202e+00
-1.823915160995973617e+00
-2.614406749022073928e+00
-1.532745303840809425e+00
-1.541991055593044280e+00
-2.667208434907277326e+00
-1.358254588864790513e+01
-1.880419148708513433e+01
-8.959549879019316876e+00
-1.842549430103766994e+01
-4.356439672133385343e+00
-3.899965392205060333e+00
-2.610329052634059899e+00
-2.359691577389992023e+00
-1.264224853078425026e+00
-1.761847434684333580e+00
-1.793004439576285858e+00
-1.324773460122054214e+00
-1.151365301732068191e+00
-1.198664998053939446e+00
-1.266035559349409256e+00
-1.514403824042124480e+00
-1.546050249308543068e+00
-1.253940468067290759e+00
-1.155556710042235036e+00
-1.752938497978838051e+00
-1.148925757151906923e+00
-1.337779587759323485e+00
-1.371167037072055672e+00
-2.029004625489576608e+00
-1.486682018913255243e+00
-1.502948268581194924e+01
-5.003250799608787602e+00
-3.990329449072923751e+00
-4.414892628551185361e+00
-4.627621002473563117e+00
-5.296156289690083341e+00
-6.149531864477820520e+00
-4.034456662975753005e+00
-4.420541024588189316e+00
-3.822935441421163372e+00
-3.868019173800057331e+00
-1.024443492451834459e+01
-4.132719036304403737e+00
-5.120508612343520838e+00
-4.081005695029984892e+00
-3.224448647250285127e+00
-3.988338221687526719e+00
-9.172318313474711715e+00
-2.015145628431205083e+01
-1.984046344030299736e+01
-2.066110377632100281e+01
-2.205705825078603155e+01
-2.084710876625509712e+01
-1.990794730679514402e+01
-8.950804247143109293e+00
-2.102065675017715662e+01
-1.589086993461026687e+01
-1.918219759787840673e+01
-1.091553035005366468e+01
-1.934054833609363300e+01
-3.865267304263250825e+00
-4.070253484411505696e+00
-2.250213562363348796e+00
-1.555585930790793903e+01
-7.501710752662369863e+00
-2.099572000507114566e+00
-3.057301781918380534e+00
-1.017097463195942453e+01
-2.353319808249056955e+00
-1.844414682202114264e+01
-3.916001956483883717e+00
-1.756037802098958878e+01
-2.080228500529559099e+01
-2.288649217041232831e+01
-2.171771099947055461e+01
-6.123655137430013440e+00
-1.025086802923969920e+01
-1.404376037350516881e+01
-1.043895233676470014e+01
-1.859985576224003623e+01
-1.956490184261069487e+01
-3.621906216100466036e+00
-6.568100782112534120e+00
-2.944486588638516977e+00
-2.417424954056320630e+00
-2.088273268419899686e+00
-2.290363065975367984e+00
-3.748856414921654778e+00
-1.346318585712365667e+01
-3.350254135547853895e+00
-2.669898749882715805e+00
-4.941938645427019772e+00
-1.311570969887610971e+01
-2.218495626443262481e+00
-3.389458027032344667e+00
-2.067595440253618744e+00
-2.357498603316770858e+00
-3.010469624011939516e+00
-1.390163836128639030e+00
-2.675038341079051030e+00
-9.939533166476753889e-01
-2.799451850828592825e+00
-2.458434126319505975e+00
-1.333719558820935847e+00
-2.034473637585962447e+00
-2.773100838126329126e+00
-1.786053992078655384e+01
-1.819456807377564189e+01
-1.137308416829677604e+01
-1.774864303238229368e+01
-2.372376035424881735e+01
-2.311844321826631443e+01
-2.116411419648927250e+01
-1.965509866787852999e+01
-4.278004146378313166e+00
-1.523786686252799072e+01
-2.445855822381430045e+01
-2.316331266916276377e+01
-2.248848440675262239e+01
-2.026807184629534930e+01
-1.881411055224230111e+01
-1.366908425059898136e+01
-2.116202910461542430e+01
-1.583151746487146383e+01
-3.160973841887685598e+00
-1.659509498681223549e+00
-7.298576625324129097e+00
-3.241830588666235968e+00
-1.775170311485198660e+00
-3.817522436875449898e+00
-2.442035054345008671e+00
-2.131654312090110803e+00
-1.903322826000999335e+00
-2.402539879407825207e+00
-1.785257677065546167e+00
-1.421829972622753679e+00
-1.896835723950124342e+00
-2.100934514389976915e+00
-2.572022416114616128e+00
-3.471066219360470217e+00
-3.294545932782322772e+00
-2.772320919525119720e+00
-5.367893325020104633e+00
-3.030739701121129670e+00
-8.497040664946650779e+00
-2.500889246239701880e+00
-3.263863147304752133e+00
-1.469082576171295784e+00
-2.676879920819224878e+00
-2.884690556929962568e+00
-2.138172645341076095e+00
-1.393197058542007705e+00
-1.318356615516163011e+00
-2.841317777058595340e+00
-3.772317509402185465e+00
-6.484990033332108439e+00
-3.725792090646060650e+00
-2.448946838807747994e+00
-2.380411124506411014e+00
-2.633792383401876602e+00
-2.672548785716310160e+00
-1.996241176864642863e+00
-3.210169961785132031e+00
-2.970253290549997427e+00
-2.018099784302178179e+00
-1.801546738930501101e+00
-3.362704735404393297e+00
-1.719125938752448901e+00
-3.105784687491725204e+00
-2.350931383208668901e+00
-1.526640863030113149e+00
-1.837580384109902765e+00
-2.946655675270700048e+00
-2.067735030880362590e+00
-2.551419570164503714e+00
-1.886446456054919230e+00
-2.416429690221669091e+00
-1.560148693136220288e+00
-2.239996404970118427e+00
-2.390056917929766822e+00
-2.236461981066848459e+00
-2.363930525671499971e+00
-1.479046581907108804e+00
-1.701276658513415363e+00
-2.965547198611214519e+00
-2.280993997336190571e+00
-2.432904125507532100e+00
-2.150114391921396084e+00
-2.021360345398985459e+00
-1.738189100295045586e+00
-1.843737314156388640e+00
-1.498605661930185073e+00
-1.257690880352344553e+00
-2.208416888125467548e+00
-1.948943452284054301e+00
-1.476192887693122513e+00
-1.622778368127632653e+00
-2.312773188135519131e+00
-1.775447859090689251e+00
-2.864573935366861335e+00
-1.818698533865284572e+00
-2.396425719077738492e+00
-5.071825806052165042e+00
-2.214809456819140987e+00
-2.638666707275248768e+00
-3.138817128425899661e+00
-1.768072951245280189e+00
-3.235597459607288062e+00
-2.680819708912734800e+00
-1.734502521660663987e+00
-3.493261232490004975e+00
-3.691155576841688823e+00
-2.735627495364591599e+00
-1.705820680644715592e+00
-1.653489562546668790e+00
-1.754615726085527960e+00
-3.245416656504679587e+00
-1.536795106279356782e+00
-1.835188947357553779e+00
-2.789308841547405216e+00
-4.589742519850563696e+00
-3.754457673199593337e+00
-7.789729914341486428e+00
-1.738052642031386430e+00
-1.091164465643614800e+00
-2.715369992600351168e+00
-2.185017618197652833e+00
-1.843392197869585081e+00
-2.586781828367482383e+00
-1.016676207029177625e+01
-1.155610258530875623e+00
-4.088132953720073459e+00
-2.861107301904637357e+00
-2.654676296944086911e+00
-6.975589956880072329e+00
-3.455423863571839060e+00
-3.191484745340685603e+00
-2.759286086726618237e+00
-2.904125706632267434e+00
-1.719975069463947959e+00
-2.121702998758971503e+00
-2.023899982376285323e+00
-1.569145018732288177e+00
-9.663007234119259437e+00
-3.031204067917987022e+00
-8.398565883936912613e+00
-4.861392396051132714e+00
-1.287418950235752746e+01
-1.033831736206557039e+01
-4.533897779071806688e+00
-4.789129940735695534e+00
-1.789931397129588930e+01
-1.638820521984007295e+00
-2.864642232983914738e+00
-2.532370713532449802e+00
-3.550215164541155932e+00
-5.283913477347572218e+00
-5.439366725202138930e+00
-3.185959577213697269e+00
-3.640211597578514091e+00
-2.784911795803744816e+00
-2.929212097801050074e+00
-5.378244486220426168e+00
-1.880105666428993239e+00
-2.007372006102483564e+00
-1.659737710129637023e+01
-1.683036734563723869e+01
-1.230181264176232858e+01
-1.312468624138150908e+01
-4.168641869354321905e+00
-1.215194029122607233e+01
-1.929047715964604492e+01
-7.092636029827177779e+00
-4.072774686928019250e+00
-4.179674308652577608e+00
-2.408359119536807036e+00
-2.468140915090055287e+00
-2.034826298341398498e+00
-2.336615647888325320e+00
-2.495144239927496344e+00
-7.953267371907865702e+00
-2.098657849415698884e+00
-2.051824018953328110e+00
-3.259007977444891235e+00
-3.325523843121934053e+00
-3.091722370045912438e+00
-2.413153520803994478e+00
-3.827987520433804747e+00
-2.149504028256114196e+00
-2.386442685892245397e+00
-2.108302699653709755e+00
-2.891752732960374495e+00
-8.524738313351189589e+00
-1.894843105085498136e+00
-1.209822537011364219e+01
-3.234162425863233548e+00
-3.424724095510616184e+00
-2.280218577559635307e+00
-1.195050444822841129e+01
-9.631813536217840976e+00
-8.316210719279633068e+00
-2.296832367179035828e+00
-7.675949642725892197e+00
-3.860497888212538253e+00
-2.106313759478095626e+00
-1.894028795711645285e+00
-2.536475266409590201e+00
-3.484134398637828145e+00
-3.291148099035368091e+00
-2.193669167249119756e+00
-3.287024793130290945e+00
-2.043816673245419491e+00
-2.148345523506091759e+00
-2.565784090466536327e+00
-1.780756627178841756e+00
-2.867135846505202146e+00
-4.242496094908823956e+00
-2.210430141347037303e+00
-2.178063621371969738e+00
-2.265967949066311160e+00
-2.522876682386796965e+00
-2.473390428902757954e+00
-2.882643008737302726e+00
-3.316210154070672989e+00
-2.630624329122727811e+00
-1.755993136965722456e+00
-1.891949725070235955e+00
-2.889900836453222155e+00
-3.031912334853197777e+00
-2.141412646346094295e+00
-2.133491205855774897e+00
-2.161024523147364818e+00
-2.862963171800167572e+00
-2.232160189913195758e+00
-4.032597948967164392e+00
-1.880299141461052148e+00
-2.562355188447137611e+00
-2.793743732468791485e+00
-2.312013770464352191e+00
-2.975185115820169202e+00
-1.717178307697205142e+00
-2.213062573912999209e+00
-2.440110384926834186e+00
-1.798707034953135331e+00
-2.418134077125517756e+00
-1.922220852891330489e+00
-2.326458456983381495e+00
-2.832312485886947506e+00
-1.922001005255970396e+00
-2.267503841035330314e+00
-2.005164740784627142e+00
-1.991404078323127047e+00
-3.039799298408857986e+00
-2.488202488876038565e+00
-3.675796683445556656e+00
-2.962879510243729975e+00
-3.223096300761401523e+00
-2.153433099940490703e+00
-1.490680863747015827e+01
-1.954519306486843178e+01
-7.527889351776495985e+00
-4.288034766657131236e+00
-2.520170260717699229e+00
-2.517998125544307353e+00
-2.629531673308148854e+00
-7.045707914554455442e+00
-3.806930547801131492e+00
-2.587221266865869840e+00
-2.946389065601112911e+00
-2.173040626964102717e+00
-5.491424446037561857e+00
-3.850108749547162201e+00
-4.178288816928076521e+00
-2.240963134932094647e+00
-1.880343812189022801e+00
-2.158785239125710742e+00
-2.695797087062623998e+00
-1.796448323899097810e+00
-1.963339538391281058e+00
-2.627086237438217342e+00
-2.735197883320807932e+00
-2.532846203212472336e+00
-3.362892585634795761e+00
-2.876072901741262289e+00
-2.245627075690489693e+00
-2.301212717930252616e+00
-2.188421008899002818e+00
-1.711344956935440198e+00
-3.504461015650134126e+00
-2.382308988564014296e+00
-1.846257360199173636e+00
-2.930096510774979901e+00
-2.321925978308728489e+00
-1.207478578198832864e+00
-9.378901553949795300e+00
-1.166212749254492209e+01
-1.764154217521135237e+01
-6.321445765808234363e+00
-1.524206092036918214e+01
-2.049982998172760773e+01
-9.650048431420550799e+00
-1.715240910413347208e+01
-3.841665742699820640e+00
-1.967211675072896737e+00
-2.254367193279697368e+00
-3.473300648378828459e+00
-1.101600581403713752e+00
-1.785305583672100793e+00
-3.384538969602234104e+00
-2.820752487775500583e+00
-2.442740644422604746e+00
-3.154924591992413596e+00
-9.818869082961533934e+00
-7.864123927225392663e+00
-5.699983421657758953e+00
-3.631114369081610782e+00
-1.902511169652384737e+01
-4.143636087045666549e+00
-6.167646355118773904e+00
-2.854070038294336698e+00
-2.967512310058086911e+00
-1.587034713744258418e+00
-1.397696597512381178e+00
-1.217805353104143951e+00
-1.261835303468976655e+00
-3.099908614525076267e+00
-1.711883776551928360e+00
-1.658130546356347823e+00
-1.133582292442476325e+00
-2.012278127846516274e+00
-2.131640948760664678e+00
-1.220812533687451351e+00
-1.192268708108977338e+00
-2.249973890595278636e+00
-1.532433240604901492e+00
-1.451726545273586799e+00
-1.269317932333289267e+00
-1.027053253618855910e+00
-1.109584324932870070e+00
-1.716954003642727988e+00
-1.209817994983188427e+00
-1.779196182705441664e+00
-1.540904523951418525e+00
-2.076183279090412448e+00
-1.699896711508375624e+00
-2.291630766517243067e+00
-2.198630504803133601e+00
-2.289673498425933484e+00
-1.502552409065018413e+00
-1.175111981968881114e+00
-1.708510434394048261e+00
-6.696827314683361232e-01
-1.759290561747377302e+00
-1.751406555644330565e+00
-1.680097751444356913e+00
-1.653665410082638676e+00
-1.894402640664777149e+00
-1.229492259838848911e+00
-1.548876365206586669e+00
-1.620842401398779442e+00
-1.604226759882207087e+00
-1.883677770709646593e+00
-1.748084156623318730e+00
-1.583746987005006268e+00
-1.567487699980044225e+00
-1.679707986539401121e+00
-1.843304972757944915e+00
-1.358465182930492565e+00
-1.685838592890578358e+00
-1.901291705517885289e+00
-1.394772045671579530e+00
-1.665442802863951410e+00
-1.332046953493583041e+00
-1.454702189987107097e+00
-1.640176817896800587e+00
-1.295840755160850399e+00
-2.078561772580262978e+00
-3.292253658721388643e+00
-1.691901876348576250e+00
-2.481796147509584660e+00
-1.616547645326297467e+00
-8.665728899861209200e-01
-1.585131664477543056e+00
-1.662594688672722532e+00
-1.946746590376597474e+00
-2.588697479916182154e+00
-2.765010294714929096e+00
-1.899712450496367611e+00
-2.476463533388926219e+00
-1.826119173095086090e+00
-1.845092317252047920e+00
-2.820053272810387757e+00
-1.955706117481077033e+00
-1.651776054483076628e+00
-1.774428069853879908e+00
-1.979612659570817890e+00
-1.277487244258302068e+00
-1.469017217339411152e+00
-1.519656732937567867e+00
-1.551680230856264719e+00
-9.595765090481928050e-01
-2.110193810317765539e+00
-2.037359690683903324e+00
-1.639888812259607809e+00
-1.487484589590064354e+00
-2.403731995484284401e+00
-1.245200657314286419e+00
-1.431556457805573279e+00
-1.419810115434049225e+00
-1.301350549114016264e+00
-1.684218652539923866e+00
-2.750698659403075563e+00
-1.181133527226903901e+00
-2.546309515282442870e+00
-1.705362420981072269e+00
-2.219995170620398195e+00
-1.989705203605374173e+00
-2.364157871930083310e+00
-1.898854544598519878e+00
-1.267292976568369811e+00
-1.701843472286957981e+00
-1.173205932323505785e+00
-1.202222678831288638e+00
-1.358141173610762698e+00
-1.476990889498091208e+00
-1.925396910291681696e+00
-1.338599445068926030e+00
-3.158424419318579535e+00
-1.402434680843083203e+00
-1.597184676266325321e+00
-2.218801848926250209e+00
-2.038165482907925430e+00
-1.713876588463629114e+00
-1.442621930646834416e+00
-2.321312252730928449e+00
-1.598364856186506922e+00
-1.531956187240161471e+00
-1.729015000424695581e+00
-2.118014483660059621e+00
-1.982915761171820668e+00
-1.407324284327762243e+00
-1.261079152703537209e+00
-1.583479875979268314e+00
-3.258525332768495542e+00
-1.754375488386797022e+00
-1.588613261642785268e+00
-1.205994962897601441e+00
-1.314690013388200018e+00
-1.435652927225332665e+00
-1.156176564131734530e+00
-1.558483293380416246e+00
-2.183798730984193970e+00
-1.531122351145722593e+00
-2.011258700813440825e+00
-1.921606627330386230e+00
-1.250970003324028523e+00
-1.981431025363330711e+00
-2.051004152983280981e+00
-1.183760201762863451e+00
-1.741805594111389022e+00
-1.542417253416256573e+00
-1.691553719683815071e+00
-1.909037034646025921e+00
-1.996404083323857437e+00
-2.178246192884354837e+00
-1.741375989058891127e+00
-1.629079441553023644e+00
-1.185819773334908733e+00
-1.481106404634167983e+00
-1.398832365196511329e+00
-1.694376040985558163e+00
-1.611153018668356030e+00
-1.572182434851107757e+00
-1.681827065232619933e+00
-1.803132219981264495e+00
-1.507626035441563150e+00
-1.341254818235295687e+00
-1.876119589565299117e+00
-1.152339538545537945e+00
-1.971736976825597454e+00
-1.823915484004768883e+00
-1.935160747860000585e+00
-1.664900378936876590e+00
-1.252525086608682781e+00
-1.105911589600575118e+00
-1.303945705010037592e+00
-1.473661410977631148e+00
-1.924735138066812734e+00
-1.665850444374720185e+00
-1.385383906339916482e+00
-1.335428948491409251e+00
-1.693686342631020469e+00
-1.470465934144160824e+00
-2.040951022519015723e+00
-1.378127285718381723e+00
-1.902111797908085711e+00
-1.458897477871779591e+00
-1.433385693087813495e+00
-1.365233468900062475e+00
-1.923721630938009630e+00
-1.526903880319632867e+00
-1.501795672859600472e+00
-3.282924927832257644e+00
-2.897361242888154997e+00
-2.192440238771991012e+00
-2.221131824688648670e+00
-2.798042627429745188e+00
-2.007976407732706026e+00
-1.379160495369689210e+00
-9.658210949739007845e-01
-1.337209158880995341e+00
-1.591889405336127439e+00
-1.131625753007568846e+00
-1.592685446319192843e+00
-1.350935777246117020e+00
-1.537980836815848518e+00
-1.330488768016536927e+00
-2.009598404715905673e+00
-1.561659802528206464e+00
-1.403135004425182020e+00
-1.957913838420965558e+00
-2.234359204430203416e+00
-1.908895987104821668e+00
-1.362470328777191320e+00
-1.058578605498072811e+00
-1.470733886229561582e+00
-1.687260043226033179e+00
-2.056429948706558264e+00
-2.427159835924170395e+00
-2.033232708684420853e+00
-1.404957073447945959e+00
-1.770182698534199073e+00
-1.261606035599227349e+00
-1.645854180062634953e+00
-1.731701599055714524e+00
-1.813831001212492522e+00
-1.593170309336976898e+00
-1.922178123057573851e+00
-1.363655888364668112e+00
-2.219338919623616846e+00
-1.189174669130704576e+00
-1.723872530008843329e+00
-1.078790976956813363e+00
-1.668188323775153803e+00
-1.788247514034389640e+00
-1.321908070626255816e+00
-2.201777087358742779e+00
-2.327716337157124560e+00
-1.798619804118038568e+00
-1.446330554301766824e+00
-1.128333775926313010e+00
-1.498080701415266169e+00
-1.221272911028605135e+00
-9.900255208572538157e-01
-1.356223333776126472e+00
-1.736020617164017121e+00
-2.236119380884689534e+00
-1.323991097875361733e+00
-1.284753551046926345e+00
-1.640722776926929249e+00
-1.485105409013651068e+00
-1.488651157961963456e+00
-1.533150650912375568e+00
-1.837073453403193612e+00
-1.691611919261011288e+00
-1.936169290719254699e+00
-1.240728808745596767e+00
-2.007563294553094568e+00
-1.375492660479983753e+00
-2.284699563096219688e+00
-1.781889276296581004e+00
-9.593818382683664270e-01
-1.464345214908745696e+00
-1.157086455407766890e+00
-2.036139202297516437e+00
-2.434157026489347064e+00
-1.562319928910727018e+00
-1.497684825738963443e+00
-1.827169660642301130e+00
-1.858901301925425464e+00
-1.607146710153173341e+00
-1.570516971654571048e+00
-1.524113793628783853e+00
-1.672522556434314023e+00
-1.213971672875003183e+00
