-2.216037896211000557e+01
-2.006254322999494377e+01
-3.461845793314955699e+01
-2.584308929407313471e+01
-3.399309431289060512e+01
-3.766654361762132197e+01
-4.920143139016887801e+01
-2.585561388337651323e+01
-4.794250642231777704e+01
-4.020198813633722779e+01
-3.357435283525893510e+01
-2.021610833425163278e+01
-2.898843450851312653e+01
-3.914440777425382123e+01
-2.646611822030409300e+01
-3.121729177879305794e+01
-4.117889153392691526e+01
-4.144168437807521599e+01
-3.825097163906351483e+01
-3.696569259835844434e+01
-3.644257599536545200e+01
-3.359652616624759958e+01
-2.713917166592668906e+01
-4.004046732139784126e+01
-5.234544785679047862e+01
-5.359964968562256615e+01
-4.013088122623979359e+01
-4.491313632707632308e+01
-3.286853066788373212e+01
-2.409285460631249975e+01
-3.123471688199753160e+01
-2.990413514293231501e+01
-3.088369353393485284e+01
-2.987484685684455954e+01
-3.443233705811796597e+01
-3.737761818515445356e+01
-3.974170073884420162e+01
-4.523224206724201935e+01
-2.872875942109741132e+01
-2.707624401261478297e+01
-2.622800834326477570e+01
-3.026955859787368652e+01
-2.925164981151188925e+01
-2.884532420917369677e+01
-2.117578590933578297e+01
-1.252577972696175834e+01
-2.273152013525529114e+01
-2.349606115220440472e+01
-2.062644253351666279e+01
-2.188854752257742931e+01
-1.937311923740048059e+01
-2.082864839488117070e+01
-2.465620897167026371e+01
-3.428381725181932627e+00
-2.099608926211114124e+01
-1.971021223333837114e+01
-2.118249930449550433e+01
-2.446923362152315207e+01
-2.949853443283729248e+01
-2.181543358858002435e+01
-2.753340699343192099e+01
-2.430960641456042381e+01
-2.309245643901051182e+01
-2.089762767412642930e+01
-2.464482542004811805e+01
-2.539164643769505858e+01
-2.195760930452502180e+01
-2.097314885934758877e+01
-1.885412909967476480e+01
-1.923544457091936621e+01
-2.540820326006650021e+01
-2.577027195693379369e+01
-2.765499001502354659e+01
-2.355690294176514499e+01
-2.713597549750390669e+01
-2.860890846477893135e+01
-2.465915413806952827e+01
-2.032292866667829401e+01
-2.312313692556117317e+01
-2.366456623045371543e+01
-2.332182656700353718e+01
-2.521724344573392429e+01
-2.547587595919658554e+01
-3.015220313321299983e+01
-3.101041540731796431e+01
-3.107193704782876154e+01
-1.213275546875344446e+01
-3.440961314847865271e+00
-1.884551864174487434e+01
-4.374849310772932043e+00
-2.060536842266504820e+01
-9.800281706814278238e+00
-2.208470530016967714e+01
-5.598155016063220302e+00
-2.038410628712190231e+01
-1.946355734416820482e+01
-1.908304350980041875e+01
-2.063243580259118559e+01
-2.081573406314126018e+01
-2.069784072515232509e+01
-7.641934043335157689e+00
-1.733302685758357242e+01
-2.890327893456549724e+00
-1.852177051867232294e+01
-2.100802406811564715e+00
-5.039570495898240132e+00
-1.896989324813780797e+01
-2.018003441615365645e+01
-2.644965002514310015e+01
-2.878744500240821580e+01
-2.717192009389891894e+01
-2.656114156409025284e+01
-2.906918915090910005e+01
-2.485211905249297715e+01
-3.104652505824465081e+01
-2.895009599844910397e+01
-2.430911535354795561e+01
-2.955891430663456632e+01
-2.685563733929181751e+01
-2.099032281470022099e+01
-2.126342760403674248e+01
-1.873398708199491480e+01
-1.722002377915005411e+01
-2.268598600259116083e+01
-1.847762937915636527e+01
-2.404832570189096330e+01
-2.394192218110404724e+01
-2.122273358680761746e+01
-1.978918860860513362e+01
-2.241956469693583998e+01
-2.157977647016821621e+01
-2.051838130845646546e+01
-2.038622201863987016e+01
-2.172991710906309493e+01
-4.681032103204665340e+00
-1.898366385405983436e+01
-1.873901019984532468e+01
-2.613688020410635815e+01
-2.738857974949651464e+01
-2.616961611644783403e+01
-2.607440930887165820e+01
-2.067045524825444147e+01
-1.916885119413410621e+01
-1.034450414454952494e+01
-2.558943014451291020e+01
-3.377187481196100549e+01
-2.933473199337076665e+01
-2.920914257830052918e+01
-3.203089322710072651e+01
-2.847584402030699735e+01
-2.747573489458834217e+01
-2.616510423085941994e+01
-2.498086779696216198e+01
-2.491301050186392985e+01
-2.500214142098593939e+01
-2.776877595038083157e+01
-2.532543866902710761e+01
-2.153943030430632888e+01
-1.825756861262696873e+01
-2.316495225137636282e+01
-2.099892201588465923e+01
-1.935610745030902891e+01
-1.929717791304384633e+01
-1.512186195933454869e+01
-2.125537016718128669e+01
-1.757631378920492082e+01
-2.145802343080919883e+01
-1.989745241527345598e+01
-2.154654931362272663e+01
-2.382582889186213038e+01
-1.272135210760705704e+01
-1.656426890280795305e+01
-2.068515675586662539e+01
-4.646221436927230108e+00
-1.959014485401599615e+01
-1.977224763700455057e+01
-9.007780230207703909e+00
-7.493332268236875926e+00
-2.089983021405373176e+00
-3.665703656242108810e+00
-2.984177214743942486e+00
-7.598010569199299624e+00
-3.559275350574867769e+00
-7.692331134120077962e+00
-2.001854577712286698e+01
-1.970713444336187692e+01
-1.856828764262333209e+01
-1.170155293244082273e+01
-2.077670353677465886e+00
-1.780170736841273182e+01
-1.094589845233058689e+01
-1.656301338748751562e+01
-1.774073870652213225e+00
-3.209507761410185012e+00
-4.160669417366559486e+00
-3.305341075789308913e+00
-1.803154858091940937e+01
-3.332324555805660449e+00
-3.333693989941104441e+00
-4.341685742673872639e+00
-2.163388194341603565e+00
-1.261189963713771256e+01
-1.838016958834804981e+00
-9.868204345853406778e+00
-2.444624558577388473e+00
-2.329697497559911401e+00
-7.797913537189148592e+00
-2.558718619240195391e+00
-4.637409153540017037e+00
-1.664310927301912812e+01
-4.033841768885747747e+00
-1.555926621551992994e+01
-2.112843457249747203e+00
-2.241853488153194185e+00
-2.808110914183425066e+00
-6.335179015449969420e+00
-1.787233482724604361e+00
-2.897825652761517379e+00
-7.196822047125697175e+00
-4.538422939062888517e+00
-3.068353550742056957e+00
-2.481889640877786629e+00
-2.797424986426211735e+00
-2.574002427420166494e+00
-3.834578641445541614e+00
-3.616844081205992545e+00
-4.887318381704638171e+00
-2.678805337371838124e+00
-3.167427281335978950e+00
-3.857168706613944842e+00
-1.682315480481313408e+00
-2.505829088037173857e+00
-1.594369153581919996e+01
-3.830010884254259285e+00
-1.090673810092295781e+01
-1.689023918959538051e+01
-2.413926075540272276e+00
-2.362024203304231573e+00
-3.758705690070880845e+00
-2.266002096215924855e+00
-2.297922247289431397e+00
-1.621021285504946974e+01
-1.825239935548925629e+01
-3.063071977437444193e+00
-2.367308072086732107e+00
-3.753469727988056448e+00
-2.640807692024243369e+00
-8.938675220648839570e+00
-1.485763133786334622e+00
-2.007448530703522138e+00
-2.929137481319830982e+00
-1.584514665833671465e+01
-1.365331717766029840e+01
-1.595015306145718448e+01
-1.983436504933323619e+01
-8.657774088589066608e+00
-1.961754759649177338e+00
-2.569467279587289266e+00
-3.163160533665702268e+00
-1.850800779025989584e+01
-4.248381042149986797e+00
-1.642734137985489085e+01
-3.555088580655725305e+00
-2.011067621795195937e+00
-2.429125496869201761e+00
-2.017738678123210505e+01
-1.799750057352998667e+01
-1.940197815742872933e+01
-2.020247499518160339e+01
-1.363269683605738436e+01
-1.905988489573031686e+01
-2.171713891191797785e+01
-2.250207221906976329e+01
-2.019531375137280094e+01
-3.390794647554960850e+00
-3.397295593505587075e+00
-2.009829626241322664e+00
-1.843313020636227151e+01
-7.876345398947318444e+00
-6.728885063566021785e+00
-1.673078646492055199e+01
-2.015277154832566353e+01
-2.262676567402037620e+01
-2.148650039534827627e+01
-2.330795583315762443e+01
-2.136645707052620224e+01
-2.350401630218644300e+01
-2.183095318456839706e+01
-2.125146367694333449e+01
-1.783356408689847328e+01
-2.647392260274581854e+00
-1.058926014004851268e+01
-1.792243389120094577e+01
-5.732022649916967083e+00
-6.264896199716108782e+00
-4.373973642000066775e+00
-3.530426134170811636e+00
-2.727381525215333280e+00
-3.927356216073497386e+00
-1.528193904739599418e+01
-2.083560552721812087e+01
-2.157941394551760439e+01
-1.383066053106373694e+01
-5.115860530397320360e+00
-1.145571210649492322e+01
-7.542307562392861264e+00
-1.771275680219751791e+01
-1.711404332003215245e+01
-1.192091712172737594e+01
-1.790705713296346957e+01
-1.410546423992712484e+01
-1.911979573246060582e+01
-1.101700588516736445e+01
-9.524660940072047666e+00
-1.065158727940462668e+01
-1.770698416429364741e+01
-1.789667291886195244e+01
-1.909582580811039776e+01
-1.871244429729174996e+01
-1.958814688519444047e+01
-1.881587749774537954e+01
-1.266117319076266057e+01
-3.222929429337383134e+00
-4.731054652623148726e+00
-3.867725276087288222e+00
-3.937740181123861483e+00
-1.633962468848691341e+00
-3.279405257674371743e+00
-7.272462133224229852e+00
-7.809123236801112533e+00
-1.843864613337821012e+01
-4.831552501082061468e+00
-3.346510159623270919e+00
-3.746895154200196920e+00
-2.872510219452380831e+00
-3.357778974714670017e+00
-3.503933054577538009e+00
-2.384794187982718139e+00
-2.229555505359060774e+00
-2.555407610974663957e+00
-7.853265452444615491e+00
-2.058492300851344048e+00
-2.250526752982401124e+00
-2.126132455567776525e+00
-3.299683867675994975e+00
-1.896209902215515664e+00
-1.675923038563163381e+00
-2.765712439974931325e+00
-2.841871115813283222e+00
-3.646639313507463065e+00
-3.672967198208545891e+00
-4.211023058077048908e+00
-3.070865060991732509e+00
-2.794496906155894855e+00
-2.298075083665969576e+00
-7.404187640204083820e+00
-2.280569276754816244e+00
-2.256079942024757035e+00
-1.773990645031296109e+00
-3.140580002679455252e+00
-3.064143334457047452e+00
-2.460586908355469671e+00
-1.774434314959027148e+00
-3.666579162403371672e+00
-2.552975426478257592e+00
-5.652045576535794424e+00
-2.530882576184420696e+00
-3.023064166804129371e+00
-3.365106760223330440e+00
-2.049947981125705532e+00
-1.825445289621480338e+00
-2.353874543007172360e+00
-2.675946874531548225e+00
-2.484817901887923064e+00
-2.101245535945630571e+00
-1.607793322346306564e+00
-1.901760692075539438e+00
-1.484588952511170401e+00
-2.871271342986564612e+00
-3.047960165149122158e+00
-3.621403428644864420e+00
-1.376234223198383155e+01
-6.561440449810139519e+00
-3.007990287712930311e+00
-9.956730349214264919e+00
-4.318342732909176362e+00
-9.269431383734881180e+00
-2.893883888075535538e+00
-4.878289322966923081e+00
-4.214726256126300363e+00
-1.801269783431778038e+01
-8.871636354296224880e+00
-8.582585022137029895e+00
-7.814238395613926969e+00
-1.816199568361174244e+00
-4.521257746440172198e+00
-2.044577820619402964e+00
-1.983570392783659653e+00
-3.555935297580800292e+00
-3.114958244640193996e+00
-9.086861302944729601e+00
-3.244535018059071074e+00
-2.677426822525759142e+00
-3.478552908223431661e+00
-1.786689821409272128e+00
-2.345473417876316802e+00
-1.589647955815298275e+00
-2.253757295964143648e+00
-1.423836118538539086e+00
-1.368716234964654221e+00
-1.841802209361526721e+00
-1.158582262501441251e+00
-1.381164771828046867e+00
-1.429691911484819222e+00
-1.000315820512066622e+01
-4.960488824153149068e+00
-3.820181810702883318e+00
-1.937269501951973671e+00
-3.043016686630745316e+00
-2.534919008426063325e+00
-2.044821362704121626e+00
-2.111926467796406914e+00
-2.235647256666815519e+00
-2.930104798040345404e+00
-2.532599044541199440e+00
-2.869536312349513896e+00
-1.278415650257811897e+00
-2.682693182986642721e+00
-1.852882600029607252e+00
-2.760968854128075911e+00
-2.161826076531296881e+00
-2.960236326994982736e+00
-3.657442976499162501e+00
-3.070331307113894681e+00
-3.115457010376558866e+00
-1.930811341430578754e+00
-2.677249144158901029e+00
-2.286355833973673590e+00
-2.850395251307257016e+00
-1.661990491147823379e+00
-2.099631438270701089e+00
-2.600382131633868887e+00
-2.464926601190404742e+00
-2.305558808715247654e+00
-2.036401945948364212e+00
-1.726154587239139060e+00
-1.800774917508362272e+00
-1.489813443571630591e+00
-1.701615568706758452e+00
-2.409508505922805632e+00
-3.510387955478593724e+00
-3.274974200704568350e+00
-4.065903174629834638e+00
-3.093232636144218617e+00
-2.029652064623021612e+00
-1.941404432596218976e+00
-2.054651523172562833e+00
-1.643315728005964038e+00
-1.551347583955243081e+00
-2.349807447630493318e+00
-2.679084899670354680e+00
-2.426601230528144360e+00
-2.825616081596117546e+00
-1.746670446249558140e+00
-1.402375131583938561e+00
-1.547433645241714784e+00
-1.844970357029315222e+00
-2.187221514773809883e+00
-2.095500852601309028e+00
-1.466122552215694652e+00
-1.551693694165273030e+00
-2.205170534816961680e+00
-2.413974060833169677e+00
-3.241926495643188577e+00
-2.622439628411300294e+00
-1.678930897344881101e+00
-2.589774154009508500e+00
-3.772651833843542857e+00
-3.933233778780003131e+00
-1.779858048461916553e+01
-1.897150326711772550e+01
-1.606986295498195361e+01
-3.025310400158584656e+00
-1.364508051878619810e+01
-1.252133660810092408e+01
-2.226812159490982879e+00
-1.761088945275023576e+00
-3.950886103466205501e+00
-1.810887729426307402e+01
-3.336747720940309136e+00
-3.829329501834054739e+00
-3.006269838804391359e+00
-2.021071609352749210e+00
-2.428864597492925714e+00
-2.014897462545115037e+00
-3.571677665612602137e+00
-2.189733380525195727e+00
-2.936992238153871337e+00
-4.296460551547211182e+00
-8.334362802922743896e+00
-3.342757535693501314e+00
-4.057677892331709835e+00
-1.783657479771613197e+01
-1.698673566554406023e+01
-1.665064342107826434e+01
-2.348398329952312569e+00
-1.357819195059542183e+00
-1.292855756021294544e+00
-1.632259409730559829e+00
-1.402346894403384336e+00
-1.495275642560711660e+00
-2.188467351679686423e+00
-4.239647504544493017e+00
-9.726254611460561250e+00
-1.002084283900676986e+01
-1.815624755389837830e+01
-3.277050384391551940e+00
-1.503972493831351720e+01
-2.019707644506239319e+01
-2.080047869513222736e+01
-1.446485667850285139e+01
-3.737476746851459364e+00
-1.727833483614392662e+01
-4.982236274189072667e+00
-3.400544822411354140e+00
-3.537076013258769969e+00
-2.637041917846084438e+00
-1.710537779075945153e+01
-8.381369487534090723e+00
-1.673858345024480165e+00
-1.283380724418570207e+00
-4.011159592658938067e+00
-3.170398521783961865e+00
-2.421881911473403814e+00
-1.994266125020905722e+00
-1.139160523045076312e+00
-9.743554719626408289e-01
-1.425318802331591916e+00
-9.016685779143688961e+00
-3.385058892654268625e+00
-1.459141235736963793e+01
-3.151900063244866601e+00
-2.422334508751385673e+00
-9.119197547078623511e-01
-7.756397530780090310e-01
-2.933679026913589727e+00
-2.005951678161101981e+00
-3.170742081734069018e+00
-2.297005828465666255e+00
-1.779822886897493017e+00
-2.479886377364806549e+00
-2.474754970971710488e+00
-2.698744864276572564e+00
-2.483954004952896089e+00
-2.354592916622584298e+00
-1.937503690824296188e+00
-3.990597765454968027e+00
-3.354095193889169213e+00
-3.388434218520015584e+00
-1.056491134711973867e+00
-2.759435537123365201e+00
-2.287933891746887216e+00
-1.941419105379463828e+00
-2.055311562327001518e+00
-2.155819015279864193e+00
-2.398717137581322767e+00
-2.280447285331384411e+00
-1.798685736445178041e+00
-1.385925308617502960e+00
-1.565136191249291153e+00
-1.568259984238438376e+00
-1.591635271712193100e+00
-1.236671217197303996e+00
-1.472357687986244779e+00
-1.598363848932086828e+00
-1.698049278301017040e+00
-1.214509546602724699e+00
-1.624135600308799887e+00
-1.505155292857349059e+00
-1.539979810048041964e+00
-1.647517733545399432e+00
-3.114573979380269808e+00
-2.613823325727440139e+00
-1.368763590975937916e+00
-1.832271307961476747e+00
-1.698561819970927367e+00
-1.458467944956853168e+00
-1.226913269029320519e+00
-2.288532696519057552e+00
-2.069557902948909955e+00
-2.029896748896645065e+00
-2.058085341779262833e+00
-2.322898574629656210e+00
-1.600200190627351970e+00
-2.421693682593209829e+00
-1.930381659588704668e+00
-1.479437869140906026e+00
-1.810446629327901791e+00
-2.111036829221344835e+00
-1.659525297486890816e+00
-1.960209770101541960e+00
-1.190712396367781922e+00
-1.665558132939164881e+00
-2.599895771335262395e+00
-6.094784277817535845e+00
-3.618851299459252768e+00
-1.309352780072310196e+01
-3.994682940365510859e+00
-3.965259727168409132e+00
-1.946658126606013672e+00
-2.906449613321780756e+00
-3.064193190324748350e+00
-2.890936936590477124e+00
-1.574192977238777491e+00
-2.463231713716383720e+00
-1.442822024705598949e+00
-1.695299509172932817e+00
-1.779432778896844036e+00
-1.192327316058243936e+00
-2.073643523656388155e+00
-2.082682346529261874e+00
-2.326907019485257244e+00
-1.755428164006477498e+00
-1.685506923292061643e+00
-2.430250402544318344e+00
-1.575057767246109908e+00
-1.004096790626036073e+00
-1.864895031608121423e+00
-1.485468680795604568e+00
-1.919195715724345774e+00
-1.329321881689767615e+00
-1.248254909019363534e+00
-1.652931272987808509e+00
-1.614755303937958519e+00
-1.522004985283271772e+00
-1.797821112680390909e+00
-2.452993099580198066e+00
-1.761589458551083620e+00
-1.551895744252808518e+00
-1.679438286893605969e+00
-2.881970670958020175e+00
-1.444989629059520109e+00
-9.841426052994486362e-01
-2.311811602161285339e+00
-1.491233145912796543e+00
-1.147855222303127309e+00
-1.732833549424836139e+00
-2.453576695660181883e+00
-1.712760545199236928e+00
-1.631107264881849872e+00
-1.356732020417447115e+00
-2.016354067637602387e+00
-2.248219930793353249e+00
-9.941962553738591390e-01
-1.036391450397599723e+00
-2.857525233871082371e+00
-1.207511721789804371e+00
-3.180144615572985334e+00
-1.840861080419556872e+00
-1.673378947888769508e+00
-1.676344886539869794e+00
-1.621645583400626478e+00
-1.991678099913009037e+00
-2.243670857702413812e+00
-2.057857589041959923e+00
-1.990020596512903417e+00
-6.277003683015044189e+00
-1.292228193642595890e+00
-1.350390269119189135e+00
-1.955303831048673446e+00
-2.475615614112387064e+00
-2.098585696699938996e+00
-2.535520222576852056e+00
-3.221097130838963984e+00
-1.729685332038906953e+00
-1.260361826050921064e+00
-6.726261623369107490e-01
-1.552393864522064959e+00
-3.086907634471192541e+00
-3.154559145008418053e+00
-3.817287730270909840e+00
-1.663968683413780791e+00
-3.011429553798107950e+00
-2.691906748505723090e+00
-3.783224009019567458e+00
-2.530584514863896128e+00
-2.303044381869943980e+00
-4.014292031181804887e+00
-2.515531577136402852e+00
-2.006471228972888099e+01
-6.606622641122158690e+00
-1.099287451601779075e+01
-1.403996072297518971e+01
-2.146433847540353934e+00
-1.860740371726306108e+01
-2.168844918688579781e+01
-2.511078078684318982e+01
-2.447597375723561441e+01
-2.499768658643003150e+01
-2.567983051184645760e+01
-2.496232255724628857e+01
-2.221361630419852773e+01
-1.942426178719061980e+01
-2.228724007095989279e+01
-2.378248390247045663e+01
-8.206326833797346509e+00
-1.925092933525902694e+01
-2.182966512255669045e+01
-2.225521024114744506e+01
-1.955121326430929685e+01
-1.952091497697292866e+01
-2.120149830621751974e+01
-1.936779678229127200e+01
-1.979120848746662986e+01
-1.862644834059894094e+01
-2.012762461834274674e+01
-2.190309569966015246e+01
-1.966580283313870225e+01
-2.219887501951462383e+01
-1.991789278575589606e+01
-4.769003348142341281e+00
-1.389329135888468869e+01
-4.102292908468910149e+00
-1.167881530209044882e+01
-1.706643440372297960e+01
-1.346988217888173800e+01
-1.341890412041858482e+01
-3.459321834076966695e+00
-1.639006767281612298e+01
-6.787673524068621234e+00
-1.538228732686690137e+01
-1.977454233492839464e+01
-1.034313784527925506e+01
-6.937002883430675837e+00
-1.963133020218840841e+00
-2.964018783298439708e+00
-8.347835082309716270e+00
-3.947285268631355759e+00
-2.458046620409767069e+00
-2.951842016142509184e+00
-5.479202879217026201e+00
-2.893070998765182811e+00
-3.881702226257822019e+00
-1.790733225558501118e+00
-2.907476084647044878e+00
-1.223314231874294933e+01
-4.322104541511541775e+00
-3.100463332354081558e+00
-2.213226822823266104e+00
-1.884357438085806136e+00
-3.935052983827437956e+00
-3.956974887862488188e+00
-2.404774270819394655e+00
-5.782508462975558317e+00
-1.935168857881306792e+01
-1.888682065577524227e+01
-1.840898881516434216e+01
-1.878213067092084287e+01
-3.948684094645155795e+00
-1.055130794597138433e+01
-1.886366840783353638e+01
-1.920618076459421175e+01
-1.179173630795193084e+01
-3.545117375091338729e+00
-3.244181319134403552e+00
-3.008066122527790931e+00
-2.520543475468251859e+00
-2.667487708846253192e+00
-3.021317128958045828e+00
-3.090035622513279456e+00
-2.623861185896894099e+00
-1.989552184338811536e+00
-3.304125174555397226e+00
-1.335148559728194684e+01
-1.976997879928016033e+01
-4.659010184983258362e+00
-1.112615756097055275e+01
-1.761201204590858937e+00
-6.136400124305474435e+00
-3.079760219961696244e+00
-4.395840671713755476e+00
-3.665242651547312214e+00
-7.033718584041237953e+00
-2.936322506417829103e+00
-1.685167823022484690e+00
-2.079977365237925202e+00
-3.984084313392797672e+00
-2.404114387298935451e+00
-2.552873634275478310e+00
-2.193346602479607554e+00
-2.117193605581964899e+00
-2.966893670189157284e+00
-8.871080350669577896e+00
-3.446200585526006943e+00
-3.740298793068868477e+00
-4.591220055924280175e+00
-2.598336415246977005e+00
-1.196601664907340323e+00
-2.810137289046199971e+00
-2.320525738019633355e+00
-2.724793972235440176e+00
-1.700536333158130731e+01
-4.649142925810910043e+00
-2.574121779885399697e+00
-3.877294283273632125e+00
-3.889295633916048267e+00
-2.696096057548574176e+00
-3.354248333268176729e+00
-1.393248734772322583e+00
-2.704621059107061409e+00
-1.495231773375873985e+00
-9.674567269083224730e+00
-3.794808793537802760e+00
-2.894390032643419985e+00
-2.956078593359635409e+00
-3.255033103554659579e+00
-4.246501166822620910e+00
-1.451074327525737040e+01
-7.029350004255415563e+00
-3.368245971737699573e+00
-1.837041122046349884e+01
-2.000805007244537848e+01
-1.890906524462585736e+01
-1.744730089937421624e+01
-2.094004316079766070e+01
-1.872955676534487779e+01
-9.396708076074654414e+00
-1.305093602304875056e+01
-1.802392571752206862e+01
-1.445319193923608525e+00
-3.688105616876260928e+00
-3.552463855607908449e+00
-2.522780260273140840e+00
-2.987994968984390542e+00
-6.432910641904915572e+00
-2.957866028301761041e+00
-1.921664049240219896e+01
-2.060226506525591361e+01
-3.464735171306483785e+00
-2.389671287752288986e+00
-2.226655883186733575e+00
-2.307038476664726723e+00
-1.737306999209986458e+01
-2.105269160133712347e+00
-2.044432973815548227e+00
-3.307682354691607429e+00
-9.478401199794131315e+00
-4.136633115930250959e+00
-3.121685688111976997e+00
-2.183619703107587906e+00
-8.477636014154413147e+00
-2.926828418593210746e+00
-3.413986787881444496e+00
-7.575410003089404043e+00
-3.225766742687569355e+00
-5.865338326831176730e+00
-2.243719516175191053e+00
-1.878917720828140014e+00
-2.378768276633748791e+00
-2.306462319259242832e+00
-1.995056553473257610e+00
-9.171694014090915559e+00
-3.316917974241794465e+00
-2.250148766803809153e+00
-1.661802321762773715e+01
-3.107946451447717084e+00
-4.397739749896357964e+00
-3.044465479993451407e+00
-1.410169804509993874e+01
-2.339133032288154723e+00
-7.228968918909309593e+00
-3.897006855134154346e+00
-2.012817720353773598e+00
-7.023943523644432751e+00
-3.169264433713700591e+00
-1.680035341270942562e+00
-2.536534589172112941e+00
-2.890376323600027497e+00
-5.978300948508063151e+00
-1.663316204534603049e+00
-1.501784103388398073e+00
-9.604239885159682188e-01
-2.131382474603062960e+00
-1.188887500445005463e+00
-1.358196072222636941e+00
-8.941939896083367145e+00
-3.798197593459725852e+00
-3.049790397537359699e+00
-1.724775734242410152e+00
-1.785113607684612580e+00
-2.621878094904359635e+00
-2.358482965456969449e+00
-1.358673428675225114e+00
-2.297476189105569500e+00
-1.464754779932115225e+00
-2.058175109094110500e+00
-1.976794279975599533e+00
-2.000308754496049168e+00
-2.731416876102999325e+00
-3.703466841406980681e+00
-2.145244768496740395e+00
-1.105977504834111391e+00
-1.497116940109032734e+00
-2.193722545706182192e+00
-2.491276534399730291e+00
-1.529670813965405829e+00
-2.005067731826847499e+00
-2.457297606770945997e+00
-1.354551893942759211e+00
-1.639899743574524393e+00
-3.596818231846466318e+00
-2.148691410618384534e+00
-1.809678828462919276e+00
-1.231269909047658428e+00
-1.678665031045045275e+00
-1.208172882810246040e+00
-1.902829139926065949e+00
-2.021657853935853399e+00
-3.246735767560215091e+00
-3.268053989582835328e+00
-2.079551360133881754e+00
-2.812281704105411340e+00
-2.363228875145023444e+00
-1.686354536412937088e+00
-2.533523549632337613e+00
-1.775512615736714039e+00
-1.886070083844540113e+00
-1.841564677373087822e+00
-2.141349253178702838e+00
-2.042786201519008582e+00
-2.197336553957179195e+00
-1.484290097687358978e+00
-2.104169844893079677e+00
-1.788418231188102947e+00
-1.481152626791117921e+00
-1.593436028561646900e+00
-1.684428133656652449e+00
-2.254204315966975347e+00
-3.460715570252540729e+00
-2.672994908420649018e+00
-3.024775303236984403e+00
-2.132242750555072952e+00
-3.024998997140535550e+00
-2.135717999797447142e+00
-1.342059688323242961e+00
-3.572085267130908459e+00
-1.532633290432387163e+00
-2.140277751301519427e+00
-2.004682690452566973e+00
-1.006211937090332631e+00
-2.057563553916308408e+00
-2.360461341219782572e+00
-1.790969997437950045e+00
-8.783702669558506315e-01
-2.193069924917582902e+00
-1.617295651792333366e+00
-1.481324368506477640e+00
-3.803891500238349099e+00
-2.221266726507969302e+00
-8.146615176160466376e+00
-2.766411824834480448e+00
-6.212555819938220480e+00
-1.398705170612430670e+01
-3.948687463947984089e+00
-2.473981952116374838e+00
-2.391088376716531627e+00
-2.972937058334228944e+00
-4.060998497337867441e+00
-2.470634228822127465e+00
-3.710413748634034281e+00
-3.077819494490920960e+00
-1.647848470349673411e+00
-2.487420921858364942e+00
-2.695914254544237387e+00
-4.345188014171005086e+00
-3.011606276099692892e+00
-1.141333213450663564e+01
-3.105450094652201898e+00
-2.454688163345926544e+00
-2.984659171491768515e+00
-3.546466938036568983e+00
-1.734387736736135777e+00
-1.848091598629123311e+00
-1.534897268496758116e+00
-2.659688654122222662e+00
-1.881836844719814605e+00
-1.980724258133176763e+00
-4.486315547303685314e+00
-3.532091315302006151e+00
-2.451614050360614083e+00
-1.355712992847877274e+00
-3.705445481021309106e+00
-1.919870660184704647e+00
-2.250803619981131209e+00
-1.479335602252731530e+00
-1.523305601496007133e+00
-4.823211623637330803e+00
-8.218058363439403990e+00
-3.856567595605084886e+00
-2.474529219228463806e+00
