-2.311670063815819276e+01
-1.885363515739214790e+01
-2.224095555519218337e+01
-2.525508482708605840e+01
-2.653878998755756413e+01
-2.992192929835957571e+01
-2.500648723185710409e+01
-2.461859404806723717e+01
-2.084070477786581677e+01
-3.994866115418894026e+01
-3.687690019111705197e+01
-4.836101899476666688e+01
-3.969493330470361769e+01
-4.650578469971150497e+01
-4.781342191199163949e+01
-5.285281434283243840e+01
-4.578534005359603043e+01
-4.291548022653594074e+01
-2.499675499415704394e+01
-3.393718182714387410e+01
-3.324884134504706878e+01
-3.778633099519908001e+01
-3.277703735980724531e+01
-3.137731859380850352e+01
-3.967283561083783638e+01
-2.713677083623501218e+01
-2.968980307393781715e+01
-3.616793286633087234e+01
-2.965639135977918528e+01
-3.246370101440673039e+01
-2.547482676886747299e+01
-2.580026905475325449e+01
-2.961168769190915739e+01
-2.658476927698565007e+01
-3.216816164789045729e+01
-2.148349494876655896e+01
-2.578241539599450860e+01
-2.043427862041085419e+01
-2.301453189154783630e+01
-2.271177648211176603e+01
-2.454967167627416202e+01
-1.327758778865793055e+01
-2.006475946339452676e+01
-2.362596351534414296e+01
-1.415494123208746657e+01
-2.119363162541628398e+01
-3.304006260212759116e+01
-3.532439201201695766e+01
-3.233421747152757320e+01
-3.400736402673157244e+01
-2.963156968329670704e+01
-3.082335456320902267e+01
-3.404777417746594637e+01
-4.073678281269414470e+01
-3.273113510685706729e+01
-4.561954723065757378e+01
-3.444582570751645534e+01
-4.063126649740672747e+01
-2.918886705676843718e+01
-3.399039497475580163e+01
-3.898313240415306780e+01
-3.742267594644523854e+01
-3.445790714733402638e+01
-3.186965040366065338e+01
-3.222757895156173902e+01
-2.631610590093366753e+01
-2.434101963445789707e+01
-2.371355006707711865e+01
-2.955377955494748221e+01
-2.641883549246217555e+01
-2.991651375941195212e+01
-3.264837866886063722e+01
-3.558100736971378097e+01
-4.136420707145964570e+01
-3.716700099286929060e+01
-4.422069520934385167e+01
-3.614731858637345141e+01
-4.020901244180006984e+01
-3.869726012650430391e+01
-3.339432564507742285e+01
-3.162999037849112938e+01
-3.361019074985750876e+01
-3.404586138194125056e+01
-3.882722493998046787e+01
-2.923751859460911717e+01
-2.391373470004367974e+01
-2.501915522788976176e+01
-2.619556530147738016e+01
-2.540036203451276364e+01
-2.459693993017176439e+01
-3.106753687428296828e+01
-2.516938885781562618e+01
-3.297251835561445432e+01
-2.852163089115590111e+01
-3.450949589045411869e+01
-3.609988285282081932e+01
-3.817936237269316990e+01
-3.048401536587151384e+01
-3.602375648873058367e+01
-3.492182700175131771e+01
-3.972125695300299952e+01
-3.944378699909745478e+01
-3.372789962060765845e+01
-2.684041458468553998e+01
-4.326489489268753630e+01
-2.831989239343972997e+01
-2.687428218603580987e+01
-3.985731483039096190e+01
-3.911342649448489084e+01
-4.090358811603975653e+01
-3.983290500499551712e+01
-3.940068081463729754e+01
-3.323917716457165028e+01
-3.215747112948670861e+01
-4.770562390620520432e+01
-3.678225962742253330e+01
-2.893071354321609689e+01
-2.629903826139710077e+01
-2.872096590949663408e+01
-3.005496207041837309e+01
-2.976675982424954725e+01
-1.993856801203736850e+01
-2.068936870587364041e+01
-2.507012246095389330e+01
-1.752417075553490378e+01
-4.240123308674458080e+00
-2.557475051167087798e+01
-2.837875190248557900e+01
-2.615577792122527256e+01
-2.168804294221071061e+01
-2.298251138623252388e+01
-2.002957022259338160e+01
-1.794217074029780790e+01
-2.570776069810280262e+01
-2.399429175995286911e+01
-2.291272297022725013e+01
-2.002493349457821381e+01
-2.260924884415058500e+01
-2.383079665749339782e+01
-2.043968825404298428e+01
-2.818751975977378876e+01
-2.918579439091900340e+01
-2.343279496849240573e+01
-2.543501588759503917e+01
-2.593357630859345875e+01
-3.630603799906003104e+01
-3.369994258918291052e+01
-2.570005061947705016e+01
-3.078400883370938956e+01
-2.791648407462353276e+01
-3.044351520643914100e+01
-2.926013929099274691e+01
-3.099482181804732761e+01
-3.262604020685429873e+01
-3.341354305370924038e+01
-4.257849783847389347e+01
-3.556354446827463534e+01
-3.542909827238928955e+01
-3.687818939533116946e+01
-3.678138718343603131e+01
-3.075919619277375006e+01
-3.538250437398437498e+01
-2.468698148167061390e+01
-2.634497014298683126e+01
-3.211749275307131768e+01
-2.433144655269688883e+01
-2.374008210313402856e+01
-2.090490669308440985e+01
-1.926726446999031594e+01
-2.290279057164317678e+01
-2.336560083002510169e+01
-2.564739757800785469e+01
-2.516427209391466135e+01
-2.951522550649205101e+01
-2.863901743429131486e+01
-3.952158249532129908e+00
-2.255425247932775079e+01
-2.188296850221467338e+01
-3.678862695417671347e+01
-4.581779956458645131e+01
-4.909360220604775549e+01
-5.745207351701758114e+01
-3.079002288787957298e+01
-4.921796542897787674e+01
-4.957016532061660996e+01
-4.201343346978601545e+01
-9.783764761400476573e+00
-2.185807833895301044e+01
-3.911739170996719306e+00
-1.878265215638840502e+01
-2.628359259633776546e+01
-1.693673392718844539e+01
-2.576551102550946482e+01
-1.865809915096593485e+01
-2.596152110907676658e+01
-2.571002000542519283e+01
-2.289446450569105806e+01
-1.869320993461819214e+01
-2.419420475567269690e+01
-1.453904376357077766e+01
-2.069679758624848276e+01
-4.074165901557774916e+00
-1.960791086745870260e+01
-1.893788761692615097e+01
-1.916629703314514543e+01
-2.213292825585071810e+01
-1.753495717314591573e+01
-2.376112546876412424e+01
-1.870344264687675917e+01
-2.016871439791114184e+01
-2.265459991502931558e+01
-1.885283805976333582e+01
-7.711740336031866150e+00
-2.273250129732623037e+01
-1.902459835725561632e+01
-2.422085636964669675e+01
-2.477807711376702926e+01
-2.341307952968504225e+01
-1.545461347293114507e+01
-2.147677129431832199e+01
-2.774834099379738106e+01
-2.228983894867390703e+01
-2.776989948743757708e+01
-2.869610692177941047e+01
-2.189102858908702132e+01
-2.432473601200386071e+01
-2.603923011500620177e+01
-2.123105017929591298e+01
-2.203526777213408749e+01
-2.007719149467196473e+01
-2.712596155505207207e+01
-3.126710160214740952e+01
-2.738366340976130431e+01
-2.588847354245782384e+01
-1.728505652539111281e+01
-2.103616697603117203e+01
-2.459423626918849237e+01
-1.699855319094801587e+01
-1.933539478971764680e+01
-2.460026881308668223e+01
-2.289128286397710710e+01
-2.127126398735659052e+01
-2.640387385767389361e+01
-2.522416861070462346e+01
-3.033743345497222688e+00
-2.231773235146180667e+01
-2.722654439406194982e+01
-2.491211260209664147e+01
-1.826541944239725979e+01
-1.199185863732386359e+01
-3.878518722455582690e+01
-5.639072430589688167e+01
-4.862173840494511978e+01
-5.126217709858553917e+01
-5.161947727543431341e+01
-5.531755333713877576e+01
-5.464286598230500402e+01
-2.635885640618564452e+01
-5.184482248237588209e+01
-5.409248571510057957e+01
-4.114025113342188433e+01
-4.917087046788549287e+01
-2.678939156498593377e+01
-4.958410241464183343e+01
-5.788467108111357362e+01
-4.696958640327649448e+01
-5.317053818687252686e+01
-2.400548511355478354e+01
-5.241400986082544478e+01
-2.856877681468283825e+01
-2.159079049645542980e+01
-3.085747598906476696e+01
-2.945585319786673395e+01
-2.438046025811303963e+01
-2.323429634011385403e+01
-2.795483562725745585e+01
-1.400708860596565408e+01
-1.192581758085891863e+01
-1.841884357857843213e+01
-2.285034406783916339e+01
-1.662069945042432906e+01
-2.224679777251181889e+01
-2.901655127854251148e+01
-2.077330036434329941e+01
-2.383587540321639153e+01
-2.544200994649665404e+01
-2.360380931473648758e+01
-2.389316004040728814e+01
-2.471844493809610199e+01
-1.804821184152085323e+01
-2.774741018907163337e+01
-2.883485005381628952e+01
-2.254792298152719354e+01
-2.630814862763897466e+01
-1.819317454622814978e+01
-1.909525224933519638e+01
-2.675377017709159944e+01
-2.695539692180605229e+01
-2.027747604844675422e+01
-2.458462402495370469e+01
-2.363939332361432122e+01
-2.181730946692592710e+01
-2.501397720997696439e+01
-2.815927888476684871e+01
-1.632313604921029793e+01
-2.231230526569813577e+01
-2.581841925210035171e+01
-2.028100994767741483e+01
-1.907531018016905833e+01
-2.988153765819478380e+01
-1.169031256609642000e+01
-2.672789560281315602e+01
-2.438419538946255472e+01
-3.247761194730976086e+01
-2.182624821550837524e+01
-2.934580332291048776e+01
-2.112948434299278944e+01
-2.101552694859214654e+01
-6.261197944636250234e+00
-9.637576651261969829e+00
-1.434477145625034922e+01
-1.794994966595290675e+00
-2.518539505686084823e+01
-2.113518033949072006e+01
-7.179513360593815285e+00
-4.179096379707257114e+00
-2.538494198940020041e+01
-2.010176078882685147e+01
-2.065802977716727185e+01
-2.495734715021419348e+01
-1.072997051287862647e+01
-2.226448047659531682e+01
-2.254212801009365919e+01
-2.347796755295057025e+01
-2.191729168118626347e+01
-3.089054391805114719e+01
-3.798832664974963791e+01
-3.566703965541600496e+01
-2.920928824895218767e+01
-2.970302183224850268e+01
-2.304024522092720773e+01
-2.043884185537441667e+01
-3.615777721771584652e+01
-2.738457013346196334e+01
-2.025483912634096484e+01
-3.051773260823859601e+01
-1.686769715006852621e+01
-2.139333752777387332e+01
-3.123458267303189473e+01
-2.175880789021055151e+01
-3.043314678837307241e+01
-2.220937491820201615e+01
-3.169545507117896577e+01
-2.759482007122229064e+01
-2.794004745714008564e+01
-2.548287785885210610e+01
-2.112224944898148493e+01
-2.971417955542435152e+01
-3.224873334234535349e+01
-2.233807587354688451e+01
-3.085159474948758884e+01
-2.870855577025866978e+01
-3.034406631617577332e+01
-2.919260772996489806e+01
-2.507305982885545248e+01
-2.595724046143964614e+01
-3.199456289211369153e+01
-2.951998408835035193e+01
-3.108187107599739107e+01
-2.791746967052246120e+01
-2.329793709169353733e+01
-2.844843075545287903e+01
-2.887116128133211390e+01
-2.871300357032220774e+01
-2.983529571354832299e+01
-2.602491016978905947e+01
-2.232033963837026391e+01
-2.685473051593070437e+01
-2.690075023304182622e+01
-2.157743768681410756e+01
-2.044417450840014894e+01
-1.854992518081221675e+01
-1.229533378506658181e+01
-2.474023986160722188e+01
-1.858038550309515458e+01
-1.750520303790261423e+01
-2.237980214814157520e+01
-2.051120776306674998e+01
-2.568255984303360862e+01
-5.011969408513683888e+00
-1.945977834767963799e+01
-2.551219975575040522e+01
-2.757886251718727166e+01
-2.016182121582637876e+01
-2.641164614922751497e+01
-2.184159109991107783e+01
-2.127500114484631411e+01
-2.077310758759938381e+01
-2.501586858704010297e+01
-2.192520833359795418e+01
-1.798705674118157916e+01
-2.507559118468638459e+01
-1.915754576980821966e+01
-2.604291578633692339e+01
-2.959811772685919884e+00
-2.218733875681371615e+01
-1.986525621605199277e+01
-1.850767022506514081e+01
-1.815369220282832075e+01
-1.969498662462250138e+01
-2.398209921141316059e+01
-1.939440780765853489e+01
-2.938508971797483937e+00
-2.654318589382591043e+01
-2.066124194881471965e+01
-2.484213613979150637e+01
-2.105785797668037418e+01
-1.873091273072974161e+01
-1.747812478224836852e+01
-1.858304078881192467e+01
-2.230686777356062223e+01
-2.022856655814090132e+01
-2.128302328765142803e+01
-1.943582960248484071e+01
-7.217351810070617546e+00
-1.941116701431367275e+01
-2.145778376276175692e+01
-1.960022397193023380e+01
-1.705135420656730716e+01
-2.148540800792867955e+01
-2.294166969973996117e+01
-6.719202766554737138e+00
-1.790706761442232064e+01
-2.058289686192387080e+01
-4.412577140443069368e+00
-4.315120026895960414e+00
-1.834899128816406488e+01
-2.092632933324739497e+01
-7.408049257585479275e+00
-9.467047453858423722e+00
-3.091884093049080739e+00
-4.605156758042833864e+00
-2.058272300016471235e+01
-1.500678969127444518e+01
-2.054724667600633836e+01
-1.792706931961001615e+01
-4.146356144873641902e+00
-1.699528719291955881e+01
-2.358035934386438548e+00
-1.912136877134827273e+01
-1.839964870589875190e+01
-1.149861536084516089e+01
-1.657344440518691187e+01
-1.943699423231314682e+01
-4.482627234362408508e+00
-8.809806037081806096e+00
-1.851051568516950496e+01
-1.070751117382689266e+01
-4.067726530616054603e+00
-3.719842787689950470e+00
-2.929254113655602954e+00
-5.960827391256110275e+00
-3.508866150593742184e+00
-3.889309871500306937e+00
-3.534829206304497706e+00
-4.397781397228189171e+00
-4.770166188965991871e+00
-3.654722776881311308e+00
-7.230476242265188702e+00
-1.827124865668069376e+01
-4.335725516955088565e+00
-2.697220959555095554e+00
-3.449191194363613100e+00
-2.604940200661865823e+00
-1.777975448149597781e+01
-1.488516062385600236e+01
-1.142935727215856545e+01
-5.062145028792926382e+00
-2.357757431912406609e+00
-2.192618379428343811e+00
-3.452010309223750184e+00
-4.287412874584328293e+00
-3.056138750244187019e+00
-1.986938903459151806e+00
-4.608776888730260701e+00
-2.884460053885940400e+00
-1.873530398814479270e+01
-2.786014739072545598e+00
-3.420435598676707656e+00
-1.810455679474718638e+00
-4.129498398934116743e+00
-2.038050790920741306e+01
-2.220922162219273588e+01
-2.324243461969425883e+00
-3.478072566149349232e+00
-1.859180836301662509e+01
-4.378690571624072270e+00
-2.118180913914664742e+01
-2.091851394753689064e+01
-2.193893665824878170e+01
-2.699719008430473632e+00
-2.096110540163461167e+01
-3.758260055112407905e+00
-3.662146919412780477e+00
-1.831693621600836863e+01
-2.120468402731202673e+01
-2.642331065190226536e+00
-3.401850690277999689e+00
-3.108062155244911917e+00
-3.167897933436377045e+00
-2.428933719889671661e+00
-1.387952561769250748e+00
-3.707569276131434943e+00
-3.074069309778719727e+00
-1.710393821407555137e+01
-2.720581528894131296e+00
-3.279750810605536859e+00
-4.710571877875116442e+00
-3.605932051663306659e+00
-3.386649000267027088e+00
-1.838889965771626889e+00
-1.929797522004813004e+01
-2.102095872698428991e+01
-3.847593185910975766e+00
-1.910848149570650278e+01
-2.018203733761550112e+01
-1.961543243436571604e+00
-3.608037579691918850e+00
-1.737139160466117005e+01
-3.103154897971894588e+00
-1.676446780411187776e+00
-2.122189872978728431e+01
-2.112418757400204683e+01
-1.894734515514763240e+00
-2.362822338514514176e+00
-2.177772520982437499e+01
-2.098570599892487820e+01
-2.127182506381037186e+01
-2.102080398445758647e+01
-1.996433069778374403e+01
-2.900733499349799516e+00
-1.776270361415438970e+01
-2.096949540279310042e+01
-1.885909322343801975e+01
-1.760766555213656659e+01
-2.041534850192836004e+01
-1.757914145368846448e+01
-3.561099673985571812e+00
-2.087418582878471440e+01
-3.560088409332957671e+00
-4.350545835379914017e+00
-2.290013710177296247e+01
-2.769272782604002447e+00
-1.953924483902845566e+01
-2.093411818114164902e+01
-1.934526839328425396e+01
-3.042874996598398329e+00
-2.128232942423645113e+01
-3.932666158516964217e+00
-2.212120619801242416e+00
-1.880821224118591672e+01
-3.467639022685208516e+00
-3.400640964789474197e+00
-2.363659117918695074e+01
-2.021952196113979738e+01
-6.710540019372347231e+00
-2.083636641909544807e+01
-1.788078876302612130e+01
-2.513348774459559465e+01
-2.213489673442392558e+01
-4.044393466442527618e+00
-2.072280597148975545e+01
-2.568140600150437081e+01
-2.502839478598457035e+01
-3.939668472013156730e+00
-2.122055997867441590e+01
-2.126608682321687382e+01
-2.312591751197473044e+01
-2.184459854025859471e+01
-4.212999955240108285e+00
-1.886048476446164202e+01
-1.784212908259750563e+01
-1.951749119030755963e+01
-1.970990083708195328e+01
-1.849595415143718569e+01
-3.423484094465890859e+00
-1.981921647565558686e+01
-2.224890140426746044e+01
-2.479810998582105519e+00
-1.942839166228312564e+01
-1.953101963307167921e+01
-2.219284314348344722e+01
-3.929015053154902404e+00
-2.461587284797450259e+00
-1.691064889544800565e+01
-2.007390394696476577e+01
-2.050133944366874417e+01
-2.104058871244952655e+01
-4.081135598614499926e+00
-2.142546967968648275e+01
-1.942248212961945697e+01
-2.023394288373958716e+01
-2.299676121540232998e+01
-1.661333650858179078e+00
-4.472011182533973894e+00
-2.211777436114282835e+01
-3.606630794049676680e+00
-2.195551579907461104e+01
-2.030961923713644879e+01
-2.145584410332539704e+01
-2.296627387744154092e+01
-1.685874005756162086e+00
-2.033389142841416231e+01
-2.354228173081100994e+00
-4.458741106251950193e+00
-2.776727218954785581e+00
-1.804245059807847440e+01
-1.593280875735217039e+00
-1.173279572694032602e+00
-2.067501083010596474e+01
-1.745750896888338488e+01
-1.909908862941540519e+01
-2.280721688308807948e+00
-3.966862502222885833e+00
-3.228685987594555939e+00
-1.779999434137656067e+01
-3.305235452365380855e+00
-1.470334176420148964e+00
-2.906918954484974282e+00
-2.904646938308916404e+00
-6.443161488332976639e+00
-5.480586225266977252e+00
-3.431131370863962804e+00
-1.801925926572987535e+01
-1.295092513780813093e+01
-1.946166027026377066e+01
-3.335505065047419393e+00
-2.056556512065348485e+01
-1.900688568105393372e+01
-4.568068198352271736e+00
-9.925107273110121753e+00
-1.868833452015771357e+01
-1.920553310566410232e+01
-1.876600477319032834e+01
-1.730140588693999604e+01
-6.626842184108456379e+00
-1.893027684173936365e+01
-1.651693387003719948e+01
-1.735819266142059902e+01
-1.774596829946474585e+01
-1.965156328658987306e+01
-1.935827668934299028e+00
-9.204554774176118670e+00
-1.865918765929600198e+01
-2.666559373466312000e+00
-2.251228962443335391e+01
-2.248460742537202250e+01
-1.945666557044510014e+01
-1.890685745662262462e+01
-2.132147533904245940e+00
-4.265869160937206139e+00
-2.768390242372287258e+00
-2.743270706416399030e+00
-2.161285149059425148e+00
-1.468985464817467523e+01
-2.265286582573912355e+00
-3.143748804783572215e+00
-4.817013794493563594e+00
-3.886556580964640073e+00
-1.023663042960016512e+01
-2.770188729682068640e+00
-1.776438164633905714e+01
-2.920582429528831181e+00
-3.676702862624783297e+00
-2.930151840444457978e+00
-3.447260628539241090e+00
-2.122023348577546997e+01
-1.783888386542950855e+01
-1.686628568392821848e+01
-1.974375723201175958e+01
-1.197478331796562045e+01
-2.012539029955217984e+01
-1.997918141294897154e+01
-4.151841621673391991e+00
-2.074952107434919668e+01
-1.887189507060468330e+01
-3.217981899569050341e+00
-1.857324665137322128e+01
-2.136617686445822173e+01
-1.837746327720045159e+01
-1.871323277715071498e+01
-1.802834929951185927e+01
-2.601494561673495909e+00
-2.447817318550701060e+00
-1.262566589747418178e+01
-9.668605119127956726e+00
-3.210644722174891719e+00
-2.599897983556583192e+00
-1.093041084931128282e+01
-4.200780931339812341e+00
-5.961018374293580280e+00
-9.048663013941272482e+00
-1.937362130613996314e+01
-2.513080514170344948e+00
-3.141992562994087024e+00
-3.788090434065423118e+00
-3.661886819152494699e+00
-1.887256477486337181e+00
-2.098931755097544816e+00
-1.074508452864903951e+01
-1.806151867458458327e+01
-1.819591146824033956e+01
-1.859968692435394644e+01
-1.783094862063604324e+01
-1.873796397197751418e+01
-1.928336864221769886e+01
-1.823764827920273390e+01
-1.252094180533789292e+01
-1.832099136488555402e+01
-4.231637940233681228e+00
-1.580391969670698771e+01
-2.260765705991126495e+01
-1.947028778845369601e+01
-2.214771300166622936e+01
-7.550891589628480283e+00
-1.996768273474952693e+01
-1.938182180234285923e+01
-2.058392252618286733e+01
-2.026016961506339698e+01
-1.737915966750451346e+01
-1.970128196233563500e+01
-1.815340823308768492e+01
-2.287975804971129179e+01
-1.859417800609809746e+01
-1.936955589919291398e+01
-2.049624378337101760e+01
-2.119778439090421429e+01
-1.824229073131865064e+01
-4.110841424855027348e+00
-2.030797737726981822e+01
-2.001655160792844868e+01
-2.245600524825445632e+01
-1.893812456228778274e+01
-1.865461578370980078e+01
-2.313889792986151051e+01
-6.398491356673871699e+00
-3.515941566272662300e+00
-4.349576672570880653e+00
-1.893517856479278549e+01
-1.884254559753772540e+01
-1.890792335168182703e+01
-1.884879741579135271e+01
-1.999262948487297464e+01
-2.016577097558386811e+01
-2.047409600915616323e+01
-1.972387220163685484e+01
-4.215536408970492310e+00
-1.839270529293829171e+01
-2.092212106038227759e+01
-1.536462079291608873e+01
-2.065990948920940795e+01
-1.891341890355501576e+01
-3.562132335399365690e+00
-2.049669810958141625e+01
-2.142427223426878768e+01
-2.001083637819350258e+01
-1.967813449908601342e+01
-1.840417693115275455e+01
-1.922266350014505321e+01
-2.344786785097552340e+01
-2.061802995831971685e+01
-2.025661832715450217e+01
-2.006268980145572911e+01
-2.104440769898973329e+01
-1.925859016993441486e+01
-2.174989603522376669e+01
-2.421637458470555515e+01
-2.396215677982228698e+01
-2.020049150123893611e+01
-2.345517679639308639e+01
-2.230830126298493354e+01
-2.176511979829938426e+01
-2.341098720207401840e+01
-2.305921937299191526e+01
-2.321451762437905941e+01
-2.411377815741644071e+01
-2.774047858222522933e+01
-1.997831654202268936e+01
-2.420041450227894586e+01
-2.302186210922462806e+01
-2.411791688031196657e+01
-2.416442583479471651e+01
-2.286031103456013014e+01
-2.968603032133254160e+01
-2.452985211804165644e+01
-2.792886582168146958e+01
-2.647959757868667907e+01
-2.790026016264209119e+01
-2.471457488090954868e+01
-2.458905279343378680e+01
-2.283904604913177394e+01
-2.689444416323988207e+01
-2.594298730272262432e+01
-2.637764908749515058e+01
-3.031677890118425722e+01
-2.433442835232232326e+01
-2.098958798607061382e+01
-2.574313627939658744e+01
-2.369727744909884493e+01
-2.429071528375587619e+01
-2.514364034457166142e+01
-2.641601597934934986e+01
-2.127065467865678272e+01
-1.609291448621089771e+01
-2.147560576611703098e+01
-2.086349285115152696e+01
-5.491816031395384101e+00
-2.376003396723476868e+01
-2.450245353023951012e+01
-2.613777937294687348e+01
-2.525873817325373594e+01
-2.757723236222780727e+01
-2.981835420332704700e+01
-2.276088210680072876e+01
-1.869369855884205833e+01
-2.034616814603006674e+01
-2.513507216664410038e+01
-1.946121765089585409e+01
-2.347826461243257867e+01
-1.941548204437578917e+01
-1.994036455593073498e+01
-2.194573661173868828e+01
-2.314112019043448853e+01
-2.420614345450496430e+01
-2.246642198217643482e+01
-2.111628949642362585e+01
-1.864087330247383179e+01
-1.444808928144793825e+01
-2.707747535883220369e+00
-3.649665907583769631e+00
-1.916008511714001106e+00
-1.569557848437814984e+00
-2.427773803451004131e+00
-3.358335794937151952e+00
-3.101591453289881173e+00
-2.068256746389905310e+00
-2.078291032273252625e+00
-1.898380879698914558e+00
-2.530517867307082724e+00
-2.628854827187201870e+00
-1.859134956508184899e+01
-2.067674778690992365e+00
-2.580348600054833241e+00
-2.996793080403339804e+00
-2.756320279574449028e+00
-2.089547876095389611e+00
-1.379874410492270442e+00
-1.440049398977843120e+00
-1.357377236748420701e+00
-1.708170452990267041e+00
-3.605617501664123647e+00
-2.147866982865306085e+00
-5.119441369638945361e+00
-2.622292200481023627e+00
-2.638855537873066481e+00
-1.941788829609974343e+00
-2.002481947917843730e+00
-5.458937203555313644e+00
-2.485690194666623221e+00
-1.941845358296538260e+00
-6.116050439782775072e+00
-1.966509727069989166e+00
-2.557535658353192964e+00
-2.671245664764086314e+00
-1.629166579018020977e+00
-4.033758295912168279e+00
-2.292629250867264989e+00
-1.122199714127386549e+01
-2.284513037481262554e+00
-7.338990284786623519e+00
-1.665696859357798765e+00
-4.056050058451923235e+00
-2.214755693556999638e+00
-2.057486877374263834e+00
-2.112380240852797630e+00
-3.331956776719790181e+00
-2.102430069979919214e+00
-4.541537703930095482e+00
-4.139206704394297276e+00
-4.334985490583444623e+00
-5.097862637011104425e+00
-3.580531507538020630e+00
-3.358611962701990361e+00
-3.071129658440822752e+00
-1.034471271653384150e+01
-3.669370112751568325e+00
-1.829688663225921630e+01
-1.676031648774270622e+01
-1.964407595681283425e+00
-2.277131151252544061e+00
-2.778123639643616194e+00
-3.436670359837544542e+00
-8.769397501342618639e+00
-2.152209888233715951e+00
-2.367086612367596210e+00
-4.536332832731667430e+00
-2.712822830987115630e+00
-2.464516946813337217e+00
-3.231438266204070597e+00
-3.445400977894053085e+00
-2.490779367851817305e+00
-1.801726164618440151e+00
-1.818545297192581733e+00
-2.589620701776448541e+00
-1.384868123281525421e+00
-2.913871597664211777e+00
-1.996137842097293502e+00
-2.191260930998490508e+00
-1.072943971060482227e+01
-1.868272459497331450e+00
-2.012212100614642285e+00
-2.787058802781676281e+00
-2.655020732476923939e+00
-2.475551379890947423e+00
-3.799250633781911191e+00
-1.060507113876189855e+01
-2.857620529167381296e+00
-3.028489067924041489e+00
-3.819909155232674713e+00
-2.959678462296138512e+00
-3.303200203692020498e+00
-2.638188634704677682e+00
-2.721817951625604248e+00
-3.004740712989703244e+00
-1.786207154035634570e+00
-2.151101037061400323e+00
-2.468184487472402378e+00
-2.679654016400462968e+00
-2.522395560380672919e+00
-3.985098082937304831e+00
-3.088180072517920927e+00
-3.065854788196353820e+00
-3.813542298401989772e+00
-2.798190582153245121e+00
-2.248149645020915077e+00
-9.237258120829698882e+00
-2.580913048363097317e+00
-3.526434826758650054e+00
-2.902366862496345679e+00
-2.972438199574912510e+00
-1.871838627268819266e+01
-1.488601721166012304e+01
-1.774001853956278651e+01
-1.842857749546464774e+01
-1.943340757075598191e+01
-3.577945511316963589e+00
-2.052118269725617505e+00
-3.585588989801229420e+00
-1.973526686907911776e+00
-3.085260643942926873e+00
-3.911175265296467973e+00
-3.702948195549645050e+00
-3.453463982279183053e+00
-6.760872193435563560e+00
-3.788717468794333243e+00
-3.262354820797477295e+00
-2.895811295983208300e+00
-2.596138813608384055e+00
-7.041931030745982589e+00
-4.198762426271964721e+00
-3.763105499571802071e+00
-2.758840986305640008e+00
-4.103803371772053232e+00
-2.525821666457514159e+00
-3.329946996844979967e+00
-3.581264358684112192e+00
-3.967352034864573440e+00
-2.957607355860945475e+00
-4.099149734909259379e+00
-3.461074709820153750e+00
-3.476620739893686363e+00
-3.106005440353721170e+00
-8.740626457028108476e+00
-3.411964748256629765e+00
-2.840832039134252973e+00
-4.277408849979611460e+00
-2.799284802584578458e+00
-4.027152190583636049e+00
-2.488162275134327306e+00
-3.268500161565359274e+00
-3.783097054770410139e+00
-8.565601273407441596e+00
-1.680373186683892683e+01
-1.757068731461746225e+01
-1.781102115976642253e+01
-1.336799573948059106e+01
-1.770383170469770207e+01
-1.866870005245860398e+01
-3.757707496290311866e+00
-4.223737621726013636e+00
-3.568852513946043192e+00
-1.531999963969106915e+01
-3.771268469180638405e+00
-3.606757906071690112e+00
-5.898404507846759515e+00
-4.548238391478096609e+00
-2.991112594253888979e+00
-2.851081800335191208e+00
-3.681216683399601841e+00
-4.299912196213204751e+00
-3.597364727167792431e+00
-1.759005712297099677e+01
-4.097032558287679649e+00
-6.240589533260197719e+00
-2.978138925041278640e+00
-2.994584471887212551e+00
-4.246052129979366541e+00
-1.730452410700654298e+01
-4.251336897129994519e+00
-7.395293348246505083e+00
-4.422276302587773600e+00
-3.968630646439041509e+00
-1.914848475937160899e+01
-1.073414893682526383e+01
-1.733446416328384032e+01
-1.817480059322323882e+01
-1.992765447379344579e+01
-1.946140490805199619e+01
-1.779668023694170387e+01
-2.128342857602542537e+01
-2.128525431264606027e+01
-3.936260729037314388e+00
-1.946360106571783533e+01
-2.082588051973952759e+01
-1.876489994159301133e+01
-1.855292589218167976e+01
-2.914707590107403767e+00
-3.868893209181472947e+00
-2.120115878577255231e+01
-2.330873524926427010e+01
-2.197386546972231258e+01
-2.140943555739461956e+01
-2.114368897545323378e+01
-2.085538717555897748e+01
-2.039577319521887944e+01
-2.034109732557084627e+01
-2.101677288252964715e+01
-2.103769362984412439e+01
-1.946723444260723923e+01
-1.910865360832228177e+01
-1.825331220762086915e+01
-1.994458645174596256e+01
-1.912910346094816916e+01
-1.892196489913202839e+01
-1.952257783839782235e+01
-1.954494007054152505e+01
-1.957885981966214572e+01
-2.110844924563857461e+01
-2.353838629845276031e+01
-1.865205656814168478e+01
-1.090978166725425957e+01
-1.942926043634900068e+01
-1.794554156966639624e+01
-1.674326893992279253e+01
-2.568593893771905812e+01
-1.689574172605697200e+01
-2.210525592445549492e+01
-1.988560015562243422e+01
-1.660158692371393840e+01
-2.336317224042933560e+01
-1.334983645137622510e+01
-2.023331240309397216e+01
-4.125324492704761425e+00
-4.080345547637870496e+00
-1.950632574754678572e+01
-4.676836979177940279e+00
-3.881328811921505473e+00
-1.924048015400340716e+01
-1.827432678229065388e+01
-5.575882278729077157e+00
-8.342691580156879283e+00
-1.945290896795370372e+01
-2.101945241489740113e+01
-4.241711972534447206e+00
-2.133501885871674375e+01
-4.012255851347476643e+00
-1.810704101918419084e+01
-4.243918889796256977e+00
-1.960493520757070485e+01
-2.004910339269648745e+01
-1.928661270941127626e+01
-1.978555060938655075e+01
-3.993877865057422483e+00
-1.877896293856842647e+01
-1.481858903486555867e+01
-1.821365423124174043e+01
-1.857193994317196228e+01
-1.329150741844636663e+01
-5.400549038141230440e+00
-2.753103091197083963e+00
-2.780028700563464295e+00
-1.776357518233081834e+01
-3.099725825490390552e+00
-4.896230781700953827e+00
-2.903046173545068331e+00
-3.937164680608791212e+00
-1.491844946081379852e+01
-1.949679363728923320e+01
-3.520730113611815426e+00
-2.214135695257611403e+01
-2.208213617718087107e+01
-2.182959712718174572e+01
-1.984210678733790445e+01
-2.076761068310302960e+01
-2.003458799807576796e+01
-3.532348593542461668e+00
-2.051372133174878343e+01
-2.104965400426134536e+01
-1.905097542445539460e+01
-1.755987649652270832e+01
-1.860069462058384815e+01
-1.792255259273299473e+01
-1.920309896502693192e+01
-4.243871235141288167e+00
-3.490488237221411882e+00
-1.761345079440588268e+00
-2.644528048885538940e+00
-1.683654776284565502e+00
-1.301127679681566285e+01
-2.101156446066856631e+01
-2.178690846336094822e+01
-2.554001316762957075e+01
-2.549394346288646318e+01
-2.415748904685513665e+01
-2.774143345089899171e+01
-2.547858364814283405e+01
-2.846398372015356415e+01
-2.800869318301552013e+01
-2.938188786387590667e+01
-3.030627769216166811e+01
-2.945034324909185841e+01
-3.004212826352240739e+01
-3.049855703556727349e+01
-2.900760953845649937e+01
-2.901459189557819229e+01
-2.906843826566169398e+01
-3.174006418314032274e+01
-2.701927837593596493e+01
-2.981182831585950055e+01
-2.804403477185562465e+01
-2.837084293624616294e+01
-2.695708404198973440e+01
-2.455951096329604866e+01
-2.622716552455140615e+01
-2.448752707173246890e+01
-2.594788266230781915e+01
-2.409069235608834703e+01
-2.204253948412269537e+01
-2.179548348742323682e+01
-2.264260375189810759e+01
-2.228191567703112241e+01
-2.335324967900772464e+01
-2.246012627027360864e+01
-2.124337735706261299e+01
-2.234291056917470897e+01
-2.063537380736239513e+01
-2.210626392961115272e+01
-2.635867021186713544e+01
-2.150242472170496555e+01
-2.867522185948799063e+01
-2.413900260159197586e+01
-2.266230322250126150e+01
-2.317940356863285345e+01
-1.733908772226399009e+01
-2.288576368111364445e+01
-2.873833281615630497e+01
-2.670382552385774133e+01
-2.159120317181152160e+01
-2.069313849800835570e+01
-2.123321999032541640e+01
-2.303513542725627516e+01
-2.264333822805869190e+01
-2.284725691288035776e+01
-1.926890736453847452e+01
-8.514010013679691014e+00
-7.803269455062914695e+00
-2.189002468593574591e+01
-2.080208684075657999e+01
-2.393172226916207279e+01
-2.189623345059076698e+01
-2.080697448477995692e+01
-1.799175171233661530e+01
-1.941998875951363246e+01
-1.862426634586742935e+01
-1.415917854086765360e+01
-1.843963733055756293e+01
-1.747572273652522057e+01
-1.359275841225993986e+01
-1.873967105041603531e+01
-1.842369235562179952e+01
-1.706449796989701539e+01
-1.850695343030259110e+01
-1.920953565424272114e+01
-1.892908342566936142e+01
-1.946659157422782727e+01
-1.772229060549360113e+01
-1.868348565225383240e+01
-1.865424504159708974e+01
-1.853587375098412338e+01
-2.081798620512257969e+01
-1.862353208470742061e+01
-2.002185468138760527e+01
-1.955679743140310478e+01
-1.766955958520266279e+01
-1.937055095306277153e+01
-3.397645462166317021e+00
-1.831102350096165665e+01
-1.864925324218119584e+01
-1.915423281057787719e+01
-1.969396984219608271e+01
-3.732664241279016970e+00
-1.815920172038249092e+01
-3.463122158075871315e+00
-1.835600481632939562e+01
-1.889006728453158956e+01
-1.903037605593077330e+01
-1.804008019203118351e+01
-1.854023154502781878e+01
-1.166571310151151053e+01
-1.135448283092703647e+01
-2.037628459478015230e+01
-1.416999251802821114e+01
-1.950651600541540986e+01
-2.007739921732532906e+01
-9.327870087707175628e+00
-1.893910049322345301e+01
-1.277293512951644416e+01
-1.920148807089271870e+01
-1.709918408374672794e+01
-3.687128679535123243e+00
-2.674281797904777047e+00
-1.333169073907641078e+01
-1.775414448546037960e+01
-1.578019126774686320e+01
-6.351192054431315626e+00
-1.862072430009045476e+01
-1.299575593176919774e+01
-2.778774903278070862e+00
-9.331203410865958503e+00
-1.809675051832142145e+01
-4.370256038622181372e+00
-1.101160412677419131e+01
-1.097361158914670121e+01
-3.818904322507652882e+00
-3.117062821445084175e+00
-1.943170935299808022e+01
-3.001940735434448282e+00
-2.800470077062931384e+00
-2.726641851506798719e+00
-2.682107918316098960e+00
-6.077656156593500114e+00
-3.236328415266147118e+00
-2.961281057412152418e+00
-3.376415636838947965e+00
-3.591759225948592427e+00
-3.276541061944001410e+00
-3.441978506790627446e+00
-2.017707222629776354e+01
-1.768029573553524969e+01
-1.845121420040835858e+01
-4.217806684956823204e+00
-1.398497276770694420e+01
-9.848412954739828251e+00
-1.218066135998443222e+01
-4.568924171269340029e+00
-1.079795990580636555e+01
-3.266292350929397514e+00
-3.507719590324375414e+00
-9.184909003408439077e+00
-3.798508661054097679e+00
-3.120752191058287384e+00
-3.557356155058509550e+00
-9.606037724101497588e+00
-1.854363800311925203e+01
-1.763337220233005809e+01
-3.265777432313963224e+00
-1.126828741482112051e+01
-5.300853720253270396e+00
-3.685593792819899850e+00
-3.231545392337323186e+00
-1.056246985649131531e+01
-7.653528850017925933e+00
-2.815689199299138412e+00
-5.259382589026694532e+00
-2.369103863291551537e+00
-3.024437055749106040e+00
-1.320611668625486601e+01
-2.178659603726103455e+00
-1.625263610224037691e+01
-1.960829686397042027e+00
-1.506852126112671897e+01
-5.723741456775027103e+00
-1.289247333486326674e+01
-5.069682227438757849e+00
-2.082945003594482536e+00
-6.884000284031704275e+00
-2.681386143863039973e+00
-2.062284135850577460e+00
-1.877250143237951585e+00
-2.278818736201706052e+00
-2.975770090265234202e+00
-2.615803391486719143e+00
-3.507769546090421020e+00
-2.707805424639406322e+00
-3.823074506619356328e+00
-3.788784534719535024e+00
-4.572256506787673480e+00
-3.943400661045775912e+00
-2.597464120571105539e+00
-1.114567740011724162e+01
-2.416825934864319958e+00
-2.308310509526418031e+00
-2.290071377132430808e+00
-2.245673096595371732e+00
-2.916680925912243705e+00
-3.377169581780669283e+00
-2.684594779477804671e+00
-2.609946340752911098e+00
-1.795070148074294281e+01
-2.166113997500726196e+00
-2.671412065610419884e+00
-1.006171416669792684e+01
-8.921770863854233014e+00
-2.239250754957049949e+00
-1.836287939647879952e+01
-1.740650987290877438e+01
-1.228202852971167047e+01
-3.485484528663880699e+00
-2.293449919143258686e+00
-1.983688875770124538e+00
-1.869445294332151564e+00
-2.462337827561989378e+00
-4.044717296596026301e+00
-3.021529860622353958e+00
-3.597789150673314396e+00
-2.936104943021172087e+00
-5.677272162302928749e+00
-2.927785254011486593e+00
-2.909562139782085222e+00
-3.389182099177805441e+00
-3.159058657582799245e+00
-2.287540173870937998e+00
-2.843928467367140556e+00
-2.226915256242160801e+00
-3.794508116956347266e+00
-2.048295631086873403e+00
-1.830712069952051380e+00
-1.531002184368938090e+00
-1.438525400555986877e+00
-1.494500517935575168e+01
-1.947839767807467481e+00
-8.374932528131791898e+00
-3.383733477223675123e+00
-3.423170164735740428e+00
-1.553092194580205865e+00
-1.213286137787995767e+00
-1.668212651100765109e+00
-2.765185120019157505e+00
-1.640208232539193567e+00
-3.187881931607416952e+00
-1.802593034726465815e+00
-1.969474954972017633e+00
-2.120658729158953548e+01
-2.215063969498785212e+01
-2.065643138040281102e+01
-2.110465404391537092e+01
-2.071825612175859987e+01
-2.021951640189536903e+01
-1.961007109928475600e+01
-1.890810519192977424e+01
-1.942746323728890800e+01
-1.799188827284514147e+01
-1.187640081011134896e+01
-1.099604797479332063e+01
-3.850864036597994922e+00
-1.717902127025408676e+00
-2.699681552451370425e+00
-3.133897361491359224e+00
-3.346977022198429630e+00
-3.667005122466222122e+00
-3.010202081881588221e+00
-1.877157234941809971e+00
-3.376207267996438333e+00
-3.817648338284831855e+00
-3.593816221543131295e+00
-9.079451860673515284e+00
-1.651671210054841188e+00
-1.811977909423806432e+00
-2.437358964153770735e+00
-8.457978361055642935e+00
-3.574956326007286300e+00
-2.278206138977992179e+00
-1.755430110348934258e+00
-1.618194842501435460e+01
-1.931599062802235522e+01
-1.705258420232357963e+01
-1.991431401113252164e+01
-1.806898245198118502e+01
-1.891781507344258273e+01
-2.000173477766644581e+01
-1.849777038555460251e+01
-1.753436862000502217e+01
-1.109757814325681657e+01
-1.081734860978839485e+01
-1.328928692242068266e+01
-1.876731413606290388e+01
-1.843678883462183293e+01
-2.933677044363100617e+00
-1.755307352383869368e+00
-3.529832108136807367e+00
-4.427262764760883762e+00
-3.773011902256744321e+00
-9.170076845451207603e+00
-1.862380584856457233e+01
-1.965567098064195761e+01
-2.151245107226723974e+01
-2.049300053564149593e+01
-1.738186085330185549e+01
-6.404703522366787638e+00
-4.115927836984271337e+00
-2.771951673320965703e+00
-2.827862000492524341e+00
-3.425629261078925847e+00
-1.679746168251780469e+00
-1.953434827571114196e+00
-1.945662507700573807e+00
-2.099638832531431909e+00
-2.652546685924248582e+00
-3.236130585630228040e+00
-2.397149991823085191e+00
-5.931368202947882473e+00
-6.568585275589304828e+00
-3.128177857938687634e+00
-2.206013987045561731e+00
-3.744038151224955868e+00
-2.674623313505326561e+00
-1.458282191277370465e+01
-2.073699540379647654e+00
-3.526653607021328796e+00
-3.484093129605369654e+00
-3.097467530316687423e+00
-2.372470485689014641e+00
-4.664623861762798640e+00
-4.027899005442415969e+00
-1.597107269444384858e+00
-7.523157367485850067e+00
-2.817612788241244282e+00
-4.277614270670397012e+00
-2.222873771805205845e+00
-2.824117547430452735e+00
-2.033731898655304349e+00
-3.176233145394239621e+00
-1.887381560636690381e+00
-1.291338871764622809e+00
-1.938362791520338302e+00
-1.939882609456843987e+00
-2.891053749357822777e+00
-1.539217771336640173e+00
-1.986027824793293650e+00
-2.347785507606903188e+00
-3.589261773012402568e+00
-3.154011709525540663e+00
-4.013481867856908636e+00
-1.116628373722970835e+01
-4.021526964639531521e+00
-1.083813427430043141e+01
-1.697454011414545150e+01
-1.814320733178145062e+01
-3.542151856942254540e+00
-3.391124553179607481e+00
-1.595761680062116827e+00
-4.031386162985839405e+00
-3.089477882946254805e+00
-4.281208774047869703e+00
-6.413750368365011667e+00
-3.208938323258894609e+00
-2.000557969104486133e+00
-3.191673754758197923e+00
-2.373236163801994980e+00
-1.894616672380869060e+00
-2.076468876580213063e+00
-1.687092072376434215e+00
-1.990165555044253631e+00
-1.385289191716814727e+01
-3.365657587021321451e+00
-3.098882390123330666e+00
-2.521301108210291630e+00
-2.084687674691501957e+00
-3.004686471463379860e+00
-1.754180669223797118e+00
-1.627099318634798619e+00
-1.507494350360460533e+00
-1.750289593986473990e+00
-2.000233459324279650e+00
-2.659091089849575429e+00
-3.879172856833964733e+00
-3.982825426437621275e+00
-2.448425241848193323e+00
-3.761028503349661545e+00
-3.397646429387547684e+00
-1.249739994160821333e+01
-2.476265403459811942e+00
-8.699531484775636869e+00
-2.305062940342299527e+00
-3.488570794945830666e+00
-2.387715594923835560e+00
-2.708834748927618996e+00
-2.819311244456383037e+00
-2.089475856719105185e+00
-2.890939414296024079e+00
-3.359083627307855924e+00
-2.615142330814129057e+00
-1.888851078813189810e+00
-2.097367099862229800e+00
-2.945758585195093815e+00
-2.610790960313861042e+00
-3.949473246900805812e+00
-3.023495848582791190e+00
-3.934997497130469313e+00
-4.263400169088826352e+00
-1.732814268469117280e+01
-1.949969034804162860e+01
-1.984273471112155107e+01
-1.932310844041959186e+01
-1.968085804499102665e+01
-2.120511681647128199e+01
-2.050597615875352631e+01
-2.035640669090996724e+01
-2.156583210200296108e+01
-2.151793152496028583e+01
-2.057198112803311218e+01
-1.827270321871111847e+01
-1.848713139835819064e+01
-1.705789099130848641e+01
-5.984430138809344157e+00
-1.818027779658358867e+01
-1.218053804463226975e+01
-1.725778647979923974e+01
-1.604712928556482865e+01
-5.174782006869790507e+00
-2.885450933383699734e+00
-1.710408142972375867e+00
-2.873642059628526368e+00
-2.678301070070484791e+00
-2.775621188547519047e+00
-2.566769454831172581e+00
-3.415061819714208191e+00
-3.150446919035329696e+00
-2.963680163291692260e+00
-2.207484359019724174e+00
-8.275345044511780435e-01
-2.074639932586189062e+00
-2.086428870073047559e+00
-2.571528678180086569e+00
-2.589180906407254401e+00
-3.554237140859255462e+00
-3.021606183447148819e+00
-3.940740609865211574e+00
-3.477308506724932524e+00
-2.901614673189619964e+00
-3.109352291557118786e+00
-3.213854071013072744e+00
-3.205770132456140509e+00
-2.590591296559054069e+00
-3.373650311509889477e+00
-3.504454544333224675e+00
-4.455011493463489458e+00
-1.159706087846104694e+01
-1.882318323417629280e+00
-1.919805629978843520e+00
-3.189913414514350620e+00
-2.575763591440074496e+00
-2.667680182566249503e+00
-2.789824841064623140e+00
-3.447065218364985029e+00
-1.913523776918873542e+00
-2.692393029854989628e+00
-2.737037317938789016e+00
-2.531078254691950580e+00
-2.220440991038171941e+00
-3.545083118151169721e+00
-2.869408757420031542e+00
-2.380937117834243111e+00
-2.650276715731760380e+00
-3.034708736717619981e+00
-2.182690373698134678e+00
-1.892328702531739459e+00
-3.357264175645638726e+00
-3.112374913993005698e+00
-1.899178227723984147e+00
-2.423543319315976774e+00
-2.899574666522327426e+00
-2.558839485570881145e+00
-2.563046292201939469e+00
-2.588246451160314709e+00
-3.760232983636434323e+00
-4.522609271048543711e+00
-3.936741843280766595e+00
-8.790421896441294791e+00
-4.722510140075628193e+00
-2.964243205223307420e+00
-2.928811463886456856e+00
-3.506743320945920228e+00
-2.837828799217283482e+00
-2.723467169057295134e+00
-3.125466800036395654e+00
-2.750759941943261566e+00
-3.363204253696476353e+00
-3.577971339355271230e+00
-3.619523601301629423e+00
-2.175039552247024943e+00
-2.860816976033868642e+00
-2.542425861812630306e+00
-3.126228020319874457e+00
-2.390764781620186685e+00
-2.258336805745640330e+00
-2.377404696040328336e+00
-1.914735230419214007e+00
-2.932567395186201242e+00
-2.471192845488286327e+00
-2.610631096096252879e+00
-2.193660237920880274e+00
-2.145792790649961201e+00
-2.016033275480381359e+00
-1.352314681455404344e+00
-3.065152197683189250e+00
-3.015622894062701231e+00
-1.705580207364513656e+00
-1.755896341876645561e+00
-1.187987552103527022e+00
-1.956038217081919273e+00
-3.347281883548521630e+00
-3.508128649727180193e+00
-2.927739353292621693e+00
-1.553056788827293033e+00
-3.151829671612381922e+00
-2.207964626276383679e+00
-3.327931869212047200e+00
-2.691114340764273472e+00
-3.051545926603858039e+00
-2.492022509200908509e+00
-3.295818102177485720e+00
-2.173387380362900689e+00
-1.842657256957699330e+00
-2.422215520590935256e+00
-3.265458194616704724e+00
-3.675098900613548381e+00
-1.602710643732172979e+00
-2.240211661294852608e+00
-3.159686371869458998e+00
-3.097392966835395001e+00
-1.965655754361097518e+00
-3.393775347276345222e+00
-2.659674550753870825e+00
-2.421786104499808356e+00
-1.359036011774365171e+00
-3.554239134513442533e+00
-3.880592769310050816e+00
-1.627261256506029374e+00
-2.003709353399725668e+00
-3.068820517007694981e+00
-2.281138872301917253e+00
-2.138044088088687289e+00
-1.404914252179931600e+00
-2.231311763554903571e+00
-2.885840493032317600e+00
-1.386111864446311515e+00
-1.667086971544502250e+00
-2.241251798003790263e+00
-2.451559482538447465e+00
-2.243635988032776751e+00
-2.483206921104121445e+00
-1.557419644535037673e+00
-2.266681825871219136e+00
-2.480952413221853892e+00
-2.343946126852151313e+00
-1.805107239513043860e+00
-1.765530967287209041e+00
-1.732167602633929659e+00
-2.796822717021924198e+00
-3.200063062075561682e+00
-2.581265511654380784e+00
-1.770747387243328141e+00
-2.245406710292858321e+00
-1.854674162269371873e+00
-2.726450714624592209e+00
-1.133054883033082882e+00
-1.960875402736684148e+00
-1.554681061998668623e+00
-2.479351808281009983e+00
-2.610913369881892709e+00
-2.617844608920574689e+00
-3.020478432482477604e+00
-1.942230558814024288e+00
-2.249182439589807903e+00
-3.414345827672339517e+00
-3.824390886352267760e+00
-3.998196273875536111e+00
-1.515144387720423147e+00
-4.672308653409694479e+00
-3.961247272406829278e+00
-3.477146193262658169e+00
-3.276764879615396531e+00
-2.469791083911336393e+00
-5.254145878436901285e+00
-1.611273775934266794e+00
-1.503010508169966508e+00
-1.578013189140681005e+00
-1.807107898544312086e+00
-1.492902647728830523e+00
-1.821566546074990578e+00
-1.704036824616309342e+00
-2.006157563499389784e+00
-2.575964361389649682e+00
-2.170650653243584749e+00
-1.584780791389935439e+00
-1.932777588886989362e+00
-1.343454916526376719e+00
-1.488176886391684217e+00
-2.367737853770925938e+00
-1.668248418445051895e+00
-1.873649058962070679e+00
-1.419924681171833347e+00
-1.563938222891191776e+00
-2.443331334264943422e+00
-1.931500777411052638e+00
-2.600698281085459307e+00
-2.531336753654312766e+00
-2.445696739088408567e+00
-2.925165529678388499e+00
-2.469977624013712347e+00
-1.942539434592004399e+00
-1.926995129408770602e+00
-2.073431355311794455e+00
-2.018395036239462925e+00
-2.135613407510593920e+00
-2.961297751780841203e+00
-2.303082753021452156e+00
-1.982852646617214276e+00
-1.952255801030351678e+00
-1.863486306604495102e+00
-2.738751138263008311e+00
-2.400530069508792774e+00
-2.192655103679126416e+00
-2.053197123338455832e+00
-2.516097089982610946e+00
-2.223783781867345155e+00
-2.200619975085840618e+00
-2.504559267008529932e+00
-2.895737697144017186e+00
-1.964094385423688083e+00
-1.775128541105281288e+00
-2.076019659129305861e+00
-2.176549299171602669e+00
-2.603864692898183453e+00
-2.080328791580433823e+00
-2.116556516302638968e+00
-1.615121674204315072e+00
-2.738268724924052933e+00
-2.533350168821591364e+00
-2.215164094598661038e+00
-1.977587395865961550e+00
-2.379968911615217841e+00
-2.074456492182302103e+00
-2.888156213490228108e+00
-2.487080759499430638e+00
-2.197866443339100861e+00
-1.963147465011054082e+00
-2.691428760742697879e+00
-3.424952828594028276e+00
-2.883194211341121527e+00
-2.065505754654035186e+00
-2.135641571863678312e+00
-1.319303562900290272e+00
-2.579168106850761255e+00
-2.850659877801756892e+00
-2.168280885176207651e+00
-1.437233922057453483e+00
-2.781837195389098571e+00
-1.944620248543422969e+00
-2.430851022101198300e+00
-2.723269372215504802e+00
-2.921082375701822276e+00
-2.465200080794450965e+00
-2.006180810065994358e+00
-2.443929857164549357e+00
-2.389965585235316770e+00
-1.847656027162049241e+00
-1.799489282695423409e+00
-1.298975610829986138e+00
-2.297300903915098225e+00
-1.551720565275038988e+00
-1.730246954010181470e+00
-2.151291076847573258e+00
-3.884546555005936597e+00
-3.821117274055614743e+00
-2.995996922855196143e+00
-2.820206310686594442e+00
-3.978522604024711029e+00
-2.638456758950237013e+00
-2.566979142835903005e+00
-2.659316084760770416e+00
-2.695486188600761501e+00
-2.411255291483124452e+00
-2.127705464675083480e+00
-2.057987141220686489e+00
-2.027531492648123379e+00
-1.720251769536760955e+00
-1.750117638776606865e+00
-1.592547109890472434e+00
-1.808802370098368417e+00
-2.548318853756487812e+00
-2.347940160461251757e+00
-2.093931332459665562e+00
-2.626133825770678332e+00
-2.546849259882217886e+00
-1.609365252947356328e+00
-1.430691868990555893e+00
-4.817842242814956322e+00
-2.216104342354495049e+00
-2.099281848577445153e+00
-1.732714453194232451e+00
-3.081242131251167748e+00
-2.115099228114234009e+00
-1.761781438678260869e+00
-2.942202540668627631e+00
-1.542520472287570943e+00
-2.148613509282167211e+00
-1.589959752235723833e+00
-2.388710927480912183e+00
-1.930843172263777774e+00
-1.740936594578955443e+00
-1.679799384323302336e+00
-2.814434476626348935e+00
-2.816100090532506872e+00
-1.675906708304924164e+00
-2.006359855639828105e+00
-1.310095164347945484e+00
-1.536731447450875976e+00
-1.845353927995937227e+00
-2.529866580720712577e+00
-2.256659119758527954e+00
-2.095531802750267403e+00
-1.643711023446834618e+00
-2.545697043090408229e+00
-2.042567133772635213e+00
-2.575296007311893121e+00
-2.760763775869118142e+00
-1.790740637197745677e+00
-2.215692942543678878e+00
-2.491755904370171137e+00
-1.824291567940603986e+00
-2.337877993087620787e+00
-1.509007442483226935e+00
-1.627014614237321632e+00
-2.294891695293032718e+00
-2.020200134752379029e+00
-1.628294998237594937e+00
-2.588705560088028879e+00
-2.150137642728939369e+00
-1.992457799687205489e+00
-2.032193439338437546e+00
-1.305998225116846045e+00
-2.048309816925140137e+00
-1.974092751479940233e+00
-2.868702657321054783e+00
-1.996485803093332123e+00
-1.761602736224707977e+00
-1.905249316812335447e+00
-1.441732928755895982e+00
-1.707938807504289391e+00
-1.969779941183584349e+00
-1.407662358733429375e+00
-2.231514435980007427e+00
-2.680455462280898704e+00
-1.594927592610831502e+00
-2.212524352750310896e+00
-2.838267574416395433e+00
-2.984653243264682843e+00
-2.276964859255603990e+00
-1.616103838218439392e+00
-1.779617948832544982e+00
-1.979940846216116546e+00
-1.973005297892172383e+00
-2.198022807300310522e+00
-1.833935168505822277e+00
-2.231059429162728147e+00
-1.778687905358103727e+00
-2.599591651460134933e+00
-2.619104005350450404e+00
-1.751663287320548656e+00
-2.101203852998694721e+00
-1.702147799573538123e+00
-1.500679558864577157e+00
-9.136072796364160808e-01
-2.163602901102727571e+00
-1.628506522844954230e+00
-2.280495493766244053e+00
-2.377714263806398165e+00
-2.807709263360351759e+00
-2.377153675491986640e+00
-1.438843582692477474e+00
-1.284040911493528059e+00
-1.413950754359927453e+00
-1.258786902070074598e+00
-1.168038420220219420e+00
-1.411410173020936742e+00
-1.331574537771238465e+00
-1.510266371116487427e+00
-1.247580926677706925e+00
-1.284420789686784969e+00
-2.496320854956069812e+00
-3.051484912769167668e+00
-2.894002222962534621e+00
-2.961031732955802021e+00
-3.220761341664706734e+00
-1.353917563139465319e+00
-1.872944661179833048e+00
-1.504212051543978967e+00
-1.352331461723226713e+00
-2.652401801778221824e+00
-2.964653890568019090e+00
-1.665282340559790075e+00
-2.103156792065104863e+00
-2.857435844719449225e+00
-1.745233323383355684e+00
-1.393170623942904918e+00
-3.132439376715539847e+00
-2.226778674040423844e+00
-1.525932045748551014e+00
-1.456860364607540870e+00
-1.783539565139090843e+00
-2.558554313035312333e+00
-1.417290981216206225e+00
-1.938046213092047720e+00
-2.160350867492693450e+00
-3.386970445114096506e+00
-2.759453970659567545e+00
-1.441125522455630747e+00
-1.331644959834434205e+00
-1.430158373078106893e+00
-1.772510264497471288e+00
-2.216213200765742908e+00
-2.002235914827799945e+00
-2.475864677476522502e+00
-9.223366466842297662e-01
-3.064502966096737335e+00
-3.345756241276953702e+00
-2.339530082152074364e+00
-2.036365307249428991e+00
-1.158911921860098948e+00
-3.533352741533338115e+00
-7.933467471914519287e-01
-2.148577779552181877e+00
-1.346226061325981549e+00
-2.420417832969449012e+00
-1.511306591770557040e+00
-1.818266286247887331e+00
-2.032771592632350632e+00
-2.051270465803548770e+00
-1.254614043436747650e+00
-1.832730323234608827e+00
-1.720399185365578898e+00
-1.773272706446562097e+00
-3.035419174499220496e+00
-2.952877094894445609e+00
-3.188609352507636441e+00
-2.143741257581345039e+00
-1.954890332692927224e+00
-2.392613561292027402e+00
-1.922128035047066197e+00
-2.923697856925625782e+00
-1.276537492060269008e+00
-2.446982230418451643e+00
-3.139549416015883665e+00
-1.932863251789687764e+00
-1.564135593370783006e+00
-1.752147902949977132e+00
-2.290037526690063885e+00
-2.811632214226056803e+00
-2.308936867193307929e+00
-1.676284725071555348e+00
-1.999137726004329929e+00
-1.687353274144397286e+00
-1.770406403404132245e+00
-1.338193810478609747e+00
-2.033656588581488567e+00
-2.206399306652841563e+00
-1.692244687399372616e+00
-2.152085355771513608e+00
-1.660451374835060445e+00
-1.926508922148293834e+00
-1.959440345757104796e+00
-1.927245473732558390e+00
-1.823864294022702337e+00
-1.622327051821784050e+00
-1.911263052708069843e+00
-1.790153419721164374e+00
-1.545207260648225223e+00
-1.849238655004044274e+00
-1.941701842126010824e+00
-1.997006031332976939e+00
-2.145883249205865262e+00
-1.820846916754471856e+00
-2.020235525238316399e+00
-1.723504293879248639e+00
-1.464410489261636528e+00
-2.016650212222523386e+00
-1.728231421428406245e+00
-1.678824681697706378e+00
-1.558347739211497052e+00
-2.425231471102734293e+00
-1.981907175186775838e+00
-2.657406760074846108e+00
-1.589160324317504758e+00
-2.210633081394750565e+00
-2.211238732352829750e+00
-1.637333562983899871e+00
-1.857903341356768934e+00
-2.176166948850474459e+00
-1.429202103584176875e+00
-1.685747769918467087e+00
-2.922931247605633054e+00
-2.345142242232109986e+00
-2.552245808670984939e+00
-2.000271457628826965e+00
-1.320617630733931458e+00
-2.509921752423760477e+00
-2.282932161932811788e+00
-1.668822529325486803e+00
-1.836247514749935972e+00
-2.298188296193950819e+00
-2.738818430685518113e+00
-1.863123082385427454e+00
-1.694866205678679405e+00
-2.496988340659815453e+00
-1.750799446934252712e+00
-1.628918230789375476e+00
-9.894242133117511218e-01
-1.520751247274430895e+00
-8.421296785187288858e-01
-2.864548197307462907e+00
-2.134094456437593212e+00
-1.989554103156792930e+00
-1.963303210470419558e+00
-1.259936032573909293e+00
-1.595324531590022854e+00
-1.645142767414990770e+00
-2.749668909811876727e+00
-1.720525638647097066e+00
-1.967141450199096031e+00
-2.019170151561751059e+00
-1.960552930818658446e+00
-1.652740612721170788e+00
-1.760881613735153284e+00
-2.369660577039935934e+00
-2.082048291451845223e+00
-1.986540644321320492e+00
-2.121145783751119396e+00
-2.969400764977061957e+00
-2.105282099876179203e+00
-1.641906945925339700e+00
-2.603880488446297825e+00
-1.925316926921175620e+00
-1.471550023646155170e+00
-1.499755145955097735e+00
-2.863235177412576160e+00
-1.761063634306335723e+00
-1.813825847191028462e+00
-2.001274922605031037e+00
-1.342438295524243763e+00
-1.478889197943528799e+00
-1.387365178159716050e+00
-2.611383206336824081e+00
-1.904056167350960616e+00
-1.258911541276939161e+00
-1.798921359074450166e+00
-1.996994706845439449e+00
-1.459393973870500405e+00
-2.396172305460443575e+00
-1.461093688567250970e+00
-9.760258626844777741e-01
-1.515373616660231848e+00
-2.002445183538204887e+00
-1.655823298010375533e+00
-1.806179355637690831e+00
-1.422957230056042910e+00
-1.583935316715607611e+00
-1.611266543305733601e+00
-8.945086581363189682e-01
-1.535470177828225813e+00
-2.265209591364149677e+00
-2.231965893304488802e+00
-1.442271194771269194e+00
-1.903637165512844343e+00
-1.465957105097282609e+00
-1.496120640468995511e+00
-1.567023574749504267e+00
-1.449137255213210684e+00
-9.323481149089528630e-01
-1.577261060785207558e+00
-9.988434515618205278e-01
-1.329548116812437453e+00
-1.171777076703601539e+00
-1.792011486453100710e+00
-1.589862119147804620e+00
-2.734433751336691643e+00
-1.799501907238906684e+00
-2.457118499671413048e+00
-2.313184197795363328e+00
-1.588071661735555029e+00
-2.746338536776403050e+00
-2.167461265660090231e+00
-2.394570752419547421e+00
-1.467114339080907826e+00
-2.277959635724071674e+00
-1.453863660316120132e+00
-1.756310823627416751e+00
-1.691493042148402237e+00
-2.117232415269383328e+00
-1.620885358143882460e+00
-1.554815100121090143e+00
-1.421388034622283136e+00
-1.865357056785914347e+00
-1.358670779382955329e+00
-1.438971291867080948e+00
-1.901617127207534619e+00
-1.186907957203718222e+00
-2.396990569896141565e+00
-1.434259103102357491e+00
-1.311043232068160869e+00
-1.305559856950773145e+00
-8.115545888349920967e-01
-2.273161640951823159e+00
-1.893170753825790253e+00
-2.103039816378060145e+00
-1.619473650689777333e+00
-1.064466189445977706e+00
-1.028969745789284795e+00
-1.622662035776416767e+00
-1.805872800739614314e+00
-1.585808498371046538e+00
-2.295493526103817405e+00
-1.073447785569387802e+00
-1.577721908376473081e+00
-1.166843969764137068e+00
-1.169495729384133487e+00
-1.489494201986105271e+00
-1.815744384883417162e+00
-1.235321273136701592e+00
-1.059017180347346043e+00
-9.117256340782762258e-01
-1.417222390273968902e+00
-1.431478234724795184e+00
-8.585147210995559552e-01
-1.446279892199425543e+00
-1.496784493570707086e+00
-1.369820588295611152e+00
-1.113997892680946622e+00
-1.385743835202310814e+00
-8.971124296274146648e-01
-1.491743912909013536e+00
-2.325412101284369815e+00
-1.261708283833043343e+00
-2.032349029416360420e+00
-1.168919919247045858e+00
-1.455019473309179689e+00
-1.792906946376099375e+00
-2.121708043978652203e+00
-1.621656282698612284e+00
-1.458421415315771075e+00
-2.108218120058859224e+00
-1.187372660520143342e+00
-1.859194104157654293e+00
-8.225587605679846037e-01
-1.489642991342521983e+00
-1.430176038717519527e+00
-1.247159774981154046e+00
-1.381638752970181683e+00
-1.499406003904215412e+00
-2.354568806071131615e+00
-1.170372584168350771e+00
-2.333666292599083203e+00
-2.233428364453395432e+00
-2.767059372068310541e+00
-9.625890688110001481e-01
-1.071239415504100956e+00
-2.164539085325874801e+00
-1.584845044853613327e+00
-1.561968114894458637e+00
-1.837731006174468718e+00
-1.266120896019902631e+00
-1.527778868727913686e+00
-2.129274285769263475e+00
-1.483820036765597816e+00
-2.593483026193347918e+00
-1.858909224844873975e+00
-2.096974751223064093e+00
-1.577393088848724201e+00
-1.420808118115723717e+00
-1.608545130548623359e+00
-1.794438270332396002e+00
-2.976133104980049904e+00
-1.275362606882668226e+00
-2.835635445457539650e+00
-1.906794742540583343e+00
-1.576004601757132306e+00
-1.870561997917384645e+00
-1.284196738783277780e+00
-1.485844090473612544e+00
-1.445461836685365764e+00
-8.792212896080203732e-01
-2.365901203881578319e+00
-2.169739705873616753e+00
-1.794523755203168980e+00
-2.400644559495638042e+00
-2.107467581424958603e+00
-1.714953708386941722e+00
-1.093492752861455530e+00
-3.073543071131705329e+00
-1.208653278390922292e+00
-1.738797406551546798e+00
-2.097427878436340709e+00
-1.091382568820373766e+00
-1.097750448995720607e+00
-1.849902448103727171e+00
-1.030753546661303588e+00
-1.804510053040011552e+00
-1.600823209508168032e+00
-1.518060735610269107e+00
-1.412534343297384698e+00
-1.718961434298679869e+00
-1.782586573378833750e+00
-2.567768783510070207e+00
-1.898969531540926736e+00
-1.586894778855541421e+00
-1.397220850135391101e+00
-1.176807717652143648e+00
-1.475111931700825441e+00
-1.738988662809147323e+00
-1.105078920725131031e+00
-1.794223799417451470e+00
-1.805409484348283522e+00
-1.239249034272061678e+00
-2.344940604042129451e+00
-2.311724917605003871e+00
-2.526391848684303110e+00
-1.491300776503960313e+00
-1.744677853791660516e+00
-1.162217445474494459e+00
-1.284039592759174786e+00
-1.053150078686428959e+00
-1.455349561828560345e+00
-1.243160187062299915e+00
-1.891196367068948891e+00
-8.897447321331772851e-01
-1.981681695910344931e+00
-3.465835431824979551e+00
-1.751285500136721796e+00
-1.016793459862314286e+00
-2.280100488754158050e+00
-9.865004662139787994e-01
-1.335161315038234653e+00
-1.441689112215099211e+00
-1.908189999523503877e+00
-1.601217407635275869e+00
-1.277439979765477185e+00
-2.370371334171914146e+00
-1.398491049876599224e+00
-1.330894473245972875e+00
-8.590267529681693270e-01
-1.776381923411425534e+00
-1.794490316004501373e+00
-2.177155985923842962e+00
-1.362726130985747464e+00
-1.688545212298997678e+00
-2.503931267811460692e+00
-2.028766849582993359e+00
-6.797174766697449133e-01
-2.175686593735790986e+00
-1.734425985115996660e+00
-1.150781309200953340e+00
-1.121916364916605735e+00
-1.759517503775685165e+00
-1.373802914372622697e+00
-1.605969235125621841e+00
-1.463074072144850524e+00
-1.067107161833588114e+00
-1.349326289050468253e+00
-1.201807338842218797e+00
-1.383867274258353763e+00
-2.887476667008841424e+00
-1.331111648762352884e+00
-1.536243139257966295e+00
-1.850809843913073571e+00
-1.675932864990218096e+00
-1.636724555079599464e+00
-1.706999216754141457e+00
-1.662515410531332671e+00
-1.515887631479030828e+00
-1.056034249477109999e+00
-7.593399516878391875e-01
-1.150049802867313176e+00
-1.293836394943332024e+00
-1.002743269334354759e+00
-1.663058911507323323e+00
-2.337428958630608289e+00
-1.795486328235461615e+00
-2.190227060098396628e+00
-1.453790306601694393e+00
-2.325438033853628461e+00
-1.788769895376855157e+00
-1.550097295067742076e+00
-1.659808345686807574e+00
-1.357922560146013202e+00
-2.069390110970608987e+00
-1.938028183814359373e+00
-1.747348673278701359e+00
-1.500946145782553920e+00
-2.073902621529348345e+00
-2.255604258113997673e+00
-1.594675427241738275e+00
-1.434985528147951772e+00
-1.330454226279273344e+00
-1.523495126530483690e+00
-1.580739229625258924e+00
-1.634131273087719771e+00
-1.497621474700905564e+00
-1.943171390973363000e+00
-1.837748271890605523e+00
-2.043537749198118370e+00
-2.181552605813918522e+00
-2.480893145268700639e+00
-1.007180579180283475e+00
-2.375445836851672432e+00
-1.698005839593603516e+00
-1.705732479315832828e+00
-1.700740289900169344e+00
-1.835969804228506197e+00
-1.526560012217133000e+00
-2.495886186256475625e+00
-1.697471941475995116e+00
-1.875108394391616251e+00
-1.405207809568126187e+00
-1.270697909199528519e+00
-1.872548348513750627e+00
-2.059918111542772934e+00
-1.848861529722144015e+00
-1.650663081980680458e+00
-1.602404555914413997e+00
-1.280584532467771819e+00
-1.504913350373401570e+00
-1.062118020314404498e+00
-1.421508282166728199e+00
-1.969671804467622911e+00
-1.170596580219510852e+00
-9.400707906955141357e-01
-1.752520554306653988e+00
-1.399077679330194890e+00
-1.284661700221130909e+00
-1.720518480802414318e+00
-1.406511215591847108e+00
-1.273284460520877515e+00
-1.685885755312033218e+00
-1.747693472277579874e+00
-1.743523578157484266e+00
-1.787270674425091244e+00
-1.505283573690771037e+00
-1.729453614729600908e+00
-1.129902645308640929e+00
-9.944014355427237550e-01
-1.325979996909962155e+00
-1.280938176009995155e+00
-1.207748992889685402e+00
-1.606715114172040382e+00
-1.265605075573518645e+00
-1.551467848217905399e+00
-9.847040209297708291e-01
-1.441261176789599308e+00
-1.037638297546360722e+00
-1.412041490972259394e+00
-1.900575429300014996e+00
-1.990797966341976144e+00
-1.533895039473366362e+00
-2.206316473765386643e+00
-1.693298289875041052e+00
-1.667822862253742988e+00
-1.653947351585823178e+00
-1.850484640428815553e+00
-1.616072262788992742e+00
-1.461511727255317972e+00
-1.346598469609147974e+00
-1.487095353761968219e+00
-1.390556176790450404e+00
-1.677727498180782373e+00
-1.556208664876480352e+00
-1.591341437421996297e+00
-7.880080605445588526e-01
-1.850499904069679236e+00
-2.412494634808225680e+00
-7.751345621907225203e-01
-9.310847085453666239e-01
-2.048484381126991938e+00
-1.431168673361711274e+00
-2.252987408190032514e+00
-1.735898876853898098e+00
-2.431257709054632787e+00
-1.747433396433505370e+00
-1.173986298184439558e+00
-1.669007663768991012e+00
-1.074663498699554465e+00
-1.079260096280573844e+00
-1.630052927159153953e+00
-1.704835004564687173e+00
-9.005017275601344684e-01
-1.832176878007994114e+00
-1.397173128117297436e+00
-2.130804827154702874e+00
-1.043175875888431081e+00
-1.273342774322841375e+00
-1.372210081978312290e+00
-1.483303163320340845e+00
-1.073241013458472670e+00
-1.607532255053685466e+00
-1.235558672440068451e+00
-1.272813655009905620e+00
-1.727284098668040002e+00
-1.252262351553340203e+00
-1.432881744191077722e+00
-1.494400620818364445e+00
-1.312569640241088242e+00
-1.223201689506721257e+00
-1.553925565017676869e+00
-1.227349569135551377e+00
-1.225520088209171909e+00
-1.143512073778221838e+00
-1.647674088000382620e+00
-1.735518473852317722e+00
-1.947720751846203413e+00
-1.323405186696639646e+00
-1.591117030096117047e+00
-1.273221770160436472e+00
-2.344488912381402557e+00
-1.291354066745797224e+00
-1.781858750077267128e+00
-1.749647746334972886e+00
-1.556042262315562308e+00
-2.218082214746577741e+00
-1.761904208875638034e+00
-2.411448199471056597e+00
-2.564834619834742035e+00
-1.738960133796722429e+00
-1.666722191846617740e+00
-1.865911878226861109e+00
-1.628752242300542497e+00
-1.423502199167216986e+00
-1.715127045291173769e+00
-2.452834023225484827e+00
-1.204322146782176528e+00
-1.056239845275322997e+00
-1.617390926370196436e+00
-1.549039022736572235e+00
-1.469112802067483070e+00
-1.408019891740325935e+00
-1.968059604905645799e+00
-1.528096115809333133e+00
-3.248014979863850016e+00
-1.457549969498038722e+00
-1.538727936750758030e+00
-1.407289972668472000e+00
-2.246431158991540666e+00
-2.283933994345065166e+00
-1.804776763861003719e+00
-2.105328718453648218e+00
-9.010547529338172046e-01
-1.043780236720727173e+00
-1.056272864598347683e+00
-1.332134069288016587e+00
-1.464189817143715544e+00
-1.358161649411794736e+00
-1.844015053281824912e+00
-1.548470002796261014e+00
-1.808581954732053854e+00
-1.774153609883388549e+00
-1.354203262550117026e+00
-1.774288619214358764e+00
-1.547116629128967524e+00
-9.400643472491654329e-01
-1.233880617687046044e+00
-2.372674996027776650e+00
-2.502644009600137220e+00
-1.602799813962688003e+00
-1.230378146234618830e+00
-2.173687800018871297e+00
-2.102227032423262809e+00
-1.411866570593476311e+00
-1.786026662246377628e+00
-2.039640476337401864e+00
-2.121981486835404773e+00
-1.281447643551983262e+00
-2.227087013148663086e+00
-2.740641961652575009e+00
-1.364785994200224284e+00
-1.371988461484050292e+00
-1.851569982584505558e+00
-1.833911322920700693e+00
-1.979489530946264786e+00
-2.078547798651019463e+00
-2.005886000488642740e+00
-2.035318319545175392e+00
-1.711233236071557640e+00
-1.537679240743053732e+00
-1.559678260541780048e+00
-1.216478093961237850e+00
-1.221918317256428965e+00
-1.665539767527809634e+00
-1.693922497966676044e+00
-1.622983070152304697e+00
-1.689692299089099681e+00
-2.097263812681839479e+00
-2.060043339867403844e+00
-1.310002028370383487e+00
-1.800364175715706949e+00
-1.420252535242108483e+00
-1.186513539125270134e+00
-2.452331738874585998e+00
-1.938321421442903869e+00
-1.559522731883529190e+00
-2.025505602273087291e+00
-1.892557135696346204e+00
-1.678480336785438620e+00
-1.397038877763845832e+00
-9.829817576856207939e-01
-1.744294953799929271e+00
-2.101360392268990740e+00
-2.641045349976743672e+00
-1.854459953789281634e+00
-1.498387056767315872e+00
-1.820887132424565458e+00
-1.668976573640183592e+00
-1.663124792073534142e+00
-1.806858348103592471e+00
-1.971438025478755351e+00
-2.497112948087996553e+00
-1.861349621165245161e+00
-1.878028980972422435e+00
-2.289815621638135124e+00
-1.713513407942321098e+00
-1.230970688381577638e+00
-2.940284342214027458e+00
-1.748018687675837013e+00
-1.498023758190862420e+00
-2.008196145170114910e+00
-1.369510291443998717e+00
-1.883372798340485987e+00
-1.859398218466986608e+00
-1.913588011746973905e+00
-2.092122161256232626e+00
-1.771441239291305925e+00
-1.602223159779957440e+00
-2.022816227911978348e+00
-1.831767237204247056e+00
-1.827589113267219512e+00
-2.284313495775103231e+00
-1.854520265297273873e+00
-1.993459127169564304e+00
-2.041624970884303281e+00
-1.448116267369576882e+00
-2.205539867714778168e+00
-1.825292249487704632e+00
-1.747342525238258837e+00
-2.593681521261121947e+00
-1.768621542724621465e+00
-1.883607168109603158e+00
-2.001368804488429021e+00
-2.006444598423251957e+00
-2.174536511263223559e+00
-1.583049951775905573e+00
-2.462171244325977781e+00
-2.145070696243030817e+00
-1.524124090878370863e+00
-2.308607486076729387e+00
-2.364188075806925582e+00
-1.653390580529141118e+00
-2.166311215441548921e+00
-2.095858866949044330e+00
-1.952062193089806108e+00
-1.948159571514556765e+00
-1.908910834550468838e+00
-1.816292644871633222e+00
-1.522745278349208808e+00
-1.969963975716164661e+00
-1.620577475835793813e+00
-1.379394558163479223e+00
-2.116194748163500616e+00
-1.662855670939043184e+00
-2.635992083188414270e+00
-1.595410931472525551e+00
-1.431274203404262257e+00
-1.554668084059573463e+00
-2.742532847159850906e+00
-1.645396330792612938e+00
-1.714992887406969091e+00
-1.791026501921870961e+00
-1.481023785756004241e+00
-1.637057287033459874e+00
-1.948397637897664181e+00
-1.802913217186278949e+00
-2.747629406862130530e+00
-2.815224984500082517e+00
-2.635087712590697961e+00
-1.431307388252740953e+00
-2.989387200661465016e+00
-1.788634217064180021e+00
-2.404587677958806680e+00
-1.927181497352458361e+00
-2.051645112551025996e+00
-2.648522850282003294e+00
-1.725737490555945497e+00
-1.978275442502427817e+00
-2.602746968556818086e+00
-2.127928443421525539e+00
-1.350558585319910909e+00
-1.318109140223281628e+00
-1.661095982098111490e+00
-1.715649903489365302e+00
-3.087675581133364489e+00
-1.503506571406320269e+00
-1.924966647293883781e+00
-2.210135466709097329e+00
-2.188373298350334561e+00
-1.796203258760084687e+00
-2.156872614118702014e+00
-2.409926173741536726e+00
-1.555288322950759250e+00
-2.063492047129348528e+00
-2.099280268533556093e+00
-1.848650279848526257e+00
-1.866314658046331676e+00
-2.513021495301415165e+00
-1.029221888843210664e+01
-2.678255133398471433e+00
-2.260297719132406957e+00
-4.933816688629323544e+00
-3.679162492640422055e+00
-8.754939692414204444e+00
-7.225554776365773257e+00
-1.209501488253398271e+01
-2.869174007156448880e+00
-2.557731576618555103e+00
-3.129216588162613721e+00
-2.670287088474145420e+00
-2.525178151178084640e+00
-3.685818941427206230e+00
-1.382123838666614146e+00
-1.997709519715982429e+00
-2.262171052079552158e+00
-2.393556372498976348e+00
-2.084031474283362773e+00
-1.720493314841613497e+00
-2.771438525173490763e+00
-2.000275598229774854e+00
-1.978731375335378795e+00
-2.395915980325958206e+00
-1.875055012216471084e+00
-1.867267772716857399e+00
-2.790699945549520056e+00
-2.069201060579608953e+00
-2.790230882501867793e+00
-4.442258138831565617e+00
-3.060869364729900344e+00
-2.149593393682570852e+00
-4.069110730286655375e+00
-3.797143294894178123e+00
-3.074000130284952892e+00
-2.660089127439715817e+00
-2.679469349986188575e+00
-2.282973469821177215e+00
-2.717922289032211669e+00
-2.054849029288177586e+00
-1.782340079853026449e+00
-2.349624085075709523e+00
-2.655891595201332223e+00
-2.725410227641855254e+00
-3.671445482722620834e+00
-3.954748169309292294e+00
-3.042059462782191304e+00
-1.078638180256963075e+01
-1.848380785174093877e+00
-2.979692269290419304e+00
-3.436847189574054884e+00
-2.628580702870233043e+00
-1.682745077862110250e+00
-2.949494344695306136e+00
-2.036053892464621207e+00
-3.370870647691059041e+00
-6.096777946356686684e+00
-8.723589479348763831e+00
-3.404707971352016305e+00
-3.655761817458595075e+00
-1.602258846308724838e+00
-1.180224822472040191e+00
-1.772521816159511543e+00
-2.052989363943176215e+00
-1.957349028073469110e+00
-1.869526273792223581e+00
-1.575960673518656874e+00
-2.879389563724930046e+00
-3.478801262751486600e+00
-2.121792890086973138e+00
-2.125503509864629326e+00
-2.611916155615190416e+00
-3.514124611351923111e+00
-2.369268715402917280e+00
-2.123337348762355248e+00
-2.918095905233986098e+00
-2.418869396708829278e+00
-2.143266765932820395e+00
-2.191360592195584989e+00
-2.741097205149145122e+00
-1.576563153990008459e+00
-1.714675319020311006e+00
-1.704533283970883328e+00
-1.802927798847632435e+00
-2.370570635455107933e+00
-2.171084572110317357e+00
-1.918187857596376000e+00
-1.987062907236044618e+00
-1.864425874059949528e+00
-2.206900227182793550e+00
-1.734704719345908641e+00
-2.592060360938913455e+00
-1.925889243762900271e+00
-2.465501002913295991e+00
-1.922181420661871920e+00
-2.057950802304272742e+00
-1.450137009565005908e+00
-1.969580042919098828e+00
-3.367511973546853277e+00
-2.453865717165752081e+00
-1.596977505291691024e+00
-2.433893536063279406e+00
-3.404696511038209472e+00
-2.189518044872103886e+00
-1.796430326121925880e+00
-2.043288464695567797e+00
-2.896930458008739162e+00
-3.262960055483954402e+00
-2.545579645327626928e+00
-1.145617769653871632e+00
-2.314459808212402159e+00
-1.449219822820695391e+00
-2.752998308601983801e+00
-2.150066200116074633e+00
-2.034275907798658967e+00
-1.588695806630117335e+00
-7.414439196706539281e-01
-1.680608868270321077e+00
-2.127992905036032667e+00
-1.667421263849198532e+00
-2.291393794159272801e+00
-1.747357823938968657e+00
-1.815316704678274551e+00
-3.054604482154958056e+00
-2.704570530375299597e+00
-1.813443792105977392e+00
-2.127787849258755859e+00
-7.486687313475127503e+00
-1.914366634614852014e+00
-2.755972935729566586e+00
-1.886305709429510147e+00
-2.560568932529488695e+00
-1.577661223209368746e+00
-2.619952337836166212e+00
-2.153517642998926895e+00
-1.129358619551649401e+00
-1.558205427830847478e+00
-1.953184658509840910e+00
-3.102736638119668378e+00
-3.187938823573796210e+00
-2.809855182458445899e+00
-2.241552220609417390e+00
-2.989938129812980350e+00
-3.324266094374819680e+00
-2.388160903188217166e+00
-2.299902362456857308e+00
-3.010219181159573321e+00
-3.217547097640698350e+00
-2.853868286167023705e+00
-4.040967140162973870e+00
-2.252456038242584224e+00
-3.473389921576330863e+00
-3.041757175332239882e+00
-1.824413440307828038e+00
-2.972137684195110818e+00
-2.593206687825051038e+00
-2.615607591876408122e+00
-1.876653175916661143e+00
-2.520427897196501288e+00
-1.134856633668889447e+00
-2.004946004911083879e+00
-2.494619890244096361e+00
-2.567321399441569785e+00
-2.469838476927574078e+00
-2.697257980775608743e+00
-3.027401868182813427e+00
-2.394162874221990922e+00
-2.821306457009377322e+00
-2.616315645982763893e+00
-2.107607062948953391e+00
-1.919241896396730818e+00
-2.177413132537358909e+00
-2.208459947262295664e+00
-2.569743926449016946e+00
-1.099618514975323480e+00
-1.655900524776889648e+00
-1.588807059745945383e+00
-1.260065322165785373e+00
-1.393098976006539091e+00
-1.759640743959986153e+00
-2.291362849867101481e+00
-8.734508052444752702e-01
-1.264624286714907120e+00
-2.048812548995790017e+00
-1.702169262530220717e+00
-2.401254109356874444e+00
-2.013895989183582813e+00
-1.977126728718815674e+00
-2.642164352119246828e+00
-2.736348103110421093e+00
-2.094625788052225879e+00
-2.006799939843497693e+00
-2.506021930248465868e+00
-7.795239467595107108e+00
-2.740729982083556227e+00
-3.232508971440106738e+00
-2.731254710191822532e+00
-4.152176932445768465e+00
-2.852425989697909170e+00
-2.828585154998182638e+00
-1.520808951766416284e+00
-1.352067549153119552e+00
-1.372652417232970823e+00
-2.003416850819212947e+00
-2.845884011207710174e+00
-3.014337105653794868e+00
-1.929480867571068847e+00
-1.482127528734339839e+00
-1.413607989059560310e+00
-1.600417754372297718e+00
-1.638759560679845295e+00
-1.598798010788788249e+00
-1.564886097864235825e+00
-1.721544465633889853e+00
-1.801115404024424382e+00
-2.018125718445172634e+00
-2.288740062503456851e+00
-2.468011811621683815e+00
-3.051184514821614346e+00
-2.066081735531502872e+00
-1.559284703501309988e+00
-1.222760317359286919e+00
-2.297493654637965843e+00
-1.874156166804427759e+00
-2.294316469274489290e+00
-2.917004848700435637e+00
-1.836651757312662836e+00
-1.976861998242641416e+00
-2.177366631257137364e+00
-1.970749764681855254e+00
-1.698492999961511263e+00
-2.458695139660367346e+00
-2.939753074670835797e+00
-1.879345512276453078e+00
-1.927478923116507703e+00
-1.202297289187260754e+00
-1.282448399755631518e+00
-1.084677461527665310e+00
-1.465015236374694663e+00
-1.560752232598899170e+00
-1.435441055344711891e+00
-1.746209007928853030e+00
-1.100708912762124791e+00
-1.381721587273571084e+00
-1.538807104764241984e+00
-2.077968490252729783e+00
-2.103176163419235856e+00
-2.890196588942649303e+00
-2.555431552449103805e+00
-3.713082498629133976e+00
-1.786891390460977780e+00
-3.194329616226260438e+00
-1.949098561939364815e+00
-2.440376724395101782e+00
-1.454869904859748653e+00
-1.081679042695182558e+00
-1.432278779102342803e+00
-1.968104324343328493e+00
-2.236682659922403893e+00
-2.221419012488495603e+00
-1.161960521286481640e+00
-2.006754082249174509e+00
-2.626043562402008202e+00
-1.854361463331098081e+00
-2.276610412210472223e+00
-2.771566632041644773e+00
-2.577820656646145903e+00
-2.124263641510202305e+00
-9.642528272490467067e-01
-2.073033897432075889e+00
-1.571042207476661678e+00
-2.181684142382289693e+00
-1.963711963352171797e+00
-3.170785811434098100e+00
-1.464185344147229895e+00
-2.303640298930231811e+00
-2.613488421610945078e+00
-1.627303207270999197e+00
-1.066317275968447831e+00
-1.531978793115456483e+00
-1.178764349311310911e+00
-2.085930832419330638e+00
-2.535793226700482350e+00
-2.526073096940477658e+00
-2.787791306413146764e+00
-2.386965542469789980e+00
-2.851377138220660967e+00
-1.389365969314953153e+00
-2.229253528880592139e+00
-2.060371108625464576e+00
-1.555548589639395018e+00
-1.603645333464420730e+00
-1.152473181758166820e+00
-1.426837624792113290e+00
-1.882615748098444897e+00
-9.579259422970841653e-01
-1.746611463621281279e+00
-2.020154557731695721e+00
-2.146203344465865914e+00
-1.281320702608685469e+00
-1.574177683856478938e+00
-2.102300606310934405e+00
-1.605080785586274539e+00
-1.586319911950891504e+00
-1.158216098002563976e+00
-2.460718236155088334e+00
-2.346803442612788615e+00
-1.267510288572896826e+00
-2.305418865155957064e+00
-2.673361550653471586e+00
-1.281603108887836573e+00
-1.774962341680895950e+00
-1.778316274587624646e+00
-2.042086144102455147e+00
-1.157449855667870064e+00
-1.648979743691530109e+00
-2.556821940158747086e+00
-1.839360600771454690e+00
-1.231968218445151253e+00
-1.823908300461755561e+00
-3.171106373836429349e+00
-2.726749984389429393e+00
-1.390417097786011302e+00
-3.150738138042859404e+00
-2.373023520984441692e+00
-2.155156703977524568e+00
-1.763143960971534252e+00
-1.633178722018674200e+00
-1.565404969812482561e+00
-2.124977991058045745e+00
-1.953453338814303386e+00
-1.598670115479858378e+00
-1.997756574518957384e+00
-2.318413750971379361e+00
-1.611569347442347144e+00
-2.760759494619719590e+00
-2.886915672222954310e+00
-2.586390185520096363e+00
-1.526135832060069308e+00
-2.224270027372668324e+00
-1.598937322503304337e+00
-1.268762199063925955e+00
-1.810817614795138919e+00
-1.126653635196711356e+00
-2.711876832545082827e+00
-2.156514728656592439e+00
-2.296738366058991510e+00
-1.406638575348297948e+00
-2.189332302567885691e+00
-2.191265457144440099e+00
