-2.422233690020439312e+01
-2.423488986473651963e+01
-2.129711512821451436e+01
-1.437293478825335669e+01
-2.329576351016860869e+01
-3.298813603367359804e+01
-2.584036770374947878e+01
-2.505203960054004853e+01
-2.908430879361810284e+01
-4.039760624550830670e+01
-4.138732900940563297e+01
-3.885382874067548897e+01
-2.518463329331945744e+01
-2.814125083528146831e+01
-2.778934426806870306e+01
-3.933408194113999912e+01
-3.926825641735903361e+01
-2.967601077663333342e+01
-3.472171655477826846e+01
-3.583005002315088205e+01
-3.723560216490906072e+01
-3.529438031911049478e+01
-3.150802889165294118e+01
-2.622355679248859417e+01
-3.958278899315979515e+01
-4.303867225224124127e+01
-4.377071284103381288e+01
-4.356910857590951736e+01
-4.580498811708159934e+01
-4.560605252542970334e+01
-4.070928566228128176e+01
-5.230207563005626525e+01
-5.288283017024173205e+01
-5.166521277354900121e+01
-4.616623551058157204e+01
-4.489316728229067621e+01
-4.757481941790398849e+01
-4.322582321471976741e+01
-3.511436211187135115e+01
-3.671214916754143331e+01
-2.920211962009847895e+01
-3.682462365047901898e+01
-4.037361121354908278e+01
-4.092353378562474830e+01
-2.214380364035612203e+01
-2.667799235382647893e+01
-1.957141001338179365e+01
-2.739709434988687420e+01
-2.541463325828947362e+01
-2.521856625225190740e+01
-2.661133604246047213e+01
-2.367576943490815466e+01
-3.333009344737016733e+01
-2.324430150083040303e+01
-2.283662372446963928e+01
-2.694682526695730473e+01
-1.444703316850645258e+01
-3.644109060975347258e+00
-2.184981013775920644e+01
-2.734030207255671385e+01
-1.798805603716767720e+01
-2.108596649440190518e+01
-1.765666552533053846e+01
-2.595401491831957586e+01
-2.444969353441847204e+01
-2.141026406025454776e+01
-1.914310964431782125e+01
-2.413413274688342014e+01
-2.353164503722004142e+01
-2.153998465925902295e+01
-2.193972900918599933e+01
-3.492609714056921177e+01
-2.722785227194856361e+01
-2.629786125575249400e+01
-1.009454076687808843e+01
-2.558473643483899096e+01
-1.885619006715487700e+01
-2.412784698964937391e+01
-2.277153937519705451e+01
-2.498087030515770479e+01
-4.221466675838784255e+01
-3.778895518514848817e+01
-4.044193138165096713e+01
-2.908522044599094869e+01
-2.730903573724675937e+01
-2.020263352257527600e+01
-2.524959804109515105e+01
-1.952914014475034321e+01
-2.741322105305541257e+01
-4.575339891638186884e+00
-2.322769779884785990e+01
-1.913301492345589239e+01
-1.928799969111761925e+01
-2.776516552143165484e+01
-1.989352373082457603e+01
-1.849529466652994714e+01
-4.387294838528351448e+00
-2.030899129623519528e+01
-1.656780255006052727e+01
-1.798222124820157575e+01
-2.294055105601861300e+01
-2.340175953692461874e+01
-2.308981986495910732e+01
-2.327272530961974084e+01
-2.544157567655009089e+01
-2.063701688416168167e+01
-2.295258153290765790e+01
-2.560042384742282806e+01
-3.723244888166756539e+01
-3.782562715736441561e+01
-2.663933423781857357e+01
-2.083383623613682545e+01
-2.397420528349396918e+01
-3.098592635327699085e+01
-2.903798985508501929e+01
-2.946839898840299554e+01
-3.290237913940021031e+01
-2.860079916596189520e+01
-2.903958967302705574e+01
-1.092735104178843919e+01
-2.793833524809740254e+01
-3.928431635755399043e+01
-3.424644109147070736e+01
-2.960243383758406210e+01
-3.624470791909442369e+01
-2.845757260647662790e+01
-2.951977424605839317e+01
-2.838483870620661875e+01
-3.347277064835495253e+01
-2.566161643576239726e+01
-2.656267381509119829e+01
-2.677599134398872849e+01
-3.025268076862096933e+01
-2.513687885450738335e+01
-2.609619378380621768e+01
-2.536683496453763098e+01
-1.203940913397128831e+01
-1.709052175458505118e+01
-6.242771781969752354e+00
-1.889312675488346116e+01
-1.973402803117097903e+01
-2.302118933579014382e+01
-1.962282765718243027e+01
-1.690454146903387667e+01
-1.535407898406006844e+01
-2.190578744332622563e+01
-1.583942089865898595e+01
-4.851493683526381773e+00
-1.836482416907765369e+01
-2.055438521391760176e+01
-1.827247102119966371e+01
-2.101687914657007283e+01
-1.868504986011226876e+01
-1.891785127449295345e+01
-6.860367353286931369e+00
-1.727726745857894430e+00
-1.559570723745405374e+01
-5.142461846175053530e+00
-2.595663889901540511e+00
-3.187149717164404983e+00
-1.349427206525868561e+00
-3.401522926784352308e+00
-3.862992752290215659e+00
-3.576499024718074793e+00
-1.919632148325462140e+01
-2.420668618015534790e+01
-2.705440417920789287e+01
-1.939818605936762808e+01
-2.677571432197700929e+01
-1.920431168099382191e+01
-1.821586343251071582e+01
-2.244221769362346208e+01
-1.842669277341583722e+01
-2.470839584315788073e+01
-2.351380000149614702e+01
-9.601675120659798779e+00
-5.054342593063810618e+00
-2.887504180542939025e+01
-3.091817117529583570e+01
-3.641554002821719394e+01
-3.409114582849447572e+01
-2.887505830351935288e+01
-1.682701054484508063e+01
-1.741820982800963336e+01
-2.524061055697723432e+01
-2.234498390714361804e+01
-1.903760403742706586e+01
-1.941492355373907586e+01
-2.333570989307908761e+01
-2.291895483504569953e+01
-1.950677360126798376e+01
-2.296146352466371354e+01
-1.843172060882293195e+01
-1.650972190208936485e+00
-1.345747074728830484e+01
-1.275241099688783919e+01
-1.891919030646800337e+01
-1.797179756375423310e+01
-2.114354060839812277e+01
-1.858406384453683202e+01
-1.855548218969295249e+01
-2.281566267631874645e+00
-4.010430080971536526e+00
-2.627834843511749341e+00
-2.208354792916543019e+00
-3.121104095426284530e+00
-3.287318930595773736e+00
-9.799923307158273644e+00
-3.880326921947513164e+00
-3.693809751447314937e+00
-3.502982604389478283e+00
-4.071520689459414477e+00
-2.366709755155035566e+00
-2.206820784655205703e+00
-2.969620436488518145e+00
-3.285881257453820758e+00
-7.101098024050223501e+00
-2.160636786897589534e+00
-4.215848843447659533e+00
-1.436085572275095146e+00
-1.615322272924821112e+00
-2.087209941759915033e+00
-2.519826047746304365e+00
-1.596337868202901245e+00
-2.699524256180513504e+00
-1.202180157691871720e+01
-3.064756952663306500e+00
-2.258630474552017375e+00
-1.570698827973164180e+00
-2.007474776012604156e+00
-1.615840137595367265e+00
-2.508770683552195901e+00
-4.247710860445595316e+00
-3.469568653534419678e+00
-2.982516318206940742e+00
-2.714656087261533735e+00
-2.013429597434915674e+00
-2.589568163538275680e+00
-2.448850317702044421e+00
-2.715157350037833428e+00
-2.110028412016472732e+00
-2.041621077062629297e+00
-2.147283331734269218e+00
-2.688293620248189519e+00
-3.163479356263597886e+00
-3.692832680612653462e+00
-2.410368526977127335e+00
-1.931623994499768626e+00
-3.445257763110199267e+00
-2.110118758069593703e+00
-2.192470010910760436e+00
-1.795264071137849804e+00
-2.101639750857883904e+00
-1.777311766993798559e+00
-2.154995228234604099e+00
-2.803426649712156493e+00
-1.385291063293540681e+00
-1.613369351391251039e+00
-1.814012115678503401e+00
-3.143294346295704145e+00
-1.628557874042556142e+00
-2.790952744510397210e+00
-2.169401599781277667e+00
-2.013699615939932741e+00
-1.675726450469392947e+00
-1.516274590721012672e+00
-1.464718674634732931e+00
-1.924133765848064170e+00
-1.359175125007380025e+00
-2.955213365963229588e+00
-1.527377561191475408e+01
-4.585581333134637561e+00
-1.973003181867078482e+01
-1.892490697849081727e+01
-1.222287553094297685e+01
-2.631827995884937099e+00
-3.535365236135777689e+00
-1.051041739956354526e+01
-1.489688436820285133e+01
-1.570171973084388828e+00
-3.727275528618086753e+00
-3.108851918369105238e+00
-3.471327418348274296e+00
-1.741144731723652583e+01
-6.262119625983090465e+00
-3.472232409869238534e+00
-1.663374482406334565e+01
-1.731413549518520867e+01
-5.545607909869719521e+00
-4.183314440416007862e+00
-3.876388277762532919e+00
-1.307983767670050135e+01
-3.570425445051601088e+00
-3.698810129234180177e+00
-4.885389773517232470e+00
-3.157810444550042117e+00
-2.185727009718758662e+00
-1.470440557228954725e+00
-2.694571214894248889e+00
-4.177568426902846355e+00
-4.739191757260995175e+00
-3.807646754862282990e+00
-4.589107096806928077e+00
-2.737631621469296839e+00
-2.269456386346476506e+00
-1.284241523938301555e+01
-1.852777551313587878e+01
-1.500966341446941144e+01
-1.137578205679190901e+01
-3.466622824990378327e+00
-3.525317523989729196e+00
-1.186402887381278504e+01
-2.263116753011084725e+00
-1.051180285896109012e+01
-2.746351310761260933e+00
-4.899629828428388123e+00
-3.389453789775337622e+00
-1.722100969654146496e+00
-3.850918347605491565e+00
-2.531288419231533027e+00
-3.451024409672556637e+00
-3.791536989496844257e+00
-4.167154603217546160e+00
-2.874842604075694474e+00
-2.623473351107311391e+00
-4.233216929776997262e+00
-3.634687371027351510e+00
-2.839534269978937875e+00
-2.397328767211349465e+00
-3.543917804355202872e+00
-3.037321879337450792e+00
-4.099474126686412312e+00
-2.792885951903485431e+00
-3.629045999120457555e+00
-2.692471619664198457e+00
-3.538030293568371398e+00
-3.522941406223779826e+00
-3.416662095857019743e+00
-3.550352481404459581e+00
-3.206261984725895076e+00
-2.287189989190821837e+00
-3.371142130293830697e+00
-3.362866380247783837e+00
-2.025931727351345302e+00
-3.396513492697435410e+00
-3.188330869641619714e+00
-1.459374276952824800e+01
-1.380605732992536971e+01
-4.851895492281617095e+00
-4.015431594292901529e+00
-4.101685220847909541e+00
-4.458634153612592854e+00
-4.198726298342416285e+00
-1.650021395088321441e+01
-4.087996708852945638e+00
-1.688060411236536140e+01
-1.875375839539646350e+01
-4.263552160000926960e+00
-4.966484476000619708e+00
-1.526483335384900286e+01
-2.896523544129541605e+00
-3.651463462857844178e+00
-4.490716242460643493e+00
-1.765144961513557709e+00
-4.020383744776234280e+00
-3.882543372534649428e+00
-5.452002466202097608e+00
-3.654413317628925295e+00
-3.572879540453293590e+00
-2.845127690541789267e+00
-2.794366625393259529e+00
-2.968471969783148978e+00
-3.475527936475187651e+00
-2.852549075882617746e+00
-3.616261736552783823e+00
-3.611816157574723629e+00
-4.165011347096542416e+00
-3.760984741547820587e+00
-4.694054876087584205e+00
-3.434993204230153196e+00
-3.051708488122426122e+00
-9.040881317456660682e+00
-4.567871864992193665e+00
-4.249709275452971724e+00
-1.448717693237025594e+00
-1.106150163522528196e+01
-2.578292529773446251e+00
-1.774892696661307445e+00
-1.990103393848365210e+00
-4.898517546717775062e+00
-2.615272032785117773e+00
-1.886945176366465304e+00
-2.633690130988091571e+00
-3.353813058027292460e+00
-2.539207207899398355e+00
-2.963540242172605144e+00
-1.631807703239394414e+01
-1.988352904833906365e+01
-3.907181810364134478e+00
-2.929922802624534750e+00
-3.688432793726998504e+00
-2.335797936702309396e+00
-3.405809929907857470e+00
-2.924604798399119687e+00
-2.836806541956160554e+00
-2.280782691779270177e+00
-2.250165925679259882e+00
-2.913162734099340234e+00
-4.011248773316473226e+00
-3.364968935504696113e+00
-2.562015167712706543e+00
-7.793392423252970325e+00
-2.115532578813278608e+00
-2.352222218485805705e+00
-4.249486329901327686e+00
-1.692287071878435967e+00
-4.736722018619864194e+00
-1.989792207064974283e+00
-2.723577263935976323e+00
-2.127654028022654575e+00
-1.890202239030738252e+00
-2.881037500359466819e+00
-2.224724805677860573e+00
-2.045515306734440042e+00
-2.999552892321200037e+00
-4.125503320251601380e+00
-2.296716467156746155e+00
-3.271107820038802405e+00
-3.028794740639878302e+00
-2.193185384410484051e+00
-3.299164773729018840e+00
-2.096539641182078917e+00
-2.966505857630757248e+00
-1.680312745770744520e+00
-1.735668019691733344e+00
-2.322020041873084306e+00
-3.015826286009353208e+00
-1.730486347005551151e+00
-2.259996919340679256e+00
-2.297377904401460391e+00
-2.385183101496480162e+00
-2.857793085809968492e+00
-3.201104725155203390e+00
-7.206532508964198058e+00
-1.986473850259206841e+01
-2.989479665707794354e+01
-3.187099867138192977e+01
-3.259386646455374148e+01
-3.316090909055235159e+01
-2.911631142903834402e+01
-2.741883287053708074e+01
-2.777551024914251343e+01
-2.425853130974912375e+01
-2.732973118829926307e+01
-2.730667924630571974e+01
-2.566816252010925581e+01
-2.548837887939716396e+01
-2.255602759857324813e+01
-2.231596546201813069e+01
-2.236896132159037975e+01
-1.997402599043599736e+01
-1.789557083449830444e+01
-5.273114272993001173e+00
-1.085408480695045341e+01
-1.006722567011984459e+01
-2.158717607674928018e+01
-2.154427118777381622e+01
-2.946274349426195727e+01
-2.587247726116467206e+01
-2.328017035394922019e+01
-2.167298531839481512e+01
-1.970764387361159464e+01
-1.574701378698607002e+01
-1.673624663185882611e+01
-1.733356781668068791e+01
-2.046609416378648305e+01
-1.891998284496311555e+01
-2.016754109507355608e+01
-3.527146451156702334e+00
-1.713506889602754768e+00
-3.441652425491319445e+00
-5.680272911848617490e+00
-3.134369292684158648e+00
-1.679642033872339013e+01
-6.597273399185318965e+00
-3.499812599890903542e+00
-1.783894345918688984e+01
-1.344747271500201258e+01
-7.933622193236433695e+00
-3.911871521558364151e+00
-3.406256335191948814e+00
-1.234116276644383525e+01
-2.003519924593397761e+01
-1.616363775606724174e+00
-4.097690886071182703e+00
-1.985141938133104800e+00
-2.556900633499365583e+00
-1.868208293781618901e+00
-1.293911017470706915e+00
-1.241865427909070174e+00
-2.419719128538604824e+00
-3.640983210364283185e+00
-3.011673901686829691e+00
-1.861713852464001917e+01
-8.790386438615099607e+00
-3.264031771728354236e+00
-1.188922135209775410e+00
-1.494315789565875363e+01
-2.171817934398547312e+00
-4.204689780155206336e+00
-4.056162944956898997e+00
-1.232354152436737138e+01
-2.848046498766480195e+00
-1.580235139368740604e+00
-3.973030214821054340e+00
-3.214832670482163035e+00
-2.281660854556252449e+00
-5.041259133459912611e+00
-8.392294598229536717e+00
-3.168060337997828935e+00
-2.556870082185815019e+00
-2.954788520264062246e+00
-2.083626669674781162e+00
-1.052265909289146428e+01
-2.624288998777829285e+00
-3.710540183069666931e+00
-4.204301370931557535e+00
-1.189244397698777433e+01
-2.772391635325066161e+00
-3.073255421004323029e+00
-2.819411607959572574e+00
-3.074364405404719669e+00
-2.415647730257228787e+00
-2.623886460448163316e+00
-9.504783381698181932e-01
-2.937537193227946375e+00
-3.078766584624641922e+00
-2.382894754756427869e+00
-1.546137916726067818e+00
-2.345830250735430500e+00
-2.279808602117519900e+00
-4.814807683540727190e+00
-4.138932125103553794e+00
-1.598116018475336686e+00
-2.226501309659817185e+00
-1.984869057113515023e+00
-1.647602607031083632e+00
-2.326779159847007339e+00
-1.507079610137773473e+00
-3.059108722846800799e+00
-2.177300444823929038e+00
-3.950961423385436877e+00
-3.997202202239258373e+00
-2.240741024192178354e+00
-3.395332330333794779e+00
-2.857587838166187222e+00
-2.607054683314423471e+00
-2.070538557920897471e+00
-2.851951638993981408e+00
-1.669557483858628233e+00
-1.826865078408935528e+00
-2.263181509766120314e+00
-1.792726782021577536e+00
-2.215913350736111731e+00
-2.690072475114407169e+00
-2.904505842504632618e+00
-2.964400049718815211e+00
-1.352857579814942257e+00
-2.045981256693338413e+00
-1.128492788654463119e+00
-2.666385264520847453e+00
-7.298405557300967850e+00
-1.477228867730014494e+00
-1.759923164576646570e+01
-3.839933376276609689e+00
-2.562079617677860632e+00
-2.258283915844871981e+00
-2.806507184772351504e+00
-1.956408554383487486e+00
-2.466009469995787295e+00
-2.431576396625716452e+00
-2.037776131781789513e+00
-2.821783770187617613e+00
-2.089206284184828455e+00
-2.038654021790843540e+00
-1.220136465856769270e+00
-2.062748939924489822e+00
-3.267742154181436209e+00
-2.446448443318649524e+00
-3.746270721977432494e+00
-1.069214173591359396e+00
-1.034981810526855561e+00
-3.047806427513966465e+00
-2.335684877173055174e+00
-6.672418631514996257e+00
-4.976379962247419186e+00
-2.330691347519192824e+00
-3.204101954483333792e+00
-2.172264725124942064e+00
-2.570184183894999030e+00
-1.808153966804713741e+00
-3.558858920120974378e+00
-3.901803007657156819e+00
-3.225100146736898488e+00
-1.419864216210247498e+00
-1.240924682771025633e+00
-3.787295879550843125e+00
-3.340541721980452738e+00
-2.629784243521887444e+00
-2.015793202022919228e+00
-1.468801705464209739e+00
-2.219394662059368972e+00
-2.226961858961274743e+00
-3.114765575908841733e+00
-1.570178870748026645e+00
-3.457882797097936667e+00
-4.102819248779989714e+00
-3.569344705976529308e+00
-4.212696607589065501e+00
-2.597486302940923419e+00
-2.772251685345293648e+00
-9.544261992330530520e-01
-6.794058924640314245e+00
-1.142817142887819104e+00
-3.403614397486348420e+00
-3.290261392660527306e+00
-2.760885473081323038e+00
-1.614810963878820615e+00
-2.463314147932231801e+00
-2.285281805578998071e+00
-2.017805801029020962e+00
-2.645509680062204438e+00
-2.135670830572231171e+00
-2.363921615962545797e+00
-1.356832094094888808e+00
-2.336094294068586485e+00
-1.885433628349586943e+00
-2.354448773600406053e+00
-1.850318181063917100e+00
-1.596438486183598293e+00
-2.645295299182854887e+00
-2.518230359067639146e+00
-1.951967508236049920e+00
-2.959390883463745237e+00
-1.949764916972746454e+00
-2.240182757711854489e+00
-1.571110068629538281e+00
-2.937007850322716163e+00
-1.044239181856465581e+00
-2.291325472599088808e+00
-1.683929279444968952e+00
-1.683962887608205561e+00
-1.127016086448064236e+01
-1.326758558978660574e+00
-2.201497521448805728e+00
-2.056495497982060439e+00
-3.651353861956895486e+00
-2.303815117900030796e+00
-1.305447116453787970e+01
-2.607273484227923710e+00
-3.398824886389455457e+00
-1.873562724169239146e+01
-1.564458343920474626e+01
-9.666801966265609281e+00
-1.767714103144692217e+01
-1.758352297280147525e+01
-1.854289056764677923e+01
-1.884103509999015813e+01
-4.122770787319287145e+00
-1.028964544213378574e+01
-3.863873685617137621e+00
-2.724647203255053718e+00
-2.445045431459043517e+00
-2.191773436820110721e+00
-6.213848498367826600e+00
-1.762003742704419551e+01
-1.799810109073644071e+01
-4.173417320339280145e+00
-1.868604369606615379e+01
-1.842013347279822710e+01
-3.955830081292030176e+00
-4.402596984967371618e+00
-1.949628748408601098e+01
-9.862739536533426943e+00
-1.952243313957401361e+00
-4.234083749094287086e+00
-2.488204721004437570e+00
-2.869722347525978545e+00
-1.848643500537331974e+01
-1.242289258019217257e+01
-2.048805227234371173e+01
-2.086100673432828501e+01
-3.736044033993743518e+00
-7.609199469558060258e+00
-2.914689378518386942e+00
-1.816654788871075965e+01
-1.885454084662939067e+01
-2.461785434148912266e+00
-2.542825968284459837e+00
-2.630300610318013987e+00
-2.441769066691636958e+00
-3.133869528583310693e+00
-2.702698484463700090e+00
-2.628630821993646727e+00
-2.108614609368953730e+00
-2.102564791783636533e+00
-2.086610173616786135e+00
-1.346656675632414313e+01
-1.998864892279618610e+00
-1.872614078382008174e+01
-1.882450094085050196e+01
-1.992667871034795368e+00
-5.228409935127790398e+00
-2.743520744309882797e+00
-1.964218987035392550e+00
-2.470101679288917662e+00
-3.095251661068581850e+00
-2.508094423593441036e+00
-2.632394334410837811e+00
-2.912641336904291833e+00
-1.194154626589231682e+01
-2.479712765670243790e+00
-3.351544106572886594e+00
-2.893441751080804814e+00
-3.384089524711764163e+00
-9.207652919604221609e+00
-1.269321879884186766e+00
-1.835035657246336216e+00
-4.035355490129431288e+00
-2.845322352235740482e+00
-1.458591642389604592e+00
-2.635970732047128173e+00
-2.092994941695094369e+00
-3.499939777324798662e+00
-2.571591936132238132e+00
-1.871011685124715385e+00
-1.647207944974147864e+01
-4.877866373257792709e+00
-1.789910640828271937e+01
-2.120463710469654472e+01
-1.833280635785139623e+01
-1.571621838148935524e+01
-2.135629102904980314e+01
-4.135289843204162707e+00
-2.179012531436218225e+01
-2.138209170202459219e+01
-1.825345739508034981e+01
-2.344291450721053138e+01
-2.101460039414411085e+01
-1.938042255824788640e+01
-2.238937847154292449e+00
-2.492895274832870101e+00
-2.344194714843672145e+00
-2.811392709679994439e+00
-2.068991616516561383e+00
-1.589029778923347624e+00
-1.920286787352561531e+00
-2.356634929521303157e+00
-1.840814456402191546e+00
-3.418209772705868676e+00
-8.160113942119159303e-01
-6.837679263892171733e+00
-1.928736171919925368e+01
-9.057086681281063534e+00
-3.607798217568153998e+00
-2.698868189976066478e+00
-1.406103971592512814e+01
-2.079658041746830577e+01
-1.735958676859056027e+01
-1.942851060364025173e+01
-1.971634932238058413e+00
-2.311819071814336102e+00
-3.354129966246679917e+00
-6.937228912058960972e+00
-2.601649433880574236e+00
-2.767871994958596371e+00
-4.113425085473857656e+00
-3.335273684461251609e+00
-1.650619207430815649e+01
-1.956565024183856139e+01
-1.567510739470146497e+01
-1.366398892944983601e+01
-2.451595132758520368e+00
-2.625494940288435775e+00
-2.210016862854811137e+00
-2.942245747498367425e+00
-2.621174157899798907e+00
-3.039454080401773339e+00
-2.485078318294990485e+00
-3.457040966931102854e+00
-2.163301093590492830e+00
-1.372589086445086481e+00
-1.985220182148646728e+01
-2.353464549688287377e+01
-2.154254634126500179e+01
-2.156604864722052994e+01
-2.138443619656290906e+01
-9.838713066522716488e+00
-2.190635680128668383e+00
-2.209618957578657561e+00
-2.204889383806418302e+00
-3.464266268155281825e+00
-3.454569169458407529e+00
-2.234316561664096312e+00
-2.408387601550924462e+00
-3.337017037374609973e+00
-1.607173098147432366e+00
-2.300536010006471344e+00
-2.213822071197133923e+00
-3.337444061537564899e+00
-4.111186866723260280e+00
-3.316322147700382583e+00
-2.242662466868976079e+00
-2.549697926236408119e+00
-2.158171188100461269e+00
-1.200124836062128386e+00
-2.010951818368790445e+00
-1.811485995373785629e+00
-1.710165659193732202e+00
-1.117631219983254987e+00
-2.431648858585965911e+00
-3.138734837704565628e+00
-1.917312621621054758e+00
-1.098916972841363027e+00
-2.144128400107037535e+00
-3.340894746350056455e+00
-3.895718006879156814e+00
-3.665283645162318305e+00
-2.987302302083822081e+00
-1.457929979730816505e+00
-2.082030998614980977e+00
-1.483857331693201154e+01
-2.168131776196509009e+01
-3.838862553868891858e+00
-2.080146598083256748e+01
-4.342413280214271865e+00
-2.893544130535748771e+00
-5.477137816539184634e+00
-4.067245834361908230e+00
-7.749711947512918364e+00
-3.631620196849612014e+00
-2.551747208299980585e+00
-2.106703107555055521e+00
-4.172865584261433725e+00
-2.894004111838195392e+00
-1.978590204149476728e+00
-1.268062337194810851e+01
-2.085235203489872902e+00
-2.847655131591277033e+00
-1.928611637035659188e+00
-1.490579819405611683e+00
-2.486837698265683905e+00
-1.425278737095420745e+00
-2.371109341128629477e+00
-1.658817527171293715e+00
-2.671295273812345883e+00
-2.670291518729240643e+00
-1.948492356632152811e+00
-1.679394730454888851e+00
-2.174907851389672242e+00
-3.310522156422742501e+00
-2.682353571542017256e+00
-1.277479478741256447e+00
-1.599100513961849712e+00
-1.688385380040936745e+00
-1.582406734833172735e+00
-2.782957288631030757e+00
-1.185091088482079780e+00
-1.838985545252176834e+00
-2.233526595266307702e+00
-1.768579885290397335e+00
-3.351255022370819514e+00
-3.236559907953304283e+00
-3.555652591096939208e+00
-2.656376643021581607e+00
-2.548079387495568948e+00
-1.763661378462893170e+00
-2.318167922624821298e+00
-1.581906352610391586e+00
-1.702426946747155112e+00
-2.168865079827722031e+00
-1.291584409427029234e+00
-1.701235203476934243e+00
-1.419852782428109750e+00
-1.115522619828277229e+01
-1.824044510793645912e+01
-2.182080911194206863e+01
-2.102176560112932791e+01
-2.316891056066504007e+01
-2.343867539288519097e+01
-2.246046827458207318e+01
-2.241864053342874641e+01
-2.583839473235948958e+01
-2.428446381188935987e+01
-2.531095078015378874e+01
-2.363642613974325712e+01
-1.044601754016658823e+01
-1.277772292127768772e+01
-2.270400002091098823e+00
-1.339117148003579594e+01
-6.652879518889147192e+00
-2.109692604126896409e+00
-4.888851063668181673e+00
-3.379746744627779353e+00
-3.527921335140166814e+00
-2.981172363004087167e+00
-1.784536223887501327e+00
-1.403140127415751692e+01
-2.169158494683056659e+01
-1.898282794708080345e+01
-2.091883185450689098e+01
-1.914332863836520460e+01
-1.822139211711971996e+01
-2.067458386250239855e+01
-2.096255171305251608e+01
-2.172073009938250721e+01
-2.217980901868173049e+01
-2.044740951693811226e+01
-2.138377312939196884e+01
-2.171523417589562754e+01
-2.095987133336439712e+01
-2.341908531064743926e+01
-2.030718298054098625e+01
-2.127747800155980329e+01
-1.945921119808496869e+01
-2.043440874156295450e+01
-2.170040674024254557e+01
-7.837074357083270826e+00
-1.999459400186966462e+01
-2.065089877233180715e+01
-2.011050932853533979e+01
-1.338375201508508106e+01
-2.056271925105059406e+00
-2.363155668757612293e+00
-3.754107020114024973e+00
-2.582455366688880982e+00
-2.805566874512269493e+00
-2.886232091003287259e+00
-3.002251370673519215e+00
-1.989644185726723524e+00
-3.553181704104993788e+00
-2.170644829915923335e+00
-2.231781428981612247e+00
-3.012562868381372994e+00
-3.863656506481559560e+00
-1.884887054435804732e+00
-1.636549052520132719e+00
-1.606884838296813722e+00
-1.932578720977510489e+00
-1.932958887887310517e+00
-1.780865114074852373e+00
-2.053235733457099865e+00
-2.081507216367786128e+00
-2.987442145205845279e+00
-2.304927624614386161e+00
-1.865289865120074220e+00
-1.056686445522187379e+00
-1.109332607575847396e+00
-3.068708737910309736e+00
-1.734616278477014051e+00
-1.923818605605510657e+00
-1.787441185505677321e+00
-2.153910978340746851e+00
-2.139012229597004211e+00
-1.283962973533157914e+00
-1.817456092865085138e+00
-2.746729021241220536e+00
-2.994563172385879213e+00
-1.116771647735012962e+01
-6.285162271090022124e+00
-7.286642799114775748e+00
-1.268026047286203806e+01
-3.015052811900173602e+00
-2.250054909326892005e+00
-3.223739484376222375e+00
-1.449263053662557610e+01
-3.761390135111100097e+00
-3.487455638658470747e+00
-3.689060505438217508e+00
-2.110776082780200902e+00
-8.191212815272225001e+00
-3.310756517403345978e+00
-2.473150823237832530e+00
-1.562386014193843708e+00
-1.465513161849155477e+00
-1.876609732038644562e+00
-1.444995420352932491e+00
-1.662785260691900469e+00
-2.589472687389660077e+00
-2.137966843642383452e+01
-2.180729723538255982e+01
-2.063072330614973993e+01
-1.811378903651498362e+01
-1.556328935792884494e+01
-5.274406518826915580e+00
-5.413028637287604639e+00
-2.110831219815514803e+00
-9.932264616045016759e-01
-2.458704518880210355e+00
-3.659677870336739414e+00
-2.670979623380254964e+00
-2.627582355628002464e+00
-1.512313443786022393e+00
-1.940059266329448695e+00
-1.794985401073935671e+00
-2.904224775624898225e+00
-1.762621520841882505e+00
-2.346204635156363683e+00
-3.124996685210333247e+00
-3.347520765845815482e+00
-2.236087378983799390e+00
-2.390449859353801276e+00
-1.810793326748123100e+00
-2.554203302814923582e+00
-1.097814897657078514e+00
-1.443668091540454945e+00
-1.685624708027137153e+00
-3.316720028317303726e+00
-1.360205544986837012e+01
-1.809320461604405494e+01
-1.904270646131602263e+01
-1.793837158827884792e+01
-1.750544469674637682e+01
-1.883914360110999198e+01
-1.078907304509422715e+01
-2.904169498514281411e+00
-1.341843254696629684e+00
-1.407803376263944140e+00
-1.512205561185081315e+00
-1.445403188115760074e+00
-1.756527734054868173e+00
-1.897918089445987500e+00
-2.036985246513201897e+00
-1.116511314707190783e+00
-2.946258549777665880e+00
-1.689608790233407376e+00
-2.091210400173697970e+00
-3.492697081734154718e+00
-4.528196224082413401e+00
-3.510259742347791700e+00
-1.910652916160066184e+01
-1.595732999645773731e+01
-2.329204062771315975e+00
-1.172556263073161187e+00
-1.885328036762593751e+00
-1.961418316649653049e+00
-2.383680525309413323e+00
-2.170054263175175358e+00
-1.119904515030333281e+00
-1.502088203686846368e+00
-3.097611694514330161e+00
-5.094792939271516552e+00
-3.599707092280957088e+00
-3.662943815178625329e+00
-3.433069451727152721e+00
-1.094189141922453423e+01
-1.209362797159399072e+01
-2.748154398670213716e+00
-3.980020180884618508e+00
-3.628504173959146595e+00
-1.863347965517303306e+00
-2.482325939935507986e+00
-2.102498185313273815e+00
-1.358688485946609514e+00
-1.621437400424219577e+00
-7.728092465312879078e+00
-1.856302387861572711e+01
-3.445060616226840011e+00
-2.809212865434560946e+00
-1.932962293728631664e+01
-2.037282592311229479e+01
-1.623273769984184156e+01
-1.980899395402940755e+01
-2.156853077044720735e+01
-2.216446513892679349e+01
-2.308119317280791449e+01
-2.285457730813244837e+01
-2.104068431462357225e+01
-2.204109783131809408e+01
-2.105273361075847305e+01
-1.366619985679080074e+01
-1.964089278121267546e+00
-5.294405416201556136e+00
-3.519776973545680754e+00
-1.807768557968753909e+00
-3.123387584218438207e+00
-2.411220083392596969e+00
-3.607809296617912942e+00
-4.276893473920540423e+00
-2.737444004198674730e+00
-2.686293660659830884e+00
-2.420863797523016281e+00
-2.309750155314965081e+00
-2.348383148371643525e+00
-2.319845567643660456e+00
-1.929842358418377479e+00
-2.054210998401857502e+00
-1.794394236936987408e+00
-1.520574516339186610e+00
-3.661498432979386486e+00
-2.961029011145851264e+00
-1.624985930075187879e+00
-3.476781816055653618e+00
-2.117852267509904074e+00
-1.299255434728871839e+00
-2.588553978117901444e+00
-2.229740081651378603e+00
-1.441751095524919091e+00
-1.650595122293312844e+00
-1.497390899527243580e+00
-2.040583657280002239e+00
-1.159935125999488781e+00
-1.308408854929762111e+00
-1.339902623285307737e+00
-1.894243696932994769e+00
-1.638131003782412609e+00
-2.926709823760809570e+00
-2.249530387569870005e+00
-2.162241630180837593e+00
-2.295208605974131455e+00
-1.498805232345361338e+00
-1.670362633294719457e+00
-1.669489677011010809e+00
-1.487735674021144261e+00
-1.729308153629449674e+00
-1.744571564264379981e+00
-2.120832748370430565e+00
-3.464713068594181600e+00
-1.691649069362942015e+01
-2.104984350019815409e+01
-2.053569981855115145e+01
-1.917238111580831728e+01
-2.063382920341161153e+01
-2.085796311045220719e+01
-2.045082815529563547e+01
-2.007768837550032259e+01
-1.919109388091438362e+01
-2.253883526314373498e+01
-3.110470962010813523e+00
-3.556701715372861727e+00
-1.350858534024821012e+01
-1.466779948698139968e+01
-3.699581432546747983e+00
-4.098472439707319559e+00
-4.218729628972980983e+00
-2.082805429815617781e+00
-1.691936256886464873e+00
-2.260030854076342521e+00
-2.124376088243791649e+00
-2.183571727649743277e+00
-1.810714742600741722e+00
-1.115139470909769281e+00
-1.202911970477128945e+00
-2.145264984457532442e+00
-1.704625879696432644e+00
-2.303923451479134243e+00
-1.244057535257667713e+00
-2.086173371875400750e+00
-1.843365488660025253e+00
-1.131079565000492559e+00
-1.601940685179485291e+00
-1.074885727376755140e+00
-2.039490310729217715e+00
-2.103199747292686883e+00
-2.330581501721033177e+00
-1.974549325550594370e+00
-2.460115433389168604e+00
-1.752426785455667435e+00
-2.353451945444825277e+00
-3.312725864688818245e+00
-1.834388840155209310e+00
-1.699367623150608964e+00
-1.359457422242204672e+00
-2.783808438452024081e+00
-2.402183805586178611e+00
-2.317758584208125416e+00
-2.515533826650438343e+00
-1.291421194151408658e+00
-3.371464282260580259e+00
-1.241326587721132135e+00
-1.871549195329333060e+00
-1.957566504476319080e+00
-2.151424876408090547e+00
-1.738803654365573159e+00
-2.402275552526543123e+00
-2.619188296171586217e+00
-1.900034049693714255e+00
-2.518368581529479844e+00
-1.775230795087828106e+00
-1.601187675381307240e+00
-2.539589797682359151e+00
-2.466503128530434186e+00
-3.796867429293429019e+00
-3.003179870842036081e+00
-1.573390313384357242e+01
-1.850592007622495672e+01
-2.014459575095761679e+01
-5.855476388067521576e+00
-3.703448413213779933e+00
-2.185837822769798322e+00
-2.077867654907681771e+00
-1.882080053491149707e+00
-1.690882751082294799e+00
-2.142415956740025607e+00
-2.390858152877669784e+00
-1.791349332270855133e+00
-1.373437272198755332e+00
-1.118921913940454926e+00
-1.550466790971152475e+00
-1.470920824054561260e+00
-2.991410039467894855e+00
-3.221989746930032261e+00
-1.742327807622700897e+00
-1.065998790042188560e+00
-1.427567120421250779e+00
-1.695632701685710231e+00
-1.613697998103790887e+00
-2.637100167807590267e+00
-2.235118687754136246e+00
-2.570542608861294820e+00
-2.184296571635244710e+00
-1.458967050946714750e+00
-2.198628401879977101e+00
-1.915697535667181706e+00
-1.847042013500079127e+00
-1.721929758414943779e+00
-2.385501843119858023e+00
-2.274632376594381000e+00
-1.714265252674620932e+00
-1.678767115695438461e+00
-1.480683924065204771e+00
-1.571714984765618439e+00
-1.979361865828235922e+00
-1.467408180965392939e+00
-1.611190652042135518e+00
-1.838872085262718725e+00
-2.878847110934038778e+00
-3.104044079561192770e+00
-2.186847152389002069e+00
-2.512943605674512693e+00
-2.499487666198884295e+00
-3.157517587150702187e+00
-2.250848843440030667e+00
-1.546075667656198194e+00
-1.736100082795226651e+00
-1.549082811961523642e+00
-3.095554163701046857e+00
-1.575169705634890560e+00
-2.302609002496686319e+00
-1.751961157995583385e+00
-3.496108802699204876e+00
-2.068519097226574566e+00
-1.794015870686193059e+00
-1.841624538690112445e+00
-2.262009367350130695e+00
-1.624433490197007890e+00
-2.212120226692629643e+00
-2.749463258540235433e+00
-2.518368953040752256e+00
-1.775331366064617944e+00
-1.379300874611669947e+00
-1.677518532301313536e+00
-1.491811521296200871e+00
-1.814577234651457927e+00
-1.877901533772919684e+00
-3.332413842594149411e+00
-1.511576986177464166e+00
-1.062593039382705218e+00
-1.251446025481963487e+00
-1.808657542232732673e+00
-1.340370886521073501e+00
-1.840142500819937910e+00
-1.993889517315686311e+00
-1.635148562277912943e+00
-1.900771107798796766e+00
-1.670953756030518988e+00
-1.453530115238060638e+00
-1.460456807149486558e+00
-1.533132919617478773e+00
-1.341159122490836353e+00
-1.703412571303546619e+00
-1.786973611818017282e+00
-1.579536787963440991e+00
-1.627748611180556138e+00
-1.990123929915153189e+00
-9.553480917012058260e-01
-1.254484695741646894e+00
-1.885933487342276615e+00
-1.586301418448439637e+00
-1.236978499155815037e+00
-1.320363297812232384e+00
-1.197455086242315447e+00
-2.015119437962116233e+00
-2.222421469632853253e+00
-1.798863519851298776e+00
-1.089381929825305573e+00
-1.003736466756760093e+00
-1.369790227726151777e+00
-1.274570179165089634e+00
-1.797784753567108318e+00
-1.099101536951969882e+00
-9.441288795860443006e-01
-1.602512153344153756e+00
-1.315554605898337170e+00
-1.280962728170018883e+00
-1.863833288953461231e+00
-1.618475632002879916e+00
-1.225637813259013775e+00
-1.524914386086040574e+00
-2.600201582034578074e+00
-1.237898855911972351e+00
-1.610783182095003152e+00
-1.780605490285647852e+00
-2.090048587327130392e+00
-1.380107047590157565e+00
-1.572442305536339013e+00
-1.599130753402923544e+00
-2.699375517070577768e+00
-1.796960573500073766e+00
-2.258460833674395207e+00
-1.812982057994173779e+00
-1.177186575086851539e+00
-1.151447957998425364e+00
-2.220250047947258665e+00
-4.834938940654557982e+00
-4.607481416941892505e+00
-8.409879814566718181e+00
-2.076974580043045471e+00
-1.252646490131042789e+00
-1.787278837228595929e+00
-1.675441768942936616e+00
-1.502433284268183344e+00
-1.216330743308861484e+00
-1.684352044461909337e+00
-1.366473765548086527e+00
-1.509472854044626722e+00
-1.398388426002189933e+00
-2.422929018176415372e+00
-2.167480308675230116e+00
-1.422289816740606128e+01
-1.729844673940397826e+01
-1.711634072773955495e+01
-1.600426924515321758e+01
-5.911697725218146182e+00
-3.543005800950659090e+00
-2.435373359677052818e+00
-2.301912287328878648e+00
-2.120918236949808300e+00
-2.238388853031388681e+00
-2.639075740192096564e+00
-2.284511133802050509e+00
-2.113332478019895877e+00
-1.833236591930639703e+00
-1.162088371470913151e+00
-2.362222011058449311e+00
-1.537606151691248479e+00
-1.295424633743231801e+00
-9.655238278227833426e-01
-1.531490396957985833e+00
-2.833614857911638030e+00
-1.684682151072830925e+00
-1.970528918604381730e+00
-2.664362244639627786e+00
-2.668091843593313861e+00
-2.349423077620794942e+00
-1.307325463374466867e+00
-1.706742239099820813e+00
-1.178898429746894294e+00
-2.040300489206294809e+00
-1.544525766129711597e+00
-2.051202555546348005e+00
-2.607086802039711770e+00
-1.414074083566659201e+00
-1.856401950875758544e+00
-9.423580017000323661e-01
-1.468207072260402368e+00
-1.333889119125046596e+00
-1.187650519212213984e+00
-1.331960412201287136e+00
-1.424023968037382293e+00
-1.323325340055142618e+01
-3.913069993956312054e+00
-2.139109135164103837e+00
-2.363650519237588732e+00
-1.989344906858275586e+00
-1.864181268522520307e+00
-1.702770552339528676e+00
-8.744615471199214118e-01
-1.065372264735364727e+00
-2.064746030110315544e+00
-3.214770830969412074e+00
-4.285630718884055668e+00
-2.868601154110205886e+00
-3.795684737496325400e+00
-3.525994517818702878e+00
-2.478784779208990763e+00
-3.562958138756954884e+00
-1.713132949159275942e+00
-2.213341225835321335e+00
-1.611162675521707888e+00
-1.712917254613304907e+00
-1.011807406591866743e+00
-2.482070840610300255e+00
-2.225472677187830151e+00
-3.649259455767091875e+00
-3.428357024512243889e+00
-1.779509391226432147e+00
-1.997095932237791249e+00
-1.220963489874077768e+00
-1.415821527246707179e+00
-1.989787248446107881e+00
-1.796732888211576951e+00
-2.276196292643364316e+00
-1.684862943730270901e+00
-1.103558709648571945e+00
-2.802464211681170436e+00
-1.283777425828244834e+00
-1.785307416825110627e+00
-1.209841261009518387e+00
-3.389066906853403616e+00
-1.682688228530785146e+00
-1.729838424747816683e+00
-1.377909501708730389e+00
-2.426648178993065397e+00
-1.837143882352254343e+00
-2.799269843287039095e+00
-2.075182589851725989e+00
-2.098202593947521066e+00
-1.645675821238399505e+00
-1.957180213846271721e+00
-1.711493277312147177e+00
-3.783322759793289247e+00
-2.435278613288876404e+00
-1.827398820031689075e+00
-1.728913551669212678e+00
-1.485371199683926724e+00
-2.107261075818649410e+00
-1.226840060602252036e+00
-2.459133652522440983e+00
-3.839273833037569528e+00
-1.877797709421173744e+00
-2.263496427951572798e+00
-2.164076496279201400e+00
-2.584557674640035163e+00
-1.940263912097195620e+00
-1.754886717841870558e+00
-1.092111703158143099e+00
-2.094141809442279900e+00
-2.046930996661048496e+00
-1.844387687536359843e+00
-2.288032537484605999e+00
-2.393301803626311841e+00
-1.626476263297100822e+00
-1.934285170761331996e+00
-3.419557400815090187e+00
-2.138403175857891636e+00
-2.545435954613465945e+00
-2.281610604880840221e+00
-1.115399708830528969e+00
-1.282354330941908316e+00
-2.834675550378951581e+00
-1.366566817915859655e+00
-1.977546487237777706e+00
-3.199746764663682352e+00
-1.532601275735751889e+00
-3.388261313764942884e+00
-1.659037448018689354e+00
-1.161915227670618167e+00
-1.609671883394745429e+00
-9.618422323879105562e-01
-2.088272425951284372e+00
-1.661154550737156343e+00
-1.339887557009259655e+00
-1.624925455042061540e+00
-1.529577251123605208e+00
-1.935915583111668559e+00
-1.737383204696017591e+00
-1.708130543427234471e+00
-1.758685683368115926e+00
-2.519053965461631073e+00
-1.870426158711683273e+00
-1.569398610901824531e+00
-1.149996964717115544e+00
-1.234953765162799977e+00
-2.605819436962881319e+00
-9.480692852691895212e+00
-6.405871093029687380e+00
-1.838140914165443007e+00
-1.645264046129641944e+00
-2.030067150237182094e+00
-2.332314011044476221e+00
-3.671117325703545653e+00
-2.727610297827924857e+00
-1.751267867669923373e+00
-1.362198520188737438e+00
-1.864267244728629036e+00
-1.463728978992056451e+00
-1.418310570313427998e+00
-2.406357836194896294e+00
-2.036869932389369531e+00
-1.879113552295530232e+00
-1.757037768833756841e+00
-2.065476260891318194e+00
-1.240228646968390080e+00
-1.402859818447758089e+00
-1.406352630956036132e+00
-2.086878426005616127e+00
-1.438967818696365697e+00
-1.438841551774038496e+00
-1.659745360472820508e+00
-2.145221457885448046e+00
-1.904583329077967013e+00
-1.827645245892097980e+00
-1.962428290884059789e+00
-9.279217822885934552e-01
-3.120119349251311736e+00
-1.894093119079762966e+00
-2.052331339194286564e+00
-1.349242605103487591e+00
-1.836731418867789900e+00
-2.099561682014868591e+00
-1.466522945870261774e+00
-1.795098138869991367e+00
-1.243715188848765862e+00
-1.002510543656362829e+00
-1.627352788965954034e+00
-1.623807010371500104e+00
-1.461370969835180889e+00
-1.824274083614580766e+00
-2.192186489349506218e+00
-2.050535454419565529e+00
-1.129949239680861028e+00
-1.438422955663400948e+00
-1.775028138063147187e+00
-1.295662594740259799e+00
-9.491209690326656290e-01
-1.386433903621199004e+00
-1.913557087036214632e+00
-1.578488879999856209e+00
-2.632112537022456067e+00
-2.890721494515940293e+00
-1.509000116915554024e+00
-1.283207260358760093e+00
-1.314091074941696080e+00
-1.668733130469693293e+00
-1.278581262571702792e+00
-1.652674011587847547e+00
-1.109185671627752390e+00
-1.506592638728149414e+00
-1.195788742063496723e+00
-9.715341795372282041e-01
-1.265779445058288211e+00
-1.953266957821177430e+00
-1.533911300813728840e+00
-1.398645476233053131e+00
-2.401159436883775200e+00
-1.150726899886206356e+00
-1.503839480262150197e+00
-1.593272624263454285e+00
-1.234816981712502093e+00
-9.679758449928900221e-01
-9.043595120284834143e-01
-1.548615023425655046e+00
-1.591746547777446397e+00
-1.588920480227510090e+00
-1.524861413614386763e+00
-9.721574288667711450e-01
-1.291574675600608568e+00
-1.209746067165916594e+00
-1.404338537178929869e+00
-1.618520648904395509e+00
-1.001896286029450245e+00
-1.414417964036150055e+00
-1.600485414036609599e+00
-1.688377556914285371e+00
-1.558330868272058245e+00
-1.583989311306135628e+00
-1.222360950978501393e+00
-1.504262952841739942e+00
-1.677713869577750483e+00
-1.959404177134124625e+00
-9.410388305406803822e-01
-1.581608252880047916e+00
-1.551737747539277734e+00
-1.741492213827134483e+00
-2.128494816523476274e+00
-1.640313205476479963e+00
-1.521998028504448541e+00
-1.815906738270554266e+00
-1.376521726283292280e+00
-1.044425278073954466e+00
-1.861368741605718746e+00
-1.644761907208222018e+00
-1.631939540356176721e+00
-1.837234679524579306e+00
-1.938917045786855642e+00
-2.490268186425997676e+00
-1.365456158692966548e+00
-1.067306089963365290e+00
-1.438547035466595014e+00
-1.872765818660664605e+00
-1.006296950614332220e+00
-1.829851318541678928e+00
-1.601677769199178814e+00
-1.875223290463729375e+00
-1.029697807915677554e+00
-1.705108633174965416e+00
-1.230614983157791720e+00
-1.026679375563462671e+00
-1.450837484450190118e+00
-1.283767578813949095e+00
-2.111364614460668587e+00
-1.475641436941630413e+00
-1.856948484843712555e+00
-1.751532950936532718e+00
-1.622296021215774653e+00
-1.055795930494247026e+00
-1.371033491191791187e+00
-1.290784564770588005e+00
-7.072222184208643014e-01
-1.651488448681099452e+00
-1.490738354868950122e+00
-1.303207305150235751e+00
-1.358038021165674625e+00
-1.184731379921968975e+00
-1.236763571631226188e+00
-1.637594732016486976e+00
-1.362500190474100314e+00
-1.716398733118344122e+00
-1.819345504314713313e+00
-1.323052717475668327e+00
-1.617571642079484784e+00
-1.946451759965911688e+00
-1.349813713890319677e+00
-1.253764078309705932e+00
-1.978431391366045844e+00
-1.801574331268765761e+00
-1.616435099793305685e+00
-1.607739150462675681e+00
-1.918411161615149130e+00
-1.471662397676651635e+00
-1.181852787177762432e+00
-9.789391674279254163e-01
-1.576690530108812549e+00
-1.215235347813347744e+00
-8.303934065291388444e-01
-1.038066018316181394e+00
-2.012902069511832259e+00
-1.716339322431363446e+00
-1.204647355385681129e+00
-1.990003605304847545e+00
-8.616453974353769363e-01
-3.215946305926730808e+00
-2.608123518378552053e+00
-2.049856377592803369e+00
-1.897197311697446320e+00
-1.471000985378746906e+00
-1.995447627939267665e+00
-2.149264650818114575e+00
-1.622806086360042643e+00
-1.104171226895640290e+00
-2.572203105440598936e+00
-1.120373925163685724e+00
-8.631144205926333246e-01
-1.811991590407145969e+00
-1.961255149243382068e+00
-1.541606408244948767e+00
-1.077294621536718067e+00
-1.668505266466500769e+00
-1.769875316429082801e+00
-1.023022209049038178e+00
-1.815159899835062207e+00
-1.549434357099800597e+00
-2.621841845189149200e+00
-1.968570085762482824e+00
-1.747037705593361467e+00
-1.426885615632767390e+00
-1.696261983507213245e+00
-1.800469265420216125e+00
-1.361468482386452461e+00
-1.204621469820825741e+00
-1.242061217331548839e+00
-1.522996644330956162e+00
-1.211776680023157082e+00
-3.053525652481198449e+00
-8.961586991125215507e-01
-1.314365629614308695e+00
-7.034015886971378695e-01
-1.500887570081539391e+00
-2.206491791799416902e+00
-1.622155351586729077e+00
-1.534873356745581452e+00
-1.406454022183186714e+00
-1.225864713985219456e+00
-2.379482098488808983e+00
-1.608246969789389968e+00
-2.433029407929874655e+00
-1.403265812746711472e+00
-3.934067923793866939e+00
-3.103871974725447735e+00
-1.471133387532177927e+00
-7.728965380386660922e-01
-1.356906522664182768e+00
-1.171795181772189220e+00
-3.060731284136254171e+00
-1.768890812404465995e+00
-1.622010683228233496e+00
-8.250117026973160517e-01
-8.383353554271406605e-01
-1.847145438404662610e+00
-1.517000352527042573e+00
-7.861026566507912650e-01
-1.200849292015718328e+00
-1.190829333935744749e+00
-8.786998216243715465e-01
-1.477662759651074742e+00
-1.238448102887501623e+00
-2.120591028801594113e+00
-2.025533897599140598e+00
-1.123296186743567127e+00
-1.282806283490454113e+00
-1.576647856740919229e+00
-8.698476889900335074e-01
-1.051861128226688979e+00
-1.153202189753288698e+00
-8.180290542362644857e-01
-1.415793388046940660e+00
-1.098060677879743707e+00
-1.134460768441033274e+00
-2.042014892942864979e+00
-2.146795419937241434e+00
-8.281895157842511512e-01
-9.835574914734731555e-01
-1.477474874017048911e+00
-1.500670468111600986e+00
-3.274717950478856832e+00
-1.511117962549276550e+00
-1.430129587048289741e+00
-1.069338135698217451e+00
-1.387668882138142212e+00
-1.656747372372610050e+00
-1.015568835198500386e+00
-8.742489480602864127e-01
-1.640971605594906846e+00
-1.425146246523614657e+00
-1.819154045611057757e+00
-1.532804860488350185e+00
-1.632179753734368299e+00
-1.895135475187729623e+00
-1.395612194406887774e+00
-2.573135355384355893e+00
-2.760890517888025641e+00
-2.237664755431557850e+00
-8.130251655382206843e-01
-1.023086632030633991e+00
-1.085655168956595196e+00
-2.823644261514735021e+00
-1.503720673067619140e+00
-1.554874733559627131e+00
-1.876498526495593788e+00
-1.262645701420217925e+00
-7.451320636078914150e-01
-2.011559708722103323e+00
-1.504560342511595206e+00
-1.767430130493419904e+00
-2.344468887087745479e+00
-9.580860603279466314e-01
-1.189221505885835528e+00
-1.155163786415416061e+00
-1.308719216090455051e+00
-8.888867058325141679e-01
-1.733959117704962249e+00
-2.444224071056527059e+00
-1.469035494816255172e+00
-1.479971918700130562e+00
-2.242754302614080153e+00
-1.135186695152149206e+00
-1.661009763821223117e+00
-1.706920981627771949e+00
-1.350666324784213668e+00
-1.679296343648964962e+00
-2.406052531885353396e+00
-1.824008536108727263e+00
-1.118444102705235643e+00
-1.097922197370066799e+00
-1.395678000737245350e+00
-2.171155584491418544e+00
-1.183796822416768313e+00
-1.728815756539432424e+00
-1.505752299339499611e+00
-1.750910779380650428e+00
-2.278562778754192220e+00
-1.709684789701396035e+00
-1.511727873512249021e+00
-1.132375104173958480e+00
-1.359617259533461686e+00
-2.087554898234463163e+00
-1.215206939184525492e+00
-7.365871457923173216e-01
-7.288351682316498437e-01
-1.084234639046893989e+00
-1.477105597192733155e+00
-1.225154606243845201e+00
-1.190999306537712243e+00
-1.922250716037702256e+00
-1.574794924587368250e+00
-1.219330682297392388e+00
-2.149675279766629643e+00
-1.481382121899119664e+00
-2.571948371332823946e+00
-2.648582339086027915e+00
-1.201394411306698773e+00
-1.995146441025309691e+00
-1.395332187130981616e+00
-1.294501656700385972e+00
-1.885833015649589495e+00
-1.360507712240521361e+00
-1.449230706313551664e+00
-1.156738607566727195e+00
-1.122493693810310278e+00
-1.710554387356425732e+00
-1.358117260278969951e+00
-1.075259620991521503e+00
-1.863047346891655076e+00
-2.060928459361240694e+00
-1.136683292900183995e+00
-1.075158803653684769e+00
-1.446156215619714969e+00
-1.063801607461377863e+00
-2.880236387965733780e+00
-1.344722743538419474e+00
-2.472751862177762217e+00
-1.093960794955005200e+00
-1.189307674374284085e+00
-1.764853799929201994e+00
-2.959350248596747779e+00
-1.802787743165040313e+00
-1.762058322488581075e+00
-8.890863310598485780e-01
-2.176242412461451448e+00
-1.418885887563454684e+00
-1.250542614362567528e+00
-1.088859014589298013e+00
-1.836979767868893720e+00
-1.097190263803802024e+00
-3.071230924575070187e+00
-1.981733035257274844e+00
-3.094846274043264511e+00
-2.105905380972894481e+00
-2.465191692106531995e+00
-2.276671779032322984e+00
-1.453003500221406563e+00
-1.084996259191457257e+00
-1.927127374944141991e+00
-1.823844979269001021e+00
-1.176042983679663312e+00
-1.609853639885217902e+00
-1.400681035715912293e+00
-1.173260349332140740e+00
-1.229781257613166146e+00
-8.292374466848476677e-01
-1.901897843247157160e+00
-1.770689045411274254e+00
-2.163117555663978120e+00
-1.868346338881774038e+00
-3.080480892426724182e+00
-2.625519895605861187e+00
-2.231955333139000519e+00
-2.387991125991967500e+00
-1.692244575084449920e+00
-1.754480605296236950e+00
-1.589522482263926229e+00
-7.314421433034478115e-01
-1.512908978240258939e+00
-2.521679559002242499e+00
-2.024195600865894562e+00
-1.846609509243753777e+00
-1.375187644853872460e+00
-1.532361134473250175e+00
-1.784419160712279906e+00
-2.469830861290076562e+00
-1.835529514392026940e+00
-1.375934056758087332e+00
-1.294560959329848382e+00
-1.075934568240640044e+00
-1.556297212774671923e+00
-7.921261233050647110e-01
-1.139861977694338835e+00
-1.804749433856957852e+00
-1.321362330348796466e+00
-1.150749349413001665e+00
-1.138982958494608067e+00
-1.223456717732765542e+00
-8.615582564417892941e-01
-1.521663007017781899e+00
-1.436645653493053398e+00
-2.134694223481366837e+00
-3.202103723893379161e+00
-1.580120305138669856e+00
-1.302992527129252398e+00
-1.225205309147132438e+00
-1.275039116997147115e+00
-1.177824195744843205e+00
-9.767441840333356273e-01
-1.590356978650858899e+00
-9.416307321076626824e-01
-1.791030591179478826e+00
-1.381719695192025643e+00
-1.539336869808182406e+00
-1.481870111500249942e+00
-1.598067492462539985e+00
-1.041051582681039589e+00
-1.481233589704654019e+00
-1.717603603781945321e+00
-1.264873791701352834e+00
-1.069354594238356215e+00
-1.859891495912167958e+00
-1.137443943664744994e+00
-2.049563210075708408e+00
-1.367448925081936162e+00
-7.798617605070961023e-01
-1.073217805854452811e+00
-1.196243490487779226e+00
-1.159930802166130981e+00
-1.084121604483841983e+00
-1.415043536413937764e+00
-1.696356441066891652e+00
-1.424510239591280980e+00
-8.069364370112842577e-01
-1.282137627223008058e+00
-1.806530361748946101e+00
-1.585133488843202931e+00
-1.448932874579973440e+00
-2.501646583480975572e+00
-1.133620758113259575e+00
-2.512325669886649404e+00
-3.574527985077149861e+00
-3.286098909739586738e+00
-1.651668338627924948e+00
-1.423497699946213002e+00
-9.238310122822671611e-01
-2.101366995806575932e+00
-2.534414985245083685e+00
-1.980979601267971457e+00
-1.470046890191515132e+00
-1.597700712711272342e+00
-7.034552000141233163e-01
-1.079108283073522134e+00
-1.300128211128474431e+00
-2.927678556419013312e+00
-2.588473310447197306e+00
-1.531318633439372912e+00
-3.746895489967933646e+00
-2.449254605253682104e+00
-1.571203149843455105e+00
-1.654198523075313787e+00
-1.949946904376065326e+00
-1.035030036057315916e+00
-8.618769421560716903e-01
-1.558342987799612223e+00
-1.079447971821935415e+00
-3.097247780166177300e+00
-3.006086396458248711e+00
-1.980932392114626905e+00
-2.694407768683046989e+00
-1.241402421642086695e+00
-2.422128061898708218e+00
-3.124055174483558961e+00
-2.657239159881434887e+00
-2.244599564114035939e+00
-1.109167458464129341e+00
-1.914297141697140825e+00
-2.242589675396608584e+00
-3.459474882587215916e+00
-2.985560995641630022e+00
-3.391298361134295281e+00
-2.518459741448701994e+00
-3.349096641124189144e+00
-2.300198361098134026e+00
-2.539117946241172596e+00
-3.670721782170330183e+00
-2.572221698295779291e+00
-2.898584045334329229e+00
-2.544524703615681283e+00
-2.509966099621957270e+00
-2.466379862264795886e+00
-2.447187346694688070e+00
-3.361285710392869497e+00
-2.053923391529976161e+00
-2.902111864603537761e+00
-2.152690825238593231e+00
-1.465211916870251319e+00
-2.162859880803390755e+00
-3.017763587822400062e+00
-3.121164406264056002e+00
-2.919395117612582524e+00
-3.266770356165006550e+00
-2.313167885640107446e+00
-1.462775217166876418e+00
-1.135766429731160931e+00
-1.380666450606580220e+00
-1.136228324895891317e+00
-1.158012212656801321e+00
-1.184766688500950460e+00
-9.139910614500966757e-01
-1.010232177250563579e+00
-1.549926814604737135e+00
-1.342538345598365046e+00
-1.991882980126506109e+00
-1.534254329222886515e+00
-1.000129881675269061e+00
-1.354448641814944176e+00
-7.640250099850383059e-01
-1.234338442659996593e+00
-8.959282928745520014e-01
-1.483109445296317830e+00
-1.774421384692910442e+00
-1.843396593094197566e+00
-1.059405034343351426e+00
-1.114811159071057878e+00
-1.021914284594486189e+00
-1.325871021246548320e+00
-1.067982393332091107e+00
-1.818425206200348532e+00
-1.118480526448155876e+00
-9.416772973916291978e-01
-9.650774922294026448e-01
-2.006921894382680982e+00
-2.193396497944951395e+00
-3.217590534857213136e+00
-2.866703252115317291e+00
-2.219048106088306493e+00
-2.413303202938014813e+00
-1.448830806003341909e+00
-2.494647517530816483e+00
-1.867895647064603759e+00
-2.040977777352213085e+00
-1.148084564833866450e+00
-2.220595295702786576e+00
-1.553974124850053373e+00
-1.327566205889001871e+00
-1.680384831724153205e+00
-2.929427456419529285e+00
-3.902945052056690400e+00
-2.591250305461776815e+00
-3.067099699172856742e+00
-8.626459839301041654e+00
-4.259584897466643483e+00
-1.064856593976536869e+00
-2.879624228824367638e+00
-2.044983117324408184e+00
-1.621701295117242259e+00
-3.386701719775017327e+00
-2.118237197228070912e+00
-1.212915088570904354e+00
-2.480147194965625523e+00
-2.678583971921577600e+00
-1.585133316613166032e+00
-3.004832018993560894e+00
-2.255932986478696112e+00
-2.044171958917056831e+00
-2.315202499827471172e+00
-2.618847769349362142e+00
-3.233007319553974579e+00
-2.576050069083723137e+00
-3.342753862760746930e+00
-1.449319972470341611e+00
-2.428282321127135823e+00
-2.618664535204479726e+00
-2.301518495700343614e+00
-2.724806768394045342e+00
-2.593012388197606377e+00
-1.523421146634876155e+00
-2.043982787832109072e+00
-2.138639580503194360e+00
-2.302412079293902014e+00
-1.826049238629255722e+00
-3.324253354127051363e+00
-2.409917427297167514e+00
-2.711304586609024181e+00
-2.593466507275466792e+00
-9.724109174019265334e-01
-1.533534571389695067e+00
-3.684336855446115333e+00
-1.559316548365309529e+00
-1.609268539698537781e+00
-1.151277806942652804e+00
-1.640642662470538804e+00
-2.447162713523036270e+00
-3.103048373511080982e+00
-1.325152648687247803e+00
-1.298761107259340353e+00
-2.089571699150690076e+00
-1.454314169079054420e+00
-1.943944712290434307e+00
-1.648380343332456643e+00
-1.186092652600633013e+00
-3.207862730498025172e+00
-2.252136833398371341e+00
-2.061315106624102000e+00
-1.845252654576161166e+00
-2.263277249685721415e+00
-2.705939957362047732e+00
-1.627722639142915817e+00
-7.395072667601950700e-01
-3.742916246037486960e+00
-2.694413275252025564e+00
-5.604018483207388712e+00
-1.956558273527134517e+00
-2.088971983463863147e+00
-2.223237206844303149e+00
-2.917326391937551833e+00
-2.102415823280695761e+00
-2.715843294015999554e+00
-2.217973822087388136e+00
-4.127380881011187164e+00
-2.133173029878141502e+00
-2.240607883611862583e+00
-1.204744074521517438e+00
-1.244264699918378181e+00
-9.391734014353122495e-01
-9.391300588725751686e-01
-2.778992385924745179e+00
-1.812958416631251568e+00
-3.550523958642708422e+00
-2.214278655426126896e+00
-2.505020916758834648e+00
-1.494553300539166907e+00
-1.973283825279604109e+00
-4.509773797135840923e+00
-5.115278977529515103e+00
-3.369278274484349023e+00
-3.996353171593219678e+00
-4.042235427095883793e+00
-4.185762282830618020e+00
-2.686770656036780558e+00
-3.120740535009105976e+00
-3.341726418353259564e+00
-2.889736155581563715e+00
-3.663464000932968201e+00
-6.533278796468948713e-01
-3.260169530855868469e+00
-1.451253612456057773e+00
-1.288743071366324822e+00
-2.860382394291330233e+00
-1.283348459209231907e+00
-2.189179727070877490e+00
-1.115220363936147319e+00
-9.481289020690432112e-01
-1.077342993130326443e+00
-1.204772093112726372e+00
-2.148671112173087927e+00
-2.828744277699134724e+00
-1.074180393495968033e+01
-1.741963345777569838e+00
-1.723605711719369049e+00
-8.978007527557848588e-01
-2.266054012118143834e+00
-1.554605141177479943e+00
-1.083540326337614657e+00
-1.360179077963689531e+00
-1.320525685110366609e+00
-1.301323370195941687e+00
-2.635346221776618592e+00
-7.428409131619637673e-01
-1.704646510181309749e+00
-1.381363085566057913e+00
-7.412560246303253608e-01
-1.033711551064811607e+00
-2.269564652260497084e+00
-2.852581065513429159e+00
-2.139686487548826399e+00
-2.788040768684661774e+00
-1.357961834421924863e+00
-2.663995677967576192e+00
-1.321361491926813070e+00
-2.215113568286564583e+00
-2.163496704447138264e+00
-1.531809164685517421e+00
-2.017185613338452033e+00
-1.733763689854318057e+00
-1.416714079491627754e+00
-2.176335892885967738e+00
-2.104081006056259806e+00
-1.152364674405961020e+00
-1.325657141688547647e+00
-1.794001185256504538e+00
-1.945742616359416477e+00
-1.928607025500435501e+00
-2.124027370266027503e+00
-1.378419785018806243e+00
-2.134296071523250404e+00
-2.312743250048740151e+00
-2.225722527262538275e+00
-1.136157323805222941e+00
-1.425550404306631824e+00
-1.904611384410322072e+00
-1.228674259245736256e+00
-1.088910174427476285e+00
-2.634545645397238900e+00
-1.784072646930193295e+00
-2.483160175802112679e+00
-1.273915706821572291e+00
-1.466303353564810674e+00
-1.929748175886246475e+00
-1.675556896048444822e+00
-1.987858740289195625e+00
-1.315640388446863041e+00
-1.782446252147078747e+00
-1.187116566429195164e+00
-2.334775504048376860e+00
-3.651079877800523565e+00
-3.035343900382303950e+00
-3.602660284700129889e+00
-2.455123242330881972e+00
-3.170581868844682738e+00
-1.649716460039962307e+00
-2.500098414479263287e+00
-1.876351569407200159e+00
-1.721302127150355021e+00
-2.883530248232686333e+00
-2.464584004568186604e+00
-2.325229625033804037e+00
-1.699832801999676457e+00
-2.252942464319952265e+00
-3.477399574613001754e+00
-2.018177861278903862e+00
-3.051234598492848615e+00
-1.627512370383867424e+00
-1.771672230467305909e+01
-3.493824503945510251e+00
-1.188265309266401637e+01
-3.358473703753264150e+00
-2.751625810303552910e+00
-2.918569879370149778e+00
-2.568750961329264726e+00
-2.815949600777867268e+00
-2.869598354766212278e+00
-2.669123127573091558e+00
-1.935614870388247866e+00
-1.809142644633611408e+00
-2.210071059931000281e+00
-1.817702411062664947e+00
-2.169913880673256301e+00
-2.567311056137399738e+00
-3.117735678185503012e+00
-1.516710304632802320e+00
-1.325498352408479352e+00
-2.342136135645412232e+00
-2.203656993493235738e+00
-2.361624419491615168e+00
-2.169207859895368351e+00
-9.854973890794593849e-01
-1.351122962838482211e+00
-2.268280734787689656e+00
-1.005578593964161938e+00
-3.074685057452589021e+00
-1.270615697497480046e+00
-1.439228266344609874e+00
-1.878145912069538292e+00
-1.890669525957021868e+00
-2.900725782360731309e+00
-1.767671898206278458e+00
-2.096268711674231788e+00
-2.579522505043463365e+00
-2.201775140643854822e+00
-1.104504540232261078e+00
-8.084451061843404007e-01
-9.008304074553524776e-01
-8.856843417140021213e-01
-9.848272843172968249e-01
-9.078490583284950510e-01
-1.862126280490145058e+00
-1.460014765403621073e+00
-1.914850521415323081e+00
-1.141459137351100050e+00
-1.787809441853039694e+00
-1.510912473563982061e+00
-2.919958130964754428e+00
-3.377383020000999991e+00
-3.408511148282507008e+00
-4.313635218457413600e+00
-4.052809284957576530e+00
-4.455745778339575303e+00
-1.466381709117614207e+01
-3.979149691376349107e+00
-2.123390234154038936e+00
-2.109055564409575645e+00
-1.826197057912824828e+00
-1.308700256040961740e+00
-2.373579532132840342e+00
-1.051786256879761350e+00
-1.163506173054088766e+00
-1.026042403285575277e+00
-7.552068738353953092e-01
-1.832802904249287490e+00
-1.568284615192824694e+00
-2.364565898261951293e+00
-2.041324420471701817e+00
-3.610154185366386326e+00
-1.784888574410380357e+01
-1.122100932477809287e+01
-2.452643566788665908e+00
-2.486382818388551463e+00
-2.167418146253776712e+00
-2.066724994644306257e+00
-2.132417927266092583e+00
-1.833313598098612385e+00
-3.147686354053548463e+00
-3.176398762307587997e+00
-3.452151272469554222e+00
-2.757958676351790483e+00
-2.429085355748601405e+00
-1.657666740812807626e+00
-2.495848665007518896e+00
-2.379476464440299033e+00
-2.944658213014849313e+00
-2.979701647273071519e+00
-3.236463189018081721e+00
-2.645422525379487411e+00
-4.390490801518183162e+00
-1.825643415706934336e+00
-2.304303446810304301e+00
-1.487226379611553018e+00
-2.468906292992434803e+00
-3.586195001852686470e+00
-3.184245772525728047e+00
-3.270040182264994488e+00
-1.859812883070620870e+00
-2.142465497936339780e+00
-1.424642673545803540e+00
-1.890011201502062477e+00
-2.708217015120641058e+00
-1.868343384391042195e+00
-2.422957878038049628e+00
-1.901640023515988709e+00
-2.097233723743002543e+00
-2.267275244876559182e+00
-2.356812579021438925e+00
-1.298440498021226297e+00
-2.082035077599088346e+00
-1.609790736736989913e+00
-1.760979181798927762e+00
-1.301791788571054376e+00
-1.668274580114016192e+00
-1.855154442742106724e+00
-1.733072267817231227e+00
-1.899225669334011268e+00
-3.203924174634469768e+00
-1.874110072985776254e+00
-1.526068648489162571e+00
-2.368435791293499015e+00
-2.231952591691424015e+00
-1.999281079436511899e+00
-1.648967675214421336e+00
-1.695068899279788655e+00
-2.023072041777937091e+00
-1.753345058159858194e+00
-1.526363605635955079e+00
-1.105232192657739088e+00
-1.307579223276377878e+00
-1.438179119402071215e+00
-1.480549005789116856e+00
-1.588799673765743714e+00
-2.046040996791005373e+00
-2.321368837580077837e+00
-2.453633965948796902e+00
-8.525454909757059774e-01
-2.702290259593315813e+00
-1.582263842937679410e+00
-2.518538945384208194e+00
-2.499008158002983926e+00
-2.425463703331925291e+00
-2.402137184693186267e+00
-2.821327821763113253e+00
-1.787787274161621198e+00
-1.817550660638644011e+00
-1.016721083834843276e+00
-3.462092102439522368e+00
-2.003274430775658477e+00
-2.321254286191700711e+00
-1.370292195316246797e+00
-1.186052014267606314e+00
-1.271277485964372511e+00
-1.830953023163878646e+00
-1.889813435629652094e+00
-1.988247019037126195e+00
-1.858995939427357191e+00
-3.030454512631900243e+00
-2.226476095415326206e+00
-4.236061629502067660e+00
-2.211641639789929670e+00
-1.189338632661287809e+00
-2.288832258909475392e+00
-1.600208852114764380e+00
-2.898061937084150941e+00
-3.636301601264236183e+00
-2.216655524606231609e+00
-3.309220851982623834e+00
-1.456767807977502827e+00
-2.496680956780795491e+00
-1.441793345257381453e+00
-1.740252850313331878e+00
-3.125688558292936126e+00
-2.612916825497284989e+00
-2.906063910619473223e+00
-2.306784256464426086e+00
-1.820295715964577399e+00
-9.423888157514289654e-01
-1.250770186775391535e+00
-1.186121103118109366e+00
-1.234629682368399095e+00
-1.933685528797529862e+00
-1.105812391377627213e+00
-1.087956474797733275e+00
-2.627521798004329945e+00
-2.236170846221950281e+00
-2.140749876563625254e+00
-1.586271586185949989e+00
-1.250262158546849856e+00
-1.463450812870764173e+00
-1.556738358069956529e+00
-3.065675626325113257e+00
-3.380623260364691518e+00
-2.395274741752736691e+00
-2.504126601449123246e+00
-9.051277516557660885e-01
-1.370792768382867566e+00
-1.732799426619656247e+00
-1.514422305834395299e+00
-1.815874391372697128e+00
-1.212953870803409995e+00
-1.922952711814187809e+00
-1.250688079203696290e+00
-1.614814240250081800e+00
-2.468249796826471609e+00
-2.371303131445404944e+00
-1.720103861950482260e+00
-2.482211994838485758e+00
-6.989812534255656074e-01
-1.893490171982828096e+00
-6.942939049319116762e-01
-8.734190445609041342e-01
-1.654165129044425253e+00
-1.450763959904670219e+00
-1.701208433610410742e+00
-1.996747486184481613e+00
-2.730018083417473207e+00
-1.712905913862021290e+00
-2.606893840787151362e+00
-4.079278908201159126e+00
-2.022130312304030397e+00
-2.132936431025061808e+00
-2.402213457370979466e+00
-2.505209888208681068e+00
-2.015999777050259567e+00
-3.806075401844652539e+00
-2.728252464855014381e+00
-1.978319396180228562e+00
-1.505903143344005102e+00
-1.941173979388425952e+00
-1.742855734810564217e+00
-1.488838613437326153e+00
-1.646945360661769886e+00
-1.875442140214158115e+00
-1.972881442645622929e+00
-1.628990291003717505e+00
-1.824991263032910371e+00
-2.447705610782914931e+00
-2.167054565728261384e+00
-2.288410911719361174e+00
-3.446158032205820732e+00
-1.777112110607046214e+00
-1.944856126004242070e+00
-2.746288245431343089e+00
-1.316302012115118547e+00
-1.860882061791093056e+00
-2.330374879480777484e+00
-1.752786833622120621e+00
-2.936885429438385930e+00
-2.045080291744767020e+00
-1.568123330610204036e+00
-1.852597718179233466e+00
-9.520202799164266816e-01
-1.403864196195662162e+00
-9.835436064803981804e-01
-3.077912654584631369e+00
-1.793566152716778772e+00
-1.477773076542645780e+00
-1.955829234281715401e+00
-1.843936435561800202e+00
-1.904534452395114874e+00
-2.008577460844883422e+00
-1.417022523903795017e+00
-2.872629154190132983e+00
-1.576916819092015754e+00
-1.380304381720572016e+00
-2.138052196031758001e+00
-2.556348196693353003e+00
-1.761292126036686723e+00
-2.250898569116331682e+00
-2.837815566792018185e+00
-2.438735765077617579e+00
-2.086622073746982053e+00
-1.585325340459341259e+00
-1.270631271492344450e+00
-1.416520349130423684e+00
-1.468362536282351805e+00
-1.632860333100357941e+00
-1.501178432698403009e+00
-1.517541338942477669e+00
-1.808188215710308633e+00
-1.133142421307037351e+00
-1.311417135679955548e+00
-1.571477856536281470e+00
-3.282056340379941428e+00
-1.532905848334294552e+00
-1.631379694697789207e+00
-1.161603019772934342e+00
-2.100489799145415670e+00
-1.354748002997832268e+00
-2.165882201346234659e+00
-1.536255374465380186e+00
-2.293735683867739628e+00
-1.484942066533847305e+00
-1.284386314050586231e+00
-1.683899589265105856e+00
-1.311516984446140066e+00
-3.877790102371143188e+00
-3.636665269087032470e+00
-2.511771232529940612e+00
-1.753203835214573791e+00
-2.283452574880933561e+00
-3.255436385349164130e+00
-3.120013286340507008e+00
-2.612722029445876171e+00
-2.024099180363830186e+00
-1.490575634682648198e+00
-1.252509487540999666e+00
-1.069121567437348430e+00
-9.494670735485510882e-01
-1.369277028828686182e+00
-2.592149741272942176e+00
-2.397647299728106418e+00
-2.700422865745892853e+00
-1.636436094569699407e+00
-1.473118362723770947e+00
-1.978805810853398572e+00
-1.303375205037359486e+00
-1.922951460608807173e+00
-1.058714324713591504e+00
-2.433163260405796890e+00
-1.176002701825157981e+00
-1.185232921733607947e+00
-1.193327425147476806e+00
-1.102942644804858707e+00
-1.706400651326423823e+00
-3.207422876959738822e+00
-1.567151274014380702e+00
-2.399458993331091694e+00
-1.972715565751511191e+00
-2.460930901779024182e+00
-2.017375527115218947e+00
-2.651734695215480553e+00
-2.590371347669992552e+00
-1.762265504247866765e+00
-1.455331027251013598e+00
-1.317689984815729298e+00
-1.609963520778476376e+00
-1.717068374550768661e+00
-1.571649338375923577e+00
-2.255769072630200878e+00
-1.749793130400930430e+00
-1.886319404689291268e+00
-2.229790656104786883e+00
-1.912693365532682321e+00
-1.006034613415882406e+00
-1.605859267958463343e+00
-1.752582490137808646e+00
-1.554659256259923517e+00
-2.874821868204155972e+00
-2.273066572075176150e+00
-1.548683296900865924e+00
-2.465850999540950994e+00
-1.485566134757060563e+00
-1.149042403367662502e+00
-1.468168500130097476e+00
-2.187038000495910683e+00
-1.198349066801609020e+00
-1.245701886579934969e+00
-2.042011198264228611e+00
-1.533236457331261349e+00
-2.184086222471033345e+00
-2.128772710457374373e+00
-2.155097703234841067e+00
-1.110334647729877444e+00
-2.885195856530691216e+00
-7.548601950310760422e-01
-1.027992882575896383e+00
-1.204571649554948776e+00
-1.057063765461155880e+00
-1.175908401000390402e+00
-1.775911186455328750e+00
-5.598611280516279542e+00
-9.581389920822296347e+00
-6.538041707121779567e+00
-3.624428158833266966e+00
-1.388042627698065079e+00
-1.560838640596798221e+00
-1.467035706690053232e+00
-2.249274599094614580e+00
-2.439366214362332475e+00
-3.214218055125177109e+00
-1.373714146684395843e+00
-1.851753851791321015e+00
-1.677096139555272369e+00
-1.422451957715085591e+00
-1.300956762841120717e+00
-2.039132625547412037e+00
-1.353385898015959654e+00
-1.605790713156012073e+00
-1.705433993940339787e+00
-1.127523262498577594e+00
-1.518048373800494621e+00
-1.679847190724155448e+00
-1.319455442580193649e+00
-1.139247996136193208e+00
-3.051629901306718295e+00
-3.568118141177761160e+00
-2.107751598453890374e+00
-1.693974154701641366e+00
-2.800575687349779130e+00
-1.257936121423994358e+00
-1.845342648947007058e+00
-1.732586175234609449e+00
-2.858988501880053157e+00
-2.371849979486003068e+00
-1.852132663353984299e+00
-1.982748306020022389e+00
-1.179110896699901323e+00
-1.414070482343118496e+00
-1.027741598157834613e+00
-1.996172452727333679e+00
-2.698008221438411791e+00
-2.545140227105941122e+00
-2.079720875475825626e+00
-1.905944444969125628e+00
-2.407387428588877665e+00
-2.833946299284981318e+00
-1.986528346959544944e+00
-1.121718997187028277e+00
-1.371456858532120737e+00
-1.797149257209010864e+00
-2.685443542887682167e+00
-1.518939733463715358e+00
-1.529749711707072191e+00
-1.530883025874415271e+00
-1.714569503933190520e+00
-1.246497823444299380e+00
-2.878476210137160152e+00
-1.530002684189290196e+00
-1.434434339624018007e+00
-1.053686587413426246e+00
-1.499642985704418008e+00
-1.478708479065536041e+00
-1.792750993666284431e+00
-6.763987968754773261e-01
-1.619563102641058849e+00
-1.808562422860954033e+00
-1.696901212314765317e+00
-1.767602457253052206e+00
-1.510011724572831726e+00
-1.991042668186776110e+00
-1.704137181141652135e+00
-2.020240436286670160e+00
-1.194514458200785834e+00
-1.765496714383346877e+00
-1.549164378687113874e+00
-1.279835406607843451e+00
-9.059677022950939351e-01
-2.032883632242462824e+00
-1.434261348301240524e+00
-1.506705362453407471e+00
-1.423227848347038860e+00
-5.972481575092668526e-01
-1.495005211868824846e+00
-1.597677084788524215e+00
-1.673268324500323923e+00
-1.170827484271441232e+00
-1.257737090465282703e+00
-1.458907587207614709e+00
-2.393245493140242708e+00
-1.737391259269332133e+00
-1.471525572480859134e+00
-1.568116223814431720e+00
-1.992539290088074289e+00
-2.200836772729647617e+00
-1.827043126908262316e+00
-6.316124535507794402e-01
-1.204164643059342232e+00
-1.353497020902893588e+00
-1.350690682172703383e+00
-1.362986175971490299e+00
-9.942250105728672738e-01
-1.665831349593151378e+00
-9.293206016217741006e-01
-1.600185249080565475e+00
-1.390556037814441925e+00
-1.068445936956435860e+00
-1.561774959296183596e+00
-1.107556335776299195e+00
-1.396791895651576354e+00
-1.416227393722483630e+00
-1.842345107549546279e+00
-2.052204818174898637e+00
-1.948510415466250256e+00
-1.191134933832508125e+00
-2.092687314675420129e+00
-1.148830349249008176e+00
-1.208626384260571118e+00
-1.337520943348740055e+00
-1.019479166862720554e+00
-1.610103201269702522e+00
-1.276145870646272718e+00
-1.117288822952901217e+00
-1.322184727158003170e+00
-1.284040655425179978e+00
-1.722698863323641305e+00
-1.531585383695128533e+00
-1.326532841674462393e+00
-2.074176010316971741e+00
-1.628107381905445017e+00
-1.202028778601019754e+00
-1.065274769943036270e+00
-1.333522706180650497e+00
-1.212143325206574973e+00
-1.553874541707056522e+00
-1.158468150972897348e+00
-1.681530442425547500e+00
-1.354348120136509515e+00
-1.725798881448493471e+00
-1.267510073669830151e+00
-1.244114937280977218e+00
-1.896738581210026364e+00
-1.818568649399308068e+00
-1.092941197680574072e+00
-1.118181124674016091e+00
-1.216745351184947310e+00
-1.269856818038249457e+00
-1.210202478774878410e+00
-1.474184142748820703e+00
-1.274011358794783888e+00
-1.161444540780842249e+00
-1.367795008713404759e+00
-1.185364568989888623e+00
-2.172182957236875822e+00
-1.201283775801794240e+00
-1.432371537385440430e+00
-1.676262292073459337e+00
-1.216630065006928385e+00
-2.375987240564549907e+00
-1.689500043046434863e+00
-9.970669371877804998e-01
-1.590591053322427451e+00
-1.042931387736934834e+00
-1.854501072319205690e+00
-1.670497431359935225e+00
-1.731945038952179106e+00
-1.101480927204270488e+00
-1.635335274420388174e+00
-2.015405440443074792e+00
-1.211074571068039951e+00
-1.989697148942408234e+00
-1.147830584090044681e+00
-9.843823907251809668e-01
-1.715986968391249201e+00
-9.972231161992169968e-01
-1.150243468751630527e+00
-1.283939628405507349e+00
-8.789431754429308796e-01
-1.330818341526671889e+00
-1.488230584692823877e+00
-1.232256394328641314e+00
-9.999892881151668522e-01
-9.233281105110986431e-01
-1.315687492172820772e+00
-1.100301717206337182e+00
-1.651884732961561131e+00
-1.319352165470544680e+00
-9.080138960416495042e-01
-1.034105998272301985e+00
-1.572077714643558943e+00
-1.548650912451577932e+00
-1.070721198200908164e+00
-2.097007038190263017e+00
-1.308570847367577672e+00
-1.511966889751698462e+00
-1.399131392381830263e+00
-1.075793847057366914e+00
-9.495691689141309011e-01
-1.258745247949279333e+00
-1.149070485689488663e+00
-1.376620450872966250e+00
-1.195917408895634582e+00
-1.923643530323827955e+00
-1.114759146767725584e+00
-1.526621213699501434e+00
-1.748183724234276815e+00
-1.401610600392783290e+00
-1.084211617265617100e+00
-1.803317673401009902e+00
-2.812217649122968233e+00
-1.242753152022402885e+00
-1.346065993274915051e+00
-9.149858393716947536e-01
-1.917983409497457270e+00
-8.732156132057228959e+00
-2.250193573594035712e+00
-9.977640752886528519e-01
-2.020287794793741654e+00
-2.002856508730248120e+00
-1.143935979532037628e+00
-2.145770399446077281e+00
-2.332739146895322246e+00
-1.546547238582829165e+00
-2.102520457279378530e+00
-2.527035617327403116e+00
-1.529601499139766396e+00
-8.991475281972541866e-01
-1.178199187108456281e+00
-7.944674509973166376e-01
-1.321972512313521531e+00
-7.140166883491336769e-01
-1.799262320948526339e+00
-1.313910185151443866e+00
-1.043354953341066205e+00
-1.234944847563069104e+00
-9.785604270465136922e-01
-1.513653834653097885e+00
-1.918651201405206397e+00
-1.456948723267940782e+00
-1.113428744119180802e+00
-1.037430090773994618e+00
-8.245359823432134583e-01
-1.043087112000318006e+00
-1.078803934579572132e+00
-1.670699436366376744e+00
-9.084667493812489392e-01
-1.022933890674847301e+00
-1.243948437881521762e+00
-1.155342079924553067e+00
-1.335361844604470827e+00
-9.280270058527966270e-01
-1.370681575900203342e+00
-1.299101843823600611e+00
-9.704448543082865308e-01
-1.101942781485479417e+00
-1.164543789417202602e+00
-7.065514829579783163e-01
-7.188209848752707964e-01
-1.321318458734316970e+00
-8.423643761846251188e-01
-1.071293307370760228e+00
-1.338568383849232601e+00
-6.493666200725635163e-01
-1.231122280527308988e+00
-7.575779030408609227e-01
-2.544542134413219969e+00
-1.337928959206464041e+00
-3.047602821614848967e+00
-1.345443554679130793e+00
-8.585335177486297376e-01
-1.226866164900231704e+00
-1.146202356973317737e+00
-1.431211369376910403e+00
-1.074936329282660807e+00
-7.672589817655347533e-01
-6.868499823742524324e-01
-2.203609917710231958e+00
-1.385253813010357549e+00
-4.673692358014141512e-01
-3.813138071937305362e+00
-1.373818644026811198e+00
-8.906282345889674490e-01
-9.725577880813507381e-01
-1.370753152279227782e+00
-2.191754035441993764e+00
-1.572960802495944943e+00
-1.964569907415184113e+00
-1.955719080233347063e+00
-1.228831695101798127e+00
-1.004558564377862062e+00
-7.918647504641845858e-01
-1.093579013112598863e+00
-1.143106026493992733e+00
-1.810605561602269375e+00
-1.413143073083426682e+00
-1.206309217713949167e+00
-6.312189369995874211e-01
-2.342254998839280677e+00
-1.023822835583340307e+00
-1.366027912467842498e+00
-1.344640581682578606e+00
-3.856577358108270737e+00
-5.504675465604504936e-01
-4.100024504633658751e+00
-3.899216146393696292e+00
-2.245383090589916364e+00
-1.250781804321647872e+00
-1.989503289296828736e+00
-2.844571259639468774e+00
-3.799102480592480013e+00
-2.067469246564720198e+00
-1.542560032923498081e+00
-1.055336213734740625e+00
-2.658756770800133840e+00
-8.329365690009526979e-01
-1.494466217459176960e+00
-7.714617276500482790e-01
-1.673925509346081641e+00
-1.829805667082842424e+00
-8.734287535459223095e-01
-2.083616202422951424e+00
-1.603816615674725998e+00
-1.413014954518886368e+00
-1.796589820768719425e+00
-1.630370003212308738e+00
-1.347332466324024924e+00
-1.862679730192273286e+00
-8.844691102828243778e-01
-1.496076823639245879e+00
-1.319775955710036142e+00
-1.658558998037612309e+00
-1.475027899628211570e+00
-1.303134028364351105e+00
-6.613958181450565466e-01
-1.680619604362036723e+00
-1.452708397582789024e+00
-1.194383235063164683e+00
-9.519478455741522405e-01
-1.834005104357943505e+00
-9.747902645124396637e-01
-1.114266536418624609e+00
-1.641505058847875897e+00
-1.384092862764349396e+00
-1.105524734334715875e+00
-1.012166396252080380e+00
-1.603413241506048248e+00
-1.055505124558256735e+00
-1.543493277187747648e+00
-1.830929576292874117e+00
-9.921773401071741771e-01
-1.434097804333951620e+00
-1.019603762894087051e+00
-5.925513635648220756e-01
-1.059260636312791659e+00
-1.605720072861930303e+00
-8.790876994903839003e-01
-1.170091484610785271e+00
-9.128767191043881679e-01
-1.184092881637335726e+00
-7.426937354209030007e-01
-1.386135581412452966e+00
-1.459435589015937618e+00
-8.249008531795672949e-01
-1.250429678845635717e+00
-1.355677721400924574e+00
-9.772098125504544708e-01
-7.993959606676406260e-01
-1.687052720705265907e+00
-1.336959522729997074e+00
-9.071663726328945687e-01
-9.950870114038029568e-01
-1.284180738231720520e+00
-1.282463227816411200e+00
-9.017149029211132261e-01
-7.052229903242589470e-01
-1.304993922014897167e+00
-1.424672012821885492e+00
-1.913330811946670762e+00
-2.196340707747717058e+00
-3.622015502524160713e+00
-4.322937533220362560e+00
-3.086249672346821793e+00
-2.395320057402132274e+00
-1.707703770607146510e+00
-1.991760149454639306e+00
-1.277840292068540995e+00
-2.047966689813994989e+00
-1.823094554369433018e+00
-3.457692535776695220e+00
-3.607999416991145125e+00
-2.395309381728479625e+00
-1.685221959149186821e+00
-2.923160787257930160e+00
-1.434012150676095665e+00
-1.190353580247159648e+00
-8.993959224245822170e-01
-2.842966151270726272e+00
-3.717045741156513650e+00
