-1.309951339978677076e+01
-2.696655346714577917e+01
-2.413775627537872381e+01
-1.978303299979184615e+01
-2.601895734575994368e+01
-2.203314218069474606e+01
-2.631948172296433341e+01
-2.982610861392583601e+01
-2.087288324187604971e+01
-2.904823384885319726e+01
-2.984728819625485485e+01
-2.169685823823912685e+01
-2.838203492573748221e+01
-2.297274219776417326e+01
-2.575145164646724893e+01
-2.559494834781381556e+01
-2.140818434639736623e+01
-2.228212631811104671e+01
-3.153143086134244300e+01
-2.964371722339556570e+01
-3.368477611807745120e+01
-2.887140122662388464e+01
-3.277207510607554042e+01
-3.219461328938761824e+01
-2.578151033397781333e+01
-2.840366740097451270e+01
-2.961454025767937281e+01
-3.131766342549893523e+01
-3.043471777086565666e+01
-2.994580657334352836e+01
-3.466448925853170238e+01
-3.138004654735217613e+01
-2.268136376432333989e+01
-3.515951739470224169e+01
-3.118556160359205620e+01
-2.196362009369259738e+01
-3.030498243601244823e+01
-3.301276681437750682e+01
-1.903225778807867030e+01
-2.662264920748638986e+01
-2.347653633332926404e+01
-2.653310116785661421e+01
-2.688948457311435547e+01
-2.702189270066233462e+01
-3.006780151556781178e+01
-2.131499892161208720e+01
-2.119808406000396772e+01
-2.373296976895992927e+01
-2.870706641720201091e+01
-2.421303829550053521e+01
-3.019957915443502472e+01
-3.059818458628523530e+01
-2.749419027914834501e+01
-2.058806512484908779e+01
-2.502213738912893959e+01
-2.646579946787829130e+01
-3.301377440837815413e+01
-2.833134863901361200e+01
-3.797802683778186150e+01
-4.197478704160880625e+01
-4.538723377571757567e+01
-4.744722173496628415e+01
-4.414140413399511687e+01
-4.502918036708584282e+01
-3.864377457663797344e+01
-4.482059909439377776e+01
-4.333952761309427615e+01
-4.855694946593309425e+01
-4.006515752584716950e+01
-4.832811755525256103e+01
-5.145094198945294295e+01
-4.391540893217909058e+01
-4.153962185407403496e+01
-4.447206268190821277e+01
-4.464222810584860923e+01
-4.362795349522615851e+01
-4.446057599684262129e+01
-4.488285411965745908e+01
-5.092498962280388497e+01
-4.806439348218435725e+01
-4.793952258886223206e+01
-4.185567918007431132e+01
-4.140243939999299982e+01
-4.313559593180372076e+01
-4.333845402141055558e+01
-3.186407508064154115e+01
-3.831431411560036082e+01
-2.803967538159499640e+01
-3.135295756256296329e+01
-2.086838717794269371e+01
-2.743087470307590792e+01
-2.347278959940989651e+01
-2.540718733841687538e+01
-2.465885800118211080e+01
-2.729475198959615767e+01
-2.257678616594493803e+01
-2.503694542137645485e+01
-2.505526016178381710e+01
-2.322168966654104239e+01
-2.630962722424609623e+01
-2.339163934709099024e+01
-2.427855068230516267e+01
-2.288237435517833163e+01
-2.909990766963582232e+01
-2.113456047922572978e+01
-1.736388541470853397e+01
-1.725240440064482428e+01
-2.503654992772615273e+01
-2.512467046018177896e+01
-2.775961675971430864e+01
-2.720193164743140102e+01
-2.909539803824743487e+01
-2.839877230340572112e+01
-2.974858211500773209e+01
-3.199184651034161320e+01
-3.773000308909423950e+01
-3.275901598068898579e+01
-3.405661499613655963e+01
-3.170461353713616148e+01
-3.301413924642363895e+01
-2.757759138829414169e+01
-2.636657500101977547e+01
-3.366793983779040644e+01
-3.213056187935702468e+01
-3.340482621251382511e+01
-2.540976004565483848e+01
-3.364396102952336776e+01
-2.438890971232052252e+01
-3.471973844730337788e+01
-2.648480191640219772e+01
-2.558056831485655636e+01
-3.294310490338309449e+01
-2.217374911098993806e+01
-2.389609584968753353e+01
-2.978208153672066416e+01
-2.656306501299029676e+01
-2.235619063696570308e+01
-3.726760582893332341e+00
-1.906268465578000715e+01
-5.922507477562313660e+00
-3.988622456862279897e+00
-1.784345089498146208e+01
-1.780362768293726461e+01
-2.127311782926719985e+01
-7.700904621870311217e+00
-4.731722759903830955e+00
-2.340968322550959968e+01
-2.312401727373727667e+01
-2.391356451077072975e+01
-2.356511608357663334e+01
-2.181528863032367838e+01
-2.227459231719580757e+01
-2.496172410940322095e+01
-2.653620646159100716e+01
-2.623077129553325193e+01
-2.190480093837769360e+01
-2.061397226049566456e+01
-2.023300017970414899e+01
-1.833180517095140161e+01
-1.470621944596289943e+01
-1.445120458827629406e+00
-3.717736406639239100e+00
-1.816824193004545762e+01
-1.962582414330000091e+01
-3.055583879186378127e+01
-2.222266140789372102e+01
-4.784524352075253262e+01
-3.923543350647722150e+01
-4.848488894880507871e+01
-5.452307178186538295e+01
-4.707438051464360740e+01
-4.794289599630224075e+01
-4.784219819799001527e+01
-4.490162822943501908e+01
-4.039832990368138610e+01
-4.405206520103732970e+01
-5.184115442415239272e+01
-4.330376066525403900e+01
-4.902071811941405599e+01
-2.776374558264503634e+01
-2.413875581265167369e+01
-2.860184161609133469e+01
-3.430290220226154219e+01
-4.579380515503267901e+01
-2.618221205284377007e+01
-2.613506540446667259e+01
-3.100455914017545211e+01
-2.890060680646267599e+01
-3.318704282151095697e+01
-2.758932780176399291e+01
-2.805872557564457281e+01
-3.210027689548057594e+01
-3.497979792282765743e+01
-3.065336627357352839e+01
-2.709909961046779969e+01
-2.347621588809447601e+01
-2.502027256296765856e+01
-2.883614020232284858e+01
-2.989502604263783425e+01
-2.167059973357789460e+01
-2.053975823323796490e+01
-2.154955614068653347e+01
-2.439919100109650074e+01
-2.312338173813800069e+01
-2.364836660001990509e+01
-1.815750040856007885e+01
-1.869508913456155597e+01
-1.917363855944365625e+01
-2.278347507512461334e+01
-2.106682544306443106e+01
-2.046116689431774915e+01
-2.134641381170523999e+01
-2.188849364304817513e+01
-2.017411556199544975e+01
-2.071959630558420073e+01
-2.203283238114428144e+01
-2.210051032941403193e+01
-2.179057614661141784e+01
-2.098940415611892973e+01
-2.181920521351561604e+01
-2.425882232739558475e+01
-2.810984094581347037e+01
-3.042755720981245204e+01
-3.164751574880286711e+01
-2.537078052368102021e+01
-3.165010422142315250e+01
-2.718546786056340991e+01
-2.239478745698507467e+01
-3.246215334617679815e+01
-3.063923364966942131e+01
-2.243157609808755737e+01
-2.532425242676021782e+01
-2.102280142998289492e+01
-4.620028115493065357e+00
-2.748762017301437321e+00
-4.436382334174552078e+00
-3.668228289029789480e+00
-1.867304992623345683e+01
-1.885590645935103637e+01
-4.708838392094848224e+00
-3.286361262891690949e+00
-4.274515943256136374e+00
-5.243406179305032389e+00
-3.931883974416241490e+00
-1.186303068512770054e+01
-6.124827813355976147e+00
-1.286443211667089415e+01
-1.311094925350910323e+01
-1.657128465161339292e+01
-3.779958786274167704e+00
-2.795118801088781968e+00
-3.449238152887339925e+00
-4.938435583946054308e+00
-3.120098375298061555e+00
-4.937567642138663615e+00
-3.703464226889392918e+00
-3.588150013719134890e+00
-4.930977792200573084e+00
-4.479753802097286908e+00
-1.551052066668834506e+01
-1.882738946472754904e+01
-1.565207477828642801e+01
-2.094677242937819983e+01
-1.031242258806411805e+01
-1.825607046943567369e+01
-1.261341065590193899e+01
-1.661374372794927723e+01
-1.561161583071053371e+01
-1.912576467893901366e+01
-1.890823111258160338e+01
-4.367564340893032693e+00
-1.771230081670925216e+01
-3.314876680866105207e+00
-2.014623032108243095e+01
-1.828323279951263203e+01
-1.813726105712385106e+01
-1.771063173684075309e+01
-1.610194274058546426e+01
-1.953387725770061323e+01
-1.920008856936197006e+01
-2.234245651388935983e+01
-2.090193293187889978e+01
-1.751696327150001053e+01
-1.481481201215902743e+01
-2.185065848320819271e+01
-1.913583225706438640e+01
-2.137870613362541761e+01
-1.715292293869219264e+01
-2.051853199712614284e+01
-2.080230359741108614e+01
-1.863081904865483196e+01
-1.551603833028390866e+01
-1.771927937457467195e+01
-1.708605827727151905e+01
-2.289097915137841355e+01
-2.005561725571347154e+01
-1.877805730333291834e+01
-1.482796278237023557e+01
-1.943346328637801079e+01
-1.937778859890070748e+01
-1.636409449402849248e+01
-1.374856815998148996e+01
-1.824194166899232528e+01
-2.017816997486553277e+01
-4.721568610507167030e+00
-1.748343851102396584e+01
-2.179066054750349579e+01
-2.098884455451273823e+01
-3.111132950839459621e+00
-1.869110838503573291e+01
-1.749955698048343322e+01
-1.988211197237281169e+01
-1.553330752117855695e+01
-1.924096033268298456e+01
-1.902825206868199359e+01
-1.822345234620780019e+01
-2.057507380317635182e+01
-3.585578451168196512e+00
-2.096582317104762438e+01
-1.894453664640058577e+01
-1.850717395129265697e+01
-4.153503714942403668e+00
-1.879732093918266855e+01
-1.935978958776520287e+01
-2.072888148175566059e+01
-1.718758192198403734e+01
-1.504978376257192174e+01
-1.778752758144186785e+01
-2.001387642550087165e+01
-2.033273769211600879e+01
-1.928084704492686541e+01
-2.225999436238959817e+01
-2.068867923864658920e+01
-1.981496052645375983e+01
-2.047356619696717672e+01
-1.884881417544178106e+01
-2.248240384989207996e+01
-2.419425333617162366e+01
-2.234590369399775156e+01
-1.962543954903935983e+01
-2.102140077997158230e+01
-2.301685131854347333e+01
-2.206873456148768753e+01
-2.061028309681121939e+01
-1.944931385110273681e+01
-2.358741166836214020e+01
-2.139022599361437571e+01
-2.334619065345544797e+01
-2.206994951759247314e+01
-4.566380143741090691e+00
-1.647614150950892054e+01
-2.400801867878889340e+01
-2.402918076907932132e+01
-2.187057072941794544e+01
-2.268251308431150903e+01
-2.560938156693144663e+01
-2.349044017587939948e+01
-2.414167933251736287e+01
-2.420746460924647891e+01
-2.759617727304878443e+01
-2.199664650604910321e+01
-2.101083111104379242e+01
-2.209643315681709197e+01
-1.992759584698694297e+01
-2.221725266843857938e+01
-2.018741259992384229e+01
-1.811774497637968651e+01
-1.922276968201356695e+01
-1.926576452990127919e+01
-1.801844595511604652e+01
-2.095541575447312965e+01
-1.773757715153667647e+01
-2.367799385707392190e+01
-1.760345022619814870e+01
-2.314462474573542394e+01
-2.055380917213202352e+01
-1.858575903585886024e+01
-2.275078620140543251e+01
-1.671697143536781383e+01
-1.764690081567124480e+01
-1.966135713264181462e+01
-1.777832459508632823e+01
-1.764660631783265643e+01
-1.812964048838944819e+01
-1.857276502022082099e+01
-2.061394438329791612e+01
-2.045579828830545566e+01
-1.878702613483820372e+01
-1.640515457850618120e+01
-1.896144499264201499e+01
-1.934337491499261219e+01
-1.955018404512897590e+01
-1.810440242592370907e+01
-1.787627510270871056e+01
-1.891465218764442469e+01
-1.800171282482745738e+01
-1.931665499601191627e+01
-1.903849905852622371e+01
-1.948670971434397003e+01
-1.877938576630267065e+01
-1.654714640420517924e+01
-1.806119032762501320e+01
-1.494192660294951480e+01
-1.790244111764500445e+01
-1.922692096254496974e+01
-1.903704229302689654e+01
-1.600813245958591935e+01
-8.670119016942289036e+00
-1.863570953968068622e+01
-1.828529095373203361e+01
-1.970342895858360066e+01
-1.880283132503568666e+01
-1.729957557171437799e+01
-1.803892840391742070e+01
-1.859569975226004956e+01
-1.968098156856135006e+01
-1.979152899195747395e+01
-1.634175856109478175e+01
-1.889180074755100591e+01
-5.435573342498059901e+00
-1.907860964266697934e+01
-1.447975098972673536e+01
-1.731583684498413689e+01
-8.518345439798444829e+00
-1.969555866440196112e+01
-1.943002930134331763e+01
-8.259809515466042029e+00
-1.916193963345303075e+01
-1.903698098540815309e+01
-1.583617578277631921e+01
-1.968861001283384837e+01
-1.932147208073878630e+01
-1.804176004488041229e+01
-2.010514934705755152e+01
-1.732571188900899983e+01
-2.228594278268707285e+01
-1.963657831912909657e+01
-2.025811915105373373e+01
-1.778996264017104423e+01
-1.852268176223882890e+01
-1.817129460477107727e+01
-1.768054474867954795e+01
-2.181536702179300491e+01
-1.711630740125442429e+01
-2.130748011401079367e+01
-2.351152428594777888e+01
-1.926781055138514986e+01
-2.169326306240269275e+01
-1.825558153365796699e+01
-4.589673885210631354e+00
-3.854443587975560970e+00
-1.308297450835243758e+01
-3.662905479898755701e+00
-1.739544989233278471e+01
-1.665220989291599096e+01
-3.431887239456548500e+00
-3.774133644347891892e+00
-3.263690578057805602e+00
-4.174119267333176175e+00
-3.890291998057677336e+00
-3.177756747869672882e+00
-4.544733530605459926e+00
-4.216050893507372166e+00
-4.510584722218298204e+00
-1.749654657702256344e+01
-6.685222364578674359e+00
-3.262483070680246122e+00
-1.462801185033831963e+01
-2.085078855162627143e+00
-2.763703360279648358e+00
-1.213248621113611669e+01
-3.009906069105265036e+00
-2.607851438140463607e+00
-3.142683325298165187e+00
-3.832513628493185109e+00
-2.342711743710393701e+00
-8.080541429850338631e+00
-4.767390087726998793e+00
-4.509960616787427767e+00
-1.423443035239527887e+01
-6.356894959540325019e+00
-2.629468242437266401e+00
-2.623050238476160700e+00
-2.886894182315086876e+00
-3.352309162130552078e+00
-3.856299357931112670e+00
-4.137180278832296665e+00
-4.753440653599230181e+00
-3.046766140873812923e+00
-2.218766334099567139e+00
-3.036738753574734329e+00
-3.832496216290373514e+00
-4.038696176966936946e+00
-5.448061780192404058e+00
-4.795183497048118859e+00
-3.399657599065807556e+00
-2.087301281314601464e+00
-1.423226324105722806e+00
-1.958535292193035682e+00
-2.748117710965161109e+00
-2.813827326896988001e+00
-2.868386792628656146e+00
-2.985109559740766638e+00
-3.079459802217174413e+00
-2.403533598507817892e+00
-3.172942649135436444e+00
-2.652780088634103084e+00
-5.092196336410397706e+00
-4.755786953058377620e+00
-1.437522435243594465e+00
-1.588734293155587451e+00
-4.329486971611546942e+00
-3.748568856786340664e+00
-2.702021489426960965e+00
-3.807891568816461625e+00
-3.470682759685853824e+00
-3.185443704462196823e+00
-2.402190581113770040e+00
-2.554818580481508228e+00
-3.778045321778455090e+00
-2.738189940467583572e+00
-1.223285926184725758e+00
-2.731876580063429039e+00
-1.453598421903023130e+00
-6.435206522008043883e+00
-2.781537584091202220e+00
-3.517224146859501133e+00
-2.216079410890370749e+00
-2.665392509863157233e+00
-3.284585513666001155e+00
-2.358236351540195841e+00
-2.911564979334157588e+00
-2.660589175739301204e+00
-1.704634787776339699e+00
-2.945853577808636548e+00
-2.875047524702145640e+00
-1.609420493582545353e+00
-2.293892175807075162e+00
-3.076594087912775777e+00
-1.706747996649229382e+00
-1.930688693363296737e+00
-2.691933084248974151e+00
-3.529370428874326393e+00
-2.165596714336005313e+00
-1.408698735070805785e+00
-1.385492872025221800e+01
-3.190294928356586901e+00
-2.673323990196394551e+00
-1.787684716592096379e+00
-3.425557107963168590e+00
-1.306166233518504782e+01
-2.160283604770184329e+00
-3.538824059249519038e+00
-2.547409241991756890e+00
-7.200621139285554584e+00
-1.468187278169607257e+00
-2.019650967416977583e+00
-2.191255243235822103e+00
-5.778448303963455324e+00
-2.095144516051816286e+00
-1.911363463259396767e+01
-3.046169604887466242e+00
-2.439268829321587173e+00
-3.419244899095232881e+00
-2.736915828553475816e+00
-2.281320240892353191e+00
-2.246259863662684708e+00
-1.878523964996908324e+00
-2.020997876774753177e+00
-3.662246622481809322e+00
-1.366302816586373758e+01
-2.267846977435712219e+01
-2.122225230847021393e+01
-3.215185500875534075e+01
-3.976901980728366226e+01
-3.860792270399578996e+01
-4.487671020391919541e+01
-4.357217518789031629e+01
-4.300416393657610570e+01
-4.239136980146304268e+01
-4.111885928532416301e+01
-3.535556826263051278e+01
-3.877294984370038833e+01
-4.906956511104720420e+01
-4.331072911111127155e+01
-4.832308045129421714e+01
-4.388770695805791888e+01
-4.185329813752747441e+01
-4.485978932447777368e+01
-4.950323732457143677e+01
-5.303753387302623423e+01
-4.280902055615244706e+01
-4.941552109643428992e+01
-3.845441131833145931e+01
-4.700779268989833071e+01
-4.886202855236658138e+01
-4.658550443853810918e+01
-4.292792431860523550e+01
-4.978196349266263354e+01
-5.193398139246384915e+01
-4.769552115585933194e+01
-4.969195941420006335e+01
-4.738635298518565975e+01
-5.269160881445801436e+01
-5.068020773468966667e+01
-5.349641740991862093e+01
-5.128403967548022280e+01
-5.516592894066953079e+01
-4.731492105741386212e+01
-4.305533870025391963e+01
-5.317384604784202651e+01
-4.402542435157626954e+01
-4.764219321817726893e+01
-4.966359430353765703e+01
-5.486857401006759005e+01
-5.023560801661115249e+01
-4.987125879575435050e+01
-4.731837851380986848e+01
-5.177784554512061987e+01
-4.264055955056210223e+01
-4.092602200709539773e+01
-2.923133491192176336e+01
-3.181805854902793484e+01
-3.285929229779149807e+01
-3.178907789671861650e+01
-2.593208423617864256e+01
-2.478487891726086545e+01
-2.940090762334498820e+01
-2.348532344877206768e+01
-2.645684537362499711e+01
-2.813907316144304005e+01
-3.138129731083868990e+01
-3.105981971753625359e+01
-3.489611348283231251e+01
-3.936214888325182670e+01
-4.197818174049067608e+01
-3.548402184650644386e+01
-3.239302762506244449e+01
-3.008877583271537404e+01
-3.353777056320515726e+01
-2.755837890051810390e+01
-3.007536405405149083e+01
-2.695067276459311856e+01
-2.923848248786732285e+01
-2.567142690368233460e+01
-2.468258809012850108e+01
-2.541986795777030039e+01
-2.481646294036192657e+01
-3.550131446139806712e+01
-2.565805642471154258e+01
-3.308526782444451442e+01
-2.898571265904129746e+01
-2.983915162243589947e+01
-2.887286669662139360e+01
-1.945878161044335997e+01
-2.178291545515016736e+01
-2.477005187852346069e+01
-2.267603396249067416e+01
-2.191233703324419935e+01
-2.170863676456269431e+01
-2.765137118287409024e+01
-2.116290390908661578e+01
-1.740259457796657117e+01
-2.505708470386753817e+01
-2.545754200379946042e+01
-2.087453221722563868e+01
-2.312718039073143572e+01
-2.295110931653776021e+01
-2.385760767853689046e+01
-2.002587533484275539e+01
-2.656773190287470854e+01
-1.863466092854455169e+01
-1.860536080629569966e+01
-1.922986026602088927e+01
-2.343176501891294095e+01
-3.764624534120899924e+00
-2.170918234135360336e+01
-1.638844863578372468e+01
-1.860124516603291767e+01
-3.895832002720109433e+00
-2.744314414299082117e+01
-1.822941068278848675e+01
-1.664317297694527653e+01
-2.128048559674284590e+01
-2.362625056942884783e+01
-2.611503537799232788e+01
-2.895968693871904520e+01
-3.092946723971554590e+01
-2.429660874091835154e+01
-2.460503961135761841e+01
-2.773660768993692116e+01
-2.852735341223728227e+01
-2.462421542679982167e+01
-2.459370257838666163e+01
-2.532224547489261468e+01
-2.622085958002491779e+01
-2.986998481852529252e+01
-3.061428306704515379e+01
-2.731923323880519305e+01
-2.820599319102344538e+01
-2.774386250750704619e+01
-3.019992112446007226e+01
-2.874454385467963746e+01
-2.801110272528332601e+01
-2.397086522310404888e+01
-2.038580641992200171e+01
-2.976886773545664155e+01
-2.328066516181970158e+01
-3.046842727362940195e+01
-3.306169479219902740e+01
-3.243070569207428377e+01
-2.628863184071715509e+01
-2.902947884389343969e+01
-2.693671949070020943e+01
-2.999558216500442143e+01
-3.351294836850426861e+01
-2.884460311896790685e+01
-3.119636925833849617e+01
-2.307520091701328724e+01
-2.683418424510878353e+01
-3.305243263848884538e+01
-2.318850919987784565e+01
-3.225783723568997630e+01
-3.048011174467610118e+01
-2.676981501860377577e+01
-3.168014992944364394e+01
-3.154433566799512789e+01
-2.725948042210064770e+01
-3.187589127427340685e+01
-3.014637739777962366e+01
-3.239044117300931447e+01
-2.634997307873187822e+01
-3.042985772410118628e+01
-2.979933900857568574e+01
-3.323440100043604417e+01
-2.782838204778795443e+01
-3.335641097025666113e+01
-3.318654176306391435e+01
-2.826680966424398633e+01
-3.351962858013586555e+01
-3.033917395981596243e+01
-2.970595563522874372e+01
-3.237822146872958484e+01
-3.270943653263612561e+01
-3.166585659006351250e+01
-3.054579566241583066e+01
-3.452266859663833287e+01
-3.066280316686428975e+01
-3.265676131405695060e+01
-3.370498948973918374e+01
-2.774808768660297176e+01
-3.290836689135442583e+01
-3.226478998466701142e+01
-3.984890604306897188e+01
-3.181340350833111685e+01
-3.521447704644777588e+01
-2.962619866426853221e+01
-3.360066206495113761e+01
-3.046618769417318973e+01
-3.552356245195527151e+01
-2.813695884414324411e+01
-2.414063124107952163e+01
-3.220213726880369620e+01
-2.955503466213503216e+01
-2.583481101788322221e+01
-2.948591188651001005e+01
-2.375069419591680742e+01
-2.532282479012540932e+01
-2.367381425517953630e+01
-2.401377943818895488e+01
-2.738897589093692275e+01
-3.134138236578532144e+01
-2.688552940959865012e+01
-2.733802546922593280e+01
-2.825324719404422780e+01
-2.768658528668421681e+01
-2.587924315645187789e+01
-2.503903730826355911e+01
-2.291875566189355595e+01
-2.523231469798127691e+01
-2.492956991024194124e+01
-2.946985372601129072e+01
-2.328428181556960297e+01
-2.490184405421182490e+01
-1.871854406105740409e+01
-2.934234231799719694e+01
-2.187968942510785908e+01
-2.180653962717903482e+01
-2.190071608893256183e+01
-2.949066980054100284e+01
-1.687255045842159618e+01
-2.189696331156396170e+01
-2.299288828843236487e+01
-2.415478422812974202e+01
-1.860754417204901401e+01
-2.058009213591821407e+01
-2.363285727622774957e+01
-2.313259629795783923e+01
-2.160539190901423368e+01
-9.157647467575511513e+00
-1.930173616112342572e+01
-2.107389386552311805e+01
-1.879019204775843832e+01
-2.323769675370391141e+01
-4.205576716680476501e+00
-2.253336783870313553e+01
-2.099004895949980920e+01
-1.835791809223299254e+01
-1.946186285782042447e+01
-2.666619508091351420e+01
-1.906954600359269847e+01
-1.796606873670054938e+01
-2.121894679638433345e+01
-1.745662882266055504e+01
-2.373240951553237821e+01
-2.026828398607936421e+01
-1.980647400551185910e+01
-2.013925730331916597e+01
-2.817625663189167184e+01
-1.821362187068186245e+01
-2.820284785870645194e+01
-2.094216117926177034e+01
-2.339076607893974113e+01
-2.531981529496139771e+01
-2.646141467139177550e+01
-2.438069792385251233e+01
-2.640625828735417002e+01
-2.737905766626662896e+01
-2.460209596025242007e+01
-2.332189943431612633e+01
-2.498834239461255891e+01
-1.950259786992635824e+01
-2.229898093324500508e+01
-3.985374235218382299e+00
-2.410227269493216440e+01
-2.044739473338092139e+01
-3.078248486970450060e+00
-4.828919478600057325e+00
-1.854219189816951285e+01
-2.490451518589935631e+01
-1.737944019700370646e+01
-1.964850567350306321e+01
-2.454922070847998228e+01
-1.958791934449951100e+01
-2.051398374576002581e+01
-1.616742001046621979e+01
-2.151709367575850962e+01
-2.246516912708372615e+01
-1.817267132252226958e+01
-1.672341507709419872e+01
-2.129585365739328751e+01
-2.526611021272763224e+01
-2.463560379538049361e+01
-3.300250024385774417e+00
-1.813558102953113149e+01
-2.394887389781542808e+01
-2.122153679254084935e+01
-2.220735042360612965e+01
-2.664559350962868578e+01
-2.632682779443332777e+01
-1.811888712146786062e+01
-3.781888196529086699e+00
-3.985906809883172031e+00
-1.790093971032575126e+01
-1.886653710989924804e+01
-1.966788520378423399e+01
-1.974266915177659243e+01
-2.154534329813931492e+01
-1.903861664391908803e+01
-2.387220739132719771e+01
-1.712269619572094825e+01
-1.996584545698934932e+01
-1.830029770485733209e+01
-1.706206976905420447e+01
-1.818012966700653266e+01
-2.623863663991922124e+01
-4.759972066641736888e+00
-1.736629716195407269e+01
-1.818817758349907621e+01
-5.954061840732224553e+00
-2.496224586784085275e+01
-1.829102580158584601e+01
-1.873209256013526058e+01
-2.281765861836906240e+01
-2.407564430119967369e+01
-1.990314238804509017e+01
-3.933572833825214055e+00
-2.539607346035514013e+01
-1.776424519054160100e+01
-2.122559735648466983e+01
-4.318445096798375182e+00
-5.980171440930771354e+00
-2.598648140817909535e+01
-2.051859408203086232e+01
-2.245699555675178871e+01
-3.282026537730788007e+00
-3.402484306736873965e+00
-2.416385086511147140e+00
-2.595112645434591769e+01
-1.885998846765240700e+01
-2.547548359852174649e+00
-2.230734326027777215e+01
-1.799487557614604327e+01
-1.929198447543471673e+01
-2.939045435960033092e+00
-2.169206257659856618e+01
-2.228473975265925944e+01
-3.472084175550624430e+00
-2.141808490940870868e+01
-1.980315049745637879e+01
-2.569110414503095541e+01
-1.790437876332699352e+00
-3.226365270096288818e+00
-1.948990181999096460e+00
-2.241440865330905652e+01
-2.107233740721171955e+01
-2.284205249138430815e+01
-1.914805939062182460e+01
-3.488105960554723772e+00
-2.322006779345669258e+01
-4.753677432153028626e+00
-1.907696530168552584e+01
-1.821793369311794208e+01
-2.570614202673408499e+01
-2.441127395336658523e+01
-3.505654739609099124e+00
-2.385861795354982107e+01
-2.057347791842457863e+00
-2.180941511020019163e+01
-2.446938072122009444e+01
-2.371853120908255264e+01
-2.363690572953537128e+00
-2.417972179506226027e+01
-3.977163247996815532e+00
-2.482318180717512135e+01
-2.359237398066889035e+00
-2.689731536713574123e+00
-2.492812168361094294e+01
-2.417777347580330627e+01
-2.189773875106893897e+01
-2.053348599566369259e+01
-2.196761957079628402e+01
-2.169910637173082080e+01
-1.845172357337042657e+00
-4.102707559552856154e+00
-3.906713600611521731e+00
-3.357073796407613386e+00
-1.704783688521085416e+00
-2.450458168996284058e+01
-2.931809572595789337e+00
-4.510541052581432453e+00
-3.056905927143752866e+00
-3.848403469226042706e+00
-2.029231682250688706e+01
-4.258517463917832480e+00
-2.197175977969255900e+00
-4.720593769071838253e+00
-1.819741488667857965e+01
-2.176855847163159652e+01
-1.999347824002318319e+01
-2.365131992506936953e+01
-1.842470287527865125e+01
-2.313092736508953706e+01
-2.157616871312866280e+01
-4.098028605026462046e+00
-2.996311162484885493e+00
-4.280661954143408110e+00
-2.428891759874000300e+01
-3.094444208721869316e+00
-1.964850550966336229e+01
-2.106585377148946669e+00
-1.952861997121996396e+01
-2.106338760335287219e+01
-2.134029089323603046e+01
-2.067383417712453308e+01
-2.829246397001031532e+00
-2.148202775110971530e+01
-2.048309160519173844e+01
-3.984382796479267963e+00
-4.745922854977702166e+00
-3.307400727851761868e+00
-3.423128351760117649e+00
-2.602080942317746892e+00
-2.473368341060700004e+01
-1.431475325621472949e+00
-2.526695971789827411e+01
-4.255043751366800464e+00
-1.300735787189900794e+00
-2.243006478998505671e+01
-3.896240665713321505e+00
-1.973246729223244600e+01
-2.373269356077744163e+01
-4.014726458037673140e+00
-3.276345616631524127e+00
-2.308255380776598198e+00
-2.684624223961893819e+00
-2.480510108953904336e+01
-2.437968060117967539e+01
-2.029731331115798909e+01
-2.046889740501069976e+00
-1.883047665494896350e+01
-2.008435877272045644e+01
-3.383826394791499048e+00
-2.816835889435451712e+00
-1.781156897811057505e+01
-2.283285924761543484e+01
-2.343726372050385720e+01
-1.783518823635125017e+01
-2.049903453595273106e+01
-1.618724987952850913e+00
-1.814192477404739634e+01
-5.497133585166654512e+00
-2.960198461883261967e+00
-1.972554935600171788e+01
-1.960810413371021710e+01
-2.090032766276038600e+01
-2.149790013813958822e+01
-2.748875429524717973e+00
-2.152645586677909861e+01
-2.304526678457598265e+01
-2.287179458541865174e+01
-2.066562398512243881e+00
-2.412769380551880616e+01
-2.493280133144997190e+00
-2.151194713158409488e+00
-2.347356938840770724e+01
-4.881569581705653249e+00
-1.354841858090690243e+00
-2.263793032685089557e+01
-2.340643932319648712e+01
-4.146658461496913084e+00
-1.804444610657001036e+01
-2.330444817013293957e+01
-3.964514068362210431e+00
-1.970383391166461351e+01
-1.337675376609441358e+00
-2.737642166184742987e+00
-1.808827191665462664e+01
-3.481982458300580952e+00
-1.792891932585031967e+01
-2.058270407302099159e+01
-2.371447540082661831e+01
-2.057901322888123019e+01
-7.059402207229612536e+00
-2.777848433528316452e+00
-2.911130315093065413e+00
-3.204169997121968372e+00
-1.773671253043310969e+01
-2.122411755102587350e+01
-2.248287127993883416e+01
-3.329755213274133929e+00
-1.914414735174204907e+01
-2.129895625358016531e+01
-1.756820325972961783e+01
-2.169920539704392581e+00
-2.449853165438630409e+00
-2.467545304376577153e+00
-2.256270641615238048e+01
-2.397146588541915335e+01
-2.171040665816145321e+01
-2.532601431287298155e+01
-2.546227823934252754e+01
-2.668143898292844707e+00
-2.496638607575279423e+01
-2.391009789559577214e+01
-2.189361022071380347e+01
-2.359608597260709928e+01
-1.485908333538081383e+00
-2.133603031468232913e+01
-4.344554585402198299e+00
-2.380045288449996477e+01
-1.973593515867889892e+01
-1.776094551071775740e+01
-2.380799765564779591e+01
-4.116424627866170916e+00
-2.489435551791120815e+01
-2.059843662650278873e+01
-1.762219034911255733e+01
-1.750991029573109969e+01
-2.279094645073606173e+01
-1.992354301756095225e+01
-3.794704019554736796e+00
-1.993889910231408713e+00
-2.422471297583842897e+01
-2.433408784957310900e+01
-2.807274649618138440e+00
-1.848857212639619974e+01
-1.839142224220933386e+01
-2.503722557811056859e+01
-2.249083670743352670e+01
-3.403422065397157414e+00
-3.035997440609987663e+00
-2.534470511848004204e+00
-2.480885997377744179e+00
-2.463425441586300124e+01
-3.341090928974284058e+00
-2.488148386722395244e+01
-1.600297525953802147e+00
-6.942789987453703127e+00
-4.516386450176489653e+00
-2.484837136589798590e+01
-4.473723358043820930e+00
-4.187827510153746324e+00
-1.900493926642713660e+01
-3.796314023346180289e+00
-2.416184522811067126e+01
-2.507276368353882035e+01
-1.775147505616531873e+01
-2.112600754865587760e+01
-1.824611424973097940e+01
-1.753310285909351762e+01
-2.728057342443270805e+00
-4.159266541586240429e+00
-3.115129770660814312e+00
-2.822180114824102137e+00
-4.933842174399033276e+00
-1.955868558429227733e+01
-1.871063823612562516e+01
-2.141638147819168481e+01
-3.604629613249230147e+00
-4.204035760504478247e+00
-2.488298209303264841e+01
-4.655680713477721611e+00
-2.681187333561598329e+00
-2.563321107408837207e+01
-1.936228499610878018e+01
-4.319080475678802600e+00
-2.302683440306442364e+01
-2.077820123607020619e+00
-3.043633840970412230e+00
-2.393120489319739974e+00
-1.662206028712986594e+01
-2.453352632625007956e+01
-2.449163013212886142e+01
-2.113922622890715530e+01
-2.792731396654009934e+00
-2.422015889468828931e+01
-1.968391422514357458e+01
-2.190175333691973591e+00
-1.804324290741337578e+01
-2.122445713066101902e+01
-3.861284661366050308e+00
-3.821824406075437164e+00
-1.856270776509524367e+01
-3.022674781378797970e+00
-2.965157477251125773e+00
-2.230224699166117119e+01
-1.828504317783537303e+01
-2.381933296018043222e+01
-1.393520573998749690e+01
-1.849556272538145407e+01
-2.505180280434681706e+01
-2.517835424766320429e+01
-1.813808628900962816e+01
-2.186141707761473985e+00
-1.953511938859255892e+01
-2.128330736977519511e+00
-5.826353730371717887e+00
-1.884993054274910307e+01
-2.456325930884736053e+01
-2.529950105862899079e+01
-1.833981017766095789e+01
-2.231188492666877465e+01
-1.946215546148631148e+01
-4.151114967572032910e+00
-1.755810846219430621e+00
-1.750837129218632526e+01
-1.812776242811660055e+01
-2.104322513973981401e+01
-2.737998409064740013e+00
-1.925679087850602400e+01
-3.647620456903830188e+00
-3.816516909001085089e+00
-2.307572733693050893e+01
-2.348732627183871458e+01
-3.084672982258419349e+00
-1.507951349027784715e+00
-2.491923989152865815e+01
-2.393043651919636261e+01
-1.909482059490494166e+01
-1.760077606381291560e+01
-4.519809234030033096e+00
-2.021078750976575122e+01
-2.311552625402495842e+00
-4.439330990386662457e+00
-2.451705353673406051e+01
-2.111283980112026271e+01
-1.977628591877845121e+00
-2.431027563314131612e+01
-2.427496802867857539e+01
-2.283899529337279688e+01
-3.238870990349053347e+00
-2.411406822326551946e+01
-1.956212904472851832e+01
-1.928901377919598659e+01
-2.064748757550434632e+01
-2.523180689687624678e+01
-5.588385236029038694e+00
-1.937747262819751981e+01
-2.191650353241384508e+01
-1.945935225528885981e+00
-1.746238441551713194e+01
-2.163451682428333100e+01
-2.012719243819033466e+01
-2.517390444231442359e+01
-1.958067304982172629e+01
-2.834738538917244366e+00
-2.326183939856240812e+01
-2.713778198420962351e+00
-3.388477633003216472e+00
-2.267063980103464615e+01
-1.991373083796930032e+01
-2.156125570347659348e+01
-1.903843557320019642e+01
-2.438623810774858924e+01
-1.847454753847487652e+01
-1.989298682332676815e+00
-1.933090504163458689e+01
-2.444570040185459092e+01
-2.241375865756178243e+01
-2.278158413548859684e+01
-2.411862893132026286e+00
-1.750770429136441564e+01
-2.521718910640856848e+01
-4.463124384055402238e+00
-2.758483174394197324e+00
-2.368928457393114684e+01
-2.044752580744063408e+01
-2.368853049889215967e+01
-2.000377328991508108e+01
-2.894075629169592823e+00
-2.023443092369315366e+01
-2.367556938003577471e+01
-1.894535518794393170e+01
-3.534763189913236126e+00
-2.207545156028203337e+01
-1.931964649978684179e+01
-2.586865661229753588e+00
-2.050153823440864898e+01
-2.529673114742207574e+01
-4.459617936096352153e+00
-2.241233654791886742e+00
-2.086526694755720257e+01
-2.472637694361004534e+01
-2.549822366546711017e+00
-3.731702221948699272e+00
-2.829722300142114122e+00
-4.480364818709200669e+00
-3.651726673142079438e+00
-2.117155013760354265e+01
-2.336135154456671259e+01
-2.549442418430658464e+01
-2.264474024336950997e+00
-2.192010919410982694e+01
-3.836391036201178828e+00
-2.423570468642675735e+01
-2.509622342911567827e+01
-1.818359949185306235e+01
-2.555354151590755762e+01
-2.241675847764823715e+01
-2.363066950489872298e+01
-3.463681864338909566e+00
-2.455731710627154385e+01
-1.877029233292619637e+01
-3.107454363330278913e+00
-2.990779629655496485e+00
-1.982013110514982301e+01
-1.833349056647684705e+01
-2.393778703529885377e+01
-4.242230337131089435e+00
-3.857246499551388208e+00
-2.043847440116931935e+01
-2.666541959676968609e+00
-7.702709933797273756e+00
-2.434133223853145456e+00
-2.169912873675979625e+01
-3.613940926663817166e+00
-2.366927222467186098e+01
-2.381445701894093503e+01
-1.980431502348230177e+00
-1.865022652289517424e+01
-2.559236523221094117e+01
-4.009309921066109617e+00
-3.189566620785923234e+00
-2.222941630040628613e+00
-1.860135382795863990e+01
-8.532115342099610089e+00
-2.246736122066404562e+01
-2.534845380641158386e+00
-1.996805217097667295e+01
-1.754852838720837482e+01
-2.500845611587998363e+01
-1.840485256631776423e+01
-3.647138336365824074e+00
-1.808919008723086108e+01
-2.525242886966572442e+01
-2.271117928960609156e+00
-2.361349823789328539e+01
-2.007907363796612188e+01
-2.709893170052141809e+00
-1.878088203557757652e+01
-1.780008975304542318e+01
-1.877947379669090822e+01
-2.021485375876628154e+01
-4.080817872841623561e+00
-4.693261144376557503e+00
-2.504770968903652317e+01
-2.207868770810969750e+01
-1.945844005887118300e+01
-2.113169772909742505e+00
-2.196541561466922232e+01
-2.455914521366057812e+01
-3.299444310092433774e+00
-2.094545336247682954e+01
-2.245141537201518744e+01
-2.351937998973191313e+01
-2.201039011199861406e+01
-2.425547221720056257e+01
-1.885116658031783388e+01
-1.944522193708504787e+01
-2.208922343805247124e+01
-2.426196093924610864e+01
-2.675215727527625820e+00
-1.845008629963356839e+01
-2.462889445292537616e+00
-2.465731579286179098e+01
-2.275954421848839360e+01
-2.821991254330431964e+00
-1.910489892820039870e+01
-2.364954919513886011e+01
-1.638362655916871091e+01
-1.870844109123445875e+01
-3.961064808525767589e+00
-2.359694868172149995e+01
-3.281800081528100765e+00
-2.368805792209264993e+01
-4.863224210353547683e+00
-2.355594418348666252e+01
-3.698502585803220555e+00
-1.834804085048905620e+01
-1.975169327715919110e+01
-3.608695682168430174e+00
-3.768784566973800043e+00
-1.786212981186979221e+01
-1.785228603921314061e+01
-1.321553960258552252e+01
-2.548908480672840327e+01
-2.065921579614818882e+01
-1.863316647851314301e+01
-2.151904640551344627e+01
-2.254771452505892526e+01
-2.475536411581796870e+01
-3.098069746424931825e+00
-3.334438152392898758e+00
-3.274866458036971739e+00
-2.026597090469748608e+01
-2.543319023500432152e+01
-2.268273122744904668e+01
-2.231542384342923668e+01
-1.019129322481452604e+01
-2.333420748734028294e+01
-2.002065511845747992e+01
-2.455965293272033634e+01
-2.885936425905941682e+00
-2.305496624297374453e+00
-1.998377499676627167e+01
-2.336979220405920543e+01
-2.135268294941795375e+00
-1.065142713181196399e+01
-2.384835399157237390e+01
-1.873716944643282645e+01
-4.052285159123398373e+00
-4.427440381856152740e+00
-1.743380903312841923e+01
-2.074691248981337566e+01
-2.280679837193727977e+01
-3.667474487088480117e+00
-3.419080936708120078e+00
-1.827858672591471034e+01
-2.572142713570992001e+01
-1.759246390348214106e+01
-1.944967742311314396e+01
-2.253480464767693192e+01
-1.279746397252300483e+01
-2.385749281329470506e+01
-1.816053571952167900e+01
-1.696563863630118263e+01
-1.548357784627073741e+01
-3.744209789938437005e+00
-2.462662805463397575e+01
-2.531241204070397188e+01
-1.852065013627900569e+01
-1.814316610208496883e+01
-1.081203221299917061e+01
-2.571420162489864936e+01
-2.264705118533181505e+01
-2.430838528941053056e+01
-2.363645968304734879e+01
-1.909619806876751724e+01
-2.121493803891382512e+01
-1.802386759129104732e+01
-5.759800297053343066e+00
-2.231167893617214304e+01
-1.833794490628232765e+01
-2.604761412366791973e+01
-2.152478109256896843e+01
-2.323703799268873382e+01
-2.012960317953372069e+01
-1.820448359427489393e+01
-2.555844664673270206e+00
-2.452621747657594042e+01
-2.186702758615631126e+01
-2.762690558513894779e+00
-2.281348141462077450e+01
-2.031328177073152830e+01
-7.627808888591882663e+00
-1.591899990885181460e+01
-2.167083792995384073e+01
-1.046842356075813640e+01
-1.896298447629155248e+01
-3.706296759261173968e+00
-2.102420081189025680e+01
-2.826112816011405293e+00
-7.680683803067743121e+00
-2.147598029388862528e+01
-1.957409582780392654e+01
-2.588080803677719643e+01
-2.131317014125541220e+01
-2.147661168726095227e+01
-2.207175296732910041e+01
-1.882995776484789374e+01
-4.444302390146707360e+00
-1.023030522152782140e+01
-2.046768523652643523e+01
-1.885329045493567079e+01
-4.919692368035675223e+00
-2.487847603386418882e+01
-2.147665326128293728e+01
-2.048625505527894219e+01
-3.554813632114285582e+00
-2.485103221839620957e+01
-1.772553773829656842e+00
-2.538188295241254622e+01
-1.954485101681102321e+01
-1.938659548377528630e+00
-2.208194422869889095e+01
-1.387965125895378904e+01
-8.401519691570184634e+00
-2.515275862857620481e+01
-2.281304637393456147e+01
-1.847033055388133960e+01
-2.480694743100552557e+01
-1.824398497021554988e+01
-2.089882150415864714e+01
-1.843666164324250545e+01
-1.991973688953246935e+01
-1.112490109167628383e+01
-1.838635356425350054e+01
-1.821777446929908706e+01
-1.870697017835622944e+01
-2.071922732854120852e+01
-2.701295666068725065e+00
-5.613833239070297410e+00
-1.590791901700336375e+01
-1.870292579998690741e+01
-2.463174274097129413e+00
-2.204041733518125312e+01
-2.413175791155306271e+01
-1.831391124939654347e+01
-2.477156449702696150e+01
-2.218921021928866821e+01
-4.327635006550453411e+00
-6.474947371409854213e+00
-1.848542958662805091e+01
-1.800693546445951654e+01
-2.560342805496881269e+01
-2.295046512357143342e+01
-2.327710921645392972e+01
-1.624713572137103768e+01
-1.916318376830956183e+01
-3.273276634087627812e+00
-1.982196018671606197e+01
-2.395469437714858785e+01
-3.911602459203256110e+00
-2.635502023388363568e+01
-2.227698503574370292e+01
-1.821970549905140047e+01
-2.590685972098153655e+01
-2.633198147686777801e+01
-1.795397993373514112e+01
-5.856261210077738255e+00
-4.700906768309518924e+00
-3.496094593883984469e+00
-2.197826906811955183e+01
-2.585632457570881115e+01
-2.982487792536199223e+00
-2.324813640520659774e+01
-2.363155333229079957e+01
-1.824229648127752768e+01
-2.003401950811752741e+01
-2.256231917147746735e+00
-2.115659254966774228e+01
-2.101594540491836582e+01
-2.265873857614717224e+01
-2.199536341200138523e+01
-1.854059111662123627e+01
-1.927269080727373307e+01
-2.192147345285824045e+01
-1.976405518148654750e+01
-1.976050621596712276e+01
-2.170749185790195313e+01
-3.450457285899153792e+00
-1.841603329965259661e+01
-1.992411374728288820e+01
-1.192481408358091954e+01
-2.410842031624388149e+00
-2.267347905413721065e+01
-2.122934247573975952e+01
-2.194489215441033281e+01
-2.644995843575564365e+01
-2.212468501217538908e+00
-2.572305123893070444e+01
-1.310145343831735643e+00
-2.364006139396121586e+00
-1.689031929730595571e+00
-2.019000521632615275e+01
-1.546889648344981083e+01
-1.828965313376511048e+01
-2.285234979853033366e+01
-4.724841367275473658e+00
-2.170013730027680765e+01
-4.735967259740368362e+00
-3.082658195794421019e+00
-3.376839804237910858e+00
-2.095920719308942637e+00
-2.442490462855156963e+01
-7.319108518452066114e+00
-1.838828856148801805e+01
-4.644988677448229630e+00
-2.223904055657459367e+01
-2.278905653505728424e+01
-2.315903461150554676e+01
-1.028423907938374882e+01
-2.595775000329602289e+00
-1.896798980895190567e+01
-1.760938666252721418e+01
-1.814153379123627730e+01
-2.376424278350485508e+01
-1.994125577566673257e+01
-1.978526117742175927e+01
-2.600594193705722290e+01
-4.710487406343257355e+00
-1.854370365386977682e+01
-1.537694201867131838e+01
-2.598873920817896988e+01
-2.434055767927608471e+01
-3.987157033211935264e+00
-2.564737851989697148e+01
-2.166111227441864884e+01
-2.481366351785640845e+01
-2.184296378086795443e+01
-1.893271667010225556e+01
-2.491467967972942787e+00
-1.976172343297472977e+01
-2.393955538234465052e+00
-2.596539232827246124e+01
-2.355803982296424337e+01
-1.361715792209563602e+01
-1.870795901429620045e+01
-2.435610166501092166e+01
-1.809482210625222720e+01
-2.065123469963161185e+01
-2.475819690831930586e+01
-2.020981173961592603e+01
-2.722908041768020926e+00
-2.107949273323598760e+01
-2.029467611570754215e+01
-2.802347975969994298e+00
-2.872424895244996446e+00
-1.977054207033565447e+01
-3.285741708339531719e+00
-2.332273588684146759e+01
-2.336494620633295227e+01
-2.226794192060313549e+01
-2.507764335921437038e+01
-2.293907896065648089e+01
-2.561626744559713131e+01
-2.097892980665163520e+01
-2.605978356405888974e+01
-2.444667832490631199e+01
-1.764951086989252360e+01
-2.393389164169440519e+01
-2.035915465366364074e+01
-2.057364593752250670e+01
-1.991722593070563008e+01
-1.864026726936647549e+01
-2.556896372542380114e+00
-1.976017466505861364e+01
-2.037076978344029499e+01
-4.035758406127879283e+00
-2.292348055169088994e+01
-2.324789377901986498e+01
-2.285644158323308517e+01
-2.544373798344057747e+01
-2.510265889640361436e+01
-1.918645087366185464e+01
-2.034106538105329420e+01
-1.808109511101239164e+01
-1.760927999664309240e+00
-2.340700780539622272e+01
-3.798104748499247396e+00
-2.098074205720605079e+01
-2.153194030498498890e+01
-2.283521064413639934e+01
-1.822914739068169965e+01
-2.317023744144607633e+01
-2.531523220901572202e+01
-1.798167686949267363e+01
-2.010674248832043176e+01
-1.764532419541474795e+01
-2.310374205476063381e+01
-1.861172760747114552e+01
-1.756494432074424905e+00
-2.593516040488976415e+01
-2.548246402269720079e+01
-2.436935491537466802e+01
-4.619983780579167032e+00
-4.354991097587773474e+00
-2.539196089194032879e+01
-2.052339946811635940e+01
-1.008947986473197833e+00
-6.871877836420694052e+00
-3.413427928418604651e+00
-1.828403557361932386e+01
-2.079753509975866521e+01
-1.441467791305338686e+01
-2.305883729510807356e+01
-2.087414728172619860e+01
-1.956391332634919422e+01
-2.097970271921155927e+01
-2.249191671913272472e+01
-4.341115510265624700e+00
-1.798913830644829659e+01
-2.125561489609787102e+01
-1.988173244000267559e+01
-2.125787417548113112e+01
-2.084270184392958214e+01
-3.172110469979809277e+00
-2.155091358347236508e+01
-2.557878444608130764e+01
-1.471231994852487546e+01
-9.103704508208007695e+00
-3.177315372201444887e+00
-1.919988892463933183e+01
-2.689278501485047101e+01
-2.586683061515196336e+00
-2.495873374030115599e+01
-2.387253078128415140e+01
-2.515147632171632708e+01
-2.341977352515000632e+01
-3.471509963529618936e+00
-9.539113660110196236e+00
-2.185659584927992327e+01
-3.917121700593957367e+00
-2.525077189951816692e+01
-2.899998182607213426e+00
-3.394996464064414354e+00
-3.811630651431896055e+00
-1.815164234326617887e+01
-4.200508418063063409e+00
-4.624548128595227681e+00
-2.078486900883190103e+01
-1.920171729777262826e+01
-2.624588721109414990e+01
-2.193554878628941296e+01
-2.311667260826155257e+01
-2.319467376817685533e+01
-2.783978922469177775e+00
-2.023748081096165663e+01
-2.520574718117521584e+01
-2.299699642768354835e+01
-1.775136509546467067e+01
-2.000689447391888720e+01
-1.236540895642612448e+01
-4.204856104937058525e+00
-9.235513377479822594e+00
-2.628807130425548255e+00
-2.555304693171648101e+00
-1.890889639480688800e+01
-2.008140167213156602e+01
-1.923892069910913349e+01
-1.954678515730074650e+01
-2.225526385987395273e+01
-3.658783308232309572e+00
-2.372375044383430520e+01
-1.760644855581219304e+01
-2.306617148260857419e+01
-2.089271142178044727e+01
-2.012657900763136709e+01
-2.375457398599107606e+01
-1.015249380808537794e+01
-2.531442637834433640e+01
-2.430075491541438382e+01
-1.211112988453429296e+01
-4.802806432259491665e+00
-2.295778518995786399e+01
-1.835983599784844245e+01
-2.418598097636719402e+01
-1.800460799852087135e+01
-2.107306350487726831e+01
-1.968031968934549525e+01
-3.564653166615589619e+00
-2.013402004701815429e+01
-2.049882110971083549e+01
-5.445417438994319070e+00
-2.140535650407780111e+01
-2.623195464618459027e+01
-2.017668730558120060e+01
-2.266777331196283995e+01
-1.822203277228926055e+01
-2.525937574219990367e+01
-1.974173466823135925e+01
-2.055912651207773223e+00
-6.922331224571037112e+00
-1.803757519238590845e+01
-2.326285955645655790e+01
-2.596983847081945029e+01
-2.807794152144612809e+00
-2.557828739881536251e+01
-1.139911264318085848e+01
-3.816350869296274428e+00
-7.518802577909397655e+00
-2.330269764891446371e+01
-1.360844936533206528e+01
-5.771066129555756596e+00
-2.454442589284195364e+01
-3.351158149065422531e+00
-1.921845703000953520e+01
-1.789966660695687040e+01
-2.316618661522631228e+01
-2.545659871817103692e+01
-2.839533710335557792e+00
-2.473231997863853238e+01
-1.493412062900407733e+01
-1.877429592353276533e+01
-8.451249309417494970e+00
-1.949741018249043378e+01
-1.789224636934873303e+01
-1.950823721961932122e+01
-3.152612998825381929e+00
-8.823768522509574552e+00
-2.459246637681513548e+01
-4.755168250781682815e+00
-2.551604273464324990e+01
-8.147312654620147754e+00
-2.233153244034268781e+01
-2.467264972349117613e+01
-1.853237605948695688e+01
-1.658614320719803104e+01
-1.933060811305069393e+01
-1.941087557595211521e+01
-2.613130829370618002e+01
-3.918926551938109792e+00
-2.268332325201301458e+01
-8.641295903337031348e+00
-1.788478512094861372e+01
-2.307328166676429504e+01
-3.845537468317512531e+00
-2.261272209852325332e+01
-3.053949734334199473e+00
-2.318479621087411147e+01
-2.069453361829437199e+01
-1.000732569563829699e+01
-2.565143746377288281e+01
-2.206815968899218916e+01
-1.847770498281744622e+01
-9.689492455604041155e+00
-2.361668147216705549e+01
-2.146580922071598962e+01
-2.286458090859184722e+01
-1.355482526074690774e+01
-2.396518770818489941e+01
-1.912541771265485480e+01
-2.305668423840681669e+01
-2.483815774283196376e+01
-2.192085567516924272e+01
-1.771591558788352216e+01
-1.747596658753605681e+01
-3.267074091895719068e+00
-5.441707762955365624e+00
-1.877792171133378218e+01
-2.360606032656837527e+01
-2.382719740560409249e+01
-2.229655722827635689e+00
-3.810703694183173340e+00
-9.687182072064191019e+00
-2.568566788899081743e+01
-4.281116779202187139e+00
-1.253355821752016652e+01
-1.876881918215344669e+01
-1.394114055848372757e+01
-1.843375678433220699e+01
-1.621193941964116192e+01
-1.924299822795485682e+01
-1.753380884560212039e+01
-2.041967276735092440e+01
-1.835550400399879933e+01
-1.834299093015286886e+01
-1.029586468016371903e+01
-2.346314669112357265e+01
-2.036633448276516489e+01
-2.480914503078053457e+01
-1.868862313479385051e+01
-4.017718933108146651e+00
-4.673948717792614005e+00
-4.208261596247031555e+00
-3.596566095236161775e+00
-3.199333617244525030e+00
-7.206778806462796005e+00
-2.673960131899688619e+00
-1.856076248943644913e+01
-1.983125686387622721e+01
-1.965155701583423564e+01
-2.245662465316697620e+01
-1.932335412978691380e+01
-2.548336637299530949e+01
-2.311953929250000073e+01
-2.597960796528478156e+01
-1.968011703168938098e+01
-2.638177983621668687e+01
-3.457270953486468290e+00
-2.347673527211870592e+01
-2.191787849944496358e+01
-2.239262566171685975e+01
-2.202504972313577269e+01
-2.374910726954447071e+01
-2.007575849933259349e+01
-1.730141209283214110e+01
-1.588015488617192439e+01
-8.489157640255729831e+00
-2.208490987962648688e+01
-3.094352579581667317e+00
-2.530398163201211759e+01
-2.286221880725911149e+01
-2.165166097554642732e+01
-2.826799280369185485e+00
-2.068668812543764091e+01
-2.406569303223766809e+01
-2.431195463717320138e+01
-9.941176848575292269e+00
-2.558075792611400168e+00
-2.531949180061845439e+01
-1.786093405590804650e+01
-2.290077234179746313e+01
-2.235408907104842058e+01
-1.969070750392198832e+01
-1.921779240238396014e+01
-2.060955363582548827e+01
-1.803966710600165868e+01
-2.620876329021891493e+01
-1.955119398606426984e+01
-2.510412057820236242e+01
-2.819012708638875431e+00
-1.841235809411060131e+01
-3.202591547103974978e+00
-1.416475111700780687e+01
-1.060559574724397969e+01
-2.524793557136398903e+01
-2.219140334529215863e+01
-4.746781146831335008e+00
-1.838745782605820267e+01
-2.265327471327210773e+01
-1.836916544147112518e+01
-1.959133120364439051e+01
-1.653633624114958778e+01
-1.553023795010553521e+01
-1.495339762002756956e+01
-2.165108554812917419e+01
-5.719469451164802543e+00
-1.317653089817872925e+01
-2.248314515467092889e+01
-2.667541344985908225e+01
-2.372373034377500645e+01
-2.622123316335479259e+01
-2.092839160050974101e+01
-1.918364826898547904e+01
-3.955992099980803367e+00
-1.910355222721976176e+01
-2.070915382771261903e+01
-1.932709296933517606e+01
-1.329508913389620339e+01
-2.384553545902698346e+01
-2.065723691814434915e+01
-5.296308543785774425e+00
-3.449446100152684824e+00
-2.334506456909923600e+01
-1.744896374554653917e+01
-1.730608081473301141e+01
-1.082618990332794873e+01
-1.873988226845819582e+01
-3.788219566130350380e+00
-2.279490807140399511e+01
-1.638979975494237706e+01
-2.680485300735427145e+01
-2.336418614332595922e+01
-2.378859376528427561e+01
-2.100417791536195367e+01
-2.034391378583591248e+01
-2.168580394294944114e+01
-2.372655985415464031e+01
-2.240528362699229703e+01
-2.449428459419239701e+01
-2.009277283868122410e+01
-2.438669440986486592e+01
-2.093685472131310377e+01
-3.490809504244592798e+00
-2.751493327179801440e+01
-2.060261945658910676e+01
-2.877729449484927926e+00
-6.515893169990237155e+00
-1.998870345167352269e+01
-2.542342524736760367e+01
-1.862864880179810356e+01
-1.886785243063007655e+01
-2.775459345691469437e+01
-1.779052251711824084e+01
-2.344595356214359327e+01
-1.851366003679260075e+01
-1.907486456568552669e+01
-3.445790116997855534e+00
-1.865937517624947262e+01
-1.773803406280606154e+01
-2.123979620787966738e+01
-2.547768536591044253e+01
-2.121549597514821173e+01
-1.942353188738136893e+01
-2.353113966311424576e+01
-1.988109673429478264e+01
-9.187905351404774379e+00
-1.615500427891052837e+01
-2.400270252151823058e+01
-1.947516358149774263e+01
-1.048490560099531166e+01
-1.285441771619848339e+01
-2.161515474744324194e+01
-2.402736763207189341e+01
-1.825662244333883422e+01
-1.920198358111782611e+01
-2.642335427285874871e+01
-2.575202413079846053e+01
-2.005975931409380664e+01
-2.289388422912519161e+01
-1.908904340964240021e+01
-2.262200081699037213e+01
-2.526870567143024005e+01
-2.115845907431825879e+01
-2.504144553811047302e+01
-2.268454375755758079e+01
-2.355830611183372270e+01
-2.565644844144240366e+01
-2.533472083757382620e+01
-1.393225523632366247e+01
-2.265448710050384307e+01
-2.390631147546761781e+01
-1.791387134037856299e+01
-2.416140676247038854e+01
-2.423408063802724399e+01
-2.040850298687361075e+01
-1.938503364587755229e+01
-1.896305545099727397e+01
-2.032138235726982600e+01
-2.637880028857176029e+01
-2.542937949573139633e+01
-2.018268034951946888e+01
-1.850502833407464820e+01
-2.538922371787213805e+01
-1.812463053274055724e+01
-2.386166407719846205e+01
-1.854946145337680008e+01
-2.369294438485958310e+01
-1.557558387346692186e+01
-1.975716104585487898e+01
-2.749147088918984139e+01
-2.381727989881105145e+01
-2.277519523286687431e+01
-2.170741679486167186e+01
-1.529666204016879760e+01
-2.103879455142616450e+01
-2.461847817053996579e+01
-2.545967091971031593e+01
-2.507147541647466582e+01
-1.972284140049692169e+01
-2.515410614305879733e+01
-2.308776478870511539e+01
-2.362159125717905539e+01
-2.280531159472190694e+01
-1.423847894248066304e+01
-1.879541715117555256e+01
-2.286391567570539962e+01
-2.013156924510134616e+01
-1.448947322885744171e+01
-1.872258591606080458e+01
-2.515777227999987886e+01
-2.351113617265319888e+01
-2.070287179363234031e+01
-2.188124616302846803e+01
-2.082306533997664744e+01
-2.229714575656979747e+01
-1.398349781126387903e+01
-1.958569058982316591e+01
-2.304300827783492167e+01
-2.260655195421047381e+01
-1.820863143521749450e+01
-2.513159355855191990e+01
-1.961163766971489864e+01
-2.023405031214158001e+01
-2.493435582198160816e+01
-2.626938512547230786e+01
-1.669166261104592763e+01
-2.211486427417067091e+01
-2.325362541708927466e+01
-2.266645389611806038e+01
-2.839044924921994095e+01
-1.968266821567647185e+01
-2.565233640915836588e+01
-2.565041277960720834e+01
-2.220503593831694999e+01
-2.429848464610984138e+01
-2.657996396150913299e+01
-1.069846527494513566e+01
-2.325776764406122155e+01
-2.824454580346532850e+01
-2.634638164517263448e+01
-2.498096516671299483e+01
-2.070215655801414556e+01
-2.412355362643339163e+01
-2.183551102836628388e+01
-2.870589347608347452e+01
-2.058327311357682987e+01
-2.659217396032989811e+01
-2.093647714244458768e+01
-1.876647786172554788e+01
-2.287821488100230383e+01
-2.643426401904211431e+01
-2.046114447290849370e+01
-2.671473136417074556e+01
-1.794843286282215544e+01
-1.874424870699765933e+01
-2.060480170246721698e+01
-1.982882240190368961e+01
-1.738413786686637508e+01
-2.534351917198649673e+01
-2.595154642499705488e+01
-2.715431376939561758e+01
-2.665187663009459484e+01
-2.495630281891623170e+01
-2.712007681905296863e+01
-2.746270680775580431e+01
-2.416607358999304367e+01
-2.040926306132721635e+01
-2.013930943016563191e+01
-2.095825338458815423e+01
-2.201169064900274464e+01
-2.686043982699186827e+01
-2.324986888386132833e+01
-2.268761839097220445e+01
-1.885802893374897948e+01
-2.146527138516731625e+01
-2.403267032718901675e+01
-2.723577309820247905e+01
-2.111103093356562965e+01
-2.541183120962607234e+01
-2.510636963012243683e+01
-2.953523821175830477e+01
-2.600964937289097634e+01
-2.290952246713906604e+01
-2.025236234887215048e+01
-2.403589548420261934e+01
-2.362386796400674882e+01
-2.517367573949303150e+01
-2.407439466448780863e+01
-2.259051425137953828e+01
-2.758021242584117161e+01
-1.575938026092307709e+01
-2.326213858825824943e+01
-1.905460059376738968e+01
-2.042008485664986495e+01
-2.059344747419474331e+01
-2.299438522186891731e+01
-2.491354866546386759e+01
-2.446317887856713824e+01
-2.341368366489603403e+01
-1.921305970743702929e+01
-1.985843231787012542e+01
-2.388613102869733140e+01
-2.609757564560465326e+01
-2.110128805666538554e+01
-2.287480635459335332e+01
-2.784127138937389745e+01
-2.391801380308100278e+01
-2.135548375311748615e+01
-1.955109195875443717e+01
-1.689180514977829972e+01
-1.622581815517454373e+01
-1.735979623636960767e+01
-1.648015127605765073e+01
-2.305987298956744880e+01
-2.539702154647398658e+01
-1.874842410655497105e+01
-2.171289233871186752e+01
-2.362295716226751452e+01
-2.237143941464693597e+01
-2.196315556006712555e+01
-2.321731919034760239e+01
-2.590333650552122080e+01
-2.351776431211704477e+01
-2.605575644167343441e+01
-2.045312595369107100e+01
-2.449313503496091471e+01
-4.003171546007308734e+00
-2.087955857954880301e+01
-1.965264581801593735e+01
-1.744362243417220881e+01
-2.283205645911727899e+01
-2.364603285337658534e+01
-1.879684974757487481e+01
-1.852602087490214444e+01
-2.211989508415116390e+01
-1.464881277193387987e+01
-2.107246508470561608e+01
-2.510550713085274310e+01
-2.018860959547439293e+01
-1.585891231757048381e+01
-5.022034061841557318e+00
-2.241732573610275026e+01
-2.053297445010387534e+01
-1.883105027447879820e+01
-2.132853879475147707e+01
-1.881480470095468860e+01
-2.434089889373348115e+01
-2.051048481075175900e+01
-2.026810179873236706e+01
-1.910929569866003064e+01
-1.928747611663952100e+01
-1.979551190440398045e+01
-1.825479323379852303e+01
-1.968565072892896950e+01
-2.276481234921626395e+01
-2.707279352415178764e+01
-2.679238633143373605e+01
-2.521751475621706007e+01
-2.573852950644756632e+01
-2.160164546259567331e+01
-1.669555305556260194e+01
-2.195513375062218486e+01
-2.349263209871116231e+01
-2.135620717546417779e+01
-2.078990199542044337e+01
-1.982247112649601206e+01
-2.502370137137203798e+01
-2.129924470129263270e+01
-2.231194969430309172e+01
-2.461750548566661223e+01
-2.022899432209377224e+01
-1.954021873541354637e+01
-1.949148569786142104e+01
-2.330020612508930711e+01
-2.111151809591215311e+01
-2.007184022833554238e+01
-1.911394996361801546e+01
-2.280791001449378896e+01
-1.888091561547527775e+01
-2.044579355584569313e+01
-2.089317708476439250e+01
-2.618432889770787142e+01
-1.964571550115003262e+01
-1.289743550894564628e+01
-2.576691398472036454e+01
-2.140343112587012797e+01
-1.984054562105898967e+01
-2.510640947043643578e+01
-2.312438266116499719e+01
-2.036424148148023505e+01
-1.948109694546613113e+01
-1.672459246160984492e+01
-2.158720453212667323e+01
-1.747220784517309866e+01
-1.899514980566041800e+01
-2.026669234178222112e+01
-2.411173028430687637e+01
-2.056944164055795099e+01
-1.988444507182438770e+01
-1.666277880607320938e+01
-1.927262079256416527e+01
-2.352276994457359649e+01
-1.923750077910203871e+01
-2.104582389720560087e+01
-2.291341207917470513e+01
-2.291923269800875218e+01
-1.833023606646556658e+01
-2.132688206740215620e+01
-2.520279018965604578e+01
-2.421267227133632716e+01
-2.038371578198031742e+01
-2.144969060691375162e+01
-1.716964806559828816e+01
-2.094486492760725227e+01
-2.432254850729285778e+01
-2.461446622789935290e+01
-1.950591905071694399e+01
-2.663878504575922079e+01
-2.176247243611528503e+01
-2.359352961777866042e+01
-2.260711788940712097e+01
-2.072805272403190457e+01
-1.836598394425192993e+01
-1.861039051848004533e+01
-2.127939718323491292e+01
-2.234844752345307839e+01
-2.424426778264919236e+01
-2.244431874470523169e+01
-2.290436098104080287e+01
-3.845071523153253068e+00
-2.042900139519407077e+01
-3.858899957121329827e+00
-2.483981813328836097e+01
-2.410068336656552646e+01
-2.309250662564583223e+01
-2.162721283428736641e+01
-2.239156044596511919e+01
-2.144764310437303934e+01
-2.259628347504429158e+01
-2.323285679344053634e+01
-2.270158842413260203e+01
-2.259741609191089040e+01
-2.390947990453310013e+01
-2.503204200086877051e+01
-2.254008457268208687e+01
-2.507278797660693570e+01
-2.215787813098539161e+01
-2.053430834099695801e+01
-2.420584050612129801e+01
-2.606456443489749475e+01
-2.470626804541821997e+01
-2.136170981940413327e+01
-2.688358703358333912e+01
-2.293459046480767327e+01
-2.295264323827814934e+01
-2.219936283479642469e+01
-2.258675838189054019e+01
-2.328986383385697678e+01
-1.730831254023715360e+01
-2.171339856384277667e+01
-2.187705166619136321e+01
-2.317228548405554989e+01
-2.221608839883122144e+01
-1.978327036870015476e+01
-2.268673731768831558e+01
-2.265171620383028284e+01
-2.333315303721050071e+01
-2.326219570905593415e+01
-2.114840672203090932e+01
-2.038206368230136789e+01
-2.476866435630096319e+01
-1.696249205742714494e+01
-1.949623814272910138e+01
-2.166979478915949642e+01
-2.242026297206482965e+01
-2.278659408211194304e+01
-2.214783459131604815e+01
-2.306219263315893642e+01
-2.362086025833246339e+01
-2.076995021519319806e+01
-2.206463573268731082e+01
-1.706539911602471449e+01
-2.679956608455860234e+01
-2.107233380893204355e+01
-2.040705418972203944e+01
-2.392273179510143422e+01
-1.849124637331707532e+01
-2.370111227999219494e+01
-2.409984259456149402e+01
-2.606225727208792264e+01
-2.454178442925149994e+01
-2.325954816500838973e+01
-1.979247491546822957e+01
-1.827844645837659954e+01
-2.200663671960339585e+01
-2.284758298115738739e+01
-2.521822477540247220e+01
-1.908519188442328129e+01
-2.774516580467714988e+01
-1.190875562205899918e+01
-2.260936720963061930e+01
-2.775469362843609034e+01
-1.303905879013685620e+01
-2.032414561363807692e+01
-2.022598724584183572e+01
-2.602638723751395844e+01
-2.644893722897340993e+01
-2.500734611756973180e+01
-2.426819225709801486e+01
-2.709456571292105309e+01
-2.668469154473602956e+01
-2.639829405672373142e+01
-2.559386744049598406e+01
-2.124267260805133617e+01
-2.613933072913816602e+01
-2.337510488159748689e+01
-1.782773586385999920e+01
-3.140653185406133474e+00
-2.673270697182261912e+01
-2.083520641997683143e+01
-2.647219020934462819e+01
-1.939045023178655214e+01
-2.654372367253801812e+01
-2.392705050584399018e+01
-2.813249700083322580e+01
-2.655112383974055490e+01
-2.491185418267518514e+01
-2.404103311763087447e+01
-2.718535044535948586e+01
-2.014359730777744772e+01
-2.200038984649912521e+01
-2.283315930285377249e+01
-2.670942836612150018e+01
-1.723004276704270410e+01
-2.494091399558696409e+01
-2.399167934689687343e+01
-2.769523535298068140e+01
-2.734506526768098311e+01
-2.095381867083865401e+01
-2.414968364601579864e+01
-1.907679857855033845e+01
-2.797509435279001266e+01
-2.509260044528543787e+01
-2.762832071372942266e+01
-2.158446819248677429e+01
-2.489758404307195150e+01
-2.525005805957284366e+01
-2.088708122849297411e+01
-2.556974189394097863e+01
-1.849849569275847117e+01
-2.384249383553001067e+01
-4.444354834360427553e+00
-2.032956245274189300e+01
-2.317807820153458209e+01
-2.671937293755746978e+01
-2.925030844296832910e+01
-1.887486866458015911e+01
-2.850488318063064241e+01
-2.279075767779344375e+01
-2.800021317101262497e+01
-2.214398097339661220e+01
-2.342389891686484660e+01
-2.767860138556785543e+01
-2.767121513568657676e+01
-2.511933444503536350e+01
-2.004138596996895316e+01
-2.680494662489400781e+01
-1.846034308434032312e+01
-2.605043588982781344e+01
-2.127910539957794001e+01
-2.738368452716360224e+01
-2.406608920773418703e+01
-2.217036566474954640e+01
-2.568441846613970370e+01
-2.611250056889592841e+01
-2.690767103029731189e+01
-2.640332980220101788e+01
-2.235519610650244360e+01
-2.225251924168052398e+01
-2.686738767686991380e+01
-2.320836832666271832e+01
-2.707831208515489863e+01
-2.600952680403199579e+01
-2.055160433424676469e+01
-2.057283003866125526e+01
-2.064253058027384569e+01
-2.267064728973703325e+01
-1.998041982699436758e+01
-2.113950331828730711e+01
-2.571731882543516079e+01
-1.934898223655805083e+01
-4.247589227204602302e+00
-2.122342481643213929e+01
-2.781665668073233988e+01
-2.570332598491158649e+01
-2.065283409978350093e+01
-2.561730784357659019e+01
-2.837713854010791437e+01
-2.620854046422615014e+01
-2.532546048789813042e+01
-2.390337205552946642e+01
-2.552442785303831130e+01
-2.264383625074518136e+01
-2.716243694964688515e+01
-2.175663844267691971e+01
-2.524364555882089434e+01
-2.550759456267666536e+01
-2.552813174764530757e+01
-2.578533069440112868e+01
-2.501994630247107665e+01
-2.145315293343421459e+01
-2.616984309826584010e+01
-2.831314072757093570e+01
-2.247203082350551284e+01
-2.814063137007012116e+01
-2.843519269072048772e+01
-2.807793035524755965e+01
-2.101222012258368110e+01
-2.011958801566224153e+01
-2.410259465379215271e+01
-2.514453497973179452e+01
-2.604823522687273396e+01
-2.661653349587955830e+01
-2.401080879592746697e+01
-2.540467771733164426e+01
-2.280846032417360192e+01
-2.417072627253756067e+01
-2.803531379015531755e+01
-2.574633147472328432e+01
-2.115613411275896283e+01
-2.716582596104501945e+01
-2.006729535363220407e+01
-2.637060026990371853e+01
-2.752297801717442738e+01
-2.451486937535643662e+01
-2.874560071210453316e+01
-2.334327931481978879e+01
-2.679900734068700174e+01
-2.482455493165936744e+01
-2.220789977836957263e+01
-2.386278687953609889e+01
-2.713092601534865622e+01
-1.876200161447867387e+01
-2.363703337018376516e+01
-2.436011572352972010e+01
-2.720617206072924077e+01
-2.621426463227073000e+01
-2.766841163266815684e+01
-1.710433663668907300e+01
-2.506925291782796705e+01
-2.546782297773543036e+01
-2.628118343109075283e+01
-2.189171571623931101e+01
-2.403737354221511424e+01
-2.266212316796793402e+01
-2.210067141590191397e+01
-2.282683015257423875e+01
-2.640415246306262631e+01
-2.827685902778678440e+01
-2.585754180623149523e+01
-2.817051259494862947e+01
-2.726849550124006072e+01
-2.419777733103314787e+01
-1.795323619692167938e+01
-2.800161151892291755e+01
-2.538835421817057636e+01
-2.809645651615242556e+01
-2.130299302967321395e+01
-2.495543958607947133e+01
-2.777810127393299666e+01
-2.766263396566720090e+01
-2.413017002625118934e+01
-2.492287539391204021e+01
-2.592474844287714220e+01
-2.784008692329803125e+01
-1.872178998329528454e+01
-1.524369899017415264e+01
-2.784744366042945884e+01
-2.710736814018560992e+01
-2.228496985636497740e+01
-2.515321334968122358e+01
-2.405951830251062518e+01
-2.938962164430936852e+01
-2.099091181498476999e+01
-2.286792124295070394e+01
-2.569073265239027393e+01
-2.270015533351653048e+01
-2.112731341289615372e+01
-2.336936050720274949e+01
-2.730076476408915909e+01
-2.843238950877917404e+01
-2.896818063256947795e+01
-2.702635701579814409e+01
-2.303836974221033884e+01
-2.820506742965635993e+01
-1.984768882273979429e+01
-2.995332589545005675e+01
-2.347467726249139375e+01
-1.998767386217748054e+01
-2.700834644877734547e+01
-2.022542969706309890e+01
-2.571776021039501003e+01
-2.630163329394457250e+01
-2.647021218398062814e+01
-2.284795890191184853e+01
-2.408819058377878974e+01
-2.232536624540336945e+01
-2.189960259473454229e+01
-2.130936859599662014e+01
-2.409561227921966875e+01
-2.674403351508536630e+01
-2.944311035518648723e+01
-2.219174402837900217e+01
-3.053222029756438616e+01
-3.163335957737292148e+01
-2.511841294839646466e+01
-2.664419399292831514e+01
-2.247784530456552687e+01
-2.903496544092923060e+01
-2.971279018189927612e+01
-2.746840615097949012e+01
-2.907828278838928426e+01
-2.808608566497522219e+01
-2.833293451425225129e+01
-2.945643675304018672e+01
-2.351190701175603692e+01
-1.825936022268489367e+01
-2.480250211601187260e+01
-2.145629479893882419e+01
-2.462467452964388670e+01
-2.584418374670039498e+01
-2.619663691492744917e+01
-2.809772338033053884e+01
-3.108568986346300633e+01
-2.839253960911778307e+01
-2.502715669727883352e+01
-2.525452086521995554e+01
-2.766864324654165586e+01
-1.368709756186500748e+01
-2.812741370065257840e+01
-2.740788777260545217e+01
-2.625033791379147985e+01
-2.961171829374334763e+01
-2.074010199027604173e+01
-2.462025695972393891e+01
-3.150366876055703713e+01
-2.910016398001800653e+01
-2.734196216480118480e+01
-2.257326925950630425e+01
-2.866271108186686334e+01
-2.781622561923652626e+01
-2.098395772320038333e+01
-2.122724420338381179e+01
-2.580258554678396621e+01
-2.811974867011677404e+01
-2.666535757836546239e+01
-2.839144467939468441e+01
-2.607307118244203892e+01
-2.672179453226139856e+01
-2.711092585886884265e+01
-2.709084921560768322e+01
-2.296083363875597882e+01
-2.460446629626122927e+01
-2.716445549260264514e+01
-2.584388652774781647e+01
-2.724972443061850669e+01
-2.391165984338956463e+01
-2.547714705470531626e+01
-2.383716170600885675e+01
-2.163119081245763553e+01
-2.955576537068644782e+01
-2.731075002883727976e+01
-2.259173078372500498e+01
-2.898697173132548244e+01
-2.437220291591736299e+01
-2.386536993569499288e+01
-2.482964544078842550e+01
-2.639165709000625526e+01
-1.643558480779113395e+01
-2.585549134938651150e+01
-2.569999217129882751e+01
-2.349557019352682730e+01
-2.147204208941774084e+01
-2.691302269495134070e+01
-5.056459586981923771e+00
-2.835448445580929899e+01
-2.862081149712771477e+01
-2.013967128187518085e+01
-2.934419090790199292e+01
-2.454222753531231760e+01
-2.502120524084000408e+01
-1.935801068447904427e+01
-2.998507455128197208e+01
-2.486888686456804010e+01
-3.000456070748016657e+01
-2.767705513194164979e+01
-2.612231873889252043e+01
-2.511669076561813796e+01
-2.580551741809514965e+01
-2.230964682614552785e+01
-2.098042347782715566e+01
-2.815812193960776710e+01
-2.682656085689881564e+01
-2.435154685995932056e+01
-2.878932904645590796e+01
-2.844350731632313156e+01
-2.487928998012512238e+01
-2.260142761291427860e+01
-2.844363913214392880e+01
-2.783992963824718103e+01
-2.131178829302906408e+01
-2.865558215526773367e+01
-2.784944003773159338e+01
-1.895718007334238564e+01
-1.927596370521551350e+01
-2.755073120674216725e+01
-2.199713011552907105e+01
-2.362366033142248867e+01
-3.264763965676591084e+01
-2.827304857734423393e+01
-2.622978301369921184e+01
-2.328879726286716334e+01
-2.682309552976451172e+01
-3.055928577022285353e+01
-2.752908526139508183e+01
-2.109898150386915106e+01
-2.688380094095694162e+01
-2.532880452751809131e+01
-3.003304288317362492e+01
-2.862505029711481441e+01
-2.772900093072814443e+01
-2.675437759877026878e+01
-2.788693688886639777e+01
-2.915510818495763701e+01
-2.159065389898578502e+01
-2.503017038849290543e+01
-2.851414243083190669e+01
-2.393275775905149061e+01
-2.866251274043261077e+01
-2.391928885650408176e+01
-2.507973384472293787e+01
-2.700013892950742900e+01
-2.713278470810463716e+01
-2.104626394220632690e+01
-1.915532881628354644e+01
-3.191518588298485071e+01
-2.478439737719997993e+01
-2.321476399562027737e+01
-2.643765088453024603e+01
-2.825108448401760697e+01
-2.918178495703697095e+01
-3.127190832458742165e+01
-1.790129089824467101e+01
-2.750702751366986831e+01
-3.137362457631111212e+01
-2.659993526816625575e+01
-2.543767257445253449e+01
-2.606903460688787533e+01
-2.491074380653652653e+01
-2.699526082866448107e+01
-3.245295641679208387e+01
-2.587177270953133501e+01
-2.977726962201354866e+01
-2.544774160284995190e+01
-2.767610798012587736e+01
-2.799410736368137265e+01
-2.942750582242178936e+01
-2.355122903166922299e+01
-2.846256304249836688e+01
-2.751582671004846503e+01
-2.550659143854324640e+01
-2.738625861910528414e+01
-2.102990982986906587e+01
-3.031133128932695442e+01
-3.259074132322873396e+01
-2.563412421037087441e+01
-3.073169608391986785e+01
-2.984183625579046861e+01
-2.309038452913276274e+01
-2.809222687291639531e+01
-3.105311627634384308e+01
-2.195536704917183357e+01
-3.051982760854923882e+01
-2.831674849275448480e+01
-2.913324684817957788e+01
-3.005767261219093101e+01
-2.598656051242819842e+01
-2.130497359831277748e+01
-2.203044561636828291e+01
-2.563629115281720061e+01
-2.066898134880903370e+01
-2.867386091866069009e+01
-2.828757212217416850e+01
-3.317903350367283366e+01
-2.993708287917361588e+01
-2.676231268886919068e+01
-2.785223348065824212e+01
-3.270504081183976552e+01
-3.073922201030226020e+01
-3.157780688537625124e+01
-2.620463723767657171e+01
-3.175944522302415507e+01
-3.115759994767419272e+01
-3.085689727913435831e+01
-2.604850231814825534e+01
-2.706620937483343425e+01
-3.121325412719375336e+01
-3.312745165703616124e+01
-2.873002053235544651e+01
-3.114772629646635949e+01
-3.044182770235076063e+01
-2.632502437518024863e+01
-2.853687213387338772e+01
-2.777832211796360795e+01
-2.718811303752257658e+01
-2.230910416606554847e+01
-3.163718809695479806e+01
-2.569255865337050437e+01
-2.768547027471301902e+01
-2.691876726953075405e+01
-2.676186711606138502e+01
-2.513349778644673549e+01
-2.942063388190830509e+01
-3.093173491375320694e+01
-2.697084386051798788e+01
-3.114206842529965158e+01
-2.954610877295906235e+01
-2.782451434982356986e+01
-3.157684986832204999e+01
-3.372086849855036661e+01
-3.005176802549007675e+01
-2.486698665801244346e+01
-2.186935345075043102e+01
-2.451979461506904556e+01
-2.510810100825499447e+01
-2.976719574002345325e+01
-3.044725394599391421e+01
-2.581730233744380598e+01
-2.418184147913020965e+01
-3.530134764751714727e+01
-2.783418093405714089e+01
-3.309332513995310165e+01
-2.626963449141059925e+01
-2.118142421993112023e+01
-2.504385722133855552e+01
-2.801441968735876742e+01
-3.245712405926024502e+01
-3.253494927557630234e+01
-3.105971374900522264e+01
-3.014989626841882497e+01
-2.655045775230006200e+01
-3.452782713179327345e+01
-3.345450496486016334e+01
-2.028382083360371979e+01
-3.207951973368772514e+01
-3.007596783858510747e+01
-3.059208977783936234e+01
-3.137830822124496422e+01
-3.033366540619882912e+01
-2.733147399822891543e+01
-2.468598072373522712e+01
-2.638834180071569335e+01
-2.955746844817592844e+01
-2.440167921052274735e+01
-2.028038303970386735e+01
-3.101609179168504227e+01
-2.234148958027737208e+01
-4.556153335797944948e+01
-4.365803657218595646e+01
-5.005029330627134243e+01
-4.127986358563450153e+01
-4.882364348906643414e+01
-5.356042885266283804e+01
-5.299655542866863556e+01
-4.808196130965083626e+01
-4.750546381148547681e+01
-5.018104819023744767e+01
-4.083111482068988352e+01
-4.445000214062162769e+01
-5.233833572458998873e+01
-4.279891547321008716e+01
-5.275507730873467693e+01
-4.294147553992252142e+01
-4.745382305319247251e+01
-4.392474914749860204e+01
-4.398967209770447795e+01
-4.825200341819591898e+01
-4.551624878973278499e+01
-5.132572833965174652e+01
-5.539006117384995775e+01
-5.537588798056862771e+01
-5.619967827850330622e+01
-4.989009542876208059e+01
-4.816066094776085293e+01
-4.534343714794037794e+01
-4.537882163530541391e+01
-4.469192177714616321e+01
-4.381025675810335684e+01
-5.469978156819325221e+01
-5.458399838515851599e+01
-5.188636066581219097e+01
-4.864962062076829596e+01
-5.490842909933054017e+01
-4.674484829359837335e+01
-5.305628743787517720e+01
-4.961147211908302523e+01
-5.490504219898216576e+01
-5.133949002442692233e+01
-5.620709075755721074e+01
-5.388530571166399596e+01
-4.759403302567779548e+01
-4.885585635172892438e+01
-4.921448327297426317e+01
-5.421391006072659735e+01
-5.737962184269571964e+01
-4.835062973456822988e+01
-5.307534825024021075e+01
-5.425129763473633204e+01
-4.737674210074163028e+01
-4.682936649091556802e+01
-4.508568355392504401e+01
-4.822571649789117032e+01
-4.601021626439115408e+01
-5.539597355975607229e+01
-5.032977898676037398e+01
-4.970502879306630462e+01
-5.308476745543050868e+01
-4.420613285054456298e+01
-5.207782841734505297e+01
-5.223356327395979548e+01
-4.333337839581886186e+01
-4.818995373875754495e+01
-5.047498543081842115e+01
-5.081630665203287833e+01
-4.126781723620789677e+01
-4.134043308925803473e+01
-4.663254956020565345e+01
-4.533801357775077889e+01
-4.788703944530442413e+01
-3.880415455116977341e+01
-4.188982034791019515e+01
-4.863552452257849978e+01
-4.043972010570281839e+01
-4.431163327018946063e+01
-4.641906313137226192e+01
-4.540620548259785494e+01
-4.395579127420554499e+01
-4.560127355414520878e+01
-3.929659670831561158e+01
-4.062817653222722214e+01
-4.109198865597547723e+01
-4.585246248663250412e+01
-4.348021229643533303e+01
-5.015137999868654362e+01
-4.236317222786303915e+01
-4.004152154055091728e+01
-3.917611912270903929e+01
-3.806289067413105442e+01
-4.677724111942652740e+01
-3.589202559999680631e+01
-4.412868852312701762e+01
-3.980645028376338956e+01
-4.214837178538578399e+01
-3.615338084067120406e+01
-4.086196991696355241e+01
-3.521308972710874485e+01
-3.989654682142212039e+01
-3.885655766714096870e+01
-4.521845139861530072e+01
-4.165758150672518667e+01
-4.359808364835278383e+01
-3.416154467214472135e+01
-3.705772373224540672e+01
-4.040545898297440885e+01
-3.871676589421048220e+01
-3.906252289979123304e+01
-3.322924574200106207e+01
-3.551807493878387589e+01
-3.988430846803820629e+01
-3.563069465539220460e+01
-3.791613198145108043e+01
-3.914668111331380373e+01
-4.159336132645544382e+01
-3.887577000675138805e+01
-3.408324760602370418e+01
-3.252304062810789986e+01
-3.714943825744136063e+01
-3.415845695109759816e+01
-3.313197434121782692e+01
-3.277931037687670823e+01
-4.055579166566296578e+01
-4.072887833914739275e+01
-3.180613236642236785e+01
-4.100624140585731681e+01
-3.847376802661052153e+01
-3.828644338692151194e+01
-4.274425530502497850e+01
-3.410679147186388604e+01
-3.748206728090266893e+01
-3.110490385182938411e+01
-3.306249029667057471e+01
-4.088383034549841000e+01
-3.184307306573552054e+01
-3.422163454306559771e+01
-3.847142039881269682e+01
-3.709436407252833590e+01
-3.753225624999738130e+01
-2.779853760969224297e+01
-4.204512484223322843e+01
-3.262906124149807141e+01
-2.856449040887225621e+01
-3.375319443404630704e+01
-3.961493991740062626e+01
-3.509553532077522675e+01
-3.946160622400030604e+01
-3.146437070741054143e+01
-3.470129177903355355e+01
-4.296025984027467359e+01
-4.062463905617465088e+01
-2.878044396405525518e+01
-3.534081502068292480e+01
-3.102595206117540982e+01
-3.766996153885066434e+01
-3.614845633611336240e+01
-3.570075248409879265e+01
-3.142224608606349534e+01
-3.265156932758867470e+01
-4.038013142650217446e+01
-3.195389822280679937e+01
-3.315129830679536838e+01
-2.979527928237174805e+01
-3.670426761844262842e+01
-4.200973352601263144e+01
-3.476366434638080705e+01
-3.097151555382011878e+01
-4.061968894663740315e+01
-2.977611732037602010e+01
-3.133175428084822656e+01
-3.917308454125637951e+01
-3.533152696671370308e+01
-3.380794286989845432e+01
-4.069186726853111225e+01
-4.080338800947189526e+01
-3.540775260317244744e+01
-4.101720954648101980e+01
-3.765031386560524140e+01
-3.225210369242056885e+01
-4.115457161814030940e+01
-3.284203413636365809e+01
-3.213863506381678548e+01
-3.146611131274804407e+01
-3.896121302546820431e+01
-4.005549094178995517e+01
-3.644491334419606687e+01
-4.251568476361659066e+01
-3.912040270117237384e+01
-3.400581937318842307e+01
-3.187020245657868145e+01
-3.443022610656594651e+01
-3.978430937185512306e+01
-3.938162234397709938e+01
-3.110851035392192543e+01
-3.951350947524491630e+01
-3.456724352631263031e+01
-3.507374866547408487e+01
-3.650598054480563093e+01
-3.935846707934029354e+01
-3.632182755129350227e+01
-3.282294493463314211e+01
-3.229642727602840324e+01
-3.320531799568367859e+01
-2.964723467799462853e+01
-3.390538633811890179e+01
-3.393181091151357265e+01
-3.702788663077350151e+01
-3.915282573170772196e+01
-3.497499993446764677e+01
-3.875909053947822258e+01
-3.815727582630718473e+01
-3.776933932438971908e+01
-3.250763355267888244e+01
-4.020186362429927129e+01
-3.757707187270304416e+01
-2.984831111591094910e+01
-3.409874477136322213e+01
-3.287181653893163258e+01
-3.329248816933501587e+01
-4.209991832032557113e+01
-3.966026309897517876e+01
-4.206412804839246888e+01
-4.151852700437379440e+01
-4.097901141016814108e+01
-3.195934322740528799e+01
-3.732970692722965822e+01
-2.902646505640195329e+01
-3.412862230198139457e+01
-3.332315263708765229e+01
-3.339015470114821227e+01
-3.909753877489421825e+01
-3.640494585388084658e+01
-4.273295243222257511e+01
-3.565450768914272572e+01
-4.152212309306395355e+01
-3.063878251099905370e+01
-4.075209448107562338e+01
-3.584851660496376979e+01
-3.049300290976103867e+01
