-2.153993785108857750e+01
-2.072286586245533613e+01
-3.247735271898478260e+01
-2.963658954195060602e+01
-2.903767635727183460e+01
-3.665556719561960364e+01
-3.076877704046275497e+01
-3.094772988870067110e+01
-1.450788720724172798e+01
-2.189581375391389173e+01
-2.675115153104607657e+01
-1.925346952205616091e+01
-2.750804023456824865e+01
-2.365957954373509509e+01
-2.510541841702664456e+01
-2.673152906644810400e+01
-3.155278948065126698e+01
-2.807329093824698063e+01
-2.721859648299816570e+01
-3.804517260814701274e+01
-3.917070855768851345e+01
-4.223913999649055739e+01
-4.426457035824479647e+01
-4.155673551016862888e+01
-4.063737119631675654e+01
-3.952508813306104685e+01
-3.781585028696940753e+01
-3.770071344970126148e+01
-4.417690486020111962e+01
-4.185991346382737532e+01
-3.331688600952337964e+01
-3.407561604257039534e+01
-3.779359460357153466e+01
-4.157895157797866403e+01
-4.437267239442771682e+01
-3.288591366465943366e+01
-3.499841811848405371e+01
-3.744190133830394274e+01
-3.394502026572136799e+01
-3.343729168836724597e+01
-3.858922854651044076e+01
-2.794963441393415593e+01
-2.007999676084143914e+01
-2.513144396426401528e+01
-2.829546873540025231e+01
-2.475556658051882408e+01
-2.674188708895949773e+01
-2.902803032293062913e+01
-2.489387389031269748e+01
-2.212776990620880113e+01
-2.501664713518096406e+01
-2.888808155755911145e+01
-2.219688677068006655e+01
-2.790053031999764599e+01
-2.048404583470771811e+01
-2.836019745118365165e+01
-1.786928826164854200e+01
-2.628625194465646331e+01
-3.069511441100435789e+01
-3.065535149162085204e+01
-2.085368656837322732e+01
-3.024876127702890471e+01
-2.920317147877853614e+01
-2.611483693944828488e+01
-2.981083304564483072e+01
-3.165450300588505783e+01
-2.901935320983655586e+01
-3.062255264639410512e+01
-2.560788159614742554e+01
-2.288093224338214071e+01
-2.024005787423344316e+01
-2.157499612909109032e+01
-2.427192582538599908e+01
-3.199180368084284609e+01
-2.137595902571983686e+01
-2.206572101839705979e+01
-2.040675878948675859e+01
-2.524141631221849735e+01
-2.827963128907805057e+01
-2.838654471623868147e+01
-2.237885447691640906e+01
-1.870532123168520755e+01
-3.170459339406526311e+01
-2.551768632664438741e+01
-6.110841175118799207e+00
-2.562987202575492418e+01
-1.859444831958060362e+01
-2.119822898892926588e+01
-1.758705217207329952e+01
-2.636424643433576875e+01
-2.544684034200050959e+01
-2.558207942155389603e+01
-2.522612955768220999e+01
-2.773202041084768865e+01
-2.322023302752040763e+01
-1.812336046365783560e+01
-2.980914772934367818e+01
-2.313690341928267458e+01
-1.507527733783130053e+01
-1.896261948583399004e+01
-3.593951087691135626e+01
-3.216622662750484807e+01
-2.435292101146092136e+01
-2.857564849775878102e+01
-2.860308817757208644e+01
-3.238547342891296665e+01
-3.789347734057945871e+01
-3.905884052012632424e+01
-3.661263925000004349e+01
-3.150852685884570903e+01
-3.184997847066263787e+01
-3.040955567053079278e+01
-4.019031607187435640e+01
-4.067352535442601180e+01
-4.016996900689314742e+01
-3.224024530885927220e+01
-3.976089273975431837e+01
-4.096801512935534362e+01
-3.150953157595545662e+01
-2.913094078444324353e+01
-2.561453845690496678e+01
-2.543620618040368697e+01
-3.157388330576683444e+01
-3.393754271088680952e+01
-4.114518357387454728e+01
-2.894998585503876143e+01
-4.165670227991271446e+01
-3.107163077312590005e+01
-4.313822015661681064e+01
-4.251660161112783953e+01
-3.870037161952549809e+01
-3.846170248670874514e+01
-3.649823733796495873e+01
-3.523588161018397358e+01
-3.552953265043365150e+01
-4.594306051077529673e+01
-4.985304383322269217e+01
-4.766607125896334907e+01
-4.365294025082303619e+01
-4.549387560504101202e+01
-4.653655514382457170e+01
-3.632818965596811012e+01
-3.993861768131780821e+01
-3.931417606585802815e+01
-3.944911357106025918e+01
-3.142203787562151973e+01
-3.117754412869922831e+01
-3.334918711056897678e+01
-4.487390267135002375e+01
-3.825484913653314578e+01
-4.377507646319887158e+01
-2.953331048011322224e+01
-3.450802600720590618e+01
-3.007543257237450973e+01
-3.291763806069439369e+01
-3.478661612479091758e+01
-3.140042348903445557e+01
-3.939235180581336238e+01
-3.342434149619676731e+01
-4.123373347846519721e+01
-3.162798995610869923e+01
-3.645029053710694456e+01
-3.136473524512769373e+01
-3.085233754429611253e+01
-3.129836805094193153e+01
-3.085529538452851739e+01
-3.843122144237603521e+01
-2.672460007515177338e+01
-4.073307750658296555e+01
-3.359573937686577949e+01
-4.178473121581995997e+01
-3.743257499969202229e+01
-3.077821684914761491e+01
-3.985347694695161636e+01
-3.726323315596361141e+01
-3.552680710123460983e+01
-3.321752339181698943e+01
-3.521379310678729269e+01
-3.106226694595658344e+01
-3.558816564374211566e+01
-3.038634602184863809e+01
-2.923494108292141647e+01
-3.281614772855801476e+01
-3.152913467671203307e+01
-3.675552559093851812e+01
-4.393221779123847881e+01
-3.603513210753981610e+01
-2.955231565478079858e+01
-2.221454547823394421e+01
-9.190304701293108280e+00
-2.164304873372915594e+01
-2.378332220264981345e+01
-1.954271401024007915e+01
-2.095832887454636051e+01
-2.750198414913012712e+01
-2.598543703216216727e+01
-2.713728005102123575e+01
-2.062825094241829404e+01
-2.068875585282452079e+01
-2.635132064933934615e+01
-2.467705157681955441e+01
-2.642632585277706525e+01
-2.638202135080801725e+01
-3.094057196201726256e+01
-2.441002557538715934e+01
-2.894353446706949029e+01
-2.370152163952995039e+01
-2.845675675348514488e+01
-3.091005351153866698e+01
-1.918195018496023607e+01
-2.345802046272931918e+01
-2.873395367379857035e+01
-2.503574251880406010e+01
-2.160241350123184390e+01
-2.575368303164746209e+01
-2.226220371052881930e+01
-2.150320562450140116e+01
-3.223306987094614584e+01
-1.935778271934471206e+01
-2.227500919559378545e+01
-2.940091142633254151e+01
-2.070051757358037392e+01
-2.467310808726640659e+01
-2.903811999325823479e+01
-2.855095464864601240e+01
-2.774811504751400548e+01
-3.038096037375107628e+01
-3.287831979991199205e+01
-2.288282197680056385e+01
-3.110979182076642857e+01
-2.373612172508008555e+01
-3.106406956970654321e+01
-2.715496874405898708e+01
-2.923287318277135327e+01
-2.629703783636126602e+01
-3.661846186935170522e+01
-2.810717245414392096e+01
-3.094422764406663973e+01
-2.057629804450920830e+01
-3.591386237764436373e+01
-2.687652481365591228e+01
-2.472797171897905599e+01
-2.419508854360504202e+01
-2.772419534841821331e+01
-3.081933425110361924e+01
-2.772377447968926489e+01
-3.257566247900831513e+01
-3.330564244273165286e+01
-2.833290145866900289e+01
-2.524299900520413331e+01
-3.398836338252383626e+01
-3.392763168541302576e+01
-3.283348529548648997e+01
-2.801829473660121295e+01
-2.393644644984859582e+01
-2.496446468349455827e+01
-2.381129611618816710e+01
-2.591524553936325148e+01
-2.296283787256081865e+01
-3.518358913074217753e+01
-2.843835836076798174e+01
-2.694182445864517561e+01
-2.699199564361811099e+01
-2.625393465902509504e+01
-2.547766020266652021e+01
-2.367716886987579272e+01
-2.261603757448922636e+01
-3.152859737609724178e+01
-2.753429743278273634e+01
-3.309181536024483705e+01
-3.951962433072465330e+01
-2.729695916707575520e+01
-3.571146861440997355e+01
-3.251634549061498802e+01
-3.831176141542923830e+01
-4.049830489805246003e+01
-3.987306470157091098e+01
-3.523428948039802577e+01
-4.512642837233268267e+01
-4.397864874063489538e+01
-3.700807475598887919e+01
-4.849564637345687856e+01
-4.500984520488327689e+01
-5.235686632495744419e+01
-4.248986914394811976e+01
-4.085848550785829048e+01
-4.044074679501638769e+01
-3.858331202057416220e+01
-4.953682260297030382e+01
-4.077369145302281339e+01
-4.937824183617554752e+01
-4.557168242998643137e+01
-4.430277134649114146e+01
-3.862181827884865726e+01
-3.175396478436194414e+01
-2.254537335396396713e+01
-2.238868606461987198e+01
-2.470691276303887207e+01
-2.929724369358718405e+01
-3.439871117389174771e+01
-2.016885161791002190e+01
-2.549952811261220376e+01
-2.995754414022222090e+00
-1.746253888213582428e+01
-3.233676863501830212e+01
-3.899278935144945990e+01
-3.437170621063980036e+01
-4.179667255163805351e+01
-3.876137981320217563e+01
-3.694283303135358665e+01
-4.101900815157311797e+01
-2.941015724006708609e+01
-3.486127079606550438e+01
-3.435718899552219341e+01
-2.775924905564427192e+01
-3.124945050937465396e+01
-2.402187201709231701e+01
-3.194337229274318801e+01
-2.966171008954927757e+01
-2.771929486116610164e+01
-3.234102720407709342e+01
-2.314008112332440703e+01
-2.299613845261088585e+01
-2.148992807174322905e+01
-3.300264319411556357e+01
-2.877699291389404479e+01
-2.385456375056832456e+01
-2.818005490310880035e+01
-2.809976230022761001e+01
-2.497931277150094687e+01
-1.437444870475212433e+01
-2.415955847184667249e+01
-2.534779669668449387e+01
-2.354595438504778926e+01
-2.444206202900294755e+01
-2.290468048980033799e+01
-2.557211867275540129e+01
-2.139814057801846658e+01
-2.522832621146229926e+01
-2.002765289974849239e+01
-2.533133415775161268e+01
-2.165979023121296976e+01
-2.408601409594174214e+01
-2.394941732998067963e+01
-2.512868107950088969e+01
-1.435577972058448815e+01
-2.176313818302229208e+01
-2.128393269296960710e+01
-2.639557209329332466e+01
-2.058880262233156344e+01
-2.876756812807938957e+01
-2.443401538682416430e+01
-2.289255476100552045e+01
-2.668025934174155367e+01
-2.089924758976349395e+01
-2.970266849057437852e+01
-1.909553336493256026e+01
-2.144375331215061564e+01
-3.294680531751270536e+01
-2.752784313237814828e+01
-2.333418054330650193e+01
-2.609521756613874288e+01
-3.339567207457618991e+01
-2.375076602831988382e+01
-3.163711242627139697e+01
-2.242510279446407750e+01
-2.422049927951626458e+01
-2.416891835211466955e+01
-3.206089539327764726e+01
-2.798872544888881819e+01
-3.169915864166960517e+01
-2.280812061285637427e+01
-2.762146670626958311e+01
-2.780845784413304855e+01
-2.690164558096559233e+01
-2.395014531593320584e+01
-2.327010400260109435e+01
-3.114927026052267323e+01
-2.740344423781009908e+01
-2.547420429669625719e+01
-2.026219213031623312e+01
-2.248462898198818749e+01
-2.495105919545754247e+01
-2.596574732958888632e+01
-2.112888431074056328e+01
-2.277477563028817897e+01
-2.140131695585021632e+01
-2.485769432161238157e+01
-2.325880349647449208e+01
-2.250919551310087030e+01
-2.300828359216730234e+01
-2.142797727451563716e+01
-2.085921550474386521e+01
-2.316710971606831038e+01
-2.376206360496124148e+01
-2.559686383282386046e+01
-2.423543196187562643e+01
-2.180414264102316935e+01
-2.092696257935462967e+01
-2.382928481284967503e+01
-1.890789445325103912e+01
-2.509719843975225828e+01
-3.292475593024833813e+01
-3.194097917271735909e+01
-3.729164263739497898e+01
-3.428394578828444850e+01
-3.404975183279167794e+01
-3.775112803607321155e+01
-3.611899118830534405e+01
-3.253573279867308088e+01
-3.358305535901728689e+01
-3.108565803483600121e+01
-3.355537059381901344e+01
-3.310515197233657858e+01
-3.006368633599548801e+01
-3.554272453601413417e+01
-3.230772300049662960e+01
-3.694663825481968900e+01
-3.166944854913187157e+01
-3.559937554737490473e+01
-3.661735553958410350e+01
-3.729412651422646974e+01
-3.257993345611757974e+01
-3.571837086710635845e+01
-3.777445347690647992e+01
-3.604060548028532196e+01
-3.576540123511292535e+01
-3.412909881790197630e+01
-3.257275887902218869e+01
-4.075276366303569375e+01
-3.659708028246158307e+01
-3.345041660291408903e+01
-3.993389968882586771e+01
-3.721835033299780804e+01
-3.773114810039596989e+01
-3.344383654353673307e+01
-2.857216441525556405e+01
-3.382946321555944280e+01
-2.253801630516938559e+01
-2.785158796974884865e+01
-2.510954509032971771e+01
-9.316078981360313094e+00
-1.270182286606828903e+01
-1.343520094795546527e+01
-9.415332618548353238e+00
-9.072283479247639448e+00
-2.013343097449054753e+01
-2.202823423845497786e+00
-4.388012818664780212e+00
-1.927626037948927262e+01
-3.882136213652515710e+00
-2.317808590160805693e+01
-1.941836179259688677e+01
-1.955242201423448734e+01
-2.218688432642802155e+01
-2.222329611068480659e+01
-2.249608268534786149e+01
-2.129745909259509418e+01
-1.925660731138222559e+01
-2.375723820674864939e+01
-1.856358794691852765e+01
-1.825668368753147774e+01
-2.047848344353996453e+01
-2.357252015991257821e+01
-1.935170988686834548e+01
-2.007383151504628316e+01
-2.324181090300962182e+01
-2.296318832229289342e+01
-1.883128788575123380e+01
-1.948933635237130346e+01
-2.063927865265473827e+01
-2.222447365995299506e+01
-1.780717923189949303e+01
-2.128904080346482175e+01
-1.858356227189683807e+01
-1.765306064287182153e+01
-1.768885648599540517e+01
-1.867033710823219650e+01
-2.106697491756066043e+01
-2.020947718532119453e+01
-1.990244137641288091e+01
-4.550807244198245449e+00
-1.417286775937988530e+01
-1.460432317056209861e+01
-6.967793601751876231e+00
-7.291372129747170305e+00
-1.898559781515817946e+01
-2.164649296517060506e+01
-1.632820577543320084e+01
-2.174244812093205681e+01
-1.818828190867849770e+01
-2.076931971314896685e+01
-2.440563790011348999e+01
-6.754909615885785534e+00
-2.037854125656459914e+01
-4.527543338437459042e+00
-2.057994425772258040e+01
-2.012582892294319947e+01
-2.077039140287365271e+01
-2.060337851343284754e+01
-2.159262839896575059e+01
-2.159262839896575059e+01
-1.614647283855886428e+01
-1.169369407953851692e+00
-1.929138670173621151e+01
-1.086761457307363976e+01
-3.098855130997939256e+01
-1.892664917855138995e+01
-1.997017440749553430e+01
-3.100740278628634172e+01
-2.184253771806340083e+01
-2.634960772363050907e+01
-3.209141492263339046e+01
-2.205706939218089957e+01
-2.273686906637975724e+01
-3.266317938971864976e+01
-2.269492224494301880e+01
-1.810778010405451965e+01
-3.707076694867826205e+00
-1.939275777550745161e+01
-1.625752329722315181e+01
-1.869392760780520035e+01
-1.806284329654135234e+01
-1.733195357112193946e+01
-1.641286290326495134e+01
-5.473920047471125372e+00
-3.802946203877437981e+00
-8.578819070175175199e+00
-1.835409578165699784e+01
-2.696940982877888615e+01
-3.019983510737296584e+01
-2.057034406969114215e+01
-2.510285861580764433e+01
-2.117948667260149875e+01
-2.127760304015697201e+01
-3.086397579764926036e+01
-2.719144065611257588e+01
-1.171398307630733093e+01
-7.165845516352483457e+00
-1.552333655982610949e+01
-1.890884735883033585e+01
-1.823571668762774678e+01
-3.570712396309787806e+01
-1.895377832404437868e+01
-2.259625326852036054e+01
-1.730526048626142455e+01
-2.102324453389606873e+01
-1.053203771249106069e+01
-2.289842244986690645e+01
-2.168558262513785806e+01
-1.655715378480577371e+01
-2.956117244384236642e+01
-6.471498040804191554e+00
-7.327299951182695281e+00
-1.022454372426822289e+01
-2.076864773318629531e+01
-2.554757117639379160e+01
-8.870310086309556752e+00
-1.923816697588582514e+01
-2.815784965779973703e+01
-3.355555285151312006e+01
-1.922266766154061202e+01
-1.186568519894417228e+01
-3.054060395964148711e+01
-1.865574949737996135e+01
-2.177030283545416367e+01
-7.569669245055308693e+00
-3.872681939255813610e+00
-5.168472576380787054e+00
-4.029077941590420764e+00
-1.529288540771499427e+01
-1.138919158901829931e+01
-1.289833417717333397e+01
-1.943415868417737613e+01
-1.443503511444463427e+01
-3.367788307793059488e+00
-1.446022178680639847e+01
-1.125709430622051421e+01
-7.847262453764578538e+00
-1.913311851125089191e+01
-1.981567480644816825e+01
-1.618317000561418695e+00
-4.104386351675739952e+00
-6.083321918369057890e+00
-5.934773452085998713e+00
-1.532961987788001856e+01
-1.473791397502389344e+01
-3.683199368086379266e+00
-1.887742627364143289e+01
-2.460603692060742276e+01
-2.485996606731421110e+01
-1.324478284955328888e+01
-8.839151930998857765e+00
-1.365082230082198400e+01
-6.633709491999976393e+00
-4.973869151966741953e+00
-5.352329585555335889e+00
-1.878593843485713322e+01
-1.938781899186338720e+01
-2.837389197231275517e+01
-3.374806952675885707e+00
-3.356732741781617069e+00
-5.250634923650462582e+00
-2.053909093576541167e+01
-1.699408474789590429e+01
-1.288932231014476315e+01
-1.955723219376293898e+01
-2.782056101836689521e+01
-2.240305492120179309e+01
-1.540793862328303732e+01
-1.201381213531926306e+01
-1.115141940941705201e+01
-4.759861614118567452e+00
-4.823776562206098184e+00
-3.195834052514131773e+00
-7.314984759633778033e+00
-5.475806919167556686e+00
-7.315652370975282537e+00
-2.011987284410011867e+01
-1.832403926191587828e+01
-7.843591765964578855e+00
-2.099592532615059781e+01
-2.093639384918931867e+01
-1.687618583289816954e+01
-2.172616224341233959e+01
-1.420280042150077193e+01
-5.386322536387250892e+00
-1.725058023746226255e+01
-2.348588211937798320e+01
-3.388428064217252711e+01
-2.015692776355447080e+01
-2.329489887700268369e+01
-8.887996895620034365e+00
-6.098409141111432952e+00
-5.294453984307582850e+00
-2.228200085666292463e+00
-8.712194317252190956e+00
-9.557024369251340801e+00
-1.330737795299549475e+01
-1.531688564450746881e+01
-2.196901819734904393e+01
-1.143797167153665839e+01
-4.236435571928470090e+00
-4.877993080163987472e+00
-6.947098951569441461e+00
-1.450404743578790168e+01
-8.101186228445204307e+00
-7.048251863734491529e+00
-1.639087093700259734e+00
-2.032091011154127713e+00
-2.999999999999999889e-01
-1.888577108512041969e+00
-1.417584463580922272e+00
-1.396759364976383422e+00
-3.029062764895023907e+00
-1.981003896526276176e+00
-2.715777300232096181e+00
-1.873967832167800651e+01
-1.964611363978512770e+01
-1.441796484081980267e+01
-2.048941248528876358e+01
-1.298704354119133875e+01
-2.994197452711328111e+01
-1.547046025619658849e+01
-1.755026668870371864e+01
-2.899241892978054125e+01
-1.245284219579896678e+01
-1.121025488631058487e+01
-1.496397864511307851e+01
-1.715990466235742318e+01
-1.190054465994880495e+01
-2.883648877932115795e+01
-9.253050299161687420e+00
-1.228075599851090693e+01
-2.999999999999999889e-01
-2.151802913809973816e+01
-2.577314086784021185e+01
-3.398394598659977817e+01
-2.455237016999017996e+01
-1.244343496403079818e+01
-4.926812436027134368e+00
-2.237880536494039774e+01
-2.973139400996035420e+01
-2.640562413468686032e+01
-1.762437588948486678e+01
-2.076764275473643906e+01
-1.340282036587110781e+01
-1.244200187252758028e+01
-1.597905364555670360e+01
-4.768207545477404885e+00
-2.656596876416023179e+01
-3.611337962667300872e+01
-3.825328069767103045e+01
-1.629042077002099376e+01
-1.060635079042086559e+01
-3.243280305487596138e+01
-2.339376407789620771e+01
-1.343673607836234929e+01
-1.083528131664564498e+01
-1.942903344269905830e+01
-1.079518997108388767e+01
-8.927321318236913328e+00
-2.087545840990964052e+01
-2.016376565503282237e+01
-2.762194521945448855e+01
-2.533384432582719015e+01
-1.620974975051455758e+01
-4.590730977841767668e+01
-2.015512512980383164e+01
-1.488441752879877988e+01
-2.950338207057627926e+01
-1.909636642308537091e+01
-2.155353772368197696e+01
-3.240470764630381950e+01
-1.792741478305458003e+01
-1.566791064077805729e+01
-2.414090881702715663e+01
-4.127757189078012701e+00
-5.203983120535756512e+00
-5.527263624285872368e+00
-9.174067539710534902e+00
-6.748242766752365895e+00
-7.039271791955162172e+00
-1.781648721097160148e+01
-2.459683494413411253e+01
-2.999999999999999889e-01
-1.972761290277535551e+01
-2.161061006456599287e+01
-4.215460097075464319e+00
-1.831048381907025657e+01
-1.133839469684184920e+01
-1.838677337066361162e+00
-2.458626609845939015e+01
-3.636702933239273250e+01
-3.196977039038441148e+01
-2.016490683752349966e+01
-2.999867036187217906e+01
-1.252624666638960527e+01
-2.124029934509912820e+01
-1.580156700956539240e+01
-7.910079739694888090e+00
-1.849333843962695667e+01
-1.291171664622513404e+01
-1.055454698044548500e+01
-2.059709846777300157e+01
-1.874205400895850815e+01
-1.543198129219118186e+01
-2.050004426063754792e+01
-2.992813490386949127e+01
-1.614977741679672363e+01
-1.913357091217120498e+01
-2.008181772045935176e+01
-1.309637441247660483e+01
-2.271591139117365543e+01
-1.626158893659961890e+01
-1.477313916596087395e+01
-1.337798260568903075e+01
-9.497550554701176040e+00
-2.999999999999999889e-01
-2.028660445816178282e+01
-1.368925149526072005e+01
-8.790698517485658670e+00
-1.847257016907999727e+01
-1.962740660294369377e+01
-3.130442237415521944e+01
-1.884422284903565981e+01
-2.081748951178828833e+01
-3.580073904008315822e+01
-1.787600130120105391e+01
-1.437250870941241487e+01
-1.733412750542387926e+01
-1.767708120642863889e+01
-1.018837647369849364e+01
-6.574186322564610663e+00
-1.779814875410310648e+01
-2.135470578972465461e+01
-8.027066478012272910e+00
-2.157697870283291408e+01
-2.573120799487896093e+01
-4.213297293942230226e+01
-1.720422025329818894e+01
-1.662784721720467473e+01
-2.532477070048793522e+01
-1.015451311117030642e+01
-1.234386391637946723e+01
-7.090307133798372519e-01
-1.901951917364201705e+01
-1.161559100501071384e+01
-1.317998079306585169e+01
-1.872067692476252532e+01
-2.099009446291027459e+01
-2.723194685308714469e+01
-4.934558597008465775e+00
-4.797685715672192153e+00
-2.306271738482077449e+00
-2.298484338439300956e+01
-1.188678424762284536e+01
-3.818429286354221830e+01
-1.748384808154577641e+01
-1.169537605228930133e+01
-1.766575598811227366e+01
-1.611063064481099261e+01
-2.081476825738820580e+01
-1.972471485540539149e+01
-1.767445717107590752e+01
-1.267281557759960720e+01
-1.456661268797397746e+01
-1.865803007352727150e+01
-2.348721608389083926e+01
-2.608167409116148150e+01
-2.112579819962197547e+01
-2.640927024243192633e+01
-4.971596477437273620e+00
-2.337306236760889178e+01
-1.616851347213949808e+01
-1.294539699187348525e+01
-9.172712864361599827e+00
-6.047471439645746294e+00
-2.999999999999999889e-01
-1.955677816123641222e+01
-1.560492514745495285e+01
-3.173798207975692520e+01
-1.829724468480426225e+01
-1.227420115633315589e+01
-3.321341499693351551e+01
-2.409076470259339331e+01
-3.269344064481588674e+01
-4.280755778978075909e+00
-1.879184592620040917e+01
-1.203560677922778055e+01
-1.427857272455817395e+00
-1.978582151678498846e+01
-1.421382229694443566e+01
-1.452916652435000344e+01
-1.959089648163461561e+01
-2.598526961286415826e+01
-3.694420511008135577e+01
-1.859670787115330626e+01
-1.703973265721108987e+01
-2.691724373985834262e+01
-1.510738074089513994e+01
-2.126694855702446674e+01
-2.746023228419185003e+00
-1.575882413379206604e+01
-1.411869240746452725e+01
-7.121629219083539297e+00
-1.806338879936139818e+01
-2.302460991333095564e+01
-8.419160752354652999e+00
-2.001596654678011689e+01
-1.611990961717072679e+01
-3.365166941695864722e+00
-2.245524298934943630e+01
-2.018746873791078045e+01
-4.402687120989028813e+01
-1.811959738564555877e+01
-1.244312745129090558e+01
-1.330989517053063764e+01
-2.378930758345301655e+01
-2.633220870926706425e+01
-4.194800853696274601e+01
-3.983349654110846405e+00
-4.263891949349198462e+00
-1.008122799523827773e+00
-1.989539287523129474e+01
-2.301235897943918118e+01
-3.410407665135978306e+01
-1.856329426672676064e+01
-1.664143371188481879e+01
-3.553786181172048941e+01
-2.537805982475752131e+01
-2.382117542590163950e+01
-2.455723009440524152e+01
-2.220796622506090756e+01
-1.566434850899888964e+01
-3.874351502710791095e+01
-2.163400273526033857e+01
-1.462917216870932791e+01
-2.870216319651090586e+01
-2.495287131204549169e+01
-1.543413236492152762e+01
-1.710270774310274078e+00
-2.401258350627568561e+01
-3.467269788868382108e+01
-2.807930376628208080e+01
-2.536080618918303742e+01
-2.829450313595321731e+01
-1.495907662128809967e+01
-1.900783994939470745e+01
-1.703484310905751542e+01
-3.465741262303085435e+00
-2.255452885746170111e+01
-1.418949591574048519e+01
-3.208234045047770167e+01
-2.250236319078337388e+01
-1.497475174546133836e+01
-2.677893872643934969e+01
-3.376389804069559020e+00
-3.190124097767668587e+00
-2.999999999999999889e-01
-2.477620856003780503e+01
-3.334066446875623058e+01
-1.795978920436591864e+01
-1.604782565088336099e+01
-2.003226599780833084e+01
-8.112040507349052021e+00
-8.730681729905832356e+00
-9.483235504476436262e+00
-1.432593129374717833e+01
-2.544871761466794169e+01
-3.293388933971449006e+01
-1.948030858883485550e+01
-1.624909198208193573e+01
-2.037413719476758089e+01
-6.427538529880092000e+00
-2.003428842116840514e+01
-1.548541757098200122e+01
-3.563063212930149604e+01
-2.131692257240582933e+01
-2.212942961134226749e+01
-1.505038560459857599e+01
-2.728617790193797532e+01
-1.364622559315495920e+01
-3.181515419192807315e+01
-1.632687874075351786e+01
-1.981158555309430724e+01
-6.596180784418526954e+00
-1.967841213690213209e+01
-2.389596873148321166e+01
-2.084904164845898933e+01
-2.236712355709124722e+01
-2.719261609581108630e+01
-6.268208637359425239e+00
-2.119474068033735747e+01
-3.003462969741189426e+01
-2.220946099446448585e+01
-2.294488533630194738e+01
-3.174566760898153106e+01
-1.200752696101169015e+01
-2.462644086814057331e+01
-3.036154640670037708e+01
-1.573915750434658634e+01
-1.972434290282145497e+01
-2.185190852192974020e+01
-3.661959839702443276e+01
-2.013563871811549788e+01
-2.284642040058774626e+01
-3.013866520694202222e+01
-2.911132592291437859e+01
-2.146803893061476742e+01
-2.933408545889362529e+01
-2.786242157005125719e+01
-3.470217917002868546e+01
-1.344030910653242650e+01
-2.388991040732363302e+01
-2.410154544433570578e+01
-2.730710889396013030e+01
-2.160450141594921547e+01
-2.393429640804394865e+01
-5.534426450865367997e+00
-1.474816114994174931e+01
-1.350964646679708991e+01
-1.495416693972718214e+01
-1.982513667623465636e+01
-2.492973828453692420e+01
-7.721551379620912314e-01
-2.651808306865497400e+01
-3.338818038290325774e+01
-4.226769612736786286e+01
-2.021924418400819334e+01
-2.972586098167722923e+01
-5.931469223308880601e-01
-2.663200406882618765e+01
-3.908913134206378004e+01
-2.369128098931929927e+01
-2.113952002301206079e+01
-1.429612330410371968e+01
-3.105617210696242836e+01
-2.103354516223780379e+01
-1.452731288398126708e+01
-3.530963220974701500e+01
-1.809138453022549342e+01
-1.014993459172874779e+01
-2.643565797395014272e+01
-1.978374981853462344e+01
-1.910165095459752393e+01
-2.467472284037051367e+01
-1.958195022140377972e+01
-2.553625733232557593e+01
-3.163555538128309763e+01
-1.971648223237253461e+01
-1.328705266853976319e+01
-4.151602713239809006e+00
-1.832760511168386230e+01
-1.581022710547838450e+01
-2.053221991173867167e+00
-1.995716963317425652e+01
-2.251960222769680087e+01
-2.180255724022463326e+01
-2.190737822851160743e+01
-1.460178696898311301e+01
-1.914487765794144281e+01
-1.819812588266404418e+01
-2.635050987684362767e+01
-7.069043201103459850e+00
-1.340968097190778607e+01
-1.260116033240978162e+01
-2.438814590149209494e+01
-1.788123216499994328e+01
-1.182089370288249519e+01
-1.709644731700882758e+01
-1.911378194413185838e+01
-2.063871354048168527e+01
-3.210361636897468429e+01
-1.853017368765831918e+01
-1.622104110730357718e+01
-2.727029654438538131e+01
-1.202711317480930475e+01
-8.090540677900978750e+00
-2.126162143838888241e+01
-1.902746213408180864e+01
-1.158260625666159527e+01
-3.441929383353253158e+00
-1.842518878815016592e+01
-2.369519213013941794e+01
-1.854664933968450313e+01
-1.618171368558860834e+01
-1.279023348421673845e+01
-7.161053752416790985e+00
-1.068147039073541116e+01
-6.196769273605610806e+00
-5.231670098410654113e+00
-1.745716412171957188e+01
-1.958477421427565091e+01
-2.454447743158323902e+01
-1.853578248206890677e+01
-2.311201782009039363e+01
-8.353389517479140380e+00
-1.166841061178009653e+01
-9.826314459319839045e+00
-1.346710812895259402e+01
-1.798196269162809813e+01
-9.550859816634444499e+00
-2.555132306084431804e+01
-1.126406363409758882e+01
-9.651301929463455664e+00
-2.035452041345009278e+01
-1.932847917823814043e+01
-2.573626946425693518e+01
-3.439435799605752209e+01
-8.960844163264148676e+00
-8.365038697878993901e+00
-5.095913347207108757e+00
-8.718011447602629360e+00
-9.569131266929739255e+00
-8.215856935586414167e+00
-1.413131788008274370e+01
-1.384301578262941668e+01
-1.984839530789034967e+01
-5.172253669621730054e+00
-5.203747904998405893e+00
-2.998917479290837296e+00
-8.240312583137891167e+00
-9.410931754109983061e+00
-1.190648022572110065e+01
-1.838664124633064745e+01
-1.832397918469839837e+01
-1.527637313542822106e+01
-9.033999945865735626e+00
-8.978887868772774894e+00
-1.456565728264233606e+01
-1.134592127583717769e+01
-9.849352502982126722e+00
-1.938803871051787198e+00
-1.802639029727209774e+01
-1.174892904979404129e+01
-1.304545692604135176e+01
-1.751367359962691239e+01
-1.114419491899499981e+01
-1.575116396972125443e+01
-1.862296458786734021e+01
-2.612313147501970789e+01
-1.669962841872099801e+01
-1.551458079847381200e+01
-2.244340304387034735e+01
-6.617288552670482105e+00
-1.222660734361902257e+01
-1.383863178148416218e+01
-3.965531028765747479e+00
-4.016772872214894541e+00
-3.749356589279447149e+00
-6.632686717242584074e+00
-4.017750417886167824e+00
-2.878026366196525299e+00
-4.494535663193185648e+00
-4.851798160681214611e+00
-2.961341746755881132e+00
-2.497381111839521051e+00
-9.331729055905379155e+00
-8.721694010734603708e+00
-1.130627123426972069e+01
-3.179749647081368202e+00
-2.997430915642917970e+00
-6.068376352563937814e+00
-1.303799259669860255e+01
-9.048795331213501214e+00
-2.042571258864838413e+01
-3.856260458949645198e+00
-3.293202639608381332e+00
-1.613873461256877473e+00
-5.214364577687463864e+00
-6.316452457709138990e+00
-7.644771221382951509e+00
-4.013880720651097356e+00
-5.531517073591460054e+00
-6.005513120476157596e+00
-1.997124455303328361e+01
-1.739169789470506444e+01
-3.152677445323004690e+01
-1.323433143768201070e+01
-1.944868947366250467e+01
-1.683070920430589723e+01
-7.486850949705966762e+00
-7.817839194680776593e+00
-1.760975775595252202e+00
-1.426211587909493517e+01
-7.902994057604955103e+00
-1.629439388513650755e+01
-6.916780736409933183e+00
-8.649466566835711134e+00
-1.979219546569579435e+00
-1.206534670414543520e+01
-1.323655023869060798e+01
-7.598849632465699777e+00
-1.860380043442854969e+01
-2.302664026889786086e+01
-3.446218376653031612e+01
-5.636575663749109566e+00
-3.601521297799503252e+00
-4.055503566624693690e+00
-1.736503919526619555e+01
-1.327748846692291806e+01
-1.903528076440146322e+01
-3.668608948252662039e+00
-3.442994853577399095e+00
-6.867032178248470231e+00
-1.311126785622118618e+01
-9.829310481437190106e+00
-1.415344493568765216e+01
-1.451356906850630502e+01
-1.966375886602241962e+01
-9.990592322506458345e+00
-1.736698663164671785e+01
-8.799835795502646718e+00
-1.704920462804215475e+01
-6.908664816628220073e+00
-3.560546609295139220e+00
-7.171250667641770882e+00
-1.546902673628935787e+01
-1.612951045562294894e+01
-2.893671896689575362e+01
-1.674637830609707478e+01
-1.075862300260672200e+01
-2.811919957821069360e+01
-1.594506337043410582e+01
-1.799833355125458922e+01
-2.639853995277048782e+00
-1.917647754897240375e+01
-2.769518662945816700e+01
-8.817776185236924746e+00
-1.972072817526240129e+01
-1.962515421574482843e+01
-1.809831077780041397e+01
-5.984200835294776866e+00
-5.089985351690675230e+00
-5.878635240855388133e+00
-1.834315448006383065e+01
-1.348179360679916883e+01
-2.549996067446329562e+01
-1.959329682201512313e+01
-2.734593732124147891e+01
-3.107724048453273014e+01
-2.008408089229293481e+01
-1.234643515619912968e+01
-3.850711956416937198e+00
-2.282255810928263529e+01
-1.641317107380397289e+01
-2.045120024737895648e+01
-1.919502940230501409e+01
-1.705936687764218362e+01
-1.738341663105036616e+01
-1.969081463839078694e+01
-2.085115673283064908e+01
-2.694542270756854663e+01
-1.898892523533991294e+01
-9.768934303651171547e+00
-1.454115778952062499e+01
-1.907396613150890374e+01
-2.685875026521083342e+01
-1.585674549082622065e+01
-1.795251832206101028e+01
-1.485453564474190458e+01
-5.341322821811230526e+00
-2.148813357440846872e+01
-1.769060790429588792e+01
-2.212157300492709666e+01
-1.804031780947080676e+01
-2.493901843133824059e+01
-2.733649071703629474e+01
-1.499832481730612344e+01
-1.876965343492858551e+01
-2.821703022255125148e+01
-1.903713012599845555e+01
-1.819419073979027957e+01
-1.553027363127182525e+01
-1.998323039173545368e+01
-1.734930069704784472e+01
-3.980206408248758976e+01
-1.937278946219143094e+01
-2.593949118876903270e+01
-1.559056960663163061e+01
-1.612769660631087731e+01
-1.743625340499928811e+01
-6.282860002633890772e+00
-1.864050834155949943e+01
-2.350155330317643987e+01
-8.434869126926722416e+00
-2.073781084551607989e+01
-2.401464615874320430e+01
-1.634376303860236845e+01
-1.862246677820421681e+01
-1.482216705709152649e+01
-8.340474797603405932e+00
-1.893025151734148182e+01
-1.439424450640041186e+01
-3.590319636265323311e+01
-1.750582291095080478e+01
-9.715526168376708682e+00
-2.969096904631955880e+01
-2.056248134243439196e+01
-2.881100091604294988e+01
-1.375908569470993825e+00
-2.107460846480287842e+01
-2.713367866568150788e+01
-2.507938512930316932e+01
-1.949682673899036800e+01
-1.972257770098626395e+01
-3.339725046452667812e+01
-1.978271535038251727e+01
-2.485179701422314125e+01
-5.605751433931084549e+00
-1.938092491921553773e+01
-2.698133194528638512e+01
-2.922664978892885301e+01
-1.646328050348362737e+01
-2.409933593674315588e+01
-1.973958244188752076e+01
-1.861661788553472263e+01
-2.053485932038815065e+01
-3.394848687955196453e-01
-1.971932779480379239e+01
-1.433815216442510021e+01
-3.134631302510947393e+01
-4.959718258061478480e+00
-6.018200077428725869e+00
-7.454588880974206688e-01
-1.762127386230065795e+01
-1.725615806340300296e+01
-2.461053460469247867e+01
-1.976618656748287606e+01
-2.743439859545507886e+01
-2.468328700975456513e+01
-2.169548649076246605e+01
-1.836351024720156389e+01
-3.104901469707254336e+01
-1.829355384408585294e+01
-1.080100410959279955e+01
-1.842473499870140330e+01
-2.056879386341933369e+01
-2.407116520488043321e+01
-4.046309977469062602e+01
-1.854817332263262841e+01
-2.256841044667850582e+01
-1.068462054296980668e+01
-1.950303196323209320e+01
-1.904896756261840451e+01
-2.695030372328368173e+01
-2.103439244913354500e+01
-1.497551560348233934e+01
-2.486845603736921717e+01
-1.946940923680995184e+01
-2.346786690576827894e+01
-1.835460727891965149e+01
-1.841584968921849708e+01
-1.630331633780730627e+01
-2.935081218436450712e+01
-2.189622360115027178e+01
-1.283417337285523097e+01
-1.351517400752413423e+01
-2.224376490334880074e+01
-3.257232028070083629e+01
-2.625303329477441849e+01
-2.097101089231261284e+01
-1.085372983538997715e+01
-1.943784582519662862e+01
-1.919657121107976394e+01
-2.601248605715783668e+01
-3.711512284389728222e+01
-2.043456305135406836e+01
-1.418998278756345144e+01
-2.249674107738223938e+01
-2.021927893515722729e+01
-2.190855668389341915e+01
-2.404665216683277151e+01
-1.755996590355109888e+01
-2.538607512376422193e+01
-1.452480612872884436e+01
-1.956698498206717929e+01
-1.349363619994890229e+01
-3.456154321817606956e+00
-2.099192026241338027e+01
-1.399845486004108963e+01
-2.421301960829809730e+01
-2.130693531239638006e+01
-2.340499787597772041e+01
-4.176417784602137573e+01
-2.130811433400078769e+01
-2.202583596666545418e+01
-1.786239259211936314e+01
-2.341545600624508339e+01
-2.881586639348467926e+01
-3.069361010565625847e+01
-2.420966561548379659e+01
-2.314812619772805391e+01
-2.680176416746949286e+00
-2.174998343724688254e+01
-1.227096627038424614e+01
-5.777123498954942704e+00
-2.126784224830578296e+01
-2.320934635585912531e+01
-6.182122139217389289e+00
-2.139325528647701447e+01
-2.175458560436702626e+01
-1.655536628912729924e+01
-2.242535896336166346e+01
-1.913004513919138105e+01
-4.028558930096630064e+01
-2.279533900229069587e+01
-1.643697508664649831e+01
-3.487842379125861925e+01
-2.221520999019402964e+01
-3.172607933827348603e+01
-3.429548749838311750e+01
-1.928721579660839325e+01
-2.181575986311955262e+01
-2.861841144873297083e+01
-1.247518247465558794e+01
-1.202591547149041951e+01
-2.418657263118417688e+01
-5.186284760501055580e+00
-6.913691958939319981e+00
-4.931412849188814285e+00
-4.331780858043712712e+00
-4.831443348570216401e+00
-6.941029691620556719e+00
-9.658699845876643764e+00
-5.251613779303918150e+00
-8.520810441788622569e+00
-1.849134782716227932e+01
-1.554939069136823804e+01
-1.260023330463168101e+01
-1.866613977343507003e+01
-2.553281737013872643e+01
-2.999999999999999889e-01
-3.186241251511095385e+00
-1.678877018983946368e+00
-4.996926629947778586e+00
-2.473841053847076754e+00
-3.615473435351671760e+00
-3.198957236060760323e+00
-4.643385229626908917e+00
-6.081074971135262963e+00
-7.246071535903496397e+00
-2.998231044132852574e+00
-2.680953219846509139e+00
-2.858970472492448067e+00
-2.876278000156152093e+00
-3.904785296530787875e+00
-2.356233258274067044e+00
-4.167009106676977659e+00
-6.135691604189914550e+00
-5.351758548336298382e+00
-1.467547447494293600e+01
-7.354021332265085142e+00
-2.165679267001970842e+01
-1.961476160105785738e+01
-2.087496309388036408e+01
-1.953099473521913154e+00
-2.286849811514859354e+01
-3.363012404123118415e+01
-1.103040491080343877e+01
-2.023352870720276542e+01
-1.192433553892746723e+01
-2.463860327861211275e+01
-2.165642003040706243e+01
-1.652488137179836158e+01
-1.417701490905551509e+01
-1.869142891811054596e+01
-2.116464004017721834e+01
-3.349571512608522994e+01
-2.133567530864066342e+01
-1.591772015557177333e+01
-3.308901069495428970e+01
-1.941008941190025894e+01
-1.632409761235455647e+01
-1.127349883321159041e+00
-2.066029205455225437e+01
-2.641596961324006898e+01
-3.113872575285621380e+01
-2.287149620470994194e+01
-1.867744366528410538e+01
-6.690890011399119430e+00
-2.091260488802457829e+01
-1.726678360158830117e+01
-3.699436581395968915e+01
-2.516136124996024037e+01
-3.629879954079376603e+01
-2.790658482355593861e+01
-2.366050643786894980e+01
-1.280894835026007250e+01
-4.355287524077045447e+01
-2.353198263123488232e+01
-1.194110602954731704e+01
-2.180626379156055705e+01
-2.364878818166716101e+01
-1.357937189613563156e+01
-4.232033518032343977e+01
-2.036250581833864004e+01
-2.755694090068793400e+01
-3.670425715814197076e+01
-1.951402367943628846e+01
-2.168483919041750951e+01
-2.754758305143746355e+01
-2.252224915069536237e+01
-2.598921907885519289e+01
-3.744758859648257499e+01
-2.206980052439319095e+01
-3.021516713538783350e+01
-1.848689968398397099e+01
-2.018562493013518377e+01
-2.993996699608006651e+01
-1.208816890581579884e+01
-1.877203097168135670e+01
-1.012113848027117413e+01
-5.375244135253572253e+00
-1.938909434769579221e+01
-1.131626330789912771e+01
-2.999999999999999889e-01
-2.029423924468872542e+01
-2.131148981437132406e+01
-1.148096205909750189e+01
-2.001694775473323418e+01
-2.253278413006940539e+01
-1.588789412296644699e+01
-6.850508744974827202e+00
-8.176108124480359507e+00
-5.913784709590386157e-01
-2.342777829012336355e+01
-1.367777575238807941e+01
-9.990054618572431266e+00
-2.019305109586432678e+01
-1.073840388757804476e+01
-2.497571358952960452e+01
-2.472292752101245839e+01
-3.096624925403357054e+01
-3.444965441322401745e+01
-2.259047932159379357e+01
-3.222047048582688689e+01
-2.586428273060193916e+01
-2.167331822699196309e+01
-2.024793841218408730e+01
-2.345405429680487686e+01
-2.028586024206367711e+01
-1.318329797635997025e+01
-3.000751043072167334e+01
-2.238738958290634784e+01
-1.678197330760795225e+01
-1.582135728272294273e+01
-1.899989560443776426e+01
-2.513158354024394825e+01
-3.286832570275173282e-01
-2.306371336850274290e+01
-3.028843059416812622e+01
-1.062213910852071130e+01
-1.833136575194140505e+01
-1.571871882145499377e+01
-2.260867448896628318e+01
-1.804337605179404846e+01
-1.759406394295613296e+01
-5.689673602391900786e+00
-2.266844490064183404e+01
-1.757276649797298518e+01
-3.441736415989474551e+01
-2.112177279372141214e+01
-1.212071142026806037e+01
-3.361956592567295132e+01
-1.862071117960600830e+01
-1.088437076402724912e+01
-1.057991613923637964e+01
-4.250516904787807526e+00
-4.821658131663322244e+00
-3.537116201989925379e+00
-9.647900334629062158e+00
-1.375811235044804270e+01
-1.302715271336394487e+01
-1.084173932544238994e+01
-1.166996973809198224e+01
-8.198692962899375658e+00
-1.863502906863660513e+01
-1.959522883816123340e+01
-1.620345637026168362e+01
-7.508701296416298021e+00
-6.216530914735164615e+00
-1.378246128954991079e+01
-3.429030652409722268e+00
-3.112236497529710100e+00
-2.485911401071806637e+00
-2.820706229485572702e+00
-2.243817955797336339e+00
-5.159409472414195896e+00
-2.297418389668144378e+00
-2.984013473267824956e+00
-3.084212682827196517e+00
-2.532248255421468919e+00
-1.486086287384147830e+00
-2.415911602662905722e+00
-2.958040633624229532e+00
-2.285115487654374444e+00
-4.611542432515490120e+00
-3.109154479018971795e+00
-2.533175503175919996e+00
-4.835290224918957769e-01
-1.919831117880529803e+01
-2.611139740928513575e+01
-3.252587098477710725e+01
-2.096002732242960676e+01
-2.154653217020855749e+01
-1.863579312134524457e+01
-1.813057378365719430e+01
-1.258670414804450388e+01
-2.287992917959986272e+01
-1.194385101018113815e+01
-6.340877650971397550e+00
-1.163007639628197332e+01
-1.820448830930040529e+01
-2.001372686919499699e+01
-7.064849882932062286e+00
-1.839030782087684202e+01
-1.846873070035360342e+01
-3.629878842727540444e+01
-1.996664034055690706e+01
-1.111139358722816795e+01
-3.089054730607107047e+01
-1.929062421055256848e+01
-2.824031442200681852e+01
-2.659270121172232848e+01
-1.911953746293250944e+01
-1.860145376185607446e+01
-2.390909590717374300e+00
-1.850590936888310978e+01
-1.278240471717015225e+01
-2.816686487904038216e+01
-1.914831610249623495e+01
-2.269828747808444547e+01
-1.785511724454138971e+01
-2.026127637628986378e+01
-2.183587669667120679e+01
-1.955610505675822353e+01
-1.817482137155755240e+01
-1.102852439433696752e+01
-2.999999999999999889e-01
-1.910461785199743190e+01
-1.521668827734151463e+01
-9.542345686812312877e+00
-1.846121545529328500e+01
-9.637413250538429565e+00
-1.642133297459313468e+01
-1.867119121561218975e+01
-2.337413490652917147e+01
-8.600769459770365444e+00
-1.170923447530539718e+01
-1.424646521153914946e+01
-6.303200466336707386e+00
-1.276653541662892977e+01
-1.037659848032359911e+01
-5.549159766288874529e+00
-1.303779984108091128e+01
-1.238650180515979038e+01
-3.484180296658312415e-01
-1.846759467287152034e+01
-1.976808616206518820e+01
-1.351904088697454753e+01
-1.752199601629842718e+01
-1.475023640972042926e+01
-1.339479718917260698e+00
-1.224912860927593528e+01
-6.279520708656943562e+00
-5.583657511914522864e+00
-5.498626024849523120e+00
-6.156169091905058899e+00
-3.654107838141235298e+00
-6.994368957906557327e+00
-1.035744695810120497e+01
-2.207210386989694406e+00
-2.230250512677838870e+01
-1.925973755783300589e+01
-2.864767884843465851e+01
-1.772971066256965145e+01
-2.157467250875843945e+01
-2.130408367097235356e+01
-1.686757024960693485e+01
-9.927828131763501318e+00
-1.390845037363679815e+01
-1.986382000228617883e+01
-2.641880804489716539e+01
-2.749295089140641579e+00
-3.405973770479753249e+00
-4.648506098862320357e+00
-6.685835120705243995e+00
-1.700359879757004578e+01
-2.178057398551310797e+01
-3.025245810011452008e+01
-1.815887970065418955e+01
-9.429432298436919879e+00
-1.563700258744773208e+01
-3.186529473143534741e+00
-2.410347193508923347e+00
-2.184193778351172455e+00
-1.859328595126872230e+01
-1.769799310305719331e+01
-1.464344124985036721e+01
-1.235614219145395687e+01
-6.774695572896069606e+00
-9.351797915680439388e+00
-1.889581814330901111e+01
-2.004126446593077659e+01
-1.597155259938571348e+01
-6.171344349927213813e+00
-4.645982328052177479e+00
-1.087867622125060052e+01
-3.592163650530758368e+00
-2.331630584034403597e+00
-4.641263825287097688e+00
-2.100337552028567956e+01
-1.323746052651241989e+01
-1.790256295274281229e+01
-1.667924383655932630e+01
-2.205461587293113368e+01
-9.587633010580010051e-01
-1.781900237106780693e+01
-1.821492769717439941e+01
-3.738916879002511351e+00
-4.113054526155065282e+00
-4.278939722649341526e+00
-2.092919419729569963e+00
-1.429179973698816575e+01
-2.053906642221684109e+01
-2.020403037272182090e+01
-2.698156485596982179e+00
-2.728777944928128196e+00
-2.184824018943164248e+00
-1.826294190993364097e+01
-1.671642330994862746e+01
-2.091423800466812111e+01
-3.618919590213101056e+00
-3.020177398520035972e+00
-5.907880517981388024e+00
-9.948862215670439824e+00
-1.019173245473676204e+01
-1.429230976683417964e+01
-5.420225041666107302e+00
-7.329508571183915855e+00
-2.639667086085963899e+00
-4.662547024799485129e+00
-4.619918545916694264e+00
-8.387090752018846018e+00
-8.387009474199249581e+00
-7.420522016460090242e+00
-1.053249492678948052e+01
-1.954160400278232146e+01
-2.424842282746859468e+01
-1.445230676927544344e+01
-2.020758462006761036e+01
-1.841569862153826520e+01
-2.345875251951254015e+01
-1.800362974513414471e+01
-1.836788710407156699e+01
-3.238692087886606430e+01
-1.903190085444743218e+01
-2.584379008714689263e+01
-1.411782375325293160e+01
-1.913448048447690653e+01
-1.726154745720304717e+01
-1.002994494159322159e+01
-5.498781631183815577e+00
-8.173890883784741490e+00
-6.710204553086558832e+00
-1.391709534820788896e+01
-1.336485598149858767e+01
-1.158344098915890008e+01
-1.339871706934258455e+01
-1.827696867794461610e+01
-2.546889573505429638e+01
-1.826982735385587375e+01
-9.565714253749064255e+00
-2.568939361969567514e+00
-1.348132395178738463e+01
-7.479659147282948339e+00
-1.500923041227117061e+01
-3.510570802759456210e+00
-4.127373199760429934e+00
-8.802550995861859739e-01
-8.262381280757777446e+00
-7.785867309612400256e+00
-7.903691020785981181e+00
-6.977807333021380565e+00
-4.923916041123035825e+00
-5.574468050211541126e+00
-1.270938412502130177e+01
-7.760060231436815670e+00
-5.327857244516039259e+00
-4.381963604697860504e+00
-3.194295282868952590e+00
-8.271100685983448386e+00
-6.320345911498124636e+00
-7.867090357747046347e+00
-2.284879765560139830e+00
-4.170341744602724887e+00
-2.289942724226486703e+00
-3.322174293195772066e+00
-3.868064092269878351e+00
-3.111580425645943837e+00
-3.116053153249028540e+00
-4.345036271024413921e+00
-5.708628886333554142e+00
-6.092496711686837152e+00
-3.504215008961977684e+00
-1.877982644202788043e+00
-2.429195904496920466e+00
-4.267573007862989876e+00
-3.700360233978578606e+00
-3.181026554465365752e+00
-4.195155390346790192e+00
-5.056462378963307636e+00
-2.522908316113761096e+00
-6.810386509873994854e+00
-3.864855653614323483e+00
-2.589351306649566808e+00
-9.113171874296197572e+00
-9.421854234396985106e+00
-1.574899481171810933e+01
-4.688374191191758023e+00
-5.536110342540199625e+00
-8.902215669096158024e+00
-2.824234439340183034e+00
-2.402167920177138427e+00
-3.496393858735839189e+00
-2.427434107958235998e+00
-3.542928257215335996e+00
-2.203112774994660406e+00
-1.342584302845923361e+01
-1.615936732392577824e+01
-2.999999999999999889e-01
-2.728719318607925715e+00
-2.519242883917768072e+00
-4.173402930282589907e+00
-3.103981374523569148e+00
-2.513830947641616298e+00
-4.177687539411254924e+00
-2.546635711822003323e+00
-2.834945494763351004e+00
-4.023036502559540040e+00
-3.196773915817393341e+00
-3.361880964391723126e+00
-4.034690374454594775e+00
-9.201788700019834621e+00
-1.028094913600002158e+01
-8.489704348332884010e+00
-3.531467501836320633e+00
-4.175193583301180844e+00
-6.098572852469324346e+00
-2.489013528705597444e+00
-3.674129385888667443e+00
-1.661876416013121194e+00
-4.375053071268448335e+00
-4.633743414437557107e+00
-6.141663255038586122e+00
-2.396462538104850992e+00
-2.681240868380121434e+00
-6.008794819756682060e-01
-2.816050671666172622e+00
-2.656025779518847330e+00
-2.180039214263713720e+00
-2.815832961044614002e+00
-2.626827809472744413e+00
-1.396973276109362727e+00
-2.397791134055257789e+00
-2.369489847860231979e+00
-3.651711538026904069e+00
-1.974303827866081162e+00
-1.296073261870022364e+00
-3.354311656941326270e+00
-1.816966121582625382e+00
-1.459449521052216703e+00
-1.042964712850495967e+00
-2.244376947488579077e+00
-2.791337048234310281e+00
-3.885241047050584484e+00
-2.747236047380800184e+00
-3.897760958119463659e+00
-4.032557727980991658e+00
-2.435365975199982991e+00
-2.380849633783406638e+00
-4.156625772330854396e+00
-2.702126060859489254e+00
-2.827186144078692731e+00
-9.674172051864919908e-01
-2.073420943010731765e+00
-1.165443464335912616e+00
-2.787953269000536416e+00
-2.205765597375023201e+00
-1.477914477417673789e+00
-3.493434876505166820e+00
-2.252810461180924761e+00
-2.789358922426327325e+00
-2.431186192227776655e+00
-1.858530474891032958e+00
-1.270409820121515043e+00
-2.809861311277636275e+00
-2.342511143957584974e+00
-2.232058230531319243e+00
-1.015031157679564089e+00
-2.587669400182617263e+00
-3.249667463850237858e+00
-2.999999999999999889e-01
-1.352526037895225741e+01
-1.609909228094596756e+01
-3.180238763821453318e+00
-3.588480681688168250e+00
-2.809355810943721110e+00
-6.188086695935703041e+00
-8.967467260484090374e+00
-6.945911232604922603e+00
-8.412454540660636582e-01
-3.387096447252942788e+00
-2.877413677171367645e+00
-2.137003073659044183e+00
-1.830352657851771037e+00
-2.306035305460166551e+00
-4.310154551964999747e-01
-1.480965807745960205e+01
-1.053640880048358852e+01
-2.536369395027985263e+01
-2.134955633367186412e+00
-3.147132250849160151e+00
-3.889279933355731522e+00
-3.703683396238807823e+00
-4.603764249382139795e+00
-3.477719881183178430e+00
-1.986986897654993367e+00
-1.092631598048546593e+00
-3.100788733648088602e+00
-2.953211356326773895e+00
-3.138092575038076149e+00
-7.966285752514967733e-01
-1.224980825205565083e+01
-8.239858757674447531e+00
-3.209927318299241605e+00
-2.307023779694923338e+00
-3.352147706644986513e+00
-3.743730163242680042e-01
-2.806354913425234354e+00
-1.863990766946398647e+00
-1.787395275470251788e+00
-2.944488737680613255e+00
-3.490810383267131556e+00
-4.795364197187653943e+00
-1.518693002666127612e+00
-9.287744991636103231e-01
-2.156174384328997995e+00
-2.038211797419712479e+00
-1.652635148342390892e+00
-2.999999999999999889e-01
-2.861426485454990676e+00
-3.683975566101188370e+00
-4.172917876552438621e+00
-2.923406865110595998e+00
-2.999716057711065087e+00
-4.217380829538921461e+00
-1.266171709931228762e+01
-6.851024694643861324e+00
-1.106316734296686022e+01
-7.936567039521219336e+00
-1.150343309635093014e+01
-5.378190279300766541e+00
-9.725645120163150636e+00
-6.124326665359586030e+00
-1.007387988230087927e+01
-1.082826210692395819e+01
-1.592680036225733531e+01
-1.083941073710182224e+01
-2.545459322473552000e+00
-1.636965184888206082e+00
-2.466921136159741401e+00
-1.698846195582017771e+01
-1.501274665908443318e+01
-3.343828687497094165e+01
-4.644082139553411537e+00
-4.226761777700748013e+00
-8.267134133460034562e+00
-1.727858761776051466e+01
-1.765578873237569724e+01
-3.055783270415673769e+01
-4.246118600194646042e+00
-4.450314269633295794e+00
-6.831298108476540065e+00
-7.593255139889231842e+00
-1.115184056085274555e+01
-8.651150681610339177e+00
-6.370817229730595166e+00
-7.499623438465398806e+00
-3.194609697712123886e+00
-6.531241919402532403e+00
-8.659093857852168341e+00
-1.965969007516648048e+00
-1.555803874398563913e+01
-1.360763014741080390e+01
-1.888251495936064828e+01
-1.798499810949696709e+01
-1.925620940668238035e+01
-3.439913808798202410e+01
-1.117630054444872023e+01
-1.151360425533803955e+01
-3.868317289353363719e+00
-1.436710913761976549e+01
-1.141910729383788414e+01
-2.672002592021274125e+01
-1.311272548271303506e+01
-1.652739694966380313e+01
-3.554165204343153306e+00
-1.152887293395583157e+01
-6.880672696034362268e+00
-1.042311881183836775e+01
-1.415605732723518706e+01
-1.460520108474991829e+01
-2.173526716357896404e+01
-3.868016350878527465e+00
-4.402978183645281263e+00
-1.187641666819638786e+00
-1.413231227783561472e+01
-1.196744390063523689e+01
-1.018306225735351944e+01
-4.711063836218459144e+00
-6.164404990204964463e+00
-9.867029873210486635e-01
-6.850464102690859036e+00
-6.748995317851566256e+00
-9.300841847048115341e+00
-2.956913844829391014e+00
-2.686765958032697021e+00
-9.991393621547346449e-01
-2.821749478726282234e+00
-3.252287986444797774e+00
-4.794031750272288228e+00
-3.148699754703525588e+00
-2.672926817615262962e+00
-5.739696392463214281e+00
-1.338795508393701006e+01
-1.774201581523706039e+01
-1.433747089049592560e+01
-2.910508599253095241e+00
-4.115657968029193370e+00
-7.629206043703091744e-01
-3.462973040565030303e+00
-5.033006837926006227e+00
-5.720758363160101112e-01
-5.630922456470806914e+00
-3.820575542236145594e+00
-8.533413556336320482e+00
-6.599157961307498432e+00
-5.508766868065814393e+00
-1.256564446623085551e+01
-1.788963453456064201e+01
-9.205840033590515503e+00
-3.325244007096951293e+01
-6.355861415766801414e+00
-7.725245841561958926e+00
-4.859828350719636703e+00
-4.301489994899400315e+00
-2.316631684054936358e+00
-1.256214921421372033e+00
-3.898423199057672317e+00
-5.509428361663471385e+00
-4.117790498041796532e+00
-5.722400212533496955e+00
-5.606630197834192586e+00
-1.033604918111038096e+01
-2.902358036258830598e+00
-2.442600181017128502e+00
-4.985615166709770563e+00
-4.593463864930001250e+00
-6.010943839488083640e+00
-7.049813461468854570e+00
-1.418016593384615298e+01
-1.745301652951711091e+01
-1.969079537457722040e+01
-4.173572761171325141e+00
-2.815805025622860391e+00
-7.278672017382907811e+00
-1.214611644138025426e+01
-1.290160534117350366e+01
-3.179378786911767563e+00
-1.706432864599555188e+01
-1.315364914552200837e+01
-2.292695866425174600e+01
-3.974297367532812597e+00
-3.981544968620613023e+00
-5.813691471625570095e+00
-7.963458774429676978e+00
-1.139061126361164078e+01
-1.174626204435823063e+01
-8.199229336724215500e+00
-7.947934149954451577e+00
-9.172313147953934376e+00
-1.085637204670148925e+01
-9.485029429244608679e+00
-2.145141111517377652e+01
-5.778837914553671240e+00
-6.308921883721946955e+00
-2.075755335092483111e+00
-1.225462132530817350e+01
-1.101026847894604543e+01
-5.845716197814933679e+00
-2.944195295803675005e+00
-3.977476168199931994e+00
-5.756031485160880479e+00
-4.521161525773899292e+00
-5.347583898757237719e+00
-7.154890776929788032e+00
-4.813538806342952725e+00
-5.024345820276796104e+00
-6.322037485087458109e+00
-3.532777113662893598e+00
-4.685921946244495651e+00
-3.124235645595711208e+00
-5.284595190478346360e+00
-2.811644521655034978e+00
-3.654317625092981636e+00
-3.002703988359056275e+00
-3.727302520723294599e+00
-5.826290472112001240e+00
-3.189293511588240371e+00
-2.796588452083645038e+00
-4.477927460688571060e+00
-3.734750650303560349e+00
-3.620740918708192257e+00
-2.216776985327638450e+00
-3.397400378345557748e+00
-2.922923263679181538e+00
-6.012525877194510926e+00
-2.626038144604756486e+00
-3.502601514468191457e+00
-4.857583988199131397e+00
-3.166755390990585006e+00
-4.523353736726804186e+00
-4.538484137519645856e+00
-2.211620829100228836e+00
-1.843224914548409199e+00
-3.049426213652941087e+00
-2.760180023267207350e+00
-3.601107132351643259e+00
-4.713411906837682963e+00
-4.317633676757520078e+00
-4.992147526388853507e+00
-3.513983566837019179e+00
-3.106106480853041418e+00
-1.680762916510150751e+00
-2.917003728240450844e+00
-2.557366720181988740e+00
-1.445899143832348299e+00
-7.567853846564880360e-01
-2.198688994286173148e+00
-2.389389011840375332e+00
-3.293012814004703692e+00
-3.768349204588119949e+00
-4.447768277789914571e+00
-5.350127006162394672e+00
-2.935436523417219501e+00
-2.230259836513284633e+00
-5.783532616642052204e+00
-3.840117908187519191e+00
-3.139178863616609583e+00
-6.191314194069361676e-01
-3.763751295025640875e+00
-4.191015629448889612e+00
-4.132998931897532202e+00
-9.858477620099936445e+00
-9.555481129354191694e+00
-6.435454978240320756e+00
-5.836172436944027098e+00
-6.316469086694971757e+00
-2.712463791595229434e+00
-4.816232039521056052e+00
-4.327126178743181839e+00
-9.478700225729774331e+00
-2.924668210682486613e+00
-2.921514293355225611e+00
-3.919401880861679288e-01
-3.476902587854710180e+00
-2.758932089501628937e+00
-5.498727488375632078e+00
-6.610753508198530248e+00
-8.458815859941843485e+00
-1.085011773994971485e+01
-1.774638131050919299e+01
-1.056341654378440786e+01
-2.572249988300408319e+01
-3.540091560939452542e+00
-4.932442524754079294e+00
-5.405483276368494572e+00
-1.851835188642247942e+01
-1.100955624995832594e+01
-2.819678277363482977e+01
-1.737562744117491320e+01
-1.174059962691210046e+01
-3.401269127841565876e+01
-1.905421756660870258e+01
-1.255405322228198806e+01
-2.727138812569067738e+01
-1.567814511626825968e+01
-1.205512096410290290e+01
-2.703613162246592694e+01
-1.684135907825433875e+01
-1.748384246108138385e+01
-3.273710690708822568e+01
-2.739628814601886120e+00
-2.295919930014585830e+00
-4.622917564715630867e+00
-5.781557181833258063e+00
-5.988280720084563136e+00
-3.574541030761091864e+00
-1.497698665861938494e+01
-2.162278708006923367e+01
-1.910565744607312766e+00
-7.700628320458181797e+00
-4.954154999917557589e+00
-2.292622444652094416e+00
-1.916812189717390424e+01
-1.654195251058510507e+01
-1.278818944364916987e+01
-2.076943976552218984e+01
-1.171453422375728870e+01
-3.133097908331308190e-01
-1.936661494929712291e+01
-1.362297914361097639e+01
-2.647684929246092622e+01
-1.765057219787792775e+01
-2.615935352575112915e+01
-3.306078703568400101e+01
-1.024201602311504899e+01
-1.201360809353574943e+01
-1.034787432740600899e+01
-8.836643964313740440e+00
-1.199403105891387433e+01
-9.608750240741176896e+00
-1.823452749930219241e+01
-1.081564034436143729e+01
-2.921695425185212969e+00
-1.969666683039329058e+01
-2.827103971757856371e+01
-3.906137601387779057e+01
-5.381383276572645258e+00
-7.650222997009029413e+00
-2.747306162095298099e+00
-3.267224316371177384e+00
-2.798692597423261041e+00
-1.391619112931613333e+00
-3.675355487309205138e+00
-2.196059479288938743e+00
-2.999999999999999889e-01
-5.447422761239007372e+00
-7.627080255252121077e+00
-5.338948988373301674e+00
-8.493076291487774654e+00
-1.002007772454588519e+01
-2.546047341304130462e+00
-3.049601918789121235e+00
-1.907817222825387571e+00
-5.316860394251833100e+00
-4.334702032580067588e+00
-3.970937972512190939e+00
-4.093801022191151162e+00
-3.510163028993164236e+00
-3.500540022918810834e+00
-3.740413674481784412e+00
-2.700649695208271694e+00
-1.380369006527704334e+00
-4.844863072314113950e+00
-9.584717103697142804e+00
-1.111054132581165987e+01
-1.817526505826394256e+01
-2.778286613922994697e+00
-3.714859619073389130e+00
-1.114561867650199378e+00
-3.430950991829185615e+00
-4.464846279394127038e+00
-2.570576869518813368e+00
-3.080499409653540077e+00
-3.541284625109987427e+00
-5.119935125520864716e-01
-1.999663162349094803e+00
-1.053245930413413634e+00
-1.332190961970161514e+00
-1.430528062043844750e+00
-9.348850977453059263e-01
-2.147016981448900630e+00
-3.246981175116353313e+00
-1.678059977783842527e+00
-4.221483864344048875e-01
-1.249881778990135528e+00
-1.779095074728126447e+00
-1.927323056706516713e+00
-1.677942788878339542e+01
-1.404668254376136716e+01
-3.030900386139310854e+01
-7.985784568751337353e+00
-6.972281203901259161e+00
-4.285075090835761102e+00
-1.419599589029986397e+00
-1.253419145444522043e+00
-2.154340569120448912e+00
-6.998261264651898905e+00
-5.598072517963963435e+00
-1.085698464638756100e+01
-1.360510214042793109e+01
-1.972195572426201338e+01
-9.058025147709845015e+00
-1.002031953110322071e+01
-8.889619389220010603e+00
-1.351173548596882767e+01
-1.535439782194493397e+01
-2.161800439404214558e+01
-2.133535852377113429e+01
-1.129060036869058425e+00
-5.925651627667657406e-01
-2.999999999999999889e-01
-1.316083616400492318e+01
-1.473344525787828552e+01
-1.169978012632735087e+01
-2.589654398910001376e+00
-1.325556717311173083e+00
-4.652130570075580174e+00
-1.101164764655808259e+00
-1.472858974903212381e+00
-1.714467897190973700e+00
-2.310404767001076110e+00
-2.129666153049744715e+00
-1.523122687271778020e+00
-1.059123145775160957e+01
-8.349189990610646817e+00
-2.992044631024733725e+00
-4.419187134235215808e+00
-2.510925830914971346e+00
-1.941771536360504147e+00
-2.485499968439406793e+00
-3.051339227658000031e+00
-2.999999999999999889e-01
-1.530148819774275193e+00
-1.053148231407771585e+00
-2.365025854267013727e+00
-1.506118423521983907e+01
-2.040420035140201804e+01
-7.235471676254283224e+00
-1.652531095508590786e+00
-1.221913822557271212e+00
-2.840402387244242988e+00
-8.957450452440349764e-01
-1.334599952603036099e+00
-5.304670029180214019e-01
-3.818104489797926160e+00
-4.285526310022220287e+00
-2.424094176946482992e+00
-3.262124718035186000e+00
-4.084034130365013837e+00
-2.999999999999999889e-01
-1.824909290259812522e+01
-1.257139911156890655e+01
-1.514041473018640716e+01
-2.884868317491668943e+00
-4.240942631037929900e+00
-4.464660127127138445e+00
-4.093629759338456964e+00
-5.978320387214637321e+00
-7.558077519439319047e-01
-4.091657274681208989e+00
-2.390848038541244058e+00
-4.598571913150296453e+00
-2.490580115781637627e+00
-2.501167550217664903e+00
-1.835700620340873002e+00
-3.674631487655574791e+00
-2.887183627012698928e+00
-4.944970927986270581e+00
-4.156200005212515869e+00
-5.171126861233168448e+00
-7.871356128334527469e+00
-2.694564808635996123e+00
-2.937980497149195624e+00
-1.232675127059038811e+00
-4.563275783355840609e+00
-2.467543170356165216e+00
-7.584351188170163738e+00
-9.121500148521556994e+00
-1.127886829107925415e+01
-1.134769162820785837e+01
-4.983657289668260937e+00
-7.412958971509953088e+00
-5.600429975659677595e+00
-6.770378624639803888e+00
-5.727729087242074968e+00
-7.980222246831639055e+00
-2.768092265894527948e+00
-2.034419974726501934e+00
-3.785960987463540484e+00
-3.777507257485072767e+00
-5.201680676915496626e+00
-4.526139035990517812e+00
-9.851948822793612948e+00
-1.341805207640905451e+01
-1.754202835723845766e+01
-9.248275692228517642e+00
-1.320853465236360336e+01
-1.462698605113342509e+01
-1.919336286338729280e+01
-2.340909035265625704e+01
-5.173724256003673361e-01
-1.863526609050100546e+01
-1.624431316094370104e+01
-3.460244261422396050e+01
-3.832200374628944584e+00
-2.467597248133495569e+00
-3.650742276548984311e+00
-5.485354578997599262e+00
-7.507916254077837692e+00
-4.902828279741655138e+00
-7.127725436613021159e+00
-8.997278631812763550e+00
-7.988344563925241282e+00
-2.444558572801323937e+00
-2.127518864877980143e+00
-3.381424006140121286e+00
-3.449148624894782245e+00
-4.241782548897272243e+00
-1.099106313447793859e+00
-2.879889572925278696e+00
-3.511372548651206849e+00
-6.028863962463795190e-01
-2.551269031076159433e+00
-3.107876699953558308e+00
-1.409759202421665636e+00
-1.057135187671652865e+01
-7.558081733312458361e+00
-1.924606990759451364e+01
-5.577153123011346025e+00
-7.241809361973681192e+00
-1.129238666670604907e+00
-2.787893585376615135e+00
-2.934253802911908959e+00
-1.832820718059920306e+00
-2.531800866743206591e+00
-1.586150302460296757e+00
-3.187675884853719221e+00
-7.571508138155059520e+00
-5.569831946349838248e+00
-6.465528218988342068e+00
-2.233529367665123999e+00
-1.126913605301639976e+00
-1.844111924356317100e+00
-2.905307407735306047e+00
-3.243039134256130218e+00
-1.335991484744173619e+00
-2.060521033077190811e+00
-1.427725798600810059e+00
-1.474931689584997763e+00
-2.984678437073057466e+00
-3.127766981521347134e+00
-2.999999999999999889e-01
-2.484953846657063536e+00
-1.757244570673567541e+00
-3.891709777684471128e+00
-2.425716671414345438e+00
-1.617538628855092586e+00
-1.486296508454874044e+00
-2.866985429349938386e+00
-2.176125219698631597e+00
-3.309005889648768850e+00
-5.912977996114768153e+00
-8.150951237216094825e+00
-9.302157944032643400e+00
-2.453798597204283727e+00
-1.712914518290515220e+00
-3.562584328968470437e+00
-1.936915616709864008e+00
-1.474221528481753030e+00
-2.973805722761991177e+00
-1.465667254258487873e+01
-1.369860578840824772e+01
-2.776965239637950589e+01
-3.172356303181311787e+00
-1.770322489551257705e+00
-5.878446509501624284e+00
-5.800498821126913285e+00
-5.549226340664388246e+00
-1.466443244681037150e+00
-3.302507044807070358e+00
-4.775951944280941497e+00
-3.092044530170686478e+00
-3.165515150331150274e+00
-2.915716635810908564e+00
-4.168092143360645707e+00
-7.621348201240820686e+00
-1.118810927227247731e+01
-2.999999999999999889e-01
-1.766550599146663103e+01
-1.231671070717416505e+01
-8.559998751001533179e+00
-1.753631445929359955e+01
-2.476665725055049094e+01
-1.180954636100246091e+00
-1.579388109685073793e+01
-1.872882396036029817e+01
-1.155181096845881328e+01
-7.568818084803826451e+00
-8.902176308189403642e+00
-4.285015207859530051e+00
-1.267960118622622012e+01
-1.837603921768570459e+01
-7.585680983904210528e+00
-7.910102845075011047e+00
-9.972277624762170944e+00
-1.252451315539575383e+01
-3.126878585497165020e+00
-3.032847066565506289e+00
-2.779378641517360915e+00
-2.526020932169116495e+00
-1.843637388539206556e+00
-3.711702180384309102e+00
-7.099908105631143052e+00
-3.935055162566520881e+00
-9.825416343152944876e+00
-3.103295937793919101e+00
-2.047316889159236375e+00
-2.999999999999999889e-01
-3.124649904220075491e+00
-2.688131290158636055e+00
-4.874859589356753453e+00
-2.918611228923177148e+00
-4.190899270095010287e+00
-5.343893386039566984e+00
-4.453238198973590301e+00
-5.452467288949088164e+00
-1.136285618577158374e+00
-3.385208978508635891e+00
-2.327645765137064338e+00
-4.406898780855755149e+00
-2.918553571938793834e+00
-4.196361993830671544e+00
-2.785501452729040039e+00
-2.469052038291071227e+00
-1.978520703251123170e+00
-3.019283416629571448e+00
-8.721787468461993598e+00
-1.140934727627522882e+01
-7.228708077279835109e+00
-1.548448178544660081e+01
-8.890399188058617952e+00
-1.891020208138217384e+01
-3.316898865919935879e+00
-2.373225404833580132e+00
-5.782338115064534989e+00
-1.176548813920383019e+01
-1.696698714813785713e+01
-1.086407624683040751e+01
-1.368297232299312860e+01
-1.981755100382996915e+01
-2.999999999999999889e-01
-2.247884500916242700e+00
-3.035357914356274556e+00
-2.471437028685699477e+00
-1.282455435813973033e+01
-1.458337034271098354e+01
-8.637953769722855668e+00
-4.233341958893565682e+00
-5.995578731562604347e+00
-3.920820936201856455e+00
-4.522879100474088254e+00
-5.876232460592840212e+00
-6.550208515833071843e+00
-3.014181394540011549e+00
-3.276748974160077488e+00
-2.576540194060361610e+00
-1.132040227150480227e+01
-9.410109261232234346e+00
-2.863959915477991558e+00
-6.285820412266588164e+00
-9.172501383480842208e+00
-1.086154360462301938e+01
-3.146361164165855318e+00
-1.980163216844665897e+00
-9.257727950635601388e-01
-4.344685297886349495e+00
-6.109328100885583090e+00
-6.642961365300898535e+00
-6.526142646357290467e+00
-8.613810953756978250e+00
-1.484870638201499560e+00
-5.165122205829155710e+00
-5.802783345700610163e+00
-3.975811176865041041e+00
-1.916312539359127376e+00
-2.594944522936106779e+00
-2.490407587908778364e+00
-1.201008217791732235e+01
-1.359580384914275442e+01
-1.044104647839175826e+01
-3.813292953584971112e+00
-4.123567312113791239e+00
-7.032931550110861352e+00
-3.914514757890167118e+00
-2.176001427847496839e+00
-1.255391380389730749e+00
-1.358107774678259538e+01
-1.018901960107612226e+01
-8.092304888230207993e+00
-4.155031748792278101e+00
-6.029301781976698749e+00
-2.481888968497493853e+00
-3.832689513851009977e+00
-4.527890183701732241e+00
-5.329140046171381151e+00
-8.271342721991050695e+00
-4.317915977753289170e+00
-4.246112760280588816e+00
-1.877368821838239654e+01
-2.765637861605244296e+01
-2.210996258901075961e+01
-1.800520372330282015e+01
-1.959763665836037916e+01
-2.763122110259259046e+01
-1.196334620095705148e+01
-1.261066445380756917e+01
-9.342257386638406658e+00
-6.305137373062689399e+00
-5.394273037118342273e+00
-6.869903176224037011e-01
-1.600479445713675375e+01
-1.851287546210093282e+01
-2.288197790054667635e+01
-1.486427892954829844e+01
-1.457595109649259157e+01
-2.025221587204318396e+01
-3.167429390708384584e+00
-2.269577737102340897e+00
-6.166877940466228836e-01
-1.184497937586617944e+01
-1.127279898767301880e+01
-6.954339642627819451e+00
-6.528674714455811490e+00
-3.377614287273342342e+00
-7.068669379839127132e+00
-2.950279733926771897e+00
-4.024902058345313449e+00
-5.800355940120205389e+00
-1.130526163061913536e+01
-1.378236044837053242e+01
-2.767125857531620881e+00
-2.739743198321618056e+00
-2.051858161151084214e+00
-2.999999999999999889e-01
-5.031916457920623920e+00
-6.829177257386418454e+00
-9.371499265989076122e+00
-3.591732313786999864e+00
-4.536615611909015300e+00
-2.900537948375013553e+00
-8.836555790403542332e+00
-5.645280990886307748e+00
-4.036605642180687958e+00
-3.341768306774090203e+00
-3.121207352507026300e+00
-6.645790034194390294e+00
-3.826844154277079468e+00
-3.184699443770824701e+00
-1.851874478380839628e+00
-4.217262906251810328e+00
-5.715048990929757267e+00
-8.079990798333762214e+00
-5.385450978531710398e+00
-5.094527110228186828e+00
-9.889060478351080263e+00
-2.775509012770754236e+00
-2.269094998852648093e+00
-1.725043569766495200e+00
-5.709550035531294476e+00
-7.082192494812211692e+00
-5.273038443991121760e+00
-3.021148437531709252e+00
-1.886490272915990474e+00
-2.275988449126439050e+00
-3.449700186922658229e+00
-3.321802447365051592e+00
-3.613226631443898995e+00
-8.957573651570175599e+00
-5.694488380468579969e+00
-9.840867113163586311e+00
-1.851716814716748871e+01
-1.117051378635711600e+01
-2.293981701503587800e+01
-1.788581202607003817e+01
-1.003593877785201727e+01
-2.603543799809371606e+01
-2.095796798478011880e+01
-1.761814757613401383e+01
-2.888500403858781596e+00
-1.852440006661871408e+01
-2.429441440530210272e+01
-2.408470036325553565e+00
-2.022593094082639809e+01
-1.994486413311986439e+01
-2.573194673110196717e+01
-1.902099733115035818e+01
-1.240373069562892638e+01
-2.669708897353503119e+01
-1.021721951370443726e+01
-1.288589094849321803e+01
-6.452823635089294463e+00
-1.429973559205832956e+01
-1.367069761940630102e+01
-1.198769535249771856e+01
-1.962932902884781328e+01
-1.179758440632393324e+01
-3.194865659955729242e+01
-1.879781574513078013e+01
-2.569123804998404736e+01
-3.223497893258372216e+01
-1.666136315293956116e+01
-1.409932230600306546e+01
-3.226244281103183198e+01
-9.959149335363694178e+00
-1.137473347304904969e+01
-8.635710667090886972e+00
-3.683551656589039602e+00
-2.022638670484828260e+00
-7.042970253402092595e+00
-2.569787807006566283e+00
-2.948122320991475753e+00
-4.767574167807817176e+00
-5.763836236749431130e+00
-6.797734697139579119e+00
-9.868860411168785873e+00
-3.172282775833958901e+00
-4.419702004213668545e+00
-3.701775835431801998e+00
-1.164873754299387265e+01
-1.702770624709098968e+01
-8.760401450482858010e+00
-8.219345641789926660e+00
-5.181130596156197754e+00
-1.098061716309940650e+01
-2.286822246585415996e+00
-2.107291022060730601e+00
-4.552955328183574402e-01
-1.291038101072203403e+01
-1.846807654313696645e+01
-1.884674227963915527e+01
-2.643440277512755898e+00
-3.640787558042269279e+00
-3.288479622995705398e+00
-1.345879306073223169e+01
-8.083954226401974807e+00
-1.700305446138352039e+01
-1.395048772302440021e+01
-8.875035525428760508e+00
-6.349786831510133567e-01
-1.154506206063746276e+01
-8.216176028638464857e+00
-5.145945350909192584e+00
-4.087569891365494534e+00
-5.259915279987886549e+00
-1.997352099943626058e+00
-4.399069187855623397e+00
-3.130274416327136322e+00
-2.999999999999999889e-01
-3.460428714662391769e+00
-2.532562306685794962e+00
-3.083155719838522657e+00
-3.602052462659381060e+00
-3.530608339162237819e+00
-4.609144665718677203e+00
-1.028319006694523630e+01
-1.273068220917977733e+01
-1.844112734242069251e+01
-2.853972393388229722e+00
-4.002702902627028436e+00
-1.024121722804219425e+00
-1.328828180063631592e+01
-1.023558101906293238e+01
-2.515143441681181713e+01
-2.198565384460124150e+01
-2.771496254202485687e+01
-1.389936411058748433e+00
-2.370680658251745854e+01
-2.661343481152120916e+01
-2.579944707254430014e+01
-2.300875973827619703e+01
-3.269461883886367559e+01
-2.057702501358280855e+01
-2.113794425615454742e+01
-2.554195900156261345e+01
-2.659909776526080094e+01
-2.306675235276055957e+01
-2.442053655656960132e+01
-1.275522344380678952e+01
-1.953373803883935267e+01
-1.055040665693990398e+01
-3.720292044318142644e+01
-1.875596273226257082e+01
-2.636796106488121083e+01
-1.431502408242290869e+01
-1.179360993559708604e+01
-1.098432435805587382e+01
-1.605521389555006095e+01
-4.290635083843338471e+00
-3.360765857283859237e+00
-1.354034338289962669e+00
-2.211629521137040477e+00
-1.609290775902127546e+00
-3.336655942668393937e-01
-1.681207785251063846e+00
-1.533904557258122914e+00
-1.012295151276802807e+00
-1.819205959237504944e+00
-2.501682192458297482e+00
-2.705106443098483915e+00
-1.891431787271935860e+01
-2.189227233188026034e+01
-7.210698329116393523e+00
-3.361156712131161406e+00
-4.330786915533724191e+00
-1.432674232128968272e+00
-1.924957970468791402e+01
-1.963008301670562616e+01
-2.115851281310009568e+01
-6.162079656529649618e+00
-7.662686678238596727e+00
-2.999999999999999889e-01
-3.617841129514178800e+00
-3.111447080745356697e+00
-8.617653846191903888e-01
-2.891056100350567259e+00
-4.306191371304711524e+00
-3.941342268953238026e+00
-8.368676357100520491e+00
-7.635832034518847067e+00
-1.053726330039249959e+01
-4.282478228653373797e+00
-4.735715616124113403e+00
-8.435909113323791786e+00
-3.621164919824247708e+00
-4.116446238093468324e+00
-4.547064133758930815e+00
-3.160014492610735637e+00
-4.707093410159599145e+00
-4.270116314699468063e+00
-2.637038664834609580e+00
-3.218606559530492905e+00
-1.440083271227818651e+00
-1.627830953162204608e+01
-1.083095198521779245e+01
-8.379145606985307637e-01
-2.601016973645458918e+00
-3.030801159362130015e+00
-1.978307146354695956e+00
-3.578121144431510192e+00
-4.303403602728490540e+00
-4.629779194703852241e+00
-3.166158100269909514e+00
-2.146927080004314980e+00
-5.484985194367363981e+00
-2.217990032228427388e+00
-1.393332535362320268e+00
-1.249599626335664571e+00
-3.254716887470352038e+00
-4.597210464139198649e+00
-4.772871996040147557e+00
-3.644642953906123584e+00
-4.077814196966652815e+00
-6.188918791502231009e+00
-1.009803335204950159e+01
-1.259041729477488047e+01
-1.571632550824963559e+01
-1.846675920451314346e+00
-1.437033593137556631e+00
-1.600022953592949326e+00
-1.490428568991491076e+01
-2.111083559433862078e+01
-6.162812708094264735e+00
-2.364240063261272340e+00
-2.888723001913814592e+00
-1.047882376918645830e+00
-1.378879190336424010e+01
-2.034676564560095358e+01
-1.059735849423675802e+01
-4.259507647207416703e+00
-3.287608114425736083e+00
-1.968619575774557262e+00
-4.444383121872026443e+00
-4.193245094657046756e+00
-1.101257416094174157e+00
-4.338133418227489102e+00
-6.368155922053782447e+00
-6.529074848886379456e+00
-1.658349310059833570e+01
-2.033079579030071571e+01
-2.185639908501143935e+01
-1.941131696843577004e+01
-2.092011777118248617e+01
-8.479869514905669092e+00
-7.566684049545381541e+00
-5.394784932718989623e+00
-6.301697329173097550e+00
-3.219314362654071449e+00
-1.620220121066431096e+00
-1.711838750519139918e+00
-2.002524107445794499e+01
-1.841931130666424110e+01
-1.644892009825142409e+01
-2.014061488057325988e+01
-2.258974889991845814e+01
-2.031545736266096824e+01
-3.067873902086528659e+00
-3.064729603346574294e+00
-7.615688029701228601e-01
-3.750429137008003178e+00
-2.489097722815382774e+00
-2.844156087132361677e+00
-9.546368972609915460e+00
-1.277331394437519663e+01
-1.052634976655026477e+01
-3.530807788125631230e+00
-4.409859285286561459e+00
-5.670787005845790318e+00
-1.888783408405552322e+01
-2.614400452882212278e+01
-3.516090350748280002e+01
-2.105145106861506576e+01
-1.867902832199237650e+01
-3.951277774633248896e+01
-5.017258087286991852e+00
-3.342716573949475745e+00
-8.644584655532451478e+00
-3.357991509472993297e+00
-2.261875767056901410e+00
-3.311294586573604981e+00
-3.216876178193045721e+00
-4.527959456676407868e+00
-3.843311098671273740e+00
-9.987898258456167966e+00
-1.393213399859058654e+01
-1.823036939406414803e+01
-2.010858185388727648e+01
-1.404221226252577992e+01
-1.265024188776833824e+01
-4.407860518185466425e+00
-2.303769739307191422e+00
-2.699620834375548561e+00
-2.737959697622823096e+00
-3.946227745773124962e+00
-2.936235743271629506e+00
-1.666245768881750688e+00
-1.495331450263970741e+00
-1.114544515301357563e+00
-3.951268649036154379e+00
-5.625203718487392202e+00
-6.133997021611826916e+00
-1.946810255131367029e+01
-2.823840214814894978e+01
-3.874036155856698116e+01
-2.812550088501870160e+00
-1.980974570108887667e+00
-1.120258885736462817e+00
-1.841599360582305067e+01
-1.718901770718926514e+01
-1.819659251317352044e+01
-1.611276026675591666e+01
-1.491229075969823725e+01
-8.742542844376163913e+00
-4.244626925437104070e+00
-6.126978376350117550e+00
-1.506112695219776310e+00
-2.696361468854405530e+00
-3.884518306676575605e+00
-1.653549060024847472e+00
-2.811689619365815851e+00
-2.029151394605952508e+00
-3.133535522360116232e+00
-1.245086715357873741e+00
-6.880373901227632150e-01
-1.117956169723916648e+00
-3.170179844225263111e+00
-3.167917100028852850e+00
-6.628063771232315382e-01
-3.986682825357033888e+00
-2.632482811513058962e+00
-1.711077068488485953e+00
-3.220764584034833788e+00
-3.732269844329711983e+00
-5.449745765964614463e+00
-3.544464686916122265e+00
-5.132746540872680896e+00
-4.448466833131480058e+00
-3.819770545736864253e+00
-3.210704716880735443e+00
-5.896368802836770229e+00
-1.463267134262567204e+01
-9.527278775285621393e+00
-1.152783646377827864e+01
-3.838834308608326307e+00
-4.876096704058829445e+00
-3.031666232330765709e+00
-1.455976972385927581e+01
-2.072747853824888153e+01
-2.825034808239919926e+01
-1.948307120037036766e+00
-2.846527505002030889e+00
-2.999999999999999889e-01
-2.480244795279505698e+00
-3.381867235972435548e+00
-1.473302950007542966e+00
-3.457368565073967392e+00
-2.106389830779809458e+00
-4.649409096943430519e+00
-2.761967351808560789e+00
-3.723802660212381710e+00
-3.089032301826393212e+00
-2.084371564548070932e+00
-1.373809908454860729e+00
-3.442308566495271727e+00
-1.786693322367123926e+01
-2.240217200926839070e+01
-5.400043276280449334e+00
-2.777716168294589227e+00
-3.910015120313600434e+00
-1.733211455701742842e+00
-3.751030756373678887e+00
-3.460647585158859396e+00
-5.202417611121896712e-01
-2.686518474770013487e+00
-3.954829222705982694e+00
-5.044194702699186905e+00
-1.764556418798858317e+01
-1.534630885963212776e+01
-3.389214981065607901e+01
-1.860939417138309793e+01
-2.525505123507066330e+01
-2.110049555680898692e+00
-2.914716818029519541e+00
-3.701490914999867599e+00
-2.999999999999999889e-01
-1.877183770653151740e+01
-1.691218127005941341e+01
-3.307194845692579577e+01
-2.714207490346979945e+00
-2.554463651092942822e+00
-4.769970782235678719e+00
-7.106554503598286665e+00
-3.602946968638447878e+00
-1.302123852379630975e+01
-2.917302410307920368e+00
-3.387360174076754937e+00
-8.095431247311535294e-01
-2.758547145231663222e+00
-1.574069185749008559e+00
-9.800684969188799833e-01
-1.802021022722813370e+01
-1.906851774283806122e+01
-8.494393322267292490e+00
-3.144237231941924726e+00
-3.173879693189898266e+00
-2.473933232028123541e+00
-7.476735545803572247e-01
-6.638368821172860867e-01
-9.316694533270633016e-01
-4.496137889268630339e+00
-4.702035185693200781e+00
-7.380539239146406416e+00
-1.895184851717751684e+01
-2.492890068737117204e+01
-3.524232937651454733e+00
-3.774208021784802192e+00
-4.398474201730886435e+00
-5.717975532501133884e-01
-3.306935774906606618e+00
-2.444187523828552422e+00
-3.263273737955959319e+00
-1.884589487491734516e+01
-2.043842012642122441e+01
-2.005704753372798876e+01
-3.284097280993167889e+00
-2.171029830540260441e+00
-2.141768835344080024e+00
-2.746066847943456235e+00
-1.839888673555524878e+00
-2.999999999999999889e-01
-4.026998376998945695e+00
-2.892126554249243142e+00
-5.602521633477637764e+00
-2.342561681518962491e+00
-2.817847633656824335e+00
-3.496918543632963505e+00
-2.631426327880014959e+00
-1.414368744501090180e+00
-8.377616194908410474e-01
-3.209215129352886109e+00
-2.345757483127043574e+00
-5.035843339476180347e+00
-3.574769017417426475e+00
-2.305023062486531771e+00
-1.346835471240213522e+00
-3.501648252168156450e+00
-2.728110874687724063e+00
-4.058879231820768929e+00
-3.745848690497104894e+00
-2.151935607962641495e+00
-2.238498496358210410e+00
-1.270591275664631681e+01
-1.560479685826129526e+01
-8.816306108229582605e+00
-1.931657969233109640e+01
-1.697363582043540475e+01
-1.202721870509175872e+01
-1.100474711630153735e+01
-1.178638556549426575e+01
-1.272680855481625528e+01
-2.137729034528847549e+01
-3.069883919972800967e+01
-1.611566102693148750e+01
-2.217056334595256928e+01
-3.073757395385761271e+01
-4.217084328199943855e+01
-2.301344718652481802e+01
-2.133964542414894794e+01
-6.528920767466033226e-01
-2.419893061581651139e+01
-1.316520052954255249e+01
-2.970836826431696664e+01
-2.689978731125950873e+01
-3.341760522080065243e+01
-2.746161158241453393e+01
-1.959906722567561133e+01
-1.978538980898817812e+01
-9.205681972133259450e+00
-2.390703862827050585e+01
-1.598455235590205348e+01
-4.568239672516806138e+01
-4.615156905053480862e+00
-5.855533623373125884e+00
-3.239509248128992436e+00
-5.694452820149277450e+00
-3.808027753735808929e+00
-9.273176841372087864e+00
-2.249705196146663155e+01
-3.111984656451740250e+01
-2.861616923437673066e+01
-2.221458632060833338e+01
-1.406815226599935897e+01
-6.816829713303588889e+00
-2.334480909342171628e+01
-2.587351695627754466e+01
-1.194434135806178254e+01
-2.345898443288986002e+01
-2.965060896742355112e+01
-2.302241096157423073e+01
-1.820020494971698355e+01
-1.113982307677513717e+01
-2.756530076964170206e+01
-1.920341724499900948e+01
-2.105655685327940319e+01
-2.638684932031626573e+01
-3.290507780145841554e+00
-4.408006219977139928e+00
-3.420143413344600702e-01
-2.038663803466350188e+01
-1.554507526271691020e+01
-2.192473482981540300e+01
-3.139200748524266782e+00
-3.166003686236934289e+00
-1.253513439658130446e+00
-1.799728102000678476e+01
-2.006925710780435068e+01
-9.312874231342881615e+00
-1.888404152667023084e+01
-1.566465113661455888e+01
-1.600805512458672908e+01
-2.305758985055179977e+01
-2.379169069530494340e+01
-4.602519023861010083e+00
-1.900992168152269102e+01
-1.269833991160660247e+01
-3.446848920571031272e+01
-1.875518239660531705e+01
-1.526022966192316055e+01
-3.265073676354134591e+01
-1.798551213731203902e+01
-2.212693700945653319e+01
-1.154906985745925851e+01
-1.942708996287121437e+01
-2.767350689985005019e+01
-6.025541060383961423e+00
-3.599604226256341466e+00
-4.960008139216831147e+00
-5.728891582545067251e+00
-2.137293706925199999e+01
-2.121843209982208123e+01
-3.382065600032650821e+01
-2.084265174287882871e+01
-1.326524661171901798e+01
-1.591187362680386741e+01
-3.644492026124138029e+00
-1.944263922103550701e+00
-1.799103377706240847e+00
-1.554444501663799905e+01
-1.172562002177034657e+01
-2.364834766601968141e+01
-3.832525690223180792e+00
-2.711276513319403225e+00
-5.547250961860832774e+00
-1.984934344536161532e+01
-1.123810305603135440e+01
-2.102267437024783092e+01
-1.775055094928110222e+01
-1.746582083264118168e+01
-2.814922885877438219e+00
-1.716544585826819969e+01
-9.228322877881936392e+00
-3.412963348242895734e+01
-1.911318738090623626e+01
-1.023614717729222257e+01
-3.510710093926586239e+01
-1.903404858295966307e+01
-2.803774209572041798e+01
-1.749518358385476091e+00
-2.258221563779848395e+01
-1.424072359902843488e+01
-3.711996091622642524e+01
-1.907039451520290285e+01
-9.820124719738595687e+00
-1.298299138689864662e+01
-1.833435768431590418e+01
-1.631832745944033292e+01
-9.848605975579101113e+00
-4.559977037849520798e+00
-2.561743813305639605e+00
-4.506006431789346678e-01
-1.829488760683840454e+01
-1.476212201833840609e+01
-3.360600910009971187e+01
-4.203421676637309368e+00
-2.491830667271109689e+00
-7.780548115871749104e+00
-1.835907081421550657e+01
-2.638199178799599309e+01
-2.515218671436601383e+01
-7.236866778248622012e+00
-9.045331482378145438e+00
-6.248097334905189371e-01
-1.405834284073364060e+01
-1.387122230551259960e+01
-7.109908856116122777e+00
-3.105371487717888623e+00
-3.830728336581927795e+00
-2.658283249802848580e+00
-2.826086408740888789e+00
-1.968453998849154729e+00
-4.306998019267387789e+00
-1.533103226758817961e+01
-2.045414423076370625e+01
-6.006096040609723019e-01
-2.341956328382557118e+01
-2.347392388141848940e+01
-3.723910730919588730e+01
-2.325761593108980918e+01
-1.809332678233112190e+01
-4.389937356731614670e+01
-2.490246125589388271e+01
-2.789261200245088901e+01
-7.550909879751554143e+00
-2.082087177526002364e+01
-1.258891238298562065e+01
-2.799834624563206376e+01
-2.213904480906522210e+01
-1.157457871344688094e+01
-1.536325517926449891e+01
-2.518333094183056886e+01
-2.823003612537412010e+01
-4.910744085958983618e+01
-2.615562235918200074e+01
-3.798603228329452008e+01
-2.533595045456503314e+01
-2.511693315037766538e+01
-3.021476145194435148e+01
-4.323100007973653902e+01
-2.006954549635071672e+01
-1.231730069418340712e+01
-7.585913517735491496e+00
-1.871506782884284448e+01
-1.491591130901448814e+01
-5.549903332065598605e+00
-2.058599912442984348e+01
-2.270804080871837982e+01
-3.623431853389128321e+00
-2.426616999786154238e+01
-2.190007887944974740e+01
-4.787632709155903399e+01
-2.326929966408017592e+01
-1.869257328239314475e+01
-3.633599543608022486e+01
-2.451399701201250281e+01
-3.165606519444723332e+01
-3.117257734880219644e+01
-2.371635620189790572e+01
-2.794437987431031800e+01
-1.092946729160899899e+01
-2.281912401877522356e+01
-1.914740708289140159e+01
-4.110368246828497973e+01
-2.433505365148500843e+01
-2.579520555806146831e+01
-3.265616708802581769e+01
-2.358243669894348571e+01
-1.967996933988179720e+01
-3.599804280476293883e+01
-2.556789735351760129e+01
-2.148526032196190272e+01
-2.872040410206279049e+01
-2.760501083722627058e+01
-3.967111058157536263e+01
-2.322859031354091996e+00
-2.721215908153305918e+01
-3.933092868580727242e+01
-5.365981071187071905e+01
-2.701183350876630840e+01
-2.704709750059285867e+01
-4.041228500758364106e+01
-2.715533716291460564e+01
-1.665203070336163904e+01
-2.287566575659155177e+01
-2.850400969185491462e+01
-3.071273108130456819e+01
-5.674661496510022829e+00
-2.736522671359303160e+01
-3.558211001786638406e+01
-3.565890001101298878e+01
-2.501988125395605778e+01
-1.580194772744098231e+01
-1.878041377041204285e+01
-2.686156599516552035e+01
-3.279636185608920584e+01
-3.652091160241324985e+01
-2.633395426802003669e+01
-3.937843190371116719e+01
-3.515408962228078593e+01
-2.846460872882694204e+01
-3.613183225930717413e+01
-2.152554698908808462e+00
-2.347634507659455139e+01
-2.533469222525594944e+01
-3.436855152851669004e+01
-2.341448189738499508e+01
-1.967966787023105368e+01
-2.544581716765191004e+01
-2.227944900398971839e+01
-1.183806382834033144e+01
-1.312824959428965244e+01
-2.185043954594503290e+01
-1.578592756008359466e+01
-2.375162388379004952e+01
-1.466766665229438793e+01
-2.170259041186061921e+01
-2.747035613406636401e+01
-2.211524049170867556e+01
-2.853760031035443490e+01
-2.349226479199115403e+01
-2.190483228245432556e+01
-3.035803028992761909e+01
-1.159493896637984633e+01
-1.791071129998315570e+01
-1.247880885996266898e+01
-2.115056484282768778e+01
-2.096068487074882825e+01
-2.316490424290178751e+01
-2.107699990216578456e+01
-2.107638499397931753e+01
-3.046786878666046405e+01
-4.065259960285180796e+01
-2.528783057578349514e+01
-1.837998388669674199e+01
-5.670892896321195309e+00
-2.023860889668500818e+01
-1.596395644048939744e+01
-7.872661924380777165e+00
-1.802001136610888921e+01
-1.090180314547810525e+01
-2.712130603318951216e+01
-1.843998655685325616e+01
-2.457448389530330957e+01
-1.197326756834112160e+00
-2.036236448264012466e+01
-2.259117207767337376e+01
-3.263790572959219816e+00
-1.922570628265506798e+01
-2.454313351061557924e+01
-3.591178594649495892e+01
-1.735885638571292588e+01
-1.066238852909902945e+01
-1.570023881204917160e+01
-3.850057095455817535e+00
-4.242076544299647978e+00
-3.620279003788953176e+00
-1.845462032233610827e+01
-2.525295910590406834e+01
-9.441116036795701660e+00
-4.775686958833960993e+00
-4.103849141848179727e+00
-1.253240986762747866e+00
-1.973462212264662696e+01
-2.561906627518850854e+01
-1.641620420713909567e+00
-3.955805466317479535e+00
-2.774107255786499859e+00
-2.415205986255593462e+00
-1.731041511567950764e+01
-2.210136046269132137e+01
-9.288623177032915734e+00
-1.976300752250157799e+01
-2.754347703566646999e+01
-2.357453866270597942e+01
-2.080364867236750825e+01
-2.494336503084928580e+01
-2.259359407738969949e+01
-2.000223176426949578e+01
-1.736276759720912111e+01
-2.181201693839050293e+01
-1.874976704263670868e+01
-1.732291712564999386e+01
-2.574310355688010077e+01
-4.421648884399616897e+00
-3.149853946018694728e+00
-1.261058826170696534e+00
-4.422664803722947902e+00
-2.993678826574249108e+00
-2.288938145443686789e+00
-2.268176184510137361e+01
-2.232900143154456174e+01
-4.391094798925816889e+00
-1.078537693975635392e+01
-1.265940196822779917e+01
-2.514609294148744567e+00
-1.730375231309849582e+01
-1.849213379146151581e+01
-1.442353848448475695e+01
-1.968576435586819784e+01
-2.711502299871677479e+01
-2.153918846430825695e+01
-1.838546759069381764e+01
-2.586909450140930389e+01
-3.253541383674475185e+01
-1.632425012353360216e+01
-1.276169257390921175e+01
-8.210044052424304795e+00
-4.087298689239686311e+00
-3.199609112782475506e+00
-5.879264086995680039e+00
-1.138193214306538970e+01
-1.191007635004604381e+01
-1.235653706796369988e+01
-8.192891121047933822e+00
-9.951191566020899160e+00
-9.475645052750753194e+00
-1.135959853036537126e+01
-1.493055311278638442e+01
-1.025428398013444564e+01
-7.395078440042917478e+00
-8.197861253161677908e+00
-9.569922806253201131e+00
-7.094712458600016980e+00
-6.206791863814090426e+00
-5.103205683454000940e+00
-5.237427639161555959e+00
-6.493489907844353759e+00
-6.136382146339720123e+00
-4.516252032131458982e+00
-2.686361707646299113e+00
-4.735150442368873058e+00
-1.086417676214148820e+01
-1.011828538945404787e+01
-1.723853357642416029e+01
-5.077308329921412344e+00
-3.871877664468538871e+00
-8.360124967012913189e+00
-4.552740303480251605e+00
-3.594998241569645536e+00
-1.995900782343503099e+00
-3.435310364532951688e+00
-2.170395021868184227e+00
-2.999999999999999889e-01
-3.517995210925445981e+00
-3.799519239350407140e+00
-3.108755867336458145e+00
-2.412309935563986318e+00
-2.473521801308790735e+00
-3.915434404134850777e+00
-6.138595533780998537e+00
-5.334208672777348781e+00
-1.544317478498079765e+00
-3.196730994583478314e+00
-1.827538948000617225e+00
-2.824862717179979832e+00
-1.150432871991454853e+01
-8.028604556374514090e+00
-8.056544322693971694e+00
-2.464291766546644613e+00
-1.385967252389461946e+00
-3.100880169586158974e+00
-3.461152444467871625e+00
-4.953289042154485067e+00
-1.380384511881171061e+00
-3.896003179041899411e+00
-3.105898217938356964e+00
-3.996835319816836929e+00
-2.768393892173718562e+00
-3.066203378023065085e+00
-3.007672997027007522e+00
-2.662796878224112707e+00
-2.308927232371420946e+00
-3.879254613235528115e+00
-2.417452628677186688e+00
-1.906467846819074108e+00
-4.680812057492266476e+00
-3.238776929463639931e+00
-4.526276880502784650e+00
-2.999999999999999889e-01
-3.681931954836685783e+00
-3.660937753369147174e+00
-5.721834278316002553e+00
-1.858103022149553363e+00
-2.118014577176361879e+00
-3.390609810609841013e+00
-2.615949520942585593e+00
-3.626333858919440711e+00
-1.686778173244410484e+00
-1.839673953196212297e+00
-2.413101665368242443e+00
-1.777298824647324027e+00
-1.432972018035462813e+00
-1.036892279820676777e+00
-2.999999999999999889e-01
-1.229152775020983235e+01
-7.727622346540975684e+00
-1.829421756423470669e+01
-2.923743808796042565e+00
-1.612237177399410415e+00
-3.517059080496028223e+00
-2.868096108945649370e+00
-2.143536277938324019e+00
-1.153728181477709391e+00
-7.694505750909279129e+00
-4.644757989079410621e+00
-1.450250941650945791e+01
-1.510569953961538658e+01
-2.241675127812144197e+01
-2.111916961839332174e+01
-2.686502714654197099e+00
-3.353634976132424672e+00
-2.457435644429205812e+00
-2.947615984381922072e+00
-2.590465640761500321e+00
-2.140980567552466240e+00
-8.633986707581366105e+00
-1.168034288221667438e+01
-5.622546389342204520e+00
