-2.153993785108857750e+01
-2.072286586245533613e+01
-3.247735271898478260e+01
-2.963658954195060602e+01
-2.903767635727183460e+01
-3.665556719561960364e+01
-3.076877704046275497e+01
-3.094772988870067110e+01
-1.450788720724172798e+01
-2.189581375391389173e+01
-2.675115153104607657e+01
-1.925346952205616091e+01
-2.750804023456824865e+01
-2.365957954373509509e+01
-2.510541841702664456e+01
-2.673152906644810400e+01
-3.155278948065126698e+01
-2.807329093824698063e+01
-2.721859648299816570e+01
-3.804517260814701274e+01
-3.917070855768851345e+01
-4.223913999649055739e+01
-4.426457035824479647e+01
-4.155673551016862888e+01
-4.063737119631675654e+01
-3.952508813306104685e+01
-3.781585028696940753e+01
-3.770071344970126148e+01
-4.417690486020111962e+01
-4.185991346382737532e+01
-3.331688600952337964e+01
-3.407561604257039534e+01
-3.779359460357153466e+01
-4.157895157797866403e+01
-4.437267239442771682e+01
-3.288591366465943366e+01
-3.499841811848405371e+01
-3.744190133830394274e+01
-3.394502026572136799e+01
-3.343729168836724597e+01
-3.858922854651044076e+01
-2.794963441393415593e+01
-2.007999676084143914e+01
-2.513144396426401528e+01
-2.829546873540025231e+01
-2.475556658051882408e+01
-2.674188708895949773e+01
-2.902803032293062913e+01
-2.489387389031269748e+01
-2.212776990620880113e+01
-2.501664713518096406e+01
-2.888808155755911145e+01
-2.219688677068006655e+01
-2.790053031999764599e+01
-2.048404583470771811e+01
-2.836019745118365165e+01
-1.786928826164854200e+01
-2.628625194465646331e+01
-3.069511441100435789e+01
-3.065535149162085204e+01
-2.085368656837322732e+01
-3.024876127702890471e+01
-2.920317147877853614e+01
-2.611483693944828488e+01
-2.981083304564483072e+01
-3.165450300588505783e+01
-2.901935320983655586e+01
-3.062255264639410512e+01
-2.560788159614742554e+01
-2.288093224338214071e+01
-2.024005787423344316e+01
-2.157499612909109032e+01
-2.427192582538599908e+01
-3.199180368084284609e+01
-2.137595902571983686e+01
-2.206572101839705979e+01
-2.040675878948675859e+01
-2.524141631221849735e+01
-2.827963128907805057e+01
-2.838654471623868147e+01
-2.237885447691640906e+01
-1.870532123168520755e+01
-3.170459339406526311e+01
-2.551768632664438741e+01
-6.110841175118799207e+00
-2.562987202575492418e+01
-1.859444831958060362e+01
-2.119822898892926588e+01
-1.758705217207329952e+01
-2.636424643433576875e+01
-2.544684034200050959e+01
-2.558207942155389603e+01
-2.522612955768220999e+01
-2.773202041084768865e+01
-2.322023302752040763e+01
-1.812336046365783560e+01
-2.980914772934367818e+01
-2.313690341928267458e+01
-1.507527733783130053e+01
-1.896261948583399004e+01
-3.593951087691135626e+01
-3.216622662750484807e+01
-2.435292101146092136e+01
-2.857564849775878102e+01
-2.860308817757208644e+01
-3.238547342891296665e+01
-3.789347734057945871e+01
-3.905884052012632424e+01
-3.661263925000004349e+01
-3.150852685884570903e+01
-3.184997847066263787e+01
-3.040955567053079278e+01
-4.019031607187435640e+01
-4.067352535442601180e+01
-4.016996900689314742e+01
-3.224024530885927220e+01
-3.976089273975431837e+01
-4.096801512935534362e+01
-3.150953157595545662e+01
-2.913094078444324353e+01
-2.561453845690496678e+01
-2.543620618040368697e+01
-3.157388330576683444e+01
-3.393754271088680952e+01
-4.114518357387454728e+01
-2.894998585503876143e+01
-4.165670227991271446e+01
-3.107163077312590005e+01
-4.313822015661681064e+01
-4.251660161112783953e+01
-3.870037161952549809e+01
-3.846170248670874514e+01
-3.649823733796495873e+01
-3.523588161018397358e+01
-3.552953265043365150e+01
-4.594306051077529673e+01
-4.985304383322269217e+01
-4.766607125896334907e+01
-4.365294025082303619e+01
-4.549387560504101202e+01
-4.653655514382457170e+01
-3.632818965596811012e+01
-3.993861768131780821e+01
-3.931417606585802815e+01
-3.944911357106025918e+01
-3.142203787562151973e+01
-3.117754412869922831e+01
-3.334918711056897678e+01
-4.487390267135002375e+01
-3.825484913653314578e+01
-4.377507646319887158e+01
-2.953331048011322224e+01
-3.450802600720590618e+01
-3.007543257237450973e+01
-3.291763806069439369e+01
-3.478661612479091758e+01
-3.140042348903445557e+01
-3.939235180581336238e+01
-3.342434149619676731e+01
-4.123373347846519721e+01
-3.162798995610869923e+01
-3.645029053710694456e+01
-3.136473524512769373e+01
-3.085233754429611253e+01
-3.129836805094193153e+01
-3.085529538452851739e+01
-3.843122144237603521e+01
-2.672460007515177338e+01
-4.073307750658296555e+01
-3.359573937686577949e+01
-4.178473121581995997e+01
-3.743257499969202229e+01
-3.077821684914761491e+01
-3.985347694695161636e+01
-3.726323315596361141e+01
-3.552680710123460983e+01
-3.321752339181698943e+01
-3.521379310678729269e+01
-3.106226694595658344e+01
-3.558816564374211566e+01
-3.038634602184863809e+01
-2.923494108292141647e+01
-3.281614772855801476e+01
-3.152913467671203307e+01
-3.675552559093851812e+01
-4.393221779123847881e+01
-3.603513210753981610e+01
-2.955231565478079858e+01
-2.221454547823394421e+01
-9.190304701293108280e+00
-2.164304873372915594e+01
-2.378332220264981345e+01
-1.954271401024007915e+01
-2.095832887454636051e+01
-2.750198414913012712e+01
-2.598543703216216727e+01
-2.713728005102123575e+01
-2.062825094241829404e+01
-2.068875585282452079e+01
-2.635132064933934615e+01
-2.467705157681955441e+01
-2.642632585277706525e+01
-2.638202135080801725e+01
-3.094057196201726256e+01
-2.441002557538715934e+01
-2.894353446706949029e+01
-2.370152163952995039e+01
-2.845675675348514488e+01
-3.091005351153866698e+01
-1.918195018496023607e+01
-2.345802046272931918e+01
-2.873395367379857035e+01
-2.503574251880406010e+01
-2.160241350123184390e+01
-2.575368303164746209e+01
-2.226220371052881930e+01
-2.150320562450140116e+01
-3.223306987094614584e+01
-1.935778271934471206e+01
-2.227500919559378545e+01
-2.940091142633254151e+01
-2.070051757358037392e+01
-2.467310808726640659e+01
-2.903811999325823479e+01
-2.855095464864601240e+01
-2.774811504751400548e+01
-3.038096037375107628e+01
-3.287831979991199205e+01
-2.288282197680056385e+01
-3.110979182076642857e+01
-2.373612172508008555e+01
-3.106406956970654321e+01
-2.715496874405898708e+01
-2.923287318277135327e+01
-2.629703783636126602e+01
-3.661846186935170522e+01
-2.810717245414392096e+01
-3.094422764406663973e+01
-2.057629804450920830e+01
-3.591386237764436373e+01
-2.687652481365591228e+01
-2.472797171897905599e+01
-2.419508854360504202e+01
-2.772419534841821331e+01
-3.081933425110361924e+01
-2.772377447968926489e+01
-3.257566247900831513e+01
-3.330564244273165286e+01
-2.833290145866900289e+01
-2.524299900520413331e+01
-3.398836338252383626e+01
-3.392763168541302576e+01
-3.283348529548648997e+01
-2.801829473660121295e+01
-2.393644644984859582e+01
-2.496446468349455827e+01
-2.381129611618816710e+01
-2.591524553936325148e+01
-2.296283787256081865e+01
-3.518358913074217753e+01
-2.843835836076798174e+01
-2.694182445864517561e+01
-2.699199564361811099e+01
-2.625393465902509504e+01
-2.547766020266652021e+01
-2.367716886987579272e+01
-2.261603757448922636e+01
-3.152859737609724178e+01
-2.753429743278273634e+01
-3.309181536024483705e+01
-3.951962433072465330e+01
-2.729695916707575520e+01
-3.571146861440997355e+01
-3.251634549061498802e+01
-3.831176141542923830e+01
-4.049830489805246003e+01
-3.987306470157091098e+01
-3.523428948039802577e+01
-4.512642837233268267e+01
-4.397864874063489538e+01
-3.700807475598887919e+01
-4.849564637345687856e+01
-4.500984520488327689e+01
-5.235686632495744419e+01
-4.248986914394811976e+01
-4.085848550785829048e+01
-4.044074679501638769e+01
-3.858331202057416220e+01
-4.953682260297030382e+01
-4.077369145302281339e+01
-4.937824183617554752e+01
-4.557168242998643137e+01
-4.430277134649114146e+01
-3.862181827884865726e+01
-3.175396478436194414e+01
-2.254537335396396713e+01
-2.238868606461987198e+01
-2.470691276303887207e+01
-2.929724369358718405e+01
-3.439871117389174771e+01
-2.016885161791002190e+01
-2.549952811261220376e+01
-2.995754414022222090e+00
-1.746253888213582428e+01
-3.233676863501830212e+01
-3.899278935144945990e+01
-3.437170621063980036e+01
-4.179667255163805351e+01
-3.876137981320217563e+01
-3.694283303135358665e+01
-4.101900815157311797e+01
-2.941015724006708609e+01
-3.486127079606550438e+01
-3.435718899552219341e+01
-2.775924905564427192e+01
-3.124945050937465396e+01
-2.402187201709231701e+01
-3.194337229274318801e+01
-2.966171008954927757e+01
-2.771929486116610164e+01
-3.234102720407709342e+01
-2.314008112332440703e+01
-2.299613845261088585e+01
-2.148992807174322905e+01
-3.300264319411556357e+01
-2.877699291389404479e+01
-2.385456375056832456e+01
-2.818005490310880035e+01
-2.809976230022761001e+01
-2.497931277150094687e+01
-1.437444870475212433e+01
-2.415955847184667249e+01
-2.534779669668449387e+01
-2.354595438504778926e+01
-2.444206202900294755e+01
-2.290468048980033799e+01
-2.557211867275540129e+01
-2.139814057801846658e+01
-2.522832621146229926e+01
-2.002765289974849239e+01
-2.533133415775161268e+01
-2.165979023121296976e+01
-2.408601409594174214e+01
-2.394941732998067963e+01
-2.512868107950088969e+01
-1.435577972058448815e+01
-2.176313818302229208e+01
-2.128393269296960710e+01
-2.639557209329332466e+01
-2.058880262233156344e+01
-2.876756812807938957e+01
-2.443401538682416430e+01
-2.289255476100552045e+01
-2.668025934174155367e+01
-2.089924758976349395e+01
-2.970266849057437852e+01
-1.909553336493256026e+01
-2.144375331215061564e+01
-3.294680531751270536e+01
-2.752784313237814828e+01
-2.333418054330650193e+01
-2.609521756613874288e+01
-3.339567207457618991e+01
-2.375076602831988382e+01
-3.163711242627139697e+01
-2.242510279446407750e+01
-2.422049927951626458e+01
-2.416891835211466955e+01
-3.206089539327764726e+01
-2.798872544888881819e+01
-3.169915864166960517e+01
-2.280812061285637427e+01
-2.762146670626958311e+01
-2.780845784413304855e+01
-2.690164558096559233e+01
-2.395014531593320584e+01
-2.327010400260109435e+01
-3.114927026052267323e+01
-2.740344423781009908e+01
-2.547420429669625719e+01
-2.026219213031623312e+01
-2.248462898198818749e+01
-2.495105919545754247e+01
-2.596574732958888632e+01
-2.112888431074056328e+01
-2.277477563028817897e+01
-2.140131695585021632e+01
-2.485769432161238157e+01
-2.325880349647449208e+01
-2.250919551310087030e+01
-2.300828359216730234e+01
-2.142797727451563716e+01
-2.085921550474386521e+01
-2.316710971606831038e+01
-2.376206360496124148e+01
-2.559686383282386046e+01
-2.423543196187562643e+01
-2.180414264102316935e+01
-2.092696257935462967e+01
-2.382928481284967503e+01
-1.890789445325103912e+01
-2.509719843975225828e+01
-3.292475593024833813e+01
-3.194097917271735909e+01
-3.729164263739497898e+01
-3.428394578828444850e+01
-3.404975183279167794e+01
-3.775112803607321155e+01
-3.611899118830534405e+01
-3.253573279867308088e+01
-3.358305535901728689e+01
-3.108565803483600121e+01
-3.355537059381901344e+01
-3.310515197233657858e+01
-3.006368633599548801e+01
-3.554272453601413417e+01
-3.230772300049662960e+01
-3.694663825481968900e+01
-3.166944854913187157e+01
-3.559937554737490473e+01
-3.661735553958410350e+01
-3.729412651422646974e+01
-3.257993345611757974e+01
-3.571837086710635845e+01
-3.777445347690647992e+01
-3.604060548028532196e+01
-3.576540123511292535e+01
-3.412909881790197630e+01
-3.257275887902218869e+01
-4.075276366303569375e+01
-3.659708028246158307e+01
-3.345041660291408903e+01
-3.993389968882586771e+01
-3.721835033299780804e+01
-3.773114810039596989e+01
-3.344383654353673307e+01
-2.857216441525556405e+01
-3.382946321555944280e+01
-2.253801630516938559e+01
-2.785158796974884865e+01
-2.510954509032971771e+01
-9.316078981360313094e+00
-1.270182286606828903e+01
-1.343520094795546527e+01
-9.415332618548353238e+00
-9.072283479247639448e+00
-2.013343097449054753e+01
-2.202823423845497786e+00
-4.388012818664780212e+00
-1.927626037948927262e+01
-3.882136213652515710e+00
-2.317808590160805693e+01
-1.941836179259688677e+01
-1.955242201423448734e+01
-2.218688432642802155e+01
-2.222329611068480659e+01
-2.249608268534786149e+01
-2.129745909259509418e+01
-1.925660731138222559e+01
-2.375723820674864939e+01
-1.856358794691852765e+01
-1.825668368753147774e+01
-2.047848344353996453e+01
-2.357252015991257821e+01
-1.935170988686834548e+01
-2.007383151504628316e+01
-2.324181090300962182e+01
-2.296318832229289342e+01
-1.883128788575123380e+01
-1.948933635237130346e+01
-2.063927865265473827e+01
-2.222447365995299506e+01
-1.780717923189949303e+01
-2.128904080346482175e+01
-1.858356227189683807e+01
-1.765306064287182153e+01
-1.768885648599540517e+01
-1.867033710823219650e+01
-2.106697491756066043e+01
-2.020947718532119453e+01
-1.990244137641288091e+01
-4.550807244198245449e+00
-1.417286775937988530e+01
-1.460432317056209861e+01
-6.967793601751876231e+00
-7.291372129747170305e+00
-1.898559781515817946e+01
-2.164649296517060506e+01
-1.632820577543320084e+01
-2.174244812093205681e+01
-1.818828190867849770e+01
-2.076931971314896685e+01
-2.440563790011348999e+01
-6.754909615885785534e+00
-2.037854125656459914e+01
-4.527543338437459042e+00
-2.057994425772258040e+01
-2.012582892294319947e+01
-2.077039140287365271e+01
-2.060337851343284754e+01
-2.159262839896575059e+01
-1.929138670173621151e+01
-1.892664917855138995e+01
-2.184253771806340083e+01
-2.205706939218089957e+01
-2.269492224494301880e+01
-1.939275777550745161e+01
-1.806284329654135234e+01
-5.473920047471125372e+00
-1.835409578165699784e+01
-2.057034406969114215e+01
-2.127760304015697201e+01
-1.171398307630733093e+01
-1.890884735883033585e+01
-1.895377832404437868e+01
-2.102324453389606873e+01
-2.168558262513785806e+01
-6.471498040804191554e+00
-2.076864773318629531e+01
-1.923816697588582514e+01
-1.922266766154061202e+01
-1.865574949737996135e+01
-3.872681939255813610e+00
-1.529288540771499427e+01
-1.943415868417737613e+01
-1.446022178680639847e+01
-1.913311851125089191e+01
-4.104386351675739952e+00
-1.532961987788001856e+01
-1.887742627364143289e+01
-1.324478284955328888e+01
-6.633709491999976393e+00
-1.878593843485713322e+01
-3.374806952675885707e+00
-2.053909093576541167e+01
-1.955723219376293898e+01
-1.540793862328303732e+01
-4.759861614118567452e+00
-7.314984759633778033e+00
-2.011987284410011867e+01
-2.099592532615059781e+01
-2.172616224341233959e+01
-1.725058023746226255e+01
-2.015692776355447080e+01
-6.098409141111432952e+00
-8.712194317252190956e+00
-1.531688564450746881e+01
-4.236435571928470090e+00
-1.450404743578790168e+01
-1.639087093700259734e+00
-1.888577108512041969e+00
-3.029062764895023907e+00
-1.873967832167800651e+01
-2.048941248528876358e+01
-1.547046025619658849e+01
-1.245284219579896678e+01
-1.715990466235742318e+01
-9.253050299161687420e+00
-2.151802913809973816e+01
-2.455237016999017996e+01
-2.237880536494039774e+01
-1.762437588948486678e+01
-1.244200187252758028e+01
-2.656596876416023179e+01
-1.629042077002099376e+01
-2.339376407789620771e+01
-1.942903344269905830e+01
-2.087545840990964052e+01
-2.533384432582719015e+01
-2.015512512980383164e+01
-1.909636642308537091e+01
-1.792741478305458003e+01
-4.127757189078012701e+00
-9.174067539710534902e+00
-1.781648721097160148e+01
-1.972761290277535551e+01
-1.831048381907025657e+01
-2.458626609845939015e+01
-2.016490683752349966e+01
-2.124029934509912820e+01
-1.849333843962695667e+01
-2.059709846777300157e+01
-2.050004426063754792e+01
-1.913357091217120498e+01
-2.271591139117365543e+01
-1.337798260568903075e+01
-2.028660445816178282e+01
-1.847257016907999727e+01
-1.884422284903565981e+01
-1.787600130120105391e+01
-1.767708120642863889e+01
-1.779814875410310648e+01
-2.157697870283291408e+01
-1.720422025329818894e+01
-1.015451311117030642e+01
-1.901951917364201705e+01
-1.872067692476252532e+01
-4.934558597008465775e+00
-2.298484338439300956e+01
-1.748384808154577641e+01
-1.611063064481099261e+01
-1.767445717107590752e+01
-1.865803007352727150e+01
-2.112579819962197547e+01
-2.337306236760889178e+01
-9.172712864361599827e+00
-1.955677816123641222e+01
-1.829724468480426225e+01
-2.409076470259339331e+01
-1.879184592620040917e+01
-1.978582151678498846e+01
-1.959089648163461561e+01
-1.859670787115330626e+01
-1.510738074089513994e+01
-1.575882413379206604e+01
-1.806338879936139818e+01
-2.001596654678011689e+01
-2.245524298934943630e+01
-1.811959738564555877e+01
-2.378930758345301655e+01
-3.983349654110846405e+00
-1.989539287523129474e+01
-1.856329426672676064e+01
-2.537805982475752131e+01
-2.220796622506090756e+01
-2.163400273526033857e+01
-2.495287131204549169e+01
-2.401258350627568561e+01
-2.536080618918303742e+01
-1.900783994939470745e+01
-2.255452885746170111e+01
-2.250236319078337388e+01
-3.376389804069559020e+00
-2.477620856003780503e+01
-1.604782565088336099e+01
-8.730681729905832356e+00
-2.544871761466794169e+01
-1.624909198208193573e+01
-2.003428842116840514e+01
-2.131692257240582933e+01
-2.728617790193797532e+01
-1.632687874075351786e+01
-1.967841213690213209e+01
-2.236712355709124722e+01
-2.119474068033735747e+01
-2.294488533630194738e+01
-2.462644086814057331e+01
-1.972434290282145497e+01
-2.013563871811549788e+01
-2.911132592291437859e+01
-2.786242157005125719e+01
-2.388991040732363302e+01
-2.160450141594921547e+01
-1.474816114994174931e+01
-1.982513667623465636e+01
-2.651808306865497400e+01
-2.021924418400819334e+01
-2.663200406882618765e+01
-2.113952002301206079e+01
-2.103354516223780379e+01
-1.809138453022549342e+01
-1.978374981853462344e+01
-1.958195022140377972e+01
-1.971648223237253461e+01
-1.832760511168386230e+01
-1.995716963317425652e+01
-2.190737822851160743e+01
-1.819812588266404418e+01
-1.340968097190778607e+01
-1.788123216499994328e+01
-1.911378194413185838e+01
-1.853017368765831918e+01
-1.202711317480930475e+01
-1.902746213408180864e+01
-1.842518878815016592e+01
-1.618171368558860834e+01
-1.068147039073541116e+01
-1.745716412171957188e+01
-1.853578248206890677e+01
-1.166841061178009653e+01
-1.798196269162809813e+01
-1.126406363409758882e+01
-1.932847917823814043e+01
-8.960844163264148676e+00
-8.718011447602629360e+00
-1.413131788008274370e+01
-5.172253669621730054e+00
-8.240312583137891167e+00
-1.838664124633064745e+01
-9.033999945865735626e+00
-1.134592127583717769e+01
-1.802639029727209774e+01
-1.751367359962691239e+01
-1.862296458786734021e+01
-1.551458079847381200e+01
-1.222660734361902257e+01
-4.016772872214894541e+00
-4.017750417886167824e+00
-4.851798160681214611e+00
-9.331729055905379155e+00
-3.179749647081368202e+00
-1.303799259669860255e+01
-3.856260458949645198e+00
-5.214364577687463864e+00
-4.013880720651097356e+00
-1.997124455303328361e+01
-1.323433143768201070e+01
-7.486850949705966762e+00
-1.426211587909493517e+01
-6.916780736409933183e+00
-1.206534670414543520e+01
-1.860380043442854969e+01
-5.636575663749109566e+00
-1.736503919526619555e+01
-3.668608948252662039e+00
-1.311126785622118618e+01
-1.451356906850630502e+01
-1.736698663164671785e+01
-6.908664816628220073e+00
-1.546902673628935787e+01
-1.674637830609707478e+01
-1.594506337043410582e+01
-1.917647754897240375e+01
-1.972072817526240129e+01
-5.984200835294776866e+00
-1.834315448006383065e+01
-1.959329682201512313e+01
-2.008408089229293481e+01
-2.282255810928263529e+01
-1.919502940230501409e+01
-1.969081463839078694e+01
-1.898892523533991294e+01
-1.907396613150890374e+01
-1.795251832206101028e+01
-2.148813357440846872e+01
-1.804031780947080676e+01
-1.499832481730612344e+01
-1.903713012599845555e+01
-1.998323039173545368e+01
-1.937278946219143094e+01
-1.612769660631087731e+01
-1.864050834155949943e+01
-2.073781084551607989e+01
-1.862246677820421681e+01
-1.893025151734148182e+01
-1.750582291095080478e+01
-2.056248134243439196e+01
-2.107460846480287842e+01
-1.949682673899036800e+01
-1.978271535038251727e+01
-1.938092491921553773e+01
-1.646328050348362737e+01
-1.861661788553472263e+01
-1.971932779480379239e+01
-4.959718258061478480e+00
-1.762127386230065795e+01
-1.976618656748287606e+01
-2.169548649076246605e+01
-1.829355384408585294e+01
-2.056879386341933369e+01
-1.854817332263262841e+01
-1.950303196323209320e+01
-2.103439244913354500e+01
-1.946940923680995184e+01
-1.841584968921849708e+01
-2.189622360115027178e+01
-2.224376490334880074e+01
-2.097101089231261284e+01
-1.919657121107976394e+01
-2.043456305135406836e+01
-2.021927893515722729e+01
-1.755996590355109888e+01
-1.956698498206717929e+01
-2.099192026241338027e+01
-2.130693531239638006e+01
-2.130811433400078769e+01
-2.341545600624508339e+01
-2.420966561548379659e+01
-2.174998343724688254e+01
-2.126784224830578296e+01
-2.139325528647701447e+01
-2.242535896336166346e+01
-2.279533900229069587e+01
-2.221520999019402964e+01
-1.928721579660839325e+01
-1.247518247465558794e+01
-5.186284760501055580e+00
-4.331780858043712712e+00
-9.658699845876643764e+00
-1.849134782716227932e+01
-1.866613977343507003e+01
-3.186241251511095385e+00
-2.473841053847076754e+00
-4.643385229626908917e+00
-2.998231044132852574e+00
-2.876278000156152093e+00
-4.167009106676977659e+00
-1.467547447494293600e+01
-1.961476160105785738e+01
-2.286849811514859354e+01
-2.023352870720276542e+01
-2.165642003040706243e+01
-1.869142891811054596e+01
-2.133567530864066342e+01
-1.941008941190025894e+01
-2.066029205455225437e+01
-2.287149620470994194e+01
-2.091260488802457829e+01
-2.516136124996024037e+01
-2.366050643786894980e+01
-2.353198263123488232e+01
-2.364878818166716101e+01
-2.036250581833864004e+01
-1.951402367943628846e+01
-2.252224915069536237e+01
-2.206980052439319095e+01
-2.018562493013518377e+01
-1.877203097168135670e+01
-1.938909434769579221e+01
-2.029423924468872542e+01
-2.001694775473323418e+01
-6.850508744974827202e+00
-2.342777829012336355e+01
-2.019305109586432678e+01
-2.472292752101245839e+01
-2.259047932159379357e+01
-2.167331822699196309e+01
-2.028586024206367711e+01
-2.238738958290634784e+01
-1.899989560443776426e+01
-2.306371336850274290e+01
-1.833136575194140505e+01
-1.804337605179404846e+01
-2.266844490064183404e+01
-2.112177279372141214e+01
-1.862071117960600830e+01
-4.250516904787807526e+00
-9.647900334629062158e+00
-1.084173932544238994e+01
-1.863502906863660513e+01
-7.508701296416298021e+00
-3.429030652409722268e+00
-2.820706229485572702e+00
-2.297418389668144378e+00
-2.532248255421468919e+00
-2.958040633624229532e+00
-3.109154479018971795e+00
-1.919831117880529803e+01
-2.096002732242960676e+01
-1.813057378365719430e+01
-1.194385101018113815e+01
-1.820448830930040529e+01
-1.839030782087684202e+01
-1.996664034055690706e+01
-1.929062421055256848e+01
-1.911953746293250944e+01
-1.850590936888310978e+01
-1.914831610249623495e+01
-2.026127637628986378e+01
-1.817482137155755240e+01
-1.910461785199743190e+01
-1.846121545529328500e+01
-1.867119121561218975e+01
-1.170923447530539718e+01
-1.276653541662892977e+01
-1.303779984108091128e+01
-1.846759467287152034e+01
-1.752199601629842718e+01
-1.224912860927593528e+01
-5.498626024849523120e+00
-6.994368957906557327e+00
-2.230250512677838870e+01
-1.772971066256965145e+01
-1.686757024960693485e+01
-1.986382000228617883e+01
-3.405973770479753249e+00
-1.700359879757004578e+01
-1.815887970065418955e+01
-3.186529473143534741e+00
-1.859328595126872230e+01
-1.235614219145395687e+01
-1.889581814330901111e+01
-6.171344349927213813e+00
-3.592163650530758368e+00
-2.100337552028567956e+01
-1.667924383655932630e+01
-1.781900237106780693e+01
-4.113054526155065282e+00
-1.429179973698816575e+01
-2.698156485596982179e+00
-1.826294190993364097e+01
-3.618919590213101056e+00
-9.948862215670439824e+00
-5.420225041666107302e+00
-4.662547024799485129e+00
-8.387009474199249581e+00
-1.954160400278232146e+01
-2.020758462006761036e+01
-1.800362974513414471e+01
-1.903190085444743218e+01
-1.913448048447690653e+01
-5.498781631183815577e+00
-1.391709534820788896e+01
-1.339871706934258455e+01
-1.826982735385587375e+01
-1.348132395178738463e+01
-3.510570802759456210e+00
-8.262381280757777446e+00
-6.977807333021380565e+00
-1.270938412502130177e+01
-4.381963604697860504e+00
-6.320345911498124636e+00
-4.170341744602724887e+00
-3.868064092269878351e+00
-4.345036271024413921e+00
-3.504215008961977684e+00
-4.267573007862989876e+00
-4.195155390346790192e+00
-6.810386509873994854e+00
-9.113171874296197572e+00
-4.688374191191758023e+00
-2.824234439340183034e+00
-2.427434107958235998e+00
-1.342584302845923361e+01
-2.728719318607925715e+00
-3.103981374523569148e+00
-2.546635711822003323e+00
-3.196773915817393341e+00
-9.201788700019834621e+00
-3.531467501836320633e+00
-2.489013528705597444e+00
-4.375053071268448335e+00
-2.396462538104850992e+00
-2.816050671666172622e+00
-2.815832961044614002e+00
-2.397791134055257789e+00
-1.974303827866081162e+00
-1.816966121582625382e+00
-2.244376947488579077e+00
-2.747236047380800184e+00
-2.435365975199982991e+00
-2.702126060859489254e+00
-2.073420943010731765e+00
-2.205765597375023201e+00
-2.252810461180924761e+00
-1.858530474891032958e+00
-2.342511143957584974e+00
-2.587669400182617263e+00
-1.352526037895225741e+01
-3.588480681688168250e+00
-8.967467260484090374e+00
-3.387096447252942788e+00
-1.830352657851771037e+00
-1.480965807745960205e+01
-2.134955633367186412e+00
-3.703683396238807823e+00
-1.986986897654993367e+00
-2.953211356326773895e+00
-1.224980825205565083e+01
-2.307023779694923338e+00
-2.806354913425234354e+00
-2.944488737680613255e+00
-1.518693002666127612e+00
-2.038211797419712479e+00
-2.861426485454990676e+00
-2.923406865110595998e+00
-1.266171709931228762e+01
-7.936567039521219336e+00
-9.725645120163150636e+00
-1.082826210692395819e+01
-2.545459322473552000e+00
-1.698846195582017771e+01
-4.644082139553411537e+00
-1.727858761776051466e+01
-4.246118600194646042e+00
-7.593255139889231842e+00
-6.370817229730595166e+00
-6.531241919402532403e+00
-1.555803874398563913e+01
-1.798499810949696709e+01
-1.117630054444872023e+01
-1.436710913761976549e+01
-1.311272548271303506e+01
-1.152887293395583157e+01
-1.415605732723518706e+01
-3.868016350878527465e+00
-1.413231227783561472e+01
-4.711063836218459144e+00
-6.850464102690859036e+00
-2.956913844829391014e+00
-2.821749478726282234e+00
-3.148699754703525588e+00
-1.338795508393701006e+01
-2.910508599253095241e+00
-3.462973040565030303e+00
-5.630922456470806914e+00
-6.599157961307498432e+00
-1.788963453456064201e+01
-6.355861415766801414e+00
-4.301489994899400315e+00
-3.898423199057672317e+00
-5.722400212533496955e+00
-2.902358036258830598e+00
-4.593463864930001250e+00
-1.418016593384615298e+01
-4.173572761171325141e+00
-1.214611644138025426e+01
-1.706432864599555188e+01
-3.974297367532812597e+00
-7.963458774429676978e+00
-8.199229336724215500e+00
-1.085637204670148925e+01
-5.778837914553671240e+00
-1.225462132530817350e+01
-2.944195295803675005e+00
-4.521161525773899292e+00
-4.813538806342952725e+00
-3.532777113662893598e+00
-5.284595190478346360e+00
-3.002703988359056275e+00
-3.189293511588240371e+00
-3.734750650303560349e+00
-3.397400378345557748e+00
-2.626038144604756486e+00
-3.166755390990585006e+00
-2.211620829100228836e+00
-2.760180023267207350e+00
-4.317633676757520078e+00
-3.106106480853041418e+00
-2.557366720181988740e+00
-2.198688994286173148e+00
-3.768349204588119949e+00
-2.935436523417219501e+00
-3.840117908187519191e+00
-3.763751295025640875e+00
-9.858477620099936445e+00
-5.836172436944027098e+00
-4.816232039521056052e+00
-2.924668210682486613e+00
-3.476902587854710180e+00
-6.610753508198530248e+00
-1.774638131050919299e+01
-3.540091560939452542e+00
-1.851835188642247942e+01
-1.737562744117491320e+01
-1.905421756660870258e+01
-1.567814511626825968e+01
-1.684135907825433875e+01
-2.739628814601886120e+00
-5.781557181833258063e+00
-1.497698665861938494e+01
-7.700628320458181797e+00
-1.916812189717390424e+01
-2.076943976552218984e+01
-1.936661494929712291e+01
-1.765057219787792775e+01
-1.024201602311504899e+01
-8.836643964313740440e+00
-1.823452749930219241e+01
-1.969666683039329058e+01
-5.381383276572645258e+00
-3.267224316371177384e+00
-3.675355487309205138e+00
-5.447422761239007372e+00
-8.493076291487774654e+00
-3.049601918789121235e+00
-4.334702032580067588e+00
-3.510163028993164236e+00
-2.700649695208271694e+00
-9.584717103697142804e+00
-2.778286613922994697e+00
-3.430950991829185615e+00
-3.080499409653540077e+00
-1.999663162349094803e+00
-1.430528062043844750e+00
-3.246981175116353313e+00
-1.249881778990135528e+00
-1.677942788878339542e+01
-7.985784568751337353e+00
-1.419599589029986397e+00
-6.998261264651898905e+00
-1.360510214042793109e+01
-1.002031953110322071e+01
-1.535439782194493397e+01
-1.129060036869058425e+00
-1.316083616400492318e+01
-2.589654398910001376e+00
-1.101164764655808259e+00
-2.310404767001076110e+00
-1.059123145775160957e+01
-4.419187134235215808e+00
-2.485499968439406793e+00
-1.530148819774275193e+00
-1.506118423521983907e+01
-1.652531095508590786e+00
-8.957450452440349764e-01
-3.818104489797926160e+00
-3.262124718035186000e+00
-1.824909290259812522e+01
-2.884868317491668943e+00
-4.093629759338456964e+00
-4.091657274681208989e+00
-2.490580115781637627e+00
-3.674631487655574791e+00
-4.156200005212515869e+00
-2.694564808635996123e+00
-4.563275783355840609e+00
-9.121500148521556994e+00
-4.983657289668260937e+00
-6.770378624639803888e+00
-2.768092265894527948e+00
-3.777507257485072767e+00
-9.851948822793612948e+00
-9.248275692228517642e+00
-1.919336286338729280e+01
-1.863526609050100546e+01
-3.832200374628944584e+00
-5.485354578997599262e+00
-7.127725436613021159e+00
-2.444558572801323937e+00
-3.449148624894782245e+00
-2.879889572925278696e+00
-2.551269031076159433e+00
-1.057135187671652865e+01
-5.577153123011346025e+00
-2.787893585376615135e+00
-2.531800866743206591e+00
-7.571508138155059520e+00
-2.233529367665123999e+00
-2.905307407735306047e+00
-2.060521033077190811e+00
-2.984678437073057466e+00
-2.484953846657063536e+00
-2.425716671414345438e+00
-2.866985429349938386e+00
-5.912977996114768153e+00
-2.453798597204283727e+00
-1.936915616709864008e+00
-1.465667254258487873e+01
-3.172356303181311787e+00
-5.800498821126913285e+00
-3.302507044807070358e+00
-3.165515150331150274e+00
-7.621348201240820686e+00
-1.766550599146663103e+01
-1.753631445929359955e+01
-1.579388109685073793e+01
-7.568818084803826451e+00
-1.267960118622622012e+01
-7.910102845075011047e+00
-3.126878585497165020e+00
-2.526020932169116495e+00
-7.099908105631143052e+00
-3.103295937793919101e+00
-3.124649904220075491e+00
-2.918611228923177148e+00
-4.453238198973590301e+00
-3.385208978508635891e+00
-2.918553571938793834e+00
-2.469052038291071227e+00
-8.721787468461993598e+00
-1.548448178544660081e+01
-3.316898865919935879e+00
-1.176548813920383019e+01
-1.368297232299312860e+01
-2.247884500916242700e+00
-1.282455435813973033e+01
-4.233341958893565682e+00
-4.522879100474088254e+00
-3.014181394540011549e+00
-1.132040227150480227e+01
-6.285820412266588164e+00
-3.146361164165855318e+00
-4.344685297886349495e+00
-6.526142646357290467e+00
-5.165122205829155710e+00
-1.916312539359127376e+00
-1.201008217791732235e+01
-3.813292953584971112e+00
-3.914514757890167118e+00
-1.358107774678259538e+01
-4.155031748792278101e+00
-3.832689513851009977e+00
-8.271342721991050695e+00
-1.877368821838239654e+01
-1.800520372330282015e+01
-1.196334620095705148e+01
-6.305137373062689399e+00
-1.600479445713675375e+01
-1.486427892954829844e+01
-3.167429390708384584e+00
-1.184497937586617944e+01
-6.528674714455811490e+00
-2.950279733926771897e+00
-1.130526163061913536e+01
-2.739743198321618056e+00
-5.031916457920623920e+00
-3.591732313786999864e+00
-8.836555790403542332e+00
-3.341768306774090203e+00
-3.826844154277079468e+00
-4.217262906251810328e+00
-5.385450978531710398e+00
-2.775509012770754236e+00
-5.709550035531294476e+00
-3.021148437531709252e+00
-3.449700186922658229e+00
-8.957573651570175599e+00
-1.851716814716748871e+01
-1.788581202607003817e+01
-2.095796798478011880e+01
-1.852440006661871408e+01
-2.022593094082639809e+01
-1.902099733115035818e+01
-1.021721951370443726e+01
-1.429973559205832956e+01
-1.962932902884781328e+01
-1.879781574513078013e+01
-1.666136315293956116e+01
-9.959149335363694178e+00
-3.683551656589039602e+00
-2.569787807006566283e+00
-5.763836236749431130e+00
-3.172282775833958901e+00
-1.164873754299387265e+01
-8.219345641789926660e+00
-2.286822246585415996e+00
-1.291038101072203403e+01
-2.643440277512755898e+00
-1.345879306073223169e+01
-1.395048772302440021e+01
-1.154506206063746276e+01
-4.087569891365494534e+00
-4.399069187855623397e+00
-3.460428714662391769e+00
-3.602052462659381060e+00
-1.028319006694523630e+01
-2.853972393388229722e+00
-1.328828180063631592e+01
-2.198565384460124150e+01
-2.370680658251745854e+01
-2.300875973827619703e+01
-2.113794425615454742e+01
-2.306675235276055957e+01
-1.953373803883935267e+01
-1.875596273226257082e+01
-1.179360993559708604e+01
-4.290635083843338471e+00
-2.211629521137040477e+00
-1.681207785251063846e+00
-1.819205959237504944e+00
-1.891431787271935860e+01
-3.361156712131161406e+00
-1.924957970468791402e+01
-6.162079656529649618e+00
-3.617841129514178800e+00
-2.891056100350567259e+00
-8.368676357100520491e+00
-4.282478228653373797e+00
-3.621164919824247708e+00
-3.160014492610735637e+00
-2.637038664834609580e+00
-1.627830953162204608e+01
-2.601016973645458918e+00
-3.578121144431510192e+00
-3.166158100269909514e+00
-2.217990032228427388e+00
-3.254716887470352038e+00
-3.644642953906123584e+00
-1.009803335204950159e+01
-1.846675920451314346e+00
-1.490428568991491076e+01
-2.364240063261272340e+00
-1.378879190336424010e+01
-4.259507647207416703e+00
-4.444383121872026443e+00
-4.338133418227489102e+00
-1.658349310059833570e+01
-1.941131696843577004e+01
-7.566684049545381541e+00
-3.219314362654071449e+00
-2.002524107445794499e+01
-2.014061488057325988e+01
-3.067873902086528659e+00
-3.750429137008003178e+00
-9.546368972609915460e+00
-3.530807788125631230e+00
-1.888783408405552322e+01
-2.105145106861506576e+01
-5.017258087286991852e+00
-3.357991509472993297e+00
-3.216876178193045721e+00
-9.987898258456167966e+00
-2.010858185388727648e+01
-4.407860518185466425e+00
-2.737959697622823096e+00
-1.666245768881750688e+00
-3.951268649036154379e+00
-1.946810255131367029e+01
-2.812550088501870160e+00
-1.841599360582305067e+01
-1.611276026675591666e+01
-4.244626925437104070e+00
-2.696361468854405530e+00
-2.811689619365815851e+00
-1.245086715357873741e+00
-3.170179844225263111e+00
-3.986682825357033888e+00
-3.220764584034833788e+00
-3.544464686916122265e+00
-3.819770545736864253e+00
-1.463267134262567204e+01
-3.838834308608326307e+00
-1.455976972385927581e+01
-1.948307120037036766e+00
-2.480244795279505698e+00
-3.457368565073967392e+00
-2.761967351808560789e+00
-2.084371564548070932e+00
-1.786693322367123926e+01
-2.777716168294589227e+00
-3.751030756373678887e+00
-2.686518474770013487e+00
-1.764556418798858317e+01
-1.860939417138309793e+01
-2.914716818029519541e+00
-1.877183770653151740e+01
-2.714207490346979945e+00
-7.106554503598286665e+00
-2.917302410307920368e+00
-2.758547145231663222e+00
-1.802021022722813370e+01
-3.144237231941924726e+00
-7.476735545803572247e-01
-4.496137889268630339e+00
-1.895184851717751684e+01
-3.774208021784802192e+00
-3.306935774906606618e+00
-1.884589487491734516e+01
-3.284097280993167889e+00
-2.746066847943456235e+00
-4.026998376998945695e+00
-2.342561681518962491e+00
-2.631426327880014959e+00
-3.209215129352886109e+00
-3.574769017417426475e+00
-3.501648252168156450e+00
-3.745848690497104894e+00
-1.270591275664631681e+01
-1.931657969233109640e+01
-1.100474711630153735e+01
-2.137729034528847549e+01
-2.217056334595256928e+01
-2.301344718652481802e+01
-2.419893061581651139e+01
-2.689978731125950873e+01
-1.959906722567561133e+01
-2.390703862827050585e+01
-4.615156905053480862e+00
-5.694452820149277450e+00
-2.249705196146663155e+01
-2.221458632060833338e+01
-2.334480909342171628e+01
-2.345898443288986002e+01
-1.820020494971698355e+01
-1.920341724499900948e+01
-3.290507780145841554e+00
-2.038663803466350188e+01
-3.139200748524266782e+00
-1.799728102000678476e+01
-1.888404152667023084e+01
-2.305758985055179977e+01
-1.900992168152269102e+01
-1.875518239660531705e+01
-1.798551213731203902e+01
-1.942708996287121437e+01
-3.599604226256341466e+00
-2.137293706925199999e+01
-2.084265174287882871e+01
-3.644492026124138029e+00
-1.554444501663799905e+01
-3.832525690223180792e+00
-1.984934344536161532e+01
-1.775055094928110222e+01
-1.716544585826819969e+01
-1.911318738090623626e+01
-1.903404858295966307e+01
-2.258221563779848395e+01
-1.907039451520290285e+01
-1.833435768431590418e+01
-4.559977037849520798e+00
-1.829488760683840454e+01
-4.203421676637309368e+00
-1.835907081421550657e+01
-7.236866778248622012e+00
-1.405834284073364060e+01
-3.105371487717888623e+00
-2.826086408740888789e+00
-1.533103226758817961e+01
-2.341956328382557118e+01
-2.325761593108980918e+01
-2.490246125589388271e+01
-2.082087177526002364e+01
-2.213904480906522210e+01
-2.518333094183056886e+01
-2.615562235918200074e+01
-2.511693315037766538e+01
-2.006954549635071672e+01
-1.871506782884284448e+01
-2.058599912442984348e+01
-2.426616999786154238e+01
-2.326929966408017592e+01
-2.451399701201250281e+01
-2.371635620189790572e+01
-2.281912401877522356e+01
-2.433505365148500843e+01
-2.358243669894348571e+01
-2.556789735351760129e+01
-2.760501083722627058e+01
-2.721215908153305918e+01
-2.701183350876630840e+01
-2.715533716291460564e+01
-2.850400969185491462e+01
-2.736522671359303160e+01
-2.501988125395605778e+01
-2.686156599516552035e+01
-2.633395426802003669e+01
-2.846460872882694204e+01
-2.347634507659455139e+01
-2.341448189738499508e+01
-2.227944900398971839e+01
-2.185043954594503290e+01
-1.466766665229438793e+01
-2.211524049170867556e+01
-2.190483228245432556e+01
-1.791071129998315570e+01
-2.096068487074882825e+01
-2.107638499397931753e+01
-2.528783057578349514e+01
-2.023860889668500818e+01
-1.802001136610888921e+01
-1.843998655685325616e+01
-2.036236448264012466e+01
-1.922570628265506798e+01
-1.735885638571292588e+01
-3.850057095455817535e+00
-1.845462032233610827e+01
-4.775686958833960993e+00
-1.973462212264662696e+01
-3.955805466317479535e+00
-1.731041511567950764e+01
-1.976300752250157799e+01
-2.080364867236750825e+01
-2.000223176426949578e+01
-1.874976704263670868e+01
-4.421648884399616897e+00
-4.422664803722947902e+00
-2.268176184510137361e+01
-1.078537693975635392e+01
-1.730375231309849582e+01
-1.968576435586819784e+01
-1.838546759069381764e+01
-1.632425012353360216e+01
-4.087298689239686311e+00
-1.138193214306538970e+01
-8.192891121047933822e+00
-1.135959853036537126e+01
-7.395078440042917478e+00
-7.094712458600016980e+00
-5.237427639161555959e+00
-4.516252032131458982e+00
-1.086417676214148820e+01
-5.077308329921412344e+00
-4.552740303480251605e+00
-3.435310364532951688e+00
-3.517995210925445981e+00
-2.412309935563986318e+00
-6.138595533780998537e+00
-3.196730994583478314e+00
-1.150432871991454853e+01
-2.464291766546644613e+00
-3.461152444467871625e+00
-3.896003179041899411e+00
-2.768393892173718562e+00
-2.662796878224112707e+00
-2.417452628677186688e+00
-3.238776929463639931e+00
-3.681931954836685783e+00
-1.858103022149553363e+00
-2.615949520942585593e+00
-1.839673953196212297e+00
-1.432972018035462813e+00
-1.229152775020983235e+01
-2.923743808796042565e+00
-2.868096108945649370e+00
-7.694505750909279129e+00
-1.510569953961538658e+01
-2.686502714654197099e+00
-2.947615984381922072e+00
-8.633986707581366105e+00
