-3.139569394425223692e+01
-3.871492706385245697e+01
-4.766176805342061584e+01
-5.599793520054089413e+01
-5.766742137789270117e+01
-2.988042550856598112e+01
-2.914599149108405030e+01
-2.430277481956150254e+01
-3.861861860012304959e+01
-5.147256266549430137e+01
-5.294317055309069531e+01
-5.101510600766543746e+01
-2.823038816093410830e+01
-2.596132795250144909e+01
-1.431045609357458304e+01
-2.047802669275520415e+01
-2.329278034019454324e+01
-2.973820525589927044e+01
-2.528557847616102805e+01
-2.036932953053188555e+01
-2.137502004886219353e+01
-2.237660932733677654e+01
-1.582973501037715280e+01
-2.033157961092631538e+01
-1.730124909664628774e+01
-9.456379986177841701e+00
-1.389508787166477788e+01
-2.706806064689195424e+01
-2.601099848910956780e+01
-2.428953563449626074e+01
-1.182067555419851601e+01
-2.363806225547092765e+01
-2.096153882352681208e+01
-1.713730825594543106e+01
-1.741713024867419790e+01
-2.216846087857427960e+01
-3.712896791100668281e+00
-1.767086860198650200e+01
-2.123558339723792088e+01
-8.368364584431358111e+00
-5.454485904401574103e+00
-1.523561024854966028e+01
-2.560786374607661742e+01
-2.311192272635892664e+01
-2.939316512919614155e+00
-1.908047289621505982e+01
-5.380398233390486062e+00
-2.069809751427156641e+01
-5.670667902088080581e+00
-1.150300576419257048e+01
-3.074675343404722039e+00
-2.005436030866122366e+01
-1.009019806709657985e+01
-3.696439866458927526e+00
-2.243922096516354880e+00
-1.598998781518436374e+01
-2.742951643618043001e+00
-3.594196374323664234e+00
-2.067986396213688494e+01
-2.188413375874261391e+01
-2.412820861719418897e+00
-8.580852274817985403e+00
-2.535187129279456553e+00
-1.710028457081191178e+01
-6.032664770753174643e+00
-8.290587375213867460e+00
-3.416226868366882830e+00
-7.328348418749381921e+00
-3.222953572873549888e+00
-9.129999268672900570e+00
-2.688685876399607988e+00
-3.017087419325474418e+00
-2.592435536871140478e+00
-1.424847531659250777e+01
-3.047849912417793572e+00
-1.699313134925412427e+01
-1.880269508550791713e+01
-2.307404451868313444e+00
-2.086235157416763997e+01
-1.732280218731589727e+01
-4.370880519313590895e+00
-2.594446780135343467e+00
-8.753752778218686359e+00
-6.793601354635917744e+00
-2.063431718869397358e+01
-2.803901668049523010e+01
-2.619744756543637010e+01
-2.532723837572907399e+01
-2.393503158049487212e+01
-2.291971141576383886e+01
-1.962917541399685462e+01
-1.635276901074086098e+01
-4.248773928943153422e+00
-2.737939334547589532e+00
-1.115578413215215825e+01
-8.457181642708201608e+00
-3.034680996204267789e+00
-1.221197901948592879e+01
-8.684127342819270012e+00
-9.824930148630697246e+00
-4.072936267391999543e+00
-1.803945747181214898e+01
-1.541557206865561724e+01
-1.746130155672683060e+01
-1.783236393857366053e+01
-8.030506428287072396e+00
-9.617844050908336939e+00
-2.085277210960169825e+01
-2.050893089895708243e+01
-1.889364756527787392e+01
-1.949325026822774021e+01
-1.829184385412917280e+01
-1.991769436444927166e+01
-1.750954046775258277e+01
-1.931799003087692057e+01
-1.657844426851961472e+01
-3.789528211158204485e+00
-2.139738428217904342e+01
-1.893825008463007009e+01
-2.550735263313080736e+01
-2.170570786876447755e+01
-2.258092354381327738e+01
-2.362885987111548047e+01
-2.254550751705954426e+01
-2.362567855283919016e+01
-2.175151331387975517e+01
-2.797664947141788705e+00
-7.153750824460309410e+00
-9.590504931205456884e+00
-2.735247506813716978e+00
-3.214216655435511605e+00
-1.229731486855561862e+01
-9.041882856318633088e+00
-1.918299946019749669e+01
-1.194150693765842064e+01
-2.227666088036733605e+00
-2.774756709253427100e+00
-2.474679078160181067e+00
-5.664172311172703367e+00
-3.048398458215879625e+00
-3.214549384717125147e+00
-2.433855105794890950e+00
-2.460747298885940904e+00
-2.531545727816845393e+00
-8.685369445628252194e+00
-3.160448218608466586e+00
-1.211799454443971591e+01
-3.593810723183824773e+00
-3.455568477278428308e+00
-1.877415460079256304e+00
-3.388407421825555765e+00
-1.390788115185426221e+01
-3.445534536964280026e+00
-1.815071692325913943e+01
-1.321762092029664615e+01
-1.837349631753601553e+00
-2.371975515301794069e+00
-2.528565218136149984e+00
-9.696196795614444142e+00
-2.181068339543729806e+00
-2.146250930250036326e+00
-2.522578917290138723e+00
-3.035048860514564240e+00
-2.074023974592624775e+00
-3.158206882805820293e+00
-1.264161948918514078e+01
-1.551580308234394145e+01
-2.034486418185358581e+00
-2.258081797987496309e+00
-1.611931201606028097e+01
-2.530256543596032248e+00
-1.339794390351797482e+01
-2.415717512118725452e+01
-3.402756514222705420e+01
-4.064489759046661987e+01
-3.335906753554848336e+01
-2.841948715634908851e+01
-3.599282738579950092e+01
-4.514581863628544767e+01
-3.606938885373632075e+01
-4.089334084733101093e+01
-2.789779498274229752e+01
-1.908418832926833275e+01
-4.198276358437367684e+00
-1.196142929161834800e+01
-1.033544570484329128e+01
-1.974301935413833320e+01
-2.278967229848020537e+01
-1.958355385095171286e+01
-1.846803143142003734e+01
-8.656659687968437211e+00
-1.872108301113565076e+01
-1.831197908781540562e+01
-2.137426408828895319e+01
-2.864038141144447547e+00
-5.104224856055787463e+00
-1.851457390385742841e+01
-2.032441470652575433e+01
-3.309307482473649920e+00
-1.823887071900118073e+01
-1.899320399020554362e+01
-9.917691498708155251e+00
-2.792626603629993376e+00
-1.938323633594310280e+01
-1.891258131543404986e+01
-2.027431798916265393e+01
-2.244380313437710939e+01
-2.269841321822600122e+01
-2.311800489231692879e+01
-4.229681647962166835e+00
-2.040803151352004363e+01
-1.803626925745125575e+01
-2.148556901653481788e+01
-2.115156187466054050e+01
-8.940877795036142217e+00
-1.995828861126593523e+01
-1.965094513997217263e+01
-1.754451576183260642e+01
-3.318491701314098208e+00
-1.997455752106970195e+01
-1.024824879554227230e+01
-2.290772675543752968e+01
-1.965219164836579679e+01
-2.089317264433249477e+01
-1.940789159343244208e+01
-1.518820778772959379e+01
-1.874435598783342627e+01
-1.960598942905083319e+01
-2.290039415728950800e+01
-2.548645830176829463e+01
-2.194401273424908538e+01
-2.501740775488746849e+01
-2.532157571059276080e+01
-2.232979809668864135e+01
-2.277394466258392569e+01
-1.987497181051652362e+01
-2.487645701176598223e+01
-2.052933378513484897e+01
-2.187013321932652943e+01
-2.547708904752441939e+01
-1.606768233162203785e+01
-1.277573904479451095e+01
-1.845911144561202732e+01
-1.231437152317115569e+01
-1.895467815668197886e+01
-1.879526174172364961e+01
-4.513117928314837712e+00
-1.081790978780181156e+01
-1.344875328025405814e+01
-2.282248994800234687e+00
-3.820169152692697079e+00
-3.928439570084894861e+00
-3.380665923520829619e+00
-3.491283614482163067e+00
-1.790466829035980822e+01
-4.427742949630963487e+00
-2.908479684783185526e+00
-2.947840339603204463e+00
-3.173237850687531836e+00
-3.900516117301835894e+00
-8.994046868462659106e+00
-2.193262185809627596e+01
-2.321331824528364507e+01
-2.322932964623857899e+01
-2.293302492697794648e+01
-1.512894030795591149e+01
-2.932199376979279570e+00
-1.891072612702600741e+00
-2.026375776211614355e+00
-3.785719925010364140e+00
-1.041711852178634778e+01
-2.275011513603511393e+00
-2.640029541549513414e+00
-3.524622775111856399e+00
-2.147830174605725340e+00
-3.387735319638859544e+00
-2.961328563776567169e+00
-2.774129147336132473e+00
-2.887983817303436673e+00
-5.088566820358361831e+00
-2.253447828645469109e+00
-3.076847338429023804e+00
-3.167000406896406162e+00
-1.349345803551012146e+01
-1.155051628910673855e+01
-1.124153703567991514e+01
-3.803042186048438467e+00
-3.115318932345910063e+00
-3.900272469833271138e+00
-4.656798900346241332e+00
-6.765010985233826268e+00
-3.461894309715314755e+00
-3.783567710029535291e+00
-1.563964395012509101e+01
-1.935313998537408509e+01
-1.869777694596452733e+01
-6.808189750429367137e+00
-3.268868397840591022e+00
-9.030419810469135555e+00
-3.177024638814606394e+00
-3.245911074372591187e+00
-1.340824781721029169e+01
-4.317122168803731341e+00
-2.811428164465547219e+00
-2.693393095770450607e+00
-3.172228438277299833e+00
-1.764051210864652219e+00
-7.304129677066349302e+00
-5.009788830017446237e+00
-2.616073546094312530e+00
-2.553532488592014094e+00
-2.899210908697811728e+00
-1.799441323142925375e+00
-4.238295619941230719e+00
-3.237196938193971363e+00
-2.150295088952587808e+00
-4.057095607801600501e+00
-1.793967605805001853e+01
-3.519122310043936164e+00
-3.262490067298216445e+00
-4.917126103076758348e+00
-1.948577102228989499e+00
-3.554581104359218813e+00
-2.372790075672608356e+00
-3.652333727798585006e+00
-2.674752860337434424e+00
-2.277990043003188525e+00
-2.103183921343585894e+00
-5.265428452591826236e+00
-4.016148267448101272e+00
-1.656550867179727105e+00
-1.099716485927326914e+01
-3.554749911940731977e+00
-2.280620145368156937e+00
-2.202337809030319615e+00
-2.765794834457246054e+00
-1.635645999326809985e+01
-1.825243259521223393e+01
-1.897781251957247406e+01
-1.957208121781349419e+01
-2.006074622178474698e+01
-2.122540066487660226e+01
-1.975251612017994773e+01
-1.883170967450744371e+01
-3.497600365431086544e+00
-2.130445612590876081e+01
-2.236690677745449563e+01
-2.202180779294991453e+01
-2.020351021632902189e+01
-9.447118750832743217e+00
-1.766335139135557952e+01
-1.838086488522459305e+01
-1.991788772948251207e+01
-1.780359593697365028e+01
-4.382028181015317436e+00
-1.788556603827117897e+01
-2.410983538720844166e+01
-2.063727600917175309e+01
-1.856186940134742258e+01
-1.110325242073199803e+01
-1.987141195793698145e+01
-2.044435039179974467e+01
-1.328341454850999881e+01
-3.642171119398081469e+00
-3.608734619828124490e+00
-1.199318158801049883e+01
-1.755374185422486732e+01
-1.497460392367245063e+01
-1.965288130862730043e+01
-9.797413999222813530e+00
-2.948741316197656559e+00
-2.862876043749016830e+00
-1.604084543945240071e+01
-7.030096521179276081e+00
-9.200081486818742604e+00
-1.848406081237355281e+00
-2.141056751689047299e+00
-2.475395890446939084e+00
-7.246816533698090090e+00
-3.413430022131086705e+00
-7.344806241110828360e+00
-4.896248864305692727e+00
-4.278934808716895688e+00
-3.396908688298009960e+00
-3.042289930053761360e+00
-3.264032677733843091e+00
-2.551701447675367884e+00
-6.136042450169816753e+00
-4.696379671044464743e+00
-2.699217829808209679e+00
-2.494768301546049116e+00
-3.354574266488890899e+00
-1.876194983758575852e+00
-2.454165918301987936e+00
-2.236380578106007544e+00
-1.899505723955537517e+00
-3.183434913304541869e+00
-3.297061130520471561e+00
-2.871255180474773905e+00
-1.113453092667778144e+01
-2.630064277984452303e+00
-2.144258847906535426e+00
-6.908237293887136588e+00
-8.121201169023807509e+00
-9.449166424291101096e-01
-3.439209584754876481e+00
-1.921057232889304522e+00
-1.083870328120116611e+01
-1.123165464994385054e+01
-2.334686166962125053e+00
-2.077765807531871545e+01
-2.043287968933975662e+01
-2.149068532214627680e+01
-1.979214084717205679e+01
-2.717589380826833878e+00
-9.191190692966628717e+00
-1.986028244613580895e+01
-1.975262908777025572e+01
-1.910002890210230575e+01
-7.106494267285578204e+00
-3.974615584966493920e+00
-1.635824196921084450e+01
-2.277610060722105700e+00
-9.193928148813588219e-01
-7.618819832457128349e+00
-3.124482371095375743e+00
-3.928471498745994328e+00
-3.401285433941049874e+00
-2.580886400642002254e+00
-3.169129630214423177e+00
-1.674284716267357531e+00
-1.526284527564360616e+00
-1.779529624408692445e+00
-2.032612690301765390e+00
-2.092776738980273610e+00
-7.758530905364185770e+00
-5.306177158513402325e+00
-5.705883605760021737e+00
-1.839734950965926075e+01
-2.049307201232411302e+01
-2.113968744695800339e+01
-2.122287081398793163e+01
-2.133354754454176216e+01
-1.897592356092284760e+01
-9.270513556288877410e+00
-1.159281619296612753e+01
-1.837635211433543958e+01
-3.947399960628829252e+00
-2.682511064493884323e+00
-2.441225287340367256e+00
-2.051563994514124190e+00
-3.032867294833428318e+00
-3.808112233379509437e+00
-3.847636938692029940e+00
-2.342927592282738836e+00
-4.374963557604122144e+00
-1.596098198779944743e+00
-1.987379666662681066e+00
-9.056375042520823371e+00
-7.296190621805373588e+00
-3.284086848321779328e+00
-1.313622533613238375e+01
-4.797171546828940869e+00
-5.451503039864850741e+00
-2.650566807552582560e+00
-8.582494971521050786e+00
-1.555594218670195206e+00
-4.728961436352694392e+00
-5.415275316214760437e+00
-6.359720960005996737e+00
-3.817493589495303041e+00
-1.551566166661123880e+01
-9.549155615893999638e+00
-2.136332961494030958e+00
-1.919652456848308653e+00
-1.757888298914485947e+00
-1.342699796139097179e+00
-2.179529028989816819e+00
-2.075984744371128787e+00
-1.911170205214981710e+00
-1.637790689073457884e+01
-1.931082621935518873e+01
-3.623182712344628964e+00
-2.213136103043068292e+00
-1.906856536275137737e+00
-2.409550693891658213e+00
-1.371215992553775020e+00
-1.835179383821742727e+00
-2.048480617865146680e+00
-5.599890326922339234e+00
-8.799373666142756178e+00
-2.629015414630745617e+00
-2.537837200327748288e+00
-2.582757441003213472e+00
-1.518018629758706828e+00
-2.200369464378943096e+00
-2.788635711102116055e+00
-2.273639530238710460e+00
-1.039298662948516849e+01
-3.465862177547264444e+00
-2.024974095786070905e+00
-2.212951005879471911e+00
-5.740443485857357864e+00
-1.917009020900234395e+00
-3.671632684486236364e+00
-2.918069426263156796e+00
-1.002320591975031228e+01
-2.111426504595678377e+00
-2.229206805883221509e+00
-1.104572470889116786e+01
-3.035428725039257536e+00
-4.086873903423791532e+00
-1.994251420752048531e+00
-1.348987337752731275e+00
-1.585222131902549014e+00
-2.952454229158943289e+00
-2.114749614694380053e+00
-1.890854316842373706e+00
-1.941257501306514976e+00
-2.019435221086372412e+00
-2.530862147524469918e+00
-1.875922009718234085e+00
-1.719587353582927136e+00
-3.524358293135672948e+00
-2.770415575969390698e+00
-2.144410946191515510e+00
-3.437341682940715071e+00
-1.451021947506612619e+01
-2.216094850529398030e+01
-2.278492393970491747e+01
-2.170351369720575008e+01
-2.180708574944037537e+01
-2.185984712584473755e+01
-2.261829021575588783e+01
-2.140448583237570901e+01
-2.096076416383080954e+01
-2.079917205043762962e+01
-2.125547319590583228e+01
-1.594959379259858423e+01
-1.798556714520189104e+01
-2.365438781151345093e+00
-2.121599323915488444e+00
-3.738592980870643956e+00
-3.246120086249812076e+00
-2.397262721160150267e+00
-2.130976664768393203e+00
-1.799357901654031533e+00
-2.100628955167429535e+00
-2.018197173626224750e+00
-2.456414334850944403e+00
-1.863483688236894809e+00
-2.059419048699752341e+00
-3.264648350228216866e+00
-4.073342966536523946e+00
-2.254121548285534349e+00
-2.178809394106553832e+00
-1.437382145721807447e+00
-2.730674184994262621e+00
-2.196712273541449711e+00
-3.045624133135833134e+00
-2.427659030326512202e+00
-2.194932992301830588e+00
-2.359024750342156196e+00
-1.784655776494055157e+00
-1.237567833268849560e+00
-2.364123844856246937e+00
-2.023698837863180167e+00
-1.407343675451918186e+00
-1.952808783295888473e+00
-2.583489968801845560e+00
-1.965621499871322175e+00
-1.949648505607332938e+00
-1.957439471158008315e+00
-1.633375044736778969e+00
-1.837715392049880991e+00
-2.670993811858383804e+00
-1.353953843570727011e+00
-1.899787550178931195e+00
-1.902563029633951075e+00
-1.460330036987681268e+00
-1.479976134748420602e+00
-2.213505439529050101e+00
-1.499784974779134084e+00
-2.766698065726408640e+00
-1.758548326507796133e+00
-2.076358695264723497e+00
-1.721635126640102875e+00
-1.827235721355298770e+00
-1.803649887772672766e+00
-2.006239333027014293e+00
-1.820871149564990965e+00
-1.965447868344312399e+00
-2.568035251045691858e+00
-1.835514190288333181e+00
-2.054911758166691360e+00
-1.441323431283930256e+00
-2.802672658499591130e+00
-1.510614666425499131e+00
-1.840685866867200149e+00
-2.804243922772512221e+00
-2.073736011705348936e+00
-2.449357501317753982e+00
-2.171316094489243120e+00
-1.603153454855985149e+00
-2.073812907452429855e+00
-1.697349762674149609e+00
-3.185678651153216023e+00
-2.372824504776291921e+00
-2.328264507877096712e+00
-2.101761989369611339e+00
-1.363546552472410189e+00
-2.212909763221567960e+00
-2.037788140679315685e+00
-1.788501826623466906e+00
-1.315697639404066477e+00
-3.313324193106398141e+00
-2.285251542906014066e+00
-1.968107234929362015e+00
-1.797617819967067598e+00
-1.385788135061830628e+00
-2.158326642192264444e+00
-2.717319886185339595e+00
-1.797964749762597458e+00
-1.812098159504840877e+00
-2.763564371983954882e+00
-1.871778180333089736e+01
-1.898985857154875490e+01
-1.898273542208999132e+01
-1.889078025994834320e+01
-1.833980145344927593e+01
-4.076512111396588089e+00
-3.151371725783114641e+00
-1.966235442517507703e+00
-3.523820349182792633e+00
-3.004141050216940556e+00
-2.529334848953444403e+00
-2.554982413112003137e+00
-3.012046074282874741e+00
-2.545906415482110940e+00
-2.672161352803548606e+00
-2.985400476864914054e+00
-2.574437512192791822e+00
-2.281690648355506834e+00
-2.223755944206313728e+00
-2.910480524851940309e+00
-2.407928433621187914e+00
-2.177936737853155780e+00
-2.738461167346181835e+00
-2.172662596668151647e+00
-2.061634037776756578e+00
-1.815320018511746181e+00
-2.153305520169594089e+00
-2.248066582506309086e+00
-1.957943882687259940e+00
-1.873266109742582675e+00
-2.392231807527065879e+00
-1.628919156661974954e+00
-2.182915768184594540e+00
-1.428597228442092026e+00
-2.497902558836877951e+00
-1.992805912779120892e+00
-1.640800340746330965e+00
-1.609296272891972857e+00
-2.533995103775527280e+00
-2.277380727349646250e+00
-1.889486882354333153e+00
-2.545436743100840893e+00
-1.930967593650421810e+00
-1.659187866987122950e+00
-1.960041780687503676e+00
-2.483221481959676069e+00
-2.042968571956554680e+00
-1.806133979123914157e+00
-2.332038760294338875e+00
-2.675811196240743151e+00
-2.547796738374988657e+00
-3.846484035823645176e+00
-1.476772399046469619e+00
-2.279412507555353962e+00
-1.899402756038771178e+00
-2.317888512769404219e+00
-2.743257289846173563e+00
-1.420016171438589048e+00
-1.795584984942782292e+00
-1.391152013421858014e+00
-1.723733794552347653e+00
-2.129974068570615220e+00
-1.593665227662321326e+00
-1.810453413470395789e+00
-1.889962111416627843e+00
-1.878364525634165894e+00
-1.664032201980346404e+00
-1.469476773001095804e+00
-2.232971530633478530e+00
-2.004181490764126217e+00
-1.867575520962396540e+00
-1.950016419597735640e+00
-2.017497247555681827e+00
-2.227079632122970221e+00
-2.046406048095650299e+00
-1.542245390692186691e+00
-1.813159350544053527e+00
-1.579534740613770749e+00
-2.127982676766065229e+00
-1.307865882687748060e+00
-1.703450507990191820e+00
-2.212854585855920764e+00
-1.796842792270175293e+00
-1.325902745847975295e+00
-1.636913655412252089e+00
-2.002263041955746559e+00
-2.120790129953078473e+00
-2.344423038873141962e+00
-1.522793090563933971e+00
-1.947457345729627365e+00
-1.588224118260745721e+00
-1.496555135825516913e+00
-1.185069965002430559e+00
-2.063528089168720658e+00
-2.300402287678746660e+00
-1.865205551090713509e+00
-1.898271146379606700e+00
-2.050676147164099294e+00
-3.844266696299167840e+00
-2.557437755037187177e+00
-1.437424351158242741e+00
-1.830624249973447970e+00
-2.340034179237426404e+00
-1.554937299335401590e+00
-1.338805404066802263e+00
-2.185158248251263480e+00
-1.935208329514793713e+00
-3.607302289584866539e+00
-1.739402396098049142e+00
-1.613230205591677624e+00
-2.523613467275785727e+00
-1.368395165626569820e+00
-2.261177809968659247e+00
-1.273714810185565760e+00
-1.553048625177941844e+00
-1.346636675523526172e+00
-1.353456554223127606e+00
-1.882809994009528198e+00
-2.208365119695425260e+00
-1.286436909394460759e+00
-1.146587582567947461e+00
-3.534084572043847405e+00
-2.639293117609530004e+00
-1.999213503628409550e+00
-1.260106543568353610e+00
-1.775555715420234604e+00
-1.411640722261724434e+00
-1.640606773137442298e+00
-1.445263179664590725e+00
-1.970769044659682834e+00
-1.613909786852343098e+00
-1.787284453483417801e+00
-2.787625959916000262e+00
-1.064522732496803403e+00
-8.434883833624430283e-01
-1.732997950657431785e+00
-2.856762206111358005e+00
-1.567309848059829092e+00
-2.308144869133624599e+00
-1.261523486261032501e+00
-1.701322497541244649e+00
-1.663403122605144224e+00
-1.391016620433476847e+00
-9.885125269183546726e-01
-2.285802610152257053e+00
-2.245675438053057249e+00
-1.145885307632486416e+00
-8.323525305243354433e-01
-1.274971838884133346e+00
-1.940563035304254447e+00
-1.832664820315794474e+00
-1.176028795846844943e+00
-1.244669374664601147e+00
-2.046870386115130724e+00
-2.207093395003244307e+00
-1.266035461403163254e+00
-1.550903464290821931e+00
-1.191066474010588516e+00
-2.584846860031549287e+00
-1.926349069054039020e+00
-2.526019878892713511e+00
-3.464547147521805925e+00
-1.430374957844312789e+00
-1.850328570549402363e+00
-1.387985458656515014e+00
-1.857261842543536323e+00
-1.360454834276430658e+00
-1.988538340634967705e+00
-1.726586441519270876e+00
-1.313852599492919992e+00
-1.180555381209266397e+00
-1.987872071549260822e+00
-1.934763431992669425e+00
-1.863483485183625721e+00
-1.763985823234236694e+00
-3.077936449701723198e+00
-2.572904641274290860e+00
-1.749925590455382318e+00
-1.831459268400986939e+00
-2.976655593154227564e+00
-2.977915252589887984e+00
-2.179273927082848061e+00
-1.986292460437218077e+00
-2.789707277733961988e+00
-2.118530434529613427e+00
-2.215225729782951625e+00
-4.355968144142100762e+00
-4.049030133523456421e+00
-1.271665157600541995e+00
-2.759763002494022288e+00
-2.127590880345827440e+00
-2.561356016795427237e+00
-1.336904205376947541e+00
-1.352200024929074207e+00
-1.766390280553569392e+00
-2.239561989331201985e+00
-2.048094820970534968e+00
-3.636053846253817223e+00
-5.610215633804141788e+00
-1.766976470975747304e+01
-5.481744480276203646e+00
-2.053327425863153977e+00
-2.192494121892583969e+00
-2.077543363046757907e+00
-1.240572689697161612e+00
-1.601645972462923728e+00
-1.554322927976300006e+00
-9.696019118352380284e-01
-1.455585661167596800e+00
-1.831394120289417504e+00
-1.878383715866298820e+00
-1.720498602152342960e+00
-1.579181326231266835e+00
-1.825296075149910102e+00
-1.910796388985148031e+00
-2.354771755219120521e+00
-1.722569404850791797e+00
-3.026784754278404321e+00
-3.335044655451131934e+00
-5.254496615555317440e+00
-1.759437903248029045e+01
-1.739018693403024685e+01
-1.788172764243021007e+01
-1.107487629576393751e+01
-3.694243800238798503e+00
-2.095521317664742256e+00
-3.198854068152429786e+00
-4.280385812253626909e+00
-3.181316573250368318e+00
-2.999260752987165546e+00
-2.614059072810479556e+00
-2.459561661670396138e+00
-1.392980784770263547e+00
-1.456409152901471771e+00
-1.941548481218234645e+00
-1.737300205274204368e+00
-1.518546759578777383e+00
-1.260767101622472630e+00
-1.930756590056303956e+00
-1.786366950139236964e+00
-1.674976309381119854e+00
-2.386335323643073103e+00
-3.420068755949782435e+00
-1.335689916830619772e+00
-2.047283924263099131e+00
-1.482921103716408062e+00
-1.309024416389657830e+00
-1.701694234280665352e+00
-1.728878774458525225e+00
-1.943407675999330841e+00
-3.805821289296976051e+00
-1.754784629343555613e+00
-1.587793525007573647e+00
-2.184379282414746104e+00
-2.978643925992503494e+00
-1.779176235351724200e+00
-1.381624170378097149e+00
-1.831170473386102948e+00
-1.869362243133532830e+00
-1.688446896906509620e+00
-2.748321712897588309e+00
-1.752582077250092851e+00
-1.987623579076562397e+00
-1.807226179933254073e+00
-2.120708312532070039e+00
-1.935068646642630785e+00
-2.514274549977705053e+00
-1.715395199130848480e+00
-1.590544963208492701e+00
-1.627940404276697395e+00
-1.797558390180308274e+00
-2.228652324712693034e+00
-2.529833666004695392e+00
-2.640077423271745438e+00
-2.502884121427341846e+00
-2.307147278089476394e+00
-1.269468946494151096e+00
-1.734530694758896319e+00
-1.453239571875540648e+00
-1.402035368383223624e+00
-2.036261548098582619e+00
-1.373391170476150114e+00
-1.842956050226394860e+00
-3.756289998952695441e+00
-1.514022925129952846e+00
-1.238163021115211260e+00
-1.607067794078467893e+00
-2.253911525207203947e+00
-2.039866680930263243e+00
-2.036561688702342110e+00
-2.417286126467797391e+00
-2.170714777229145298e+00
-1.610644612455943481e+00
-1.936009176570056223e+00
-1.445383343528305664e+00
-1.489346983090411136e+00
-2.031717977859511137e+00
-2.406159248080021129e+00
-1.907138006193913604e+00
-1.743440667546263256e+00
-1.402484903856676679e+00
-3.323177184554419572e+00
-1.968266602838292911e+00
-1.596402457942637687e+00
-1.383264692186262579e+00
-1.869567983815721535e+00
-2.399016810273476352e+00
-1.372764374558654188e+00
-2.119609750622198252e+00
-2.750179674410581754e+00
-2.835537887359734555e+00
-2.010511966057607847e+00
-2.022808878952312206e+00
-1.845023087028077491e+00
-2.533578609900391410e+00
-1.512834335217076553e+00
-1.703253716987459088e+00
-1.674493127578131846e+00
-1.869093030340210237e+00
-1.997198348170265314e+00
-2.810729154647637174e+00
-3.066296430114731297e+00
-2.723214101698454126e+00
-1.882143914584598843e+00
-1.658953695624294733e+00
-2.929018707265265142e+00
-3.889804971014378943e+00
-2.314018209741528054e+00
-1.955952433235357724e+00
-2.660460920390763651e+00
-3.135992703727210618e+00
-2.301713760628759431e+00
-2.484194014017931718e+00
-1.513934768759908955e+00
-1.552150101622759681e+00
-1.351575625368310440e+00
-1.954425860249349611e+00
-1.578036158695375502e+00
-1.592883197444949550e+00
-1.864903985979648793e+00
-3.027230274648969210e+00
-2.681658905194347575e+00
-2.714962420378407071e+00
-2.273363332367775769e+00
-2.626862747062053582e+00
-3.315445913365392627e+00
-2.404107373869068365e+00
-3.795651888431606835e+00
-2.376805437445133506e+00
-1.508349026747294097e+00
-2.110328872018975677e+00
-1.594871669351689558e+00
-1.650548487474754689e+00
-2.364653118416887079e+00
-1.822960589505367990e+00
-1.380965630274135769e+00
-1.844699560153060691e+00
-1.936012741408238425e+00
-1.707410528582328890e+00
-1.287105016807325919e+00
-1.326604795288832017e+00
-1.292887681508249065e+00
-1.361047990481745851e+00
-1.349123033225240187e+00
-1.156063412414463532e+00
-1.663298843064251908e+00
-1.702653076192837123e+00
-2.459476295015765590e+00
-1.869584338910353694e+00
-1.922359912518952774e+00
-1.548633841207564643e+00
-1.557854555201396041e+00
-1.951704605452320607e+00
-1.526501257728342331e+00
-2.325568250292731509e+00
