-2.256942907097884543e+01
-2.081004103454521470e+01
-2.417859087669991069e+01
-2.087019707852711647e+01
-3.548750139048647156e+01
-4.061341045807107264e+01
-4.945895156151964045e+01
-4.098780746842633249e+01
-3.468474380362253839e+01
-3.338136568092492951e+01
-2.226660890938989823e+01
-2.890922980099554707e+01
-2.506928737854504519e+01
-3.646834253317975083e+01
-2.466842990092621335e+01
-1.530619526493922322e+01
-3.133374868922187773e+01
-4.274876658705229460e+01
-3.763084599948598452e+01
-4.535614567791674290e+01
-4.173434101136618324e+01
-4.092807085176405479e+01
-4.302108632096891228e+01
-2.730045267711650681e+01
-2.816616377827716633e+01
-2.252822965692967472e+01
-2.630730372337358247e+01
-2.212082911839891963e+01
-3.403205616674068068e+01
-2.760307430054698230e+01
-2.823115269930195836e+01
-2.435302616538897169e+01
-2.692720286005070207e+01
-1.871706863825436074e+01
-1.985611992778505197e+01
-2.207648214511582552e+01
-2.433356544946194688e+01
-2.367162347194390648e+01
-2.336689582146270538e+01
-2.215768435071344555e+01
-2.576663932520968459e+01
-2.088155800033486642e+01
-2.134849236359942992e+01
-1.599483418610349972e+01
-1.156985275978394512e+01
-2.570352365285327423e+01
-1.956850966332531172e+01
-3.393152822900587839e+00
-6.278829143860528816e+00
-1.238645263764905913e+01
-1.422181992108161452e+01
-8.597165213662474770e+00
-1.869535382796109246e+01
-1.832257698559876857e+01
-1.879742685671708813e+01
-2.308081288620071447e+01
-2.492018693534389229e+01
-2.533835835419384708e+01
-2.682299678224219619e+01
-2.696191674619229062e+01
-2.769803620956742662e+01
-2.324303634346659209e+01
-2.301152151043039140e+01
-2.151606287476166912e+01
-2.138134543656129694e+01
-2.186821395877977636e+01
-2.383203602100921259e+01
-2.376598510903945893e+01
-2.512057669313521302e+01
-2.225065897492226341e+01
-2.352495212598143581e+01
-2.026892651925879463e+01
-2.175316360237924229e+01
-2.224097338935578705e+01
-2.082039984905356533e+01
-2.760911119052505569e+01
-2.702566327555448211e+01
-2.272931104463787477e+01
-1.196126280386280705e+01
-2.310189211898662265e+01
-2.378738694487566363e+01
-2.337948415599581864e+01
-2.229568774290417110e+01
-1.643678362002881244e+01
-1.801926476602385563e+01
-2.115028692959262457e+01
-3.880829242577414462e+00
-1.962082056855502543e+01
-8.543534744486196431e+00
-2.157462424834904269e+01
-1.958815574274651539e+01
-6.955477367429183211e+00
-1.524124665735303807e+01
-2.163986165209824364e+01
-2.344662080506358137e+01
-2.384802077533424125e+01
-2.782651644721077844e+01
-2.728458972428683538e+01
-2.356274882556530059e+01
-2.235890496670244332e+01
-1.626659985608641534e+01
-3.805020521659561172e+00
-2.452193035941118637e+01
-6.784797045985756725e+00
-2.107104927289043772e+01
-3.520903489311427936e+00
-1.038847714758974661e+01
-2.876076031007865907e+01
-2.157711511226965939e+01
-2.482205888581657760e+01
-3.676452735398971328e+00
-2.081459718844599038e+01
-1.944177297134555005e+01
-1.845530043190842306e+01
-8.571389861623908146e+00
-1.484219611615812084e+01
-8.577469024119469765e+00
-2.430645725151436398e+00
-2.319331871759321206e+00
-2.032203539669874992e+00
-2.677682085757285169e+00
-2.234163729914885099e+00
-6.985774207343613540e+00
-3.119728847091823187e+00
-2.772779849812337272e+00
-1.743114873087653294e+01
-2.150691559996786495e+01
-1.944792476163824446e+01
-1.671916819492535922e+01
-1.729789651780802373e+01
-2.537042924437494129e+00
-1.961941537986442796e+01
-3.569494022866532834e+00
-2.413732651105123583e+00
-1.171048857311093805e+01
-1.093990269080236999e+01
-3.545161380109119964e+00
-1.855033882930249334e+01
-1.386167567207590245e+01
-2.723709604286390640e+00
-1.483757442525795156e+01
-3.944662544372631530e+00
-5.062642565126878935e+00
-3.452899399478356557e+00
-2.858798574606431941e+00
-5.888297440026554419e+00
-4.589795123159128742e+00
-4.373035340438351959e+00
-9.592977712338553786e+00
-2.634089934232445529e+00
-3.790102455865438369e+00
-3.199003728016932335e+00
-2.640241670305123911e+00
-2.484316928291875115e+00
-2.762510576024894693e+00
-3.496570458449313357e+00
-2.601282014550519328e+00
-3.850082857176907236e+00
-9.978670282443922179e-01
-3.237920317045927199e+00
-1.256327677680202015e+01
-3.348179270142116692e+00
-2.743864124441814489e+00
-2.454910350187918144e+00
-4.183423624286848330e+00
-3.055355317572161944e+00
-3.429115222312428379e+00
-3.216131884598172785e+00
-2.518910079905980037e+00
-3.024516351196389952e+00
-2.870935049143969575e+00
-2.205246077325649257e+00
-1.966240879032128630e+00
-2.528889315187554221e+00
-1.962840225826189888e+00
-2.341420425372287006e+00
-1.903311120227360043e+00
-2.897310872090771205e+00
-1.268763413558479769e+00
-2.024867240288485526e+00
-2.110234112676832474e+00
-1.347354613753082075e+00
-2.056690143761543688e+00
-2.978758238638391287e+00
-2.402958950494798351e+00
-1.881060043960247175e+00
-3.309569099228570455e+00
-3.026568643834140371e+00
-2.543843083306449149e+00
-3.339781761707897090e+00
-3.117507836244281183e+00
-2.512052108063110634e+00
-2.660400954730035128e+00
-2.816217067195859514e+00
-3.547017409014933786e+00
-2.467201250601529949e+00
-2.691975694236222072e+00
-2.609859855808383422e+00
-2.448452446439540964e+00
-2.504136865780545840e+00
-2.870684452763578864e+00
-3.104157439158978349e+00
-2.674152169875783525e+00
-2.730948406690214991e+00
-2.619287108791030327e+00
-2.483142060739051526e+00
-2.315431890309324281e+00
-1.943869426214828389e+00
-1.831420860841502352e+00
-7.065275885791967525e+00
-2.168029379442046878e+00
-4.212293418961555957e+00
-3.149044624816153437e+00
-2.678167638324413513e+00
-2.033036549974775120e+00
-2.541111117102810901e+00
-1.042372655644469681e+01
-7.255969781388881934e+00
-8.711009199351975596e+00
-3.139819427821725295e+00
-1.131855704358408410e+01
-2.081086073909162781e+00
-4.052740318164524069e+00
-2.345714126499199637e+00
-1.952303403025887896e+00
-4.894653966533918599e+00
-1.714457696142611809e+01
-2.019846897213381176e+00
-1.751721240137251057e+00
-1.615640447190171081e+00
-2.943902939421828791e+00
-2.198934593179011632e+00
-1.688496140219375885e+00
-2.103259736083140652e+00
-2.049685514400577002e+00
-1.457548883475690893e+00
-2.332235496812256503e+00
-1.911759738361207051e+00
-1.546708907725708348e+00
-1.340065821885737751e+00
-1.537878458202002863e+00
-1.647393761002508006e+00
-2.351931168901687297e+00
-2.136213564394715991e+00
-2.001122344508424522e+00
-1.505764421805013020e+00
-2.026908952423621457e+00
-3.291570193460724436e+00
-2.868563073525903562e+00
-3.237758803955550047e+00
-1.564721216433093698e+00
-1.793753161871799673e+00
-1.947039383585059236e+00
-2.381867336780570721e+00
-1.767157060831697324e+00
-2.109025124913874727e+00
-1.465419906619236823e+00
-1.422366883038967744e+00
-1.366462771245982477e+00
-1.778161217551998075e+00
-1.471780477532773856e+00
-1.514052354729685357e+00
-1.747470188792208168e+00
-2.268672566900412413e+00
-2.361450375333054907e+00
-4.471545564110186888e+00
-1.975887187818922142e+00
-1.831850122947777937e+00
-2.095853448069943781e+00
-3.275730283911509222e+00
-4.035199849274170525e+00
-3.500116640836544057e+00
-3.173855736234263425e+00
-4.392643109390503398e+00
-3.792987832456924391e+00
-1.915553435081743672e+01
-2.109007709913519335e+01
-1.775507255786013516e+01
-3.431784900815827211e+00
-1.185474220810845480e+01
-2.977668852465527927e+00
-4.350068916386455875e+00
-6.538970307644361490e+00
-1.234449128055101319e+01
-3.891198523692619204e+00
-3.042163672148654907e+00
-2.459765883839701850e+00
-1.020105985862908859e+01
-1.161326386266279265e+01
-1.398911271880192864e+01
-9.290231847450362679e+00
-1.494582313683890717e+01
-2.643768904286618149e+00
-3.012435075816768837e+00
-5.916930539557267110e+00
-4.013943611849006388e+00
-4.321489924559303475e+00
-2.478880515015268848e+00
-1.860279507077551742e+00
-1.912387571445404388e+00
-2.625641708254808027e+00
-3.149116440501210867e+00
-1.223673347726530025e+00
-2.499364007294030632e+00
-4.906398611454791947e+00
-9.863557352359336505e+00
-2.599199375151056035e+00
-2.820781978589034011e+00
-5.387820807956026137e+00
-1.612495729633749875e+01
-2.996284305105492596e+00
-1.441217842259096749e+01
-2.422501769532465765e+00
-5.255511393292583655e+00
-2.487996054299821846e+00
-9.061526592278109860e+00
-3.843614232754689386e+00
-3.253498703635130163e+00
-4.744703208694027730e+00
-4.242679330677028737e+00
-1.980715577016219697e+00
-3.938952077976907606e+00
-2.529213928850989390e+00
-2.406508463337609260e+00
-1.942692336487257254e+00
-2.599195361612136601e+00
-1.888153176710887449e+00
-2.991813666497284974e+00
-2.068929275430363646e+00
-2.609846057410098119e+00
-3.217991138608185864e+00
-2.691816495974009626e+00
-2.329962712622850152e+00
-3.895507694862396786e+00
-2.766212010487936634e+00
-4.217017780240610136e+00
-2.602531804096411605e+00
-2.696705183907660786e+00
-2.097579511786783701e+00
-2.957332553978264222e+00
-1.790876327516310873e+00
-4.199241275592493494e+00
-1.816137493754934606e+00
-1.847357306281115541e+01
-2.204338874124355030e+01
-2.110693190728691704e+01
-2.024731164857315591e+01
-1.261402580927871497e+01
-2.265180708727940306e+00
-2.618052753844908320e+00
-2.622039613053126050e+00
-3.649141319857740928e+00
-3.796681069166921052e+00
-4.460047093932469231e+00
-3.257234119703880548e+00
-3.438806143912003233e+00
-3.157772829536555470e+00
-2.812374466509291793e+00
-2.653104893606520243e+00
-4.928492552278552097e+00
-3.826972256071399681e+00
-2.596390433152591548e+00
-3.233505776437719970e+00
-2.495284997306498997e+00
-1.685280390859413302e+01
-6.497303796080940330e+00
-8.976771988509623768e+00
-2.440398512865459946e+00
-2.471340026611051677e+00
-1.927912506557684313e+00
-2.083893639142477383e+00
-3.221896049995004230e+00
-3.027237373662618580e+00
-4.138758816547819741e+00
-4.447279032002245280e+00
-6.775515930100048045e+00
-4.766883996781571931e+00
-4.258633137967184901e+00
-2.339967728434170002e+00
-2.746369334456272071e+00
-2.631578886530288486e+00
-3.008149196499225297e+00
-2.833696133186565103e+00
-2.638844084543282786e+00
-3.669017942572839530e+00
-1.812666467261296788e+01
-6.879377437227820025e+00
-7.954811979781003295e+00
-3.261693359233047484e+00
-9.253170047321916059e+00
-2.195684941154059544e+00
-3.718796024669891231e+00
-1.885978671874814383e+00
-2.274165680599417261e+00
-2.940369321187012996e+00
-3.022001278278376279e+00
-2.307465375258245022e+00
-1.702546343439142573e+00
-2.367934449885668258e+00
-2.647766505230762846e+00
-4.566552611451411003e+00
-1.079710558088948602e+01
-3.302641741607923009e+00
-3.891001656575562517e+00
-2.739601912711105758e+00
-2.623692350581367627e+00
-1.921266000366754545e+00
-3.431426953548299519e+00
-4.187735571699004566e+00
-3.310434507423438699e+00
-1.839755124519678375e+00
-1.127651721717881417e+00
-1.186694159003103932e+00
-2.470310400610977730e+00
-3.834564120549474708e+00
-3.902819505778226450e+00
-2.830546125014391734e+00
-2.146218701815445051e+00
-2.544607279037740977e+00
-1.699132538453830721e+00
-3.277272340616750324e+00
-3.918366196932841827e+00
-2.672526767144913329e+00
-2.815314328829594981e+00
-2.905752274234082666e+00
-3.567563640157311422e+00
-3.501026932551210447e+00
-2.858312915246794095e+00
-1.744567719120278193e+00
-2.491471310395369176e+00
-1.796880301475953345e+00
-3.428603411567338277e+00
-1.661769183840524633e+01
-1.958944115017168741e+01
-6.465604790084531928e+00
-2.035258982580046005e+00
-2.186392072416747823e+00
-2.137791248386472720e+00
-2.520042756530343819e+00
-1.620307009507339080e+00
-2.029991600916623007e+00
-1.723958432332154844e+00
-1.868016664125529802e+00
-2.286341688965946695e+00
-3.124452987604383836e+00
-2.234685386236401783e+00
-1.498522284872587429e+00
-2.243261178485521867e+00
-2.153984937273517364e+00
-3.110873384479022619e+00
-3.508814958138611662e+00
-3.505060201636155615e+00
-2.485124418388088063e+00
-2.448049525156672068e+00
-3.135874569173627613e+00
-9.544905542796856546e-01
-3.507762520278178364e+00
-2.588143021229473373e+00
-1.728653808483840537e+00
-2.033132585132050529e+00
-1.457548717022178764e+01
-2.666066733054618165e+00
-2.069311764352748995e+00
-3.874577134830039959e+00
-5.417250213898002542e+00
-1.693873833762954817e+01
-1.862926496410217680e+01
-1.950186872684551886e+01
-2.187027514625200553e+01
-2.060229656524578701e+01
-1.918401769669532442e+01
-4.159197248248397649e+00
-2.789795729430676996e+00
-2.002972223025222931e+00
-1.369913916350958161e+00
-2.660321227928017951e+00
-3.365269663514388832e+00
-3.090554387949505877e+00
-3.012498222495169298e+00
-3.057919452452283249e+00
-1.982643027335246000e+00
-3.382478240712525341e+00
-2.255032056637015003e+00
-1.918399122107182331e+00
-1.869997998837268804e+00
-1.288099791546820416e+00
-1.156155027989473227e+00
-1.528228691656232430e+00
-1.674362283925999284e+00
-1.740732859766151108e+00
-3.953986261646051936e+00
-4.087069308551148694e+00
-8.820558304438428365e+00
-1.788707931011135699e+01
-1.794951313594411957e+01
-1.650978352052039000e+01
-9.393110094021524858e+00
-4.374307690553739469e+00
-2.426594717044692207e+00
-1.078500439088409735e+01
-1.936397189523467333e+01
-2.000107971623837244e+01
-2.855759374435908438e+00
-9.998691970002923313e+00
-7.719360531105748713e+00
-1.139334413304599991e+01
-2.751266660303423262e+00
-4.342483813432509443e+00
-1.902391832664048543e+00
-1.750105450094931570e+00
-1.787113131845702974e+00
-1.361553860661461224e+00
-1.672655070183001635e+00
-3.544887254255746800e+00
-3.611951594071752591e+00
-1.135527556059999998e+00
-2.418351945821735960e+00
-3.624446076386323767e+00
-1.755336197923620745e+01
-7.048107702922622231e+00
-3.229997064470758072e+00
-3.288214379204545068e+00
-2.625879448003556327e+00
-2.014079762882581282e+00
-3.136087232382824830e+00
-2.755943747086564422e+00
-2.233575665893674511e+00
-1.494416974500212936e+00
-1.344732548177880016e+00
-2.669068940045980831e+00
-2.205322478149049914e+00
-1.424915309516904260e+00
-3.160312352846044615e+00
-3.107345731594488125e+00
-2.356737366757077456e+00
-1.622517023695291494e+00
-3.881670021452150454e+00
-6.881782597738430596e+00
-8.429689459004688246e+00
-8.597411862993922682e+00
-1.382028176291438593e+00
-2.429462898639174195e+00
-2.966476026253684672e+00
-3.494456597699141298e+00
-2.637323678584064801e+00
-1.560212839203656499e+00
-2.295634911634968134e+00
-2.387010533378666199e+00
-3.356607246601887695e+00
-2.285115683961623567e+00
-1.277552693813036733e+01
-4.087164907134654968e+00
-1.316520601373125565e+01
-3.482623115067095210e+00
-1.562706931865045057e+00
-2.532121553724972607e+00
-2.180842664971616163e+00
-1.331014845803773028e+01
-9.715997295604795525e+00
-3.832136834666106218e+00
-4.015412808549570833e+00
-3.426933366605547704e+00
-1.505060054730997798e+01
-5.277860437114488157e+00
-5.018154746692587764e+00
-9.741132664131162855e+00
-4.522489638032154424e+00
-2.805365631739108245e+00
-3.133468827692539094e+00
-2.218507239303529666e+00
-1.300566616685867594e+01
-3.671010441868571395e+00
-2.777846690736369251e+00
-3.537667787919834606e+00
-5.984093857774952063e+00
-1.219130438237858272e+01
-8.941639419209730377e+00
-3.678126373716420705e+00
-2.500067515935589846e+00
-1.519354708770259244e+00
-1.962585445662471528e+01
-1.803204573204927286e+01
-1.335826055592371553e+01
-1.708966588990209701e+01
-1.043184360328530680e+01
-4.837649766523838935e+00
-1.569677676994738924e+01
-1.951381141630442784e+01
-1.768922473409859464e+01
-4.346254093013984132e+00
-1.752262074561606653e+01
-2.041478033762422228e+01
-2.232730807730047573e+01
-1.734105060698544065e+01
-3.826170223725504194e+00
-8.188755911986504543e+00
-2.323437199563708422e+00
-3.988520556377626924e+00
-2.166835225234102325e+00
-2.867462462522635480e+00
-3.503209467972145053e+00
-2.381512745993896729e+00
-1.518153909874814245e+00
-4.233866769344542647e+00
-1.342887069387138688e+01
-4.589728592260679640e+00
-3.520545839157147583e+00
-1.863725265261930275e+00
-2.189763232292195827e+00
-2.648817042905657448e+00
-1.382983102946458098e+00
-2.162277922956165721e+00
-2.984783854331324537e+00
-2.658044379084584907e+00
-2.231081646106681138e+00
-2.123931808841999391e+00
-1.025739175340947185e+01
-4.538437877938124032e+00
-6.921479184536826423e+00
-1.099167176955973879e+01
-9.980499064026734146e+00
-2.611878090180312029e+00
-2.393188412489266170e+00
-1.421490455331197111e+00
-2.546505227176029784e+00
-1.631725818732967070e+00
-1.738947228921317256e+00
-7.783572742228324515e+00
-5.517331669868299926e+00
-2.070967400809177406e+00
-2.645060772368010404e+00
-1.428494799670220416e+00
-1.463711109652344966e+00
-2.292446115153198516e+00
-2.685708238489924682e+00
-1.359466656895925940e+00
-2.341534388004796075e+00
-3.818405941170189166e+00
-3.197062887080979188e+00
-7.046490722603885537e+00
-1.854346722970528605e+00
-1.586104443314490409e+00
-1.981954956540705970e+00
-1.156793258183107520e+00
-2.159319211822825491e+00
-2.167779302380392181e+00
-2.067636085086247633e+00
-2.150272290625615312e+00
-1.314703349158265366e+00
-2.463730464130700071e+00
-7.595726324271934171e-01
-2.741766490369998976e+00
-6.926390316427250227e+00
-1.969002809519736275e+01
-2.081584852882765446e+01
-2.001507830469673976e+01
-1.915382928300929777e+01
-3.430466080295575093e+00
-2.931158501088301449e+00
-1.814719694635239300e+00
-2.461704106567934591e+00
-2.465878283335024346e+00
-3.031599984778543533e+00
-1.990809829782367757e+00
-1.493629153862725989e+00
-2.018543314504755770e+00
-3.012359346223432155e+00
-2.597778822000020416e+00
-2.964527586178791640e+00
-4.353676892552913458e+00
-2.172886969212504571e+00
-2.880692307476285130e+00
-2.857736037635345117e+00
-4.011044465442736850e+00
-1.586655149301625212e+00
-1.618248578723435527e+00
-2.587642125109159252e+00
-2.152017905750847948e+00
-1.869976802257726556e+00
-1.912667269878035592e+00
-2.122167777711967407e+00
-2.207551876763241605e+00
-2.080054321444475995e+00
-1.697639498611362763e+00
-5.514243068972421113e+00
-2.926939253533586971e+00
-1.622785643746298190e+00
-1.757124641362473705e+00
-2.977535479187277900e+00
-2.283552431477618772e+00
-2.735656021321008158e+00
-2.799604127880193527e+00
-2.613366701034692596e+00
-2.202614740965284756e+00
-2.443456112703781713e+00
-2.171831616614219751e+00
-3.070771588590717638e+00
-2.819191160202687119e+00
-1.942075551287573809e+00
-2.888176423457757824e+00
-3.126246258179064874e+00
-1.467918026072199345e+00
-1.234640069635713155e+00
-1.430662922197689424e+00
-9.702224133443481113e-01
-1.415852972803206322e+00
-1.686568229905713201e+00
-1.112630687953319653e+00
-1.532754103917270516e+00
-9.081809629678105900e-01
-3.541460289535102834e+00
-1.218644031609619649e+00
-1.583434188802197884e+00
-2.681126096835659833e+00
-2.857554570270924632e+00
-2.437332181354618488e+00
-1.210645324213615925e+00
-1.505257647228677387e+00
-1.742165371276086283e+00
-2.469963047407964130e+00
-7.137340640250973145e+00
-2.358615407684132581e+00
-3.069458775978084475e+00
-1.702159923472804870e+00
-1.335383033837900912e+00
-2.134711342219752339e+00
-1.751652256072696368e+00
-1.692218589290785724e+00
-3.257248675783568359e+00
-1.134829897030684043e+00
-1.347384491874364265e+00
-1.681930657918059513e+00
-1.353924753077144771e+00
-1.330954685351876332e+00
-2.420864130587367047e+00
-1.579657994257955167e+00
-1.604984258204090075e+00
-3.704748649223613022e+00
-1.611445231970201952e+00
-1.870399155222144838e+00
-1.178239502789767634e+00
-2.541886202092314306e+00
-1.935209582450806209e+00
-1.337711219629817094e+00
-1.905029044862444731e+00
-1.660176956152742855e+00
-1.750611324979432615e+00
-3.032353635658260771e+00
-2.677311737952071002e+00
-2.318362729320942783e+00
-1.834895838428332704e+00
-1.811350891014035458e+00
-2.455938832426410201e+00
-5.866530980483656954e+00
-2.325206496666772260e+00
-1.800547064267927988e+00
-1.242569710758859580e+00
-1.742832807033162013e+00
-2.697357961106358282e+00
-1.320177471300475691e+00
-1.515544740747058805e+00
-1.697469572862978282e+00
-2.690209147098349352e+00
-1.332350406629948525e+00
-3.227025490894714022e+00
-3.208673647464473699e+00
-1.188631030232938368e+00
-3.223285589576415866e+00
-3.326717698979194893e+00
-1.331327671283506575e+01
-3.523394356076081202e+00
-2.753039158105174078e+00
-1.340269409675109769e+00
-1.285770440783008839e+00
-1.710720493740824688e+00
-1.077540933725650074e+00
-1.761088040840210756e+00
-1.645753073054615712e+00
-1.816092944059032543e+00
-1.898383890730132251e+00
-1.603938937771604012e+00
-4.784878247726927825e+00
-1.850398114745060241e+01
-1.952894111797996146e+01
-1.950381264427540629e+01
-5.429398787743697774e+00
-2.688572671027377403e+00
-3.865365646846620873e+00
-1.883610363840177548e+00
-2.786637677423451365e+00
-1.480246953278336886e+00
-1.993604930148932253e+00
-2.215726567326466778e+00
-1.775454709417416455e+00
-1.599918586726237324e+00
-1.836527848628132897e+00
-1.682782195038341033e+00
-1.853990060582298094e+00
-1.467467474254827042e+00
-1.637570242123736364e+00
-1.625584824606234546e+00
-1.549540431018801012e+00
-1.173193276513173622e+00
-1.778352583092720263e+00
-1.310835484871011314e+00
-9.544130838084239343e+00
-4.954434693632557618e+00
-2.170425090621156183e+00
-1.013312833469714347e+00
-2.554530676822964086e+00
-1.537537530780336281e+00
-2.063447734789528365e+00
-1.084472784673878420e+00
-1.467212416431295408e+00
-2.974023570479510603e+00
-1.506450249045917733e+00
-1.361250527918372644e+00
-1.620128575068244148e+00
-1.900799880499244532e+00
-1.383844744082417533e+00
-2.418340121555456079e+00
-2.104069747762391085e+00
-4.127532243604745688e+00
-9.650205828895899174e+00
-2.384032720046580955e+00
-1.538720722687482168e+00
-1.478020772640215252e+00
-1.674093998353791468e+00
-1.811573242098463821e+00
-1.465113990108730890e+00
-1.367669303066917141e+00
-1.438179982717829875e+00
-3.404465153861443216e+00
-1.996134421652239643e+00
-1.811969561769388948e+00
-2.558993842617521608e+00
-1.867137446300051851e+00
-1.593819281427688139e+00
-1.927599600689267278e+00
-1.673194025466800516e+00
-2.144506219866368912e+00
-2.001879419151857853e+00
-1.471277778790575086e+00
-2.880918196499923312e+00
-1.730943666727524866e+00
-3.202258758299070251e+00
-5.848576920137060320e+00
-2.511684946988220979e+00
-2.718740793648791954e+00
-1.934815391002921992e+00
-1.798893340385537609e+00
-1.725859977319345706e+00
-1.625884823559492265e+00
-1.662542512536594241e+00
-1.743470202537091174e+00
-2.013865712509300021e+00
-1.958399792749505375e+00
-2.236767679471183268e+00
-2.266330909384170145e+00
-2.782510764211273635e+00
-1.714686219732951766e+00
-1.191588841440343272e+00
-3.844777276261440502e+00
-1.306745682780552809e+00
-2.112133868891148847e+00
-2.845494690685205885e+00
-2.612209616068795981e+00
-3.346841544710816851e+00
-2.243308378847270745e+00
-1.579495821190370686e+00
-1.477584352177662597e+00
-8.912035913413218768e-01
-2.419780456526796630e+00
-1.746925885133696399e+00
-1.984247699071822302e+00
-2.122332371335400314e+00
-1.490742975361860401e+00
-1.416263903845559113e+00
-1.329471013272297997e+00
-1.865214829754599180e+00
-1.131689162771348123e+00
-2.041168851267788131e+00
-1.257844323937806985e+00
-2.049636821787548246e+00
-1.478983089846279464e+00
-1.468493627290407666e+00
-1.528010531416723605e+00
-1.779558408398065117e+00
-1.195613604131473551e+00
-1.610639932516407802e+00
-1.608693436136375610e+00
-1.937594615007855348e+00
-2.291597041234118670e+00
-1.685746877384992626e+00
-1.863173850082975092e+00
-1.731780432262359781e+00
-1.665163957799158378e+00
-2.138624878720314371e+00
-1.791084428186670463e+00
-2.583243482082842046e+00
-1.248136967510713902e+00
-2.368966656159914752e+00
-1.663694810953933789e+00
-1.601462658036543862e+00
-1.286991989177787676e+00
-2.498332972140575592e+00
-2.117765647150651631e+00
-1.355361754388185291e+00
-1.464701479754035862e+00
-1.647693340300629750e+00
-1.375444440359697928e+00
-1.719713905690525291e+00
-2.036360953983529676e+00
-1.770370165281041963e+00
-2.478364232812134471e+00
-1.902590472503557173e+00
-2.378516452047689356e+00
-1.329301012045410513e+00
-1.914565527686687529e+00
-1.537920872174290965e+00
-2.190570411139085127e+00
-9.953716433707452405e-01
-1.229272894677009731e+00
-1.978267384146140007e+00
-1.436171324413670014e+00
-1.722228162189909373e+00
-1.288437972779604701e+00
-1.445648054050254538e+00
-4.991849177352471578e+00
-1.932192302644395809e+01
-1.935092325335248375e+01
-1.838358277871458668e+01
-1.965257582462933428e+01
-1.980269184929699477e+01
-1.400544522946053583e+01
-3.153685622714292869e+00
-2.052103126184577242e+00
-2.223089310033337540e+00
-1.253383787847509145e+00
-1.318951200127659096e+00
-1.740115103012743747e+00
-1.297946043755179302e+00
-1.340306927218868127e+00
-1.076059140829214389e+00
-2.916509363244212061e+00
-2.431949369125583349e+00
-1.723292583789876042e+00
-1.494443336921059018e+00
-9.312612808072745496e-01
-1.294278266076604123e+00
-1.258792805706691276e+00
-1.314783709487870711e+00
-1.514620899010722166e+00
-2.497711940965268607e+00
-1.222640104934946947e+01
-1.183727636530227834e+01
-1.547231232768769793e+01
-1.930356223583600261e+00
-1.702933813193910462e+00
-5.343023027587583407e+00
-4.807214966165231473e+00
-1.635684507489822748e+00
-1.489399499482934930e+00
-1.772839679149697645e+00
-1.730564556013605815e+00
-1.334571099758131485e+00
-2.463249498345941646e+00
-9.524956719768021829e-01
-9.291119748197372852e-01
-2.028548033170403553e+00
-1.499980518194502732e+00
-1.127601934151648999e+00
-1.490360724412184812e+00
-1.446364078622727423e+00
-2.334327474757686538e+00
-1.694695142810013655e+00
-1.766255306322864094e+00
-3.455900891962734089e+00
-3.846473775653973526e+00
-1.106420534160991176e+00
-2.746495793675485242e+00
-7.924600437308614298e-01
-3.016153380501904291e+00
-2.921952710175570900e+00
-1.538343766197495466e+00
-2.731941138866003538e+00
-1.518077686075420152e+00
-1.816000236163433534e+00
-2.053848692621934369e+00
-1.778662409859916194e+00
-1.578859381670083550e+00
-1.447351075255679520e+00
-2.329931631490611110e+00
-1.876347160681038240e+00
-1.510682495054217700e+00
-2.035508261565502686e+00
-2.484372334962065665e+00
-2.457982605915403518e+00
-3.536069217724094660e+00
-3.473337516433832484e+00
