-3.298865951429475099e+05
-3.620130650054073194e+05
-3.179785772762503475e+05
-3.096677819031780818e+05
-2.702615716520304559e+05
-2.719602204258415150e+05
-3.237805665342664579e+05
-3.389014151698809583e+05
-3.134835488999884110e+05
-2.974583499280147953e+05
-2.905102317252199282e+05
-3.045694854238864500e+05
-3.143956697835109662e+05
-2.909805084688615752e+05
-2.927303759855928947e+05
-3.015114144451264292e+05
-3.026441581571557326e+05
-3.122669048763096798e+05
-3.204244137999382801e+05
-3.169768995898283320e+05
-2.700416495249538566e+05
-2.720561524414200685e+05
-2.950619890737690148e+05
-2.953895751637764624e+05
-3.227955815646577394e+05
-3.243207802058785455e+05
-2.912732682009647251e+05
-2.979546627685780986e+05
-2.826593340230270405e+05
-2.814451633993528085e+05
-2.786991880729466211e+05
-2.852814507480596076e+05
-3.485548303587783594e+05
-3.805183551952698035e+05
-3.104293949590082048e+05
-3.122055380404765019e+05
-3.508036442446950823e+05
-3.444148768565466162e+05
-4.209294555614462588e+05
-4.308603947087556589e+05
-3.589089277177259792e+05
-3.307942635688482551e+05
-3.212851420484792907e+05
-3.212279589736363851e+05
-3.489345470779839670e+05
-3.242019855557065457e+05
-3.658817569225546904e+05
-4.098451511739109410e+05
-4.145900885004652664e+05
-3.581991280204469804e+05
-3.218687462384161772e+05
-2.962332883021741873e+05
-3.958811769559623208e+05
-4.583723668131410377e+05
-4.453712782949885586e+05
-3.806725461242115125e+05
-4.384161149791921489e+05
-3.799440101023957832e+05
-4.491932491928660311e+05
-4.128178423151933821e+05
-5.702262097214522073e+05
-4.891268159151491709e+05
-4.846600913384096930e+05
-4.719080944834891707e+05
-4.866237333699646406e+05
-4.817707994805955095e+05
-4.880392734244060703e+05
-4.802081959321093746e+05
-5.615561555419557262e+05
-5.421406153198668035e+05
-5.368149653263159562e+05
-6.267147044357177801e+05
-5.439178819331987761e+05
-4.544999701880358625e+05
-4.339360834694139194e+05
-3.873337537384682801e+05
-3.789194342122474918e+05
-4.125596658583342796e+05
-5.380259811049482087e+05
-4.558407862059655599e+05
-5.234694786754117813e+05
-6.330561140230007004e+05
-4.530923060445156880e+05
-5.292765821771285264e+05
-3.611710878752098652e+05
-3.825824446111615980e+05
-3.599137886844547465e+05
-3.424012716736021684e+05
-2.947603183852268849e+05
-2.947969372760216938e+05
-2.764850024047545739e+05
-2.780178087987963227e+05
-2.786857976872646832e+05
-2.754457221877787961e+05
-3.379366496266803006e+05
-3.210190397128849290e+05
-4.007440074683338171e+05
-4.548150310882460326e+05
-3.119406793909101980e+05
-2.929544280130828265e+05
-3.911466234802798135e+05
-4.225639557110938476e+05
-3.753270001249223715e+05
-3.293696351957690204e+05
-4.440528553940453567e+05
-4.162677861867496977e+05
-3.466662319113193080e+05
-3.585139888314271811e+05
-4.039772183008292923e+05
-4.245926452408077894e+05
-3.888979090478495928e+05
-3.712828341757917078e+05
-3.971258710004481254e+05
-4.360913652301521506e+05
-3.996089163504011231e+05
-4.065799443881640909e+05
-3.623008535369284218e+05
-3.797907256104779663e+05
-4.473523801242867485e+05
-5.074913607652049977e+05
-3.708957173984716646e+05
-3.904981945452110376e+05
-3.530680563437429955e+05
-3.625379085292171221e+05
-4.001921428818084532e+05
-4.197289341076065321e+05
-3.425446597518470371e+05
-3.251885070013689110e+05
-3.426317407134765526e+05
-3.689068596670397092e+05
-3.636492876891340129e+05
-3.395389889313860331e+05
-4.237767380016392563e+05
-4.900476545916366158e+05
-4.017621500058236998e+05
-4.634917672232546611e+05
-3.445968602217279840e+05
-3.791995402678471291e+05
-3.350321776994277025e+05
-3.306251363419888075e+05
-3.809582183126645396e+05
-3.422990571361774346e+05
-4.148626534836478531e+05
-3.701812795928621199e+05
-3.479232310785393929e+05
-3.767957917125311214e+05
-4.197040863976910478e+05
-3.915609386567061301e+05
-3.559334911217065528e+05
-3.360981293310436886e+05
-3.348700310822627507e+05
-3.282549014333192026e+05
-3.513877433206919814e+05
-3.237284143932150910e+05
-3.387934636222053086e+05
-3.069489033754910342e+05
-4.183708091447209008e+05
-3.522855240465085953e+05
-3.355071390732788714e+05
-3.513315283873779699e+05
-4.277082791722544935e+05
-4.943542088094014907e+05
-4.612822781129521318e+05
-3.884490385577981360e+05
-3.321100070669115521e+05
-3.477456467001059791e+05
-4.633492462333852891e+05
-5.160847938276674831e+05
-4.051300855203976389e+05
-4.191522492050098954e+05
-4.691604171155403601e+05
-5.325729439573396230e+05
-3.621132484727939591e+05
-3.312184551141742850e+05
-4.058480390004493529e+05
-4.554805399665074656e+05
-3.377450519805861404e+05
-3.179526447085349355e+05
-4.177532616598104360e+05
-4.785995657538399100e+05
-3.272728393721893663e+05
-3.342348060864347499e+05
-3.887434868989090901e+05
-4.362581104639868718e+05
-4.007201325329048559e+05
-4.571234250971848378e+05
-3.708037778340217192e+05
-3.211210272435921943e+05
-3.398488915622761706e+05
-3.328847005850499263e+05
-3.798010835502619157e+05
-4.139301623426246224e+05
-3.369928770472710021e+05
-3.478565840953857405e+05
-3.455927432435331866e+05
-3.690570126075461740e+05
-4.295893915219210321e+05
-4.678853640683793928e+05
-4.589309977969295578e+05
-4.368465738639262272e+05
-4.448243286082716659e+05
-3.742205765681195771e+05
-4.092154785120816668e+05
-3.952011894410278182e+05
-3.272930700030508451e+05
-3.420373449104611063e+05
-3.734774217132072663e+05
-3.937578526065585902e+05
-4.042537103279556613e+05
-4.301204269848890835e+05
-3.784527657445755322e+05
-4.161944025158586446e+05
-3.482899378561369376e+05
-3.640956288449142594e+05
-3.682188947715652175e+05
-3.370706656883987598e+05
-3.458499778113786597e+05
-3.530479085202692077e+05
-4.605142990148450481e+05
-5.165839387628455879e+05
-4.368047073170223739e+05
-3.638136926915282384e+05
-4.486087669128761627e+05
-4.905060433346846839e+05
-4.151856931307316991e+05
-3.778592078190305037e+05
-4.789087360109254951e+05
-4.162993860032311641e+05
-3.644737155090559972e+05
-3.966307721982437652e+05
-4.227882284363461658e+05
-3.482437854048992740e+05
-4.506362000931289513e+05
-4.653282545695200097e+05
-4.377571849835985340e+05
-4.233571017231799196e+05
-3.799796950040687807e+05
-4.194297792733651586e+05
-3.304688204889209010e+05
-3.052440066679321462e+05
-4.166609894140331307e+05
-3.592046319589342456e+05
-4.174637115943066310e+05
-4.892604142137228046e+05
-5.656678590189372189e+05
-4.291040086211299058e+05
-6.412329309182428988e+05
-6.927590158081619302e+05
-4.739592887508445419e+05
-3.942169821345902747e+05
-7.542583966328585520e+05
-6.927469500188160455e+05
-6.051992476149554132e+05
-6.856946847405028529e+05
-5.733411853757264325e+05
-4.551273466170716565e+05
-6.900598783358887304e+05
-7.762194942108665127e+05
-6.267877881849053083e+05
-7.399909056457182160e+05
-5.784100700272836257e+05
-6.678088067880870076e+05
-5.663495356085641542e+05
-6.630145332817502785e+05
-6.588685074744151207e+05
-6.702084213035326684e+05
-6.130873249134204816e+05
-6.108706388673961628e+05
-4.601279660312224878e+05
-5.585202139992110897e+05
-5.384458896047991002e+05
-4.232297055374248885e+05
-6.649529062192896381e+05
-6.072493434357485967e+05
-6.513584833064032719e+05
-6.367484023792673834e+05
-6.799011518149453914e+05
-5.648525229122646851e+05
-5.978264149737566477e+05
-6.037121305987143423e+05
-6.835774387859781273e+05
-8.274984959510250483e+05
-6.526652791373825166e+05
-5.561144345453284914e+05
-4.987446670404800680e+05
-5.659019308435135754e+05
-5.230363025350333191e+05
-4.312593760020488407e+05
-4.644418940062685870e+05
-5.316102609599980060e+05
-5.708503171418487327e+05
-6.648228908416761551e+05
-7.234348157185434829e+05
-6.104137025034457911e+05
-6.300574644979902077e+05
-5.150984304759785300e+05
-5.866252213271079818e+05
-5.867337535185875604e+05
-7.108927615598015254e+05
-6.614071751268536318e+05
-6.673797901964382036e+05
-6.864641668164293515e+05
-6.342516396325185196e+05
-7.965825882353369379e+05
-6.355885929279451957e+05
-5.252147964145318838e+05
-4.682908792163510807e+05
-5.067498595071422169e+05
-5.102385810583863640e+05
-4.896013812278059777e+05
-7.872806191917504184e+05
-1.036903150321563589e+06
-5.958967484709958080e+05
-6.703598544212165289e+05
-5.554506025802306831e+05
-4.959554802585754078e+05
-6.230631473499654094e+05
-4.933320828697917750e+05
-5.790918328071448486e+05
-7.175410808782471577e+05
-5.451742039660674054e+05
-5.407996195640360238e+05
-6.557856299602013314e+05
-5.356031394421840087e+05
-5.511579385777497664e+05
-4.880923692271447508e+05
-5.943234652380386833e+05
-4.707334630177813815e+05
-4.393595782927757828e+05
-5.077811064628019230e+05
-4.976464127184967510e+05
-5.483334121856990969e+05
-6.612457759103259305e+05
-6.523724597271167440e+05
-5.029757133865543874e+05
-5.422145520292845322e+05
-5.821959816619526828e+05
-5.350743561139629455e+05
-5.125534584992530290e+05
-5.720886766943689436e+05
-6.187184632784301648e+05
-7.064148716461956501e+05
-6.121374280911124079e+05
-6.713142074630397838e+05
-6.788424366751754424e+05
-4.761981778244780144e+05
-5.662137279194287257e+05
-5.070199536244707415e+05
-6.081068028501977678e+05
-6.865575034082025522e+05
-6.329749698584768921e+05
-4.723903248798458371e+05
-5.872014493323845090e+05
-5.554504233209459344e+05
-5.691609079346131766e+05
-6.033688027884821640e+05
-5.715374212825015420e+05
-5.291602157240641536e+05
-5.789197180932782358e+05
-6.373504969469299540e+05
-6.234639248185836477e+05
-6.566513619500771165e+05
-5.620704442708537681e+05
-4.173180536078700097e+05
-5.247576095955212368e+05
-5.995825699764677556e+05
-5.190090696764526656e+05
-4.178720625995008741e+05
-6.261021536774316337e+05
-6.440712083208287368e+05
-5.918452074220988434e+05
-5.932116423113091150e+05
-7.403461213653223822e+05
-8.683866540570158977e+05
-5.548924793881139485e+05
-5.315798913609422743e+05
-6.393557185480610933e+05
-7.023489658185598673e+05
-5.037225047448915429e+05
-5.370543138577915961e+05
-5.478977039811683353e+05
-4.071968189266511472e+05
-5.766310963209216716e+05
-5.542424655073561007e+05
-5.861910332984329434e+05
-6.602278410333661595e+05
-7.084157055628604721e+05
-5.470762516842975747e+05
-6.726915164277603617e+05
-7.615141950808670372e+05
-5.819007229906531284e+05
-7.232930965584026417e+05
-7.367705831861948827e+05
-7.568214843093641102e+05
-7.081763558251064969e+05
-5.781335802421628032e+05
-7.294625415637750411e+05
-8.266529089261455229e+05
-8.258662889013449894e+05
-5.488376228389405878e+05
-8.029712739658424398e+05
-8.189108143886711914e+05
-6.912804063364100875e+05
-7.944220177340805531e+05
-6.078177440257132985e+05
-6.550646039511981653e+05
-5.726530372281215386e+05
-6.387024742268284317e+05
-5.577782057060595835e+05
-6.824159175394838676e+05
-4.693766956283154432e+05
-5.563734612013810547e+05
-3.674265876010975335e+05
-3.621539794292073930e+05
-3.692267729979519499e+05
-3.710938483263500966e+05
-4.079518901696844259e+05
-4.552138057726699626e+05
-3.660214289742151741e+05
-3.797917341690075118e+05
-3.832098090642924653e+05
-3.316549107105328003e+05
-3.303949842745171627e+05
-3.024745717520766193e+05
-4.069457007997246692e+05
-3.654534398552420316e+05
-4.192603680683970451e+05
-3.578919300292532425e+05
-3.699316525539060822e+05
-4.038703207207883243e+05
-3.416119744340649340e+05
-3.225662003726782277e+05
-3.832502426618536701e+05
-3.611872439284443390e+05
-4.090930839482948650e+05
-3.490847817344324430e+05
-4.166671131758708507e+05
-3.681427206358687254e+05
-3.936024004279111978e+05
-4.159140682585136965e+05
-3.759341947339941980e+05
-4.283045050338861765e+05
-4.126792922788766446e+05
-3.525840223516115220e+05
-3.431126375272319419e+05
-3.827150199789763428e+05
-3.823687289605592377e+05
-4.072753341870561708e+05
-3.964993460985029815e+05
-3.940598740065485472e+05
-4.533218296523365425e+05
-4.500859414253692375e+05
-4.352560984379462898e+05
-5.039764444257593714e+05
-4.171844365899912082e+05
-4.022230896917071659e+05
-3.683037584504317492e+05
-3.705867315990636125e+05
-4.228699190995574463e+05
-4.930073795780576766e+05
-3.644274122710197698e+05
-3.650578233418221353e+05
-3.724282982168364106e+05
-3.988384631144868908e+05
-3.689726395082564559e+05
-4.050212359265481355e+05
-3.219544548129336908e+05
-3.401049333975869231e+05
-4.343444941867676098e+05
-3.757409550632331520e+05
-3.556545568696364062e+05
-3.238728494824965019e+05
-3.656201830705549801e+05
-4.166472072600461543e+05
-3.990409667566033313e+05
-3.962799558815254131e+05
-3.555911426071216119e+05
-3.247409209350917954e+05
-4.117353265013874043e+05
-4.346341052819663892e+05
-3.995249412569236010e+05
-3.389936652826629579e+05
-4.603486975006071152e+05
-3.663647274861811893e+05
-3.861425959675424965e+05
-4.346719932940718718e+05
-4.223756965584130958e+05
-4.009621479945586761e+05
-3.354898965972444275e+05
-3.308037663504871307e+05
-3.863422918138544774e+05
-3.871030959652339807e+05
-3.834371044517860282e+05
-4.419804471441537607e+05
-3.575320882826254237e+05
-3.166432717386388686e+05
-3.575454080374726327e+05
-3.965947402101039188e+05
-3.750708628770789364e+05
-3.549264252308867872e+05
-4.555026218927245354e+05
-4.357424590327221667e+05
-3.968269497156457510e+05
-4.552296148644562345e+05
-3.370010119460695423e+05
-3.268773303873674013e+05
-4.189112617607626598e+05
-4.737036161160668125e+05
-3.595144928798562614e+05
-3.276324426416063216e+05
-4.162123826844994910e+05
-3.807588978992870543e+05
-3.498690778228095733e+05
-3.341578230069222627e+05
-4.564638023666399531e+05
-5.221681501226807013e+05
-4.523105666388589889e+05
-3.640074257781141205e+05
-4.147064705508342013e+05
-4.351157312517920509e+05
-3.151633162459485466e+05
-2.925774097638108651e+05
-3.726976115056619747e+05
-3.956642108750762418e+05
-4.007673444683559937e+05
-3.914731401264497545e+05
-3.792292577363152523e+05
-3.253273530510662822e+05
-3.689244375871585216e+05
-3.796401988006322645e+05
-4.207767791208870476e+05
-3.790558343404320767e+05
-3.494279044135154691e+05
-3.150334775888121221e+05
-3.528288099996915553e+05
-3.283109971102320123e+05
-3.359927258791244822e+05
-3.719254052217401331e+05
-3.796244808754683472e+05
-4.248379945543590002e+05
-3.191748552034856984e+05
-3.175232851530729095e+05
-4.061114572909008712e+05
-3.830795369853895390e+05
-3.430328462670566514e+05
-3.322923809722436126e+05
-4.598891064602300758e+05
-5.034707664500552928e+05
-3.968359320634044707e+05
-3.758742005543593550e+05
-3.512911478869618149e+05
-3.194974311046360526e+05
-3.657135721044287784e+05
-3.891826351684931433e+05
-4.122463897508799564e+05
-4.456722972751456546e+05
-3.480270416695311433e+05
-3.692980305453718174e+05
-4.358949041730904719e+05
-3.495628393818126060e+05
-3.706431380903122481e+05
-3.840585351414903998e+05
-3.675911266206507571e+05
-3.707101915249580052e+05
-3.301235312037520343e+05
-3.141534450032503810e+05
-3.747483183787843445e+05
-4.147460102921106154e+05
-4.194113849891162245e+05
-4.804128096027085558e+05
-4.299438998618902406e+05
-4.879968245450458489e+05
-3.484460717939333990e+05
-3.383329003022824181e+05
-3.716382559513213346e+05
-3.213245107794854557e+05
-3.883235494951693108e+05
-3.780526689550225856e+05
-3.382342710624396568e+05
-3.267327170934574679e+05
-3.993305899538296508e+05
-4.032616845562130911e+05
-3.430958143644919619e+05
-3.765391304226766806e+05
-3.503759807621085783e+05
-3.553656484204033623e+05
-3.209451335009781178e+05
-2.981469472772128647e+05
-4.080289824744377984e+05
-3.565680371002204483e+05
-3.601475618459266843e+05
-3.157178739299218869e+05
-3.969483548805146711e+05
-4.325366232302050339e+05
-3.637751994705242105e+05
-3.492753384122225689e+05
-3.808773769325721078e+05
-3.711472153225407237e+05
-3.575516378550695954e+05
-3.579270815164321102e+05
-3.783888490718260873e+05
-4.014040793109093793e+05
-3.524891925000307383e+05
-3.113928911769361002e+05
-4.321184681143759517e+05
-4.036808044101420091e+05
-3.793933759686978301e+05
-3.779302782965115039e+05
-3.564845888963888865e+05
-3.295936764962477610e+05
-4.283493745118685765e+05
-4.890168252989524044e+05
-4.475804052937561646e+05
-3.789549037397785578e+05
-4.078207294062253786e+05
-3.974732212074779673e+05
-3.307673170190539677e+05
-3.622955276710719336e+05
-4.009486182646396337e+05
-4.290886272300300188e+05
-4.194915253638427239e+05
-4.307884702750808792e+05
-3.357842526215891121e+05
-3.300394834867699537e+05
-4.013872570300837979e+05
-4.356121800884114346e+05
-4.406636560077570612e+05
-3.513451591472621076e+05
-3.244523699845583178e+05
-3.038008255400555208e+05
-4.212363939054073999e+05
-4.307100078720232705e+05
-4.083819444646084448e+05
-4.582654692556671798e+05
-4.118312429895376554e+05
-3.792938398946230300e+05
-3.931393946952946717e+05
-4.171090897203853820e+05
-3.758625081260388251e+05
-3.192972225097167538e+05
-3.397663831006179098e+05
-3.146660405704542063e+05
-4.190903442244741600e+05
-4.191287395719217602e+05
-4.307325699000420282e+05
-3.924970980343809351e+05
-3.563145081201124704e+05
-4.029123666773552541e+05
-4.296451192424145993e+05
-3.648622634043187136e+05
-3.521494585068441229e+05
-3.278278095944087254e+05
-4.140586549872679170e+05
-4.709597285109886434e+05
-3.237343486039740965e+05
-3.164153874224235769e+05
-4.111672601974932477e+05
-4.361497733202705858e+05
-3.653605917733962415e+05
-4.135256919973506592e+05
-3.560351613854988245e+05
-3.897248847412932664e+05
-3.254503456941006007e+05
-3.010656421982570319e+05
-3.360052387509172549e+05
-2.997815226104073226e+05
-4.190354476356034866e+05
-4.256284463160043815e+05
-3.837182035108313430e+05
-3.908938243701515021e+05
-3.983503221395335859e+05
-4.592289673687840113e+05
-3.996490008679626044e+05
-4.042033088564014761e+05
-3.966328546657047700e+05
-3.522850120772375958e+05
-3.830926292963010492e+05
-3.976575029393292498e+05
-4.241803436498615192e+05
-3.963646667979981285e+05
-4.093307316495508421e+05
-4.059092446095139021e+05
-3.406172662701961817e+05
-3.257884005525155226e+05
-4.075355813925208058e+05
-4.075409714121943107e+05
-4.278533412911711494e+05
-4.692115682893829653e+05
-4.322423962869571988e+05
-4.785104455251143081e+05
-4.571820545334698400e+05
-4.120049319754559547e+05
-3.420316735518249916e+05
-3.707036220105498796e+05
-4.391409676483588992e+05
-4.583911273814312881e+05
-3.788584754905994050e+05
-4.371096704156718915e+05
-3.654288493071957491e+05
-3.578632863065046258e+05
-3.774557600002436666e+05
-3.461671863366796169e+05
-3.473748044306196971e+05
-3.623018270666211611e+05
-3.726547673248209758e+05
-4.208677849474780960e+05
-4.387430392825840972e+05
-4.592229231529830722e+05
-3.292529552366920980e+05
-3.555392564329252345e+05
-3.938050736629418097e+05
-3.803061661753220251e+05
-4.081276928837780142e+05
-3.420669785621977644e+05
-4.544183060820407700e+05
-5.129217347629535943e+05
-4.805065154880073387e+05
-5.246731760768964887e+05
-3.966591365187092451e+05
-3.702778060156439897e+05
-3.879930673922809074e+05
-4.180773359960846137e+05
-4.399514450419862987e+05
-4.906107600941718556e+05
-4.114825196788694011e+05
-3.652328030859995633e+05
-3.727954388492766302e+05
-3.207957368010997307e+05
-4.384242077429178171e+05
-4.196308473494583741e+05
-4.438521326892594807e+05
-5.285492954541632207e+05
-3.948464186206830200e+05
-3.320593336712376913e+05
-4.973489309845481766e+05
-4.397621824973103357e+05
-3.335067679593999637e+05
-3.544132822662407998e+05
-4.337891694672853919e+05
-4.941864202587201726e+05
-4.259496107132486068e+05
-3.923857277513407171e+05
-4.274959838330043713e+05
-4.525848258266483899e+05
-3.637834563066294650e+05
-3.154439522151524434e+05
-3.764315238332548179e+05
-4.117502494578469777e+05
-4.075631214500851929e+05
-4.394026959390675183e+05
-4.884088976779528894e+05
-5.078743300488681998e+05
-4.060313183662054362e+05
-4.029483795816003112e+05
-4.826165458891651360e+05
-4.408005921423634281e+05
-3.702977535375404404e+05
-3.961989143790567759e+05
-3.434547148465119535e+05
-3.221891096341116354e+05
-4.135557460633363808e+05
-4.739601684589430224e+05
-3.824450726497198921e+05
-4.426938377817611909e+05
-3.596148844015179202e+05
-3.214961845454394352e+05
-3.871101168805230409e+05
-3.842929504116534954e+05
-4.066226907447710400e+05
-4.340206180748200277e+05
-4.100171496836788720e+05
-4.365004274733079365e+05
-4.862968350669631036e+05
-4.771106711271862732e+05
-3.562142975856747944e+05
-3.763913401470672106e+05
-3.491002251536847325e+05
-3.389439131957987556e+05
-3.722012732789164875e+05
-4.099285047749640653e+05
-4.448578459596695611e+05
-5.130589199783115182e+05
-3.349191467250096612e+05
-3.421942479296183446e+05
-3.705265487308345037e+05
-4.089647765299585881e+05
-4.607370917085896945e+05
-4.143019695979097160e+05
-3.520790798037003260e+05
-3.966156112927262438e+05
-4.024236740493602119e+05
-3.629372637875849614e+05
-4.059879336776392302e+05
-4.273330499019268900e+05
-4.321908020346411504e+05
-3.661580656180105871e+05
-4.604103088757322403e+05
-4.100848724218659336e+05
-3.940097574762421427e+05
-4.269862314369562082e+05
-3.693900685834533069e+05
-4.215243190957708284e+05
-4.375558948850870365e+05
-4.608585563273024745e+05
-3.688649623325081775e+05
-3.787507231100901263e+05
-4.508006102256199811e+05
-5.277217273427854525e+05
-4.095335800347373588e+05
-3.641023017699876800e+05
-4.004490136963797268e+05
-3.768973684775102884e+05
-4.171238969516302459e+05
-4.406296758279262576e+05
-4.584226787163148401e+05
-5.420986055620831903e+05
-4.078696002458187286e+05
-4.361760436249303166e+05
-3.536379459172129864e+05
-3.538312617514551384e+05
-3.930186341043137945e+05
-3.501114050710137235e+05
-3.869258324747867882e+05
-3.486908587324834662e+05
-4.620078897493123077e+05
-4.138342398555775872e+05
-3.836990862607351737e+05
-4.306984382961405208e+05
-4.051631986054027220e+05
-4.414403828290958190e+05
-3.278139996537669795e+05
-3.432548627260264475e+05
-3.387503324191005668e+05
-3.683194797270606505e+05
-3.541242690036090789e+05
-3.469346988462152658e+05
-3.211337215395454550e+05
-3.410772833423343254e+05
-4.108774643256332492e+05
-4.486628108565905131e+05
-3.415070591938116122e+05
-3.801354949488950660e+05
-4.032798771911505610e+05
-4.360881150765630882e+05
-4.158852184599364409e+05
-4.466961957325680414e+05
-4.133456223637069343e+05
-3.723158418419543887e+05
-3.488318802215686301e+05
-3.712025121684741462e+05
-4.161116241232485045e+05
-3.564528643170677824e+05
-4.172975547436246416e+05
-4.271020594262117520e+05
-4.138532667331353296e+05
-4.882316627438486321e+05
-3.738376410474745790e+05
-3.380352927795904689e+05
-3.963284954946622020e+05
-4.104536748080875259e+05
-3.122962033844781108e+05
-2.943148545624502003e+05
-4.461705183390012244e+05
-3.701528763091486180e+05
-4.479769206251705764e+05
-4.647509866975588957e+05
-3.490607156120982254e+05
-3.113210535740385531e+05
-3.658515170865489636e+05
-3.647152460902275052e+05
-3.626576277256733738e+05
-3.473565589196687797e+05
-4.164508475233477075e+05
-4.745618299155442510e+05
-4.263277478053065715e+05
-4.090784469338067574e+05
-3.731421174242853886e+05
-3.615829358859277563e+05
-3.346357425241176970e+05
-3.058197811722845072e+05
-4.394395846923736390e+05
-3.832164717256973963e+05
-4.098739994874824770e+05
-3.687461354795627994e+05
-3.672132946174730314e+05
-4.033791275939655025e+05
-3.840470015013860539e+05
-3.587514573805218097e+05
-3.562422087358882418e+05
-3.736841519607326481e+05
-3.567948631722781574e+05
-3.717584538743708981e+05
-4.008429978175673168e+05
-3.553479458162981318e+05
-3.773275153836087557e+05
-4.135084152836115099e+05
-3.679138614488000749e+05
-3.696441730394922197e+05
-3.340936896621808410e+05
-3.542010587593097007e+05
-3.629340116927722702e+05
-3.152629479897744022e+05
-4.007842820573410718e+05
-4.367161294793654233e+05
-3.989341080309527460e+05
-4.488322621698231669e+05
-3.924131672167201759e+05
-3.472794287492793519e+05
-3.320490779048552504e+05
-3.455238801153461682e+05
-3.989236810205671936e+05
-3.337011015686605824e+05
-4.383146794201139128e+05
-4.911956725126055535e+05
-4.290540256173232337e+05
-4.497561744639639510e+05
-3.606517934447611915e+05
-3.461882081202755217e+05
-3.692114007937029237e+05
-3.213976141461344669e+05
-3.732346155817031395e+05
-3.624493350904113613e+05
-4.051533619632394984e+05
-3.588460350109365536e+05
-4.207672548592074309e+05
-4.044036007300578058e+05
-3.417678843526571291e+05
-3.551936651508432114e+05
-4.058576077716833679e+05
-4.729448479751228588e+05
-3.822389078091119882e+05
-3.822919402229615953e+05
-3.595858573392969556e+05
-3.751275552698250394e+05
-3.711729686025507981e+05
-3.871178186349231983e+05
-3.317423575674042804e+05
-3.353660934897115221e+05
-3.391987244408271508e+05
-3.450554779442778090e+05
-3.194824920798122184e+05
-3.030848808587037493e+05
-3.832822213655532105e+05
-3.269469319523710292e+05
-3.651825262161099818e+05
-3.537012724691461772e+05
-3.382461224983819993e+05
-3.187007658532143105e+05
-4.220779447502652183e+05
-4.942127366504359525e+05
-3.853605334194368916e+05
-4.261541629900062690e+05
-3.750663270510252332e+05
-3.937479205409624847e+05
-3.328185872459867969e+05
-3.473881830210115295e+05
-3.679343466722840676e+05
-3.836489885863098316e+05
-3.917954592219950864e+05
-3.713208661238682689e+05
-4.044229326819555135e+05
-3.685399713435458252e+05
-3.716434057994013419e+05
-3.497861065006493591e+05
-3.659328329558165278e+05
-3.702426169958469691e+05
-3.711038335768377874e+05
-3.224959859119816683e+05
-3.257616011636485346e+05
-3.008522992616582196e+05
-3.576239154923274182e+05
-3.345347507528099231e+05
-3.810407756555922097e+05
-4.001462435197761515e+05
-4.203607290585866431e+05
-4.102891883454656927e+05
-3.431814575553708710e+05
-3.442958291642795084e+05
-3.800947327789622359e+05
-4.211478051944469335e+05
-3.284034762030279962e+05
-3.415369525596126914e+05
-3.176212556357479189e+05
-3.010407872466176050e+05
-3.736285706041624071e+05
-3.410743158756645862e+05
-3.778855638147618156e+05
-4.255532343479293631e+05
-3.553327193104795879e+05
-3.423540709357785527e+05
-4.552324165087913861e+05
-4.983133143185066292e+05
-3.822504057723670267e+05
-3.915626304506260203e+05
-3.927039777672172058e+05
-4.546403781955322484e+05
-3.495899823157544015e+05
-3.583167799750677077e+05
-3.631027659878849518e+05
-3.493363742499556392e+05
-3.619668529689988354e+05
-4.102699629916759441e+05
-3.911175421681042062e+05
-3.413128754325583577e+05
-4.474039091555738123e+05
-3.790915866709500551e+05
-4.137502262674825033e+05
-3.946123417401280021e+05
-4.035571926422949182e+05
-4.168878245691891061e+05
-3.371395203153189505e+05
-3.520228437067371560e+05
-3.559884941811041208e+05
-3.636830728268518578e+05
-3.976067399591291323e+05
-4.535204450419782661e+05
-3.987521935544718290e+05
-4.268698459005258046e+05
-3.814993735263044946e+05
-3.828008833445484051e+05
-4.131466149366226746e+05
-4.756297925582514144e+05
-4.647753079911337700e+05
-4.826275850025288528e+05
-3.352067308568715816e+05
-3.065064221049151383e+05
-3.848271451947336318e+05
-4.420461962317427387e+05
-3.600629089046319714e+05
-4.053327650596679887e+05
-3.516877674887407338e+05
-3.311756872113555437e+05
-4.373801718570210505e+05
-3.753465225510618184e+05
-3.596826794324350776e+05
-4.003526209997863043e+05
-3.798340365627463907e+05
-3.496908937531744596e+05
-3.391564068563423352e+05
-3.099209562493816484e+05
-3.613417143247951753e+05
-3.123114093423705781e+05
-4.094537373645695625e+05
-3.949327808214341057e+05
-4.248118913774534594e+05
-4.209670230712582124e+05
-4.107997409971564775e+05
-4.136553396721597528e+05
-4.028491665556876687e+05
-4.007146322696286952e+05
-3.573775737354523735e+05
-3.614324471294967225e+05
-3.380583886294324184e+05
-3.015139132947799517e+05
-3.604014546400111867e+05
-3.498191762003675103e+05
-3.365816142305240501e+05
-3.530769151939809090e+05
-3.458410671995953890e+05
-3.574336510417911923e+05
-3.156096650773537112e+05
-3.067189432117413962e+05
-3.605611016097861575e+05
-3.162108686391409719e+05
-4.449389549836505903e+05
-4.106608610042477958e+05
-3.359468081304468215e+05
-3.044764293763362803e+05
-3.348561614270959981e+05
-3.367148406430125469e+05
-3.926214795910454122e+05
-3.567203360522836447e+05
-3.137080475374402013e+05
-3.063914141951071797e+05
-3.557122814141515410e+05
-3.159044138657007134e+05
-3.178504063210628228e+05
-3.048694856051905081e+05
-3.928765646929924842e+05
-4.160773303081353661e+05
-3.308679829296452226e+05
-3.289934924378240248e+05
-4.006145500124966493e+05
-4.010469186836758163e+05
-3.728759628314981237e+05
-3.912055249190535396e+05
-3.638345362770394422e+05
-3.390934657149285777e+05
-3.502223389671281911e+05
-3.933418405276164412e+05
-3.618507325851974310e+05
-3.781479116505190032e+05
-4.199358791739133885e+05
-4.552010536340753315e+05
-3.307338669191257795e+05
-3.334424924789710203e+05
-3.810725216129552573e+05
-3.525852619399450487e+05
-4.230821777803857112e+05
-3.466031220809094375e+05
-4.368977089822972193e+05
-3.739162273894503014e+05
-3.276459119009186979e+05
-3.558069142262643436e+05
-3.672091358299051644e+05
-3.946726260407799855e+05
-3.704175582705755951e+05
-3.689065912880160613e+05
-3.989182560207319912e+05
-3.934422169887981145e+05
-3.466828575688673882e+05
-3.754695234770039096e+05
-3.586814898708468536e+05
-3.443262613920537988e+05
-3.165225825476105092e+05
-3.286662320318541024e+05
-4.105742329583021346e+05
-4.485413687446136028e+05
-3.236566875064667547e+05
-3.254386956766617950e+05
-3.434329788692919537e+05
-3.690939908122785855e+05
-3.373501759111331776e+05
-3.235872464682424907e+05
-3.413582204365864163e+05
-3.120335030735796317e+05
-4.176573069571920205e+05
-4.116979651267288718e+05
-3.502301743519370211e+05
-3.204129138448430458e+05
-3.224368791709418874e+05
-3.355972948539085919e+05
-3.632361799070452107e+05
-3.249774753131256439e+05
-3.901503737210000400e+05
-4.264163877825760283e+05
-4.359636442269257968e+05
-3.525883682190686231e+05
-3.509397442122108769e+05
-3.763797511460212991e+05
-3.232243194806600222e+05
-3.278107288145892089e+05
-3.104052746597516816e+05
-3.258675244234424317e+05
-3.394047435800327221e+05
-3.459964322368076537e+05
-4.089565747821211116e+05
-3.951352832944445545e+05
-3.628646280960043659e+05
-3.891498815878015012e+05
-3.923034513465842465e+05
-4.091015186751185684e+05
-4.166048541219887557e+05
-4.325638805929273367e+05
-3.351452024565734901e+05
-3.402071267617027042e+05
-3.354147004956481978e+05
-3.599474859972629929e+05
-4.302985813948785653e+05
-4.056216651246281108e+05
-3.751835664503276348e+05
-3.385758750059829326e+05
-4.142352524561998434e+05
-4.662134194612902356e+05
-3.745645491644715657e+05
-3.815753781060385518e+05
-3.579317753963693976e+05
-3.753281671578594251e+05
-3.203358048574182903e+05
-3.128407256410889095e+05
-3.769946239362137858e+05
-3.723945498964163708e+05
-3.770383367088770028e+05
-4.232900879589696415e+05
-3.206115434314933373e+05
-3.126868631038214080e+05
-3.894616678249014076e+05
-3.970264898898676038e+05
-4.253599668456527870e+05
-4.013063833596672630e+05
-4.000912140366417589e+05
-4.485071411655066768e+05
-4.400554415667910362e+05
-3.795828479508097516e+05
-3.367024578175226925e+05
-3.423146834539598785e+05
-4.426782105898134178e+05
-3.938392771888269344e+05
-4.130102437974931672e+05
-3.789413077178118983e+05
-3.325936715414595092e+05
-3.124443781169650611e+05
-3.217179731981829973e+05
-3.381248568457968067e+05
-3.313192851954163052e+05
-3.541244806689433753e+05
-3.478005743000560906e+05
-3.078144993032682687e+05
-4.217580637630232377e+05
-4.759160653178970097e+05
-3.250441563554420136e+05
-3.012133099780548364e+05
-3.455041273082825355e+05
-3.402260361834930955e+05
-3.881102404045610456e+05
-4.274545550627168268e+05
-4.100898950949158752e+05
-4.184252893542108359e+05
-3.463179242870163871e+05
-3.808967716584352311e+05
-3.079915551983234473e+05
-3.038616531613105908e+05
-3.615822619628310204e+05
-3.961327016288498417e+05
-4.420078174853386590e+05
-4.185365766748244641e+05
-4.114737968960559228e+05
-4.091991142193926498e+05
-4.018050714076249860e+05
-3.863305297933296533e+05
-3.579824635397094535e+05
-3.620594436235418543e+05
-3.722785330476562958e+05
-3.606130596394966124e+05
-3.881168068305122433e+05
-3.449209213572589215e+05
-3.513958490437347209e+05
-3.413740363370284904e+05
-3.779850020973511273e+05
-3.788013318346311571e+05
-3.468260580611557234e+05
-3.257565714099863544e+05
-3.793464807425106410e+05
-3.621649393484155880e+05
-4.186471375130864326e+05
-4.768318569766441360e+05
-3.847377481096034171e+05
-3.372010195979212876e+05
-4.013793611540552229e+05
-4.111773480347282020e+05
-3.768422253443615045e+05
-3.377917167986454442e+05
-3.844051716969014378e+05
-4.409115175267036539e+05
-3.689517561736179050e+05
-3.989579201230780454e+05
-3.175117879128941568e+05
-2.934539440153875621e+05
-4.172855883408811642e+05
-4.035447155090683373e+05
-3.199430925596249290e+05
-3.361676174623462139e+05
-3.627312001482112100e+05
-3.732450851545582991e+05
-3.763079105200421764e+05
-3.211210459326158743e+05
-3.631055651435283944e+05
-3.425962912563995924e+05
-3.536426162948996061e+05
-3.841911908127433853e+05
-3.352620522471570875e+05
-3.129381315551738953e+05
-3.646749685337800765e+05
-3.232713745144072454e+05
-4.123013483023704030e+05
-3.847929539913630579e+05
-4.411818890873934142e+05
-4.213762972431119997e+05
-3.755379239953187061e+05
-3.190034132171195233e+05
-4.108717724210054148e+05
-4.018074875441199401e+05
-3.425226844752903562e+05
-3.623685355409133481e+05
-3.483729548388926778e+05
-3.486493955130769173e+05
-3.697657889286824502e+05
-4.231387979228975018e+05
-4.322892657910010312e+05
-4.692837473153088940e+05
-3.933524199987546308e+05
-4.400397985833591083e+05
-3.255861762829484651e+05
-3.366783064637075877e+05
-4.054360682344316738e+05
-4.233632874474521959e+05
-3.466831220613524783e+05
-3.199271134030071553e+05
-3.809467604358396493e+05
-3.533708094070042716e+05
-3.511266131827752106e+05
-3.376519918334095273e+05
-3.908064822037254926e+05
-3.639874538840976311e+05
-4.155087286657323129e+05
-3.659773794722689781e+05
-3.845166188577049179e+05
-4.328701276962504489e+05
-3.067507519042828353e+05
-3.259641762231107568e+05
-3.690700734360020142e+05
-3.867879495540852658e+05
-4.084149124237301294e+05
-4.532726752593956189e+05
-3.463309611808506306e+05
-3.807656660909581697e+05
-4.473306138212154619e+05
-3.985389072497779271e+05
-3.494696912725415314e+05
-3.480789838243380655e+05
-3.652894631933571072e+05
-3.417014342553856550e+05
-3.151763919130106224e+05
-3.400978943238193169e+05
-4.049562274848207599e+05
-4.735939384917961434e+05
-3.842283669364615344e+05
-3.314663248426323989e+05
-3.708296692802627804e+05
-4.147254325746546965e+05
-3.318256889881724492e+05
-3.010724937645345926e+05
-4.411792606129795313e+05
-5.040024228821727447e+05
-3.959236847816193476e+05
-3.689682472749303561e+05
-4.148246964534019353e+05
-4.478631514575763140e+05
-3.843893100737460190e+05
-3.829684501036476577e+05
-3.901528653522483073e+05
-3.326395079267059918e+05
-3.493748477658439660e+05
-3.156092453736002790e+05
-4.116218245404807385e+05
-3.692677699343964923e+05
-3.991498857958808076e+05
-3.471216954189430689e+05
-3.257045066138127586e+05
-3.216174117836758960e+05
-3.408911036079913611e+05
-3.112341487890345743e+05
-3.203282982158430386e+05
-2.982057584828044055e+05
-3.381830894254728919e+05
-3.546759228758224053e+05
-3.467721835476771230e+05
-3.365576014493642142e+05
-3.254720452327280072e+05
-3.022399161784908501e+05
-3.694892129311751341e+05
-3.956431613444930408e+05
-3.447570231607708847e+05
-3.129111465430608951e+05
-4.018334552533876849e+05
-3.649568107799730496e+05
-3.922570057432231260e+05
-3.885813345251043793e+05
-3.575762915342228953e+05
-3.329557920052971458e+05
-4.238191017525361385e+05
-3.651378562393710017e+05
-3.944768994667391526e+05
-4.158113156821918674e+05
-4.448480007433772553e+05
-3.570364392091323389e+05
-4.207259982814674731e+05
-4.226317710107761668e+05
-3.875751699048059527e+05
-3.836838504445627332e+05
-3.333220234976402717e+05
-3.412011281628113938e+05
-4.282302527731739683e+05
-3.757283346501773922e+05
-3.897714456944725243e+05
-3.659674651024525519e+05
-4.023692505512991920e+05
-3.745873364245524863e+05
-3.880896476392799523e+05
-3.300098518057545880e+05
-3.798718490763959708e+05
-4.239286727448215242e+05
-3.757150165062610758e+05
-3.367566130515632685e+05
-3.156912338511890266e+05
-2.991906063994308934e+05
-4.287380524333488429e+05
-4.597047336265417980e+05
-3.847739514196674572e+05
-3.971746004840026144e+05
-4.130810029340775218e+05
-4.446397894924700959e+05
-3.692285665170700522e+05
-3.203969036632872885e+05
-3.634149774800308514e+05
-3.453550610796129331e+05
-4.519213604248414049e+05
-4.731331905931200599e+05
-3.402242417065170594e+05
-3.490321137945002411e+05
-4.009156973699821392e+05
-4.658251780382753350e+05
-3.467079001383421710e+05
-3.420335678105643019e+05
-3.830888908023022814e+05
-4.095607348487614654e+05
-3.447482752180019161e+05
-3.209001787231997587e+05
-3.140756197867557639e+05
-3.201773059341823682e+05
-3.194276233487942955e+05
-3.231748484169299481e+05
-3.780025912373360479e+05
-4.232400855677729705e+05
-3.649120690704854205e+05
-4.126732412415237632e+05
-4.212120889404178597e+05
-4.603652982346159406e+05
-3.986106879211814376e+05
-3.329071689641569974e+05
-3.301897192934064660e+05
-3.382048776744613424e+05
-4.495194457451082999e+05
-4.716891031307321973e+05
-3.624468595307368087e+05
-3.501511383269790094e+05
-3.537178076845363248e+05
-3.844010009809589246e+05
-4.033383168490483658e+05
-4.601855258625426795e+05
-3.050528356628715992e+05
-3.151869209290684666e+05
-3.362268578295598272e+05
-3.374494328698234167e+05
-4.226538604312223615e+05
-4.024759363153619925e+05
-4.488336002661890816e+05
-3.663189814733960666e+05
-4.034617990463156020e+05
-3.936727393443502951e+05
-4.180827465712102130e+05
-3.723546584091702243e+05
-4.214329993974281242e+05
-3.714239993312752340e+05
-3.876476970289795427e+05
-3.722052314764781622e+05
-3.318877530046845786e+05
-3.464329395723685157e+05
-3.397152936662042048e+05
-3.177228531274629058e+05
-3.562757820950153982e+05
-3.946183256101809675e+05
-3.648728193091888679e+05
-4.149724017933370778e+05
-3.756581462641446851e+05
-3.776568584855967201e+05
-3.600610030263921944e+05
-3.152155453826263547e+05
-4.458302443057197379e+05
-4.462020758620074484e+05
-3.398394668594258837e+05
-3.099412260419849772e+05
-3.533726535613687010e+05
-3.436859742090658983e+05
-4.262426840910617029e+05
-4.813874711452189367e+05
-3.573470888007461326e+05
-3.986001092595253140e+05
-4.341918624419101980e+05
-5.113233929752347758e+05
-4.282942685950051527e+05
-3.898674121440578019e+05
-4.138096288828979013e+05
-4.831182440481834346e+05
-4.015564385398519225e+05
-3.957398603147522081e+05
-4.286413053985853912e+05
-3.501993995309824822e+05
-4.098206342890111264e+05
-3.731648017360221129e+05
-4.103583268121586880e+05
-3.391844748621025356e+05
-3.945239677872076863e+05
-3.381672516834738199e+05
-3.327340788893135032e+05
-3.228991805668972665e+05
-3.873036602616691962e+05
-3.556308423103604000e+05
-4.656046641335479217e+05
-4.138798774679604685e+05
-3.489789865507654613e+05
-3.745818782710853266e+05
-4.353165191338033183e+05
-4.648725204121978022e+05
-3.295034221727252007e+05
-3.242991748151546344e+05
-3.528171489614604507e+05
-3.953716508410049137e+05
-3.742567539972332306e+05
-4.167588164197028382e+05
-4.240387108975216979e+05
-4.008457123286779970e+05
-3.839789587281495333e+05
-3.423910984276738018e+05
-3.365729927283445140e+05
-3.714837544073882746e+05
-4.802502500500294846e+05
-4.799712508758552140e+05
-4.285842034734239569e+05
-4.427185663189381594e+05
-3.865196402998724952e+05
-3.469085756365604466e+05
-4.132816723952457542e+05
-4.535595696852960391e+05
-4.098604720469831955e+05
-4.661619995841643540e+05
-4.588151192490559770e+05
-5.570759465970036108e+05
-4.623111749614673899e+05
-5.110114224055130035e+05
-4.429443658585136291e+05
-5.318924118603292154e+05
-4.524297658650901867e+05
-4.972125101694355253e+05
-4.175070880833771080e+05
-3.751533811746615684e+05
-3.174769187953907531e+05
-3.082846399233685806e+05
-3.332736271682729712e+05
-3.169991831968670012e+05
-3.493331325790414121e+05
-3.929539254717337899e+05
-3.789397920934755821e+05
-4.229225681234209333e+05
-4.167387695292027202e+05
-3.812826224526310107e+05
-3.488638468547642697e+05
-3.704961057925033383e+05
-4.304758486942228628e+05
-4.218971511569337454e+05
-4.599871396180016454e+05
-4.336652889047543285e+05
-4.160986938887117431e+05
-4.304405778902627062e+05
-4.284813712868704461e+05
-4.051328304219258716e+05
-3.309326657450979110e+05
-3.484537253167107701e+05
-3.625184054532337468e+05
-4.031350091299561318e+05
-3.584826307667207438e+05
-3.270830597513060784e+05
-4.107355692649490666e+05
-3.669042398940778803e+05
-3.960268701508684317e+05
-3.997138424820243381e+05
-4.129326604934269562e+05
-3.603287648745359620e+05
-3.839750685750214616e+05
-4.208100163604972186e+05
-4.187936735733604291e+05
-3.838388270588007290e+05
-3.687206410759736318e+05
-4.194238820908410707e+05
-3.773959678172324784e+05
-3.992221298397427890e+05
-3.854712599084369140e+05
-3.763463660625495249e+05
-3.154206008951978292e+05
-3.298097556885570521e+05
-3.402663207696223399e+05
-3.566772477273340337e+05
-3.879275033597369911e+05
-4.183913137911319500e+05
-3.963170113632397261e+05
-3.715220552678460954e+05
-3.244264763274454745e+05
-3.141931128802327439e+05
-3.355369123333208263e+05
-3.318087506188841071e+05
-3.916482421345540788e+05
-3.761987874589832500e+05
-3.289449426010777242e+05
-3.457208062366846716e+05
-4.228391943846541690e+05
-3.648215042747257976e+05
-4.190917236806943547e+05
-3.776694629580806941e+05
-3.673907209255676717e+05
-3.616277761464976938e+05
-3.713474760246191872e+05
-4.107479533565336606e+05
-3.190348625720810378e+05
-3.050919158938658657e+05
-4.399840626769579249e+05
-5.098628747865586774e+05
-3.754911582316025160e+05
-3.663915875021964312e+05
-3.685172143309656531e+05
-3.594113774047710467e+05
-3.944239514881708892e+05
-4.213653021920436295e+05
-4.372022464645631844e+05
-5.123881168759382563e+05
-3.602435152830970474e+05
-3.263185445109585999e+05
-3.781925053784400225e+05
-3.480028461338579655e+05
-3.868698195762998657e+05
-4.149485077520371415e+05
-3.813916049940887606e+05
-3.603309808160136454e+05
-3.645729134043873055e+05
-3.854836489799738629e+05
-3.377044080718504265e+05
-3.169868873977668118e+05
-3.888096609625798883e+05
-4.046329620199917117e+05
-4.136112705155378208e+05
-4.572361146788717015e+05
-3.708087623955940362e+05
-3.709714929945659824e+05
-3.446560244252976263e+05
-3.352949568614850286e+05
-3.892644017347368645e+05
-3.535343047313631978e+05
-3.242949395287807565e+05
-3.206703997129313648e+05
-3.700883996846976224e+05
-3.794471134616550989e+05
-3.791641037618797272e+05
-4.368029321878014598e+05
-3.892778473383741220e+05
-4.059855007320212899e+05
-3.245837578359557083e+05
-3.407039291554825613e+05
-4.030053324539838359e+05
-3.828411573551915353e+05
-4.114023616637928644e+05
-4.555755375018243212e+05
-4.096702510074129095e+05
-4.108163646139922785e+05
-4.254048583525958238e+05
-4.392583234161938308e+05
-3.847871432290115627e+05
-3.535241986683405703e+05
-3.897181812455164036e+05
-3.565301869233445032e+05
-4.442134276307495311e+05
-3.928400968054208206e+05
-3.810374813756925287e+05
-3.251496140514037106e+05
-3.361353747662019450e+05
-3.218488848905923078e+05
-3.773335543487023097e+05
-3.714166124675525352e+05
-3.395020851770488080e+05
-3.169518390459801303e+05
-4.051127478647237876e+05
-3.487192474052153993e+05
-3.309716469292774564e+05
-3.244912821328247664e+05
-3.713231051975459559e+05
-3.405717808689353988e+05
-4.112074780208932934e+05
-4.391026479514084058e+05
-3.446167632497103186e+05
-3.401639052681399044e+05
-4.382328054258084157e+05
-4.074968833658748772e+05
-4.291232424339808058e+05
-4.014410354607854970e+05
-4.332309825331819011e+05
-5.034044960644063540e+05
-3.959614980446971022e+05
-3.757361705022839596e+05
-4.028169628671352984e+05
-4.608361560907276580e+05
-3.737875665031321114e+05
-4.132523274212322431e+05
-4.279032363356717397e+05
-5.092218892627705354e+05
-3.854279180543024559e+05
-4.128831852571285563e+05
-4.055536719464382622e+05
-4.329946523410310037e+05
-4.076304003373918822e+05
-4.315069076881847577e+05
-4.232338854501597816e+05
-3.545327374132775003e+05
-4.316551805362831801e+05
-4.308909894937959034e+05
-4.038028493157319026e+05
-3.748242285747578135e+05
-3.789208284049103968e+05
-3.594671831151881488e+05
-3.972044188341816189e+05
-3.368064109873697162e+05
-3.412280225616265088e+05
-3.712579816946180072e+05
-3.436674997177729383e+05
-3.373160148365251953e+05
-4.355004762789467350e+05
-3.889320420063990168e+05
-3.528391820053774863e+05
-3.957448717798223952e+05
-3.429334185669765575e+05
-3.444402325995337451e+05
-4.200983893380152294e+05
-4.415092969501359621e+05
-3.184918592971157050e+05
-2.973736201674211770e+05
-3.956646498720956733e+05
-3.653241484188691247e+05
-3.307646410637892550e+05
-3.598709230024938006e+05
-3.370102421201727120e+05
-3.264189997803459410e+05
-4.144407518941258313e+05
-4.496235563315309118e+05
-4.599489289603690850e+05
-3.676743915774730267e+05
-4.006228511803743895e+05
-3.798170838968390599e+05
-3.480238520527920919e+05
-3.265702730306604644e+05
-3.551963384553428041e+05
-3.745497232111801859e+05
-3.713057579626279185e+05
-4.085796865371140884e+05
-3.996777236490732757e+05
-3.926751384601134341e+05
-3.378853844431244070e+05
-3.724383251367098419e+05
-4.145277856702024583e+05
-3.796958541465854505e+05
-3.059335995547707425e+05
-3.064380268066333374e+05
-4.762277079286267981e+05
-4.305196160894853529e+05
-4.407917084016074659e+05
-5.058034821543017169e+05
-3.412226493816722650e+05
-3.638435878619734431e+05
-3.782841106129745021e+05
-3.480423847156484844e+05
-3.740939750977745280e+05
-3.570709126066325698e+05
-3.478064888364495710e+05
-3.327447702308506705e+05
-4.203120595982884988e+05
-4.649526336996033788e+05
-4.596142600895813666e+05
-3.780956925356189022e+05
-3.714175563885997981e+05
-4.194547252544545336e+05
-4.424502697672251379e+05
-5.052206310022677062e+05
-3.958773144609770970e+05
-3.956000303881271975e+05
-3.805223860519386362e+05
-3.577877807400255697e+05
-3.998776892743695062e+05
-4.286275240270259092e+05
-3.391733507427789737e+05
-3.517333696483363165e+05
-4.377969053151537664e+05
-3.504013009174757171e+05
-3.573794829698478570e+05
-3.591356859825602733e+05
-3.707244214919602964e+05
-3.574258235918938881e+05
-3.432680660340635804e+05
-3.721260385888935998e+05
-3.635140365935127484e+05
-3.958725025218941737e+05
-3.577215461957285879e+05
-3.781971260546103586e+05
-3.639345600254094461e+05
-3.667687851103317225e+05
-4.401141058211376658e+05
-4.842237699316000799e+05
-3.422952638752431376e+05
-3.022445703885579715e+05
-3.838838999115680344e+05
-3.921260383980048355e+05
-3.110144245184221072e+05
-2.977083522912013577e+05
-4.310801008739875397e+05
-4.236060808331019944e+05
-3.534207124019230250e+05
-3.373144142818717519e+05
-3.852101077162522124e+05
-3.299587701254094718e+05
-3.421252523357783211e+05
-3.191486640966786072e+05
-4.415366656341225607e+05
-3.553371263619378442e+05
-3.761815438070895616e+05
-4.282032757108433871e+05
-3.507297512760094833e+05
-3.761832748841214925e+05
-3.602107228865014622e+05
-3.414982827970818616e+05
-3.718610399471237324e+05
-3.463770631327618612e+05
-3.918138701577439206e+05
-3.432388602900482947e+05
-3.949786096606322099e+05
-4.022571357142833294e+05
-4.292232566839155043e+05
-4.350505922393839573e+05
-3.480292194952267455e+05
-3.659103507735035382e+05
-3.446855868372626137e+05
-3.190732959301909432e+05
-3.989229317229441367e+05
-4.434887848273527343e+05
-3.914364397038585739e+05
-3.909262231945897220e+05
-3.807805988754417049e+05
-3.496196243157787248e+05
-4.067165293187252246e+05
-3.697533350817363244e+05
-3.365683417665383313e+05
-3.257230127059051301e+05
-3.871175435662507080e+05
-4.031082493277933681e+05
-4.233465156528147636e+05
-4.923647340627508238e+05
-3.665173480223789811e+05
-3.644204901443092385e+05
-3.770081694155357545e+05
-3.603389860231162747e+05
-3.621520713178199949e+05
-3.607839458018168807e+05
-4.527991495530155953e+05
-3.948696481432639994e+05
-4.082934602449605009e+05
-4.394622666407063371e+05
-3.699732652130236384e+05
-3.883984603775889846e+05
-3.505312447693626164e+05
-3.246546595921699191e+05
-4.473883185591485817e+05
-4.686105488813825650e+05
-3.741734353262792574e+05
-3.712815349542421754e+05
-3.164095899822753854e+05
-3.235117546418266138e+05
-4.070755742875398137e+05
-3.908600290799889481e+05
-3.717511371516553918e+05
-3.765620023724178318e+05
-4.023591756616374478e+05
-4.569313529292424209e+05
-3.447339350008167094e+05
-3.703963924789433368e+05
-3.541348613754766993e+05
-3.826077221738609951e+05
-3.965558315531171393e+05
-4.460005348593516974e+05
-3.788061092228437774e+05
-3.221695135478276061e+05
-3.852772027335473103e+05
-4.241703045677072369e+05
-3.481772713295273716e+05
-3.339906617724199314e+05
-3.357559864900086541e+05
-3.292290820384297986e+05
-3.941530430251664948e+05
-3.618361798769939924e+05
-3.999094870598252164e+05
-3.593208423496935284e+05
-3.949148613642622950e+05
-4.580106022548861802e+05
-3.848328339265880641e+05
-4.183526652460884070e+05
-3.375908146018120460e+05
-3.637414077651232947e+05
-4.304007207642237190e+05
-3.613551598789148265e+05
-4.100594218755408656e+05
-3.574679331905447179e+05
-3.957019892994712573e+05
-3.801924846392815234e+05
-3.276743529836306116e+05
-3.030244499032722088e+05
-4.236598467078722315e+05
-4.715664370721603045e+05
-3.239235446603668388e+05
-3.374330519236329710e+05
-4.501566330799177522e+05
-3.772703186077313730e+05
-4.234029793259064900e+05
-3.816781560129091376e+05
-3.562381117941820994e+05
-3.672004668348716805e+05
-4.315572047789768549e+05
-4.744145224791943328e+05
-3.612571998884417117e+05
-3.799437158693355741e+05
-4.049151632178316358e+05
-3.564287689246825175e+05
-3.484391642780634575e+05
-3.402957377545218915e+05
-4.062783138998065842e+05
-4.445031495762676932e+05
-3.981142013430899242e+05
-4.134339900721443119e+05
-4.316246064068176784e+05
-3.902720900743312668e+05
-4.653115850315740099e+05
-4.957390921449076850e+05
-3.858324950798709178e+05
-3.480168419363104040e+05
-4.734992290180692216e+05
-4.157996983768808423e+05
-3.200358721343135694e+05
-2.998422129666897235e+05
-3.518849942090534605e+05
-3.091914943975063507e+05
-4.027737364594966639e+05
-3.858421791188257048e+05
-4.464240912656870205e+05
-4.516350623862522189e+05
-3.873510245826586615e+05
-3.559832791798230028e+05
-3.321891813484826125e+05
-3.468956856829589233e+05
-3.789560129726241576e+05
-3.752016202769074589e+05
-3.516871031102852430e+05
-3.490732645107271383e+05
-3.704442729409331223e+05
-3.486928926499031950e+05
-4.503525680850966601e+05
-4.408747594833746552e+05
-4.412592326548326528e+05
-4.344469547918910393e+05
-3.941020854648025706e+05
-4.192203876392010134e+05
-3.835891613002378726e+05
-3.580095530412062071e+05
-4.240772392752984306e+05
-3.575959025074949022e+05
-3.982111013195578707e+05
-3.811906416044965154e+05
-3.155361979183723452e+05
-3.267720126328808255e+05
-4.155792762965314323e+05
-4.036498530139742652e+05
-4.218857262327260105e+05
-3.475376417550100014e+05
-3.844986416832050309e+05
-4.363529092788272537e+05
-3.705217545998191927e+05
-3.400643124623275362e+05
-4.731431379155362956e+05
-4.162290364352205070e+05
-3.757986915823980235e+05
-3.578881190953106852e+05
-3.894120367014223011e+05
-4.169458615304185078e+05
-3.859970341577708023e+05
-4.348530191511685262e+05
-4.735168665973377647e+05
-5.722820188101691892e+05
-3.297930759480624693e+05
-3.561827846323725535e+05
-3.587375279274703935e+05
-3.797904784655956319e+05
-4.520785507059666561e+05
-4.326148024293541675e+05
-4.197266471461948240e+05
-3.917891213890025392e+05
-3.778792546389700146e+05
-4.198737345234800596e+05
-3.713650544505337020e+05
-3.260898292836848414e+05
-3.743800064737608191e+05
-4.237113008535219124e+05
-3.721214671323472867e+05
-3.281099104862636887e+05
-4.031553458614551928e+05
-3.460799986025047256e+05
-3.664326444153658813e+05
-3.201608120120200329e+05
-3.765727826323254267e+05
-3.429992524937674170e+05
-3.845585840616616188e+05
-3.662140506379149156e+05
-4.080214122470266884e+05
-4.473910809794384986e+05
-4.245244206889797933e+05
-4.949837900439143414e+05
-3.179064867860607337e+05
-3.053763290399303660e+05
-4.100596820275801001e+05
-4.790492068365479354e+05
-4.139331930665952386e+05
-3.933203902819446521e+05
-3.719868684207488550e+05
-4.165551891372810351e+05
-4.015495758245731704e+05
-4.650956181765457150e+05
-4.395493813668538351e+05
-5.192947312138555571e+05
-3.737362365799947875e+05
-3.695318533301996067e+05
-3.543810463388739154e+05
-3.867952857054169290e+05
-3.371873070874500554e+05
-3.543486861882650992e+05
-3.802008032992942026e+05
-3.756962242919658311e+05
-3.708141575767905451e+05
-3.826045459936450934e+05
-3.602783201743392274e+05
-3.277243829894994851e+05
-3.650746284376899712e+05
-3.637222900420416845e+05
-3.212119914465063484e+05
-2.945789590065178345e+05
-4.176540514997066930e+05
-4.451468526048761560e+05
-3.745960804873590823e+05
-3.421152548022059491e+05
-4.175407202454456128e+05
-4.792635306516372366e+05
-3.761076457159860292e+05
-4.123399600353352726e+05
-3.437285148492704611e+05
-3.089401953042261302e+05
-3.901952786315630656e+05
-3.478071758396317018e+05
-3.893072061240713811e+05
-3.322597284803958610e+05
-3.810854123987370403e+05
-3.270220560231177369e+05
-3.548411979372642236e+05
-3.767608746858766535e+05
-3.557241772557100048e+05
-3.714822411342683481e+05
-4.573038484612519387e+05
-4.379676002813447267e+05
-3.820433964741198579e+05
-4.150222024948843755e+05
-4.384523585271073971e+05
-4.024223284165110672e+05
-4.034253855720288120e+05
-3.804359907620588783e+05
-3.163645475113472203e+05
-3.012322870735259494e+05
-3.433602634651320986e+05
-3.481879337793991435e+05
-4.336406239612249192e+05
-4.430172622539445292e+05
-3.340700417097625323e+05
-3.376301133794940542e+05
-3.520159701643289300e+05
-3.157610682253353298e+05
-3.817577573889815249e+05
-4.086125114104211098e+05
-3.176552981336874655e+05
-2.953440255816258141e+05
-3.356868440069678472e+05
-3.415811601846707053e+05
-4.134432217327652033e+05
-3.566295906233962160e+05
-4.215250011563092703e+05
-3.558959460829645395e+05
-4.313252862538966583e+05
-5.026144488852249924e+05
-4.038672282509329962e+05
-3.367232364761545323e+05
-3.556963677037211601e+05
-3.753372406479771016e+05
-3.421922191173093161e+05
-3.525931115033839596e+05
-4.012849043273669668e+05
-4.209092895472609671e+05
-3.463255399920420023e+05
-3.452856250203495147e+05
-3.630480611592119094e+05
-3.975176688306545839e+05
-3.906257036340544000e+05
-3.863740386379043339e+05
-4.022106395756141283e+05
-4.006960776478819316e+05
-4.116956348197244806e+05
-4.208046755745538976e+05
-3.810847264103598427e+05
-4.074167542974185199e+05
-3.683362639818536118e+05
-3.950415912154597463e+05
-3.496691625560624525e+05
-3.179595927387425909e+05
-3.327833850911423797e+05
-3.623938636106044287e+05
-4.460012444335303735e+05
-3.594606414406980621e+05
-3.664918109219125472e+05
-4.185008980202496750e+05
-4.281534764406119939e+05
-4.334743061532098800e+05
-3.509320682567689801e+05
-3.375217863335961010e+05
-3.910839384666990954e+05
-4.126017306186677888e+05
-4.612400420703879790e+05
-5.160152610724397236e+05
-3.461819096385072917e+05
-3.462064706990568666e+05
-3.667133092682862189e+05
-4.139099115400592564e+05
-4.228228474001603900e+05
-3.596802824598244624e+05
-4.575815537923701340e+05
-4.743956568278765772e+05
-3.561697722433025483e+05
-3.336350022551899310e+05
-4.150940488707687473e+05
-3.856834065369920572e+05
-4.122147313861907460e+05
-3.555681179047338665e+05
-3.525626987768751569e+05
-3.486960498128384352e+05
-4.119220192016948713e+05
-4.344031546120976564e+05
-3.903700316938076867e+05
-3.830817495534266345e+05
-4.313189196279718308e+05
-5.124299704562029801e+05
-3.610772639674663078e+05
-3.575993375154267997e+05
-3.294747669930222910e+05
-3.060030142706629122e+05
-3.490316112679905491e+05
-3.859128575001629069e+05
-3.581430050391874975e+05
-3.148203886626467574e+05
-3.779820793527301867e+05
-3.576803705244982848e+05
-3.264082032534063328e+05
-3.009022187445237068e+05
-3.695875377862291643e+05
-4.147362308914544992e+05
-3.728570261597922072e+05
-3.551709755457119318e+05
-3.497018740244441433e+05
-3.186720834376892308e+05
-4.011207094785714289e+05
-3.556269463498385157e+05
-3.715027876217194134e+05
-3.462801327819512226e+05
-3.310054709264088888e+05
-3.188327177997934632e+05
-3.315789658298834693e+05
-3.031509452324098675e+05
-3.905008051368677989e+05
-3.777240586395923747e+05
-4.102012779731195187e+05
-3.869213905281163752e+05
-3.983832983551135985e+05
-4.590447211502888240e+05
-3.665901637275799876e+05
-4.009824683986874297e+05
-3.194591072023955639e+05
-3.060481640664170263e+05
-4.070634028474430088e+05
-4.600649997023247415e+05
-3.928449091887734830e+05
-4.022492772034439258e+05
-3.281740486960447161e+05
-3.126128135843990603e+05
-3.600328348972267704e+05
-3.358984202759126201e+05
-4.379410354811794823e+05
-3.767864152946601389e+05
-3.860193456645172555e+05
-4.295802026023325743e+05
-4.065975484923863551e+05
-4.643662565886951052e+05
-3.585054436423259322e+05
-3.156505850811052369e+05
-4.259125972998386715e+05
-3.561917962286915863e+05
-4.509047420936521376e+05
-4.520734644657027675e+05
-4.273302943862830289e+05
-3.576006456120066578e+05
-4.538092578934507910e+05
-5.020019035938475281e+05
-4.310374532414473360e+05
-4.532798292254931293e+05
-3.204501769122284604e+05
-3.419725344981255475e+05
-3.544488771937763086e+05
-3.773553815591876628e+05
-3.314292206089034444e+05
-3.147690772689866135e+05
-3.457787479257455561e+05
-3.398230532357943011e+05
-3.514254956477427622e+05
-3.481851689329231158e+05
-4.006636217682202114e+05
-4.154538884461921407e+05
-3.652701047027275199e+05
-3.804390044202971039e+05
-4.046972573152919067e+05
-3.503329496504972922e+05
-3.291800345447383588e+05
-3.514197850852306001e+05
-3.960913762460425496e+05
-3.553321492101596668e+05
-4.058203074034255696e+05
-4.647023065581866540e+05
-4.184019382697411347e+05
-3.879991566498298198e+05
-3.568029634500289103e+05
-3.156166492486031493e+05
-3.619076951486903708e+05
-4.029190154905566014e+05
-4.007425112870908342e+05
-3.420099625555550447e+05
-3.139576765952598071e+05
-3.215519630044582300e+05
-3.826775015845543239e+05
-3.618017283456372097e+05
-3.983002083888702327e+05
-3.393054847235967172e+05
-3.631337339365795488e+05
-3.952194621423598146e+05
-4.224662592442322057e+05
-4.529148917520230170e+05
-3.700226628468453418e+05
-3.894106384984711185e+05
-4.192204840326576959e+05
-3.745222718795628753e+05
-4.057705818493234692e+05
-4.217861574128117645e+05
-4.043500730700897984e+05
-3.777511189404997276e+05
-3.487688497227091575e+05
-3.117192463690293953e+05
-3.475116110362599138e+05
-3.227926243396438658e+05
-4.122590584022942930e+05
-4.846997602093169698e+05
-3.308518721341346391e+05
-3.390444798819823191e+05
-4.114945599031187594e+05
-4.660135634401796851e+05
-3.179094044157087337e+05
-3.434589189792673569e+05
-3.830985771100796992e+05
-3.873519197714148322e+05
-3.713231429783803178e+05
-3.953449478542737197e+05
-3.672002156422458356e+05
-3.360390781227331609e+05
-4.205256428030050592e+05
-4.434566794214722468e+05
-3.154634642643255647e+05
-3.152812267254571198e+05
-4.112444108398007229e+05
-3.391009780525540700e+05
-3.606035340482565807e+05
-3.690368357505764579e+05
-4.266482819704710273e+05
-3.879775423142779619e+05
-3.287207597196315182e+05
-3.029300375213121297e+05
-4.032108680130735738e+05
-4.539797465914482018e+05
-3.714415121868578717e+05
-3.868817257266144734e+05
-3.775444174874062883e+05
-3.679408066714550368e+05
-3.435503000065388624e+05
-3.066684761286925059e+05
-4.277023747184748063e+05
-4.894672410966316238e+05
-4.251003555186336162e+05
-3.661003966474130284e+05
-3.781507709235809743e+05
-3.343407189414285822e+05
-3.825488161158720031e+05
-4.317736629921075655e+05
-3.468374833843390225e+05
-3.790731248572845943e+05
-4.126885474079456180e+05
-4.719782701335086022e+05
-4.429667077037690906e+05
-3.643910603495344985e+05
-3.666307584549310850e+05
-4.057155395884782774e+05
-4.199851750007440569e+05
-4.365917915323375491e+05
-3.917392807648914168e+05
-4.312667881198996911e+05
-3.580847158279721625e+05
-3.686257456125121098e+05
-3.705971806715354323e+05
-3.654297887615753571e+05
-3.632861498389310436e+05
-3.610840066092764027e+05
-3.652740632087711710e+05
-3.814844842441490619e+05
-3.817178329660277814e+05
-3.918569712256039493e+05
-3.313413772882359335e+05
-3.157359984591853572e+05
-4.270766362751958659e+05
-4.853302253966507269e+05
-3.895556846054110210e+05
-3.970304343496669317e+05
-4.593653711672569625e+05
-3.967980086010840023e+05
-4.097559813458700664e+05
-3.672413434357177466e+05
-3.571946398498635972e+05
-3.569003926211488433e+05
-3.515805671980129555e+05
-3.956242408829611959e+05
-3.726637665394054493e+05
-4.190395970015563071e+05
-4.185308569096662104e+05
-3.976221083922493272e+05
-4.273203275142258499e+05
-4.279057492533787154e+05
-4.408507068597588222e+05
-3.866320234488551505e+05
-4.090349809490496991e+05
-3.493285510478108190e+05
-3.790700533077911241e+05
-3.531046805354350945e+05
-4.072826942223124206e+05
-3.509099805699229473e+05
-4.006605741065759212e+05
-3.803870253617122071e+05
-3.430086066800686531e+05
-3.318797352879121900e+05
-3.486468001974775689e+05
-3.146005873061097227e+05
-3.809269529337101849e+05
-3.397092684286353178e+05
-3.216789791847496526e+05
-3.131129188705104170e+05
-3.405994342239202233e+05
-3.792563897115152795e+05
-4.346388688868753379e+05
-3.684736008444876643e+05
-4.201973370974287391e+05
-4.945508896575768013e+05
-3.889483627058243146e+05
-3.602400800183319952e+05
-3.454868375465011923e+05
-3.629506328695230186e+05
-3.715593099946638104e+05
-3.985939703360167332e+05
-3.302520766474244883e+05
-3.390564340603528544e+05
-3.629961854928947287e+05
-3.801329108912665397e+05
-4.325735078370493138e+05
-5.133928510213375557e+05
-4.449365099012152059e+05
-3.803288404639885994e+05
-3.424153882107819663e+05
-3.615367395550421206e+05
-3.282826218997776741e+05
-3.434204181435427163e+05
-4.245991834419108927e+05
-4.164778367914779810e+05
-3.129504661452571163e+05
-3.375385560439653927e+05
-4.291848913814692060e+05
-3.993375031655242201e+05
-3.724497730926431250e+05
-3.694239679084788077e+05
-4.393177425815742463e+05
-5.271749209405520232e+05
-3.890234613237703452e+05
-4.051777465935532236e+05
-4.194559222299637040e+05
-3.925765836506753694e+05
-3.615867762354639126e+05
-3.937779774178564548e+05
-4.206023489878225373e+05
-3.783177712158365175e+05
-3.321826275520946365e+05
-3.285393676375671057e+05
-3.963375977576825535e+05
-4.041463231167020276e+05
-3.839591907592143398e+05
-4.081038060891118366e+05
-3.792314702572800452e+05
-4.330945107030783547e+05
-3.317765005145147443e+05
-3.000176084352738690e+05
-4.157618555306810886e+05
-4.568003061484830687e+05
-3.799501388668606523e+05
-4.065090145196322119e+05
-3.308596053824455012e+05
-3.109425891221080674e+05
-4.345095706677440321e+05
-4.793026990436924389e+05
-4.183853296078869607e+05
-3.962836030784889590e+05
-4.365476895669867517e+05
-4.268601888147010468e+05
-3.235329790199387353e+05
-3.138756698590648593e+05
-4.334918097210491542e+05
-3.699521489583514631e+05
-3.148586875985957449e+05
-3.061660352179823676e+05
-3.158223260862613097e+05
-3.247989977980313124e+05
-3.138562000605867943e+05
-3.330206113374128472e+05
-3.570618171516605653e+05
-3.317252125166878104e+05
-3.539851127589279786e+05
-3.694466718296334147e+05
-4.401132444426233415e+05
-3.921175860970278736e+05
-3.416801750356766861e+05
-3.226146230101652909e+05
-4.397588668773826212e+05
-4.468492311317936983e+05
-3.736829753927349811e+05
-3.270813616173125338e+05
-3.808533668637485243e+05
-3.401946228650936391e+05
-3.782709872035830049e+05
-3.446702371949034277e+05
-3.585115182935144985e+05
-3.391783113961126655e+05
-4.381984606762113981e+05
-5.191417293347859522e+05
-3.178725796237104805e+05
-3.024056096436021617e+05
-3.763711446083908668e+05
-3.863573846514791949e+05
-3.995023012370564975e+05
-3.899628990293403622e+05
-4.167609538346546469e+05
-4.786533209804557264e+05
-4.341759686899051303e+05
-4.321648697726959363e+05
-4.286881700020837598e+05
-4.515806852634034585e+05
-3.469014617468864890e+05
-3.448466269258360844e+05
-3.361812278194690589e+05
-3.714112610054694815e+05
-3.930913657455701614e+05
-3.970175126234631753e+05
-3.753114815004869597e+05
-3.563825375162427081e+05
-3.744962946101806592e+05
-4.199697337134643458e+05
-4.038838068975909846e+05
-4.324557327272818657e+05
-3.517097615393756423e+05
-3.694165041362334741e+05
-4.194471547427685000e+05
-4.558590734984811861e+05
-4.042668298875951441e+05
-4.285796675250236876e+05
-3.388762902272972278e+05
-3.184416156929295976e+05
-3.861723024193423335e+05
-3.644807939822245389e+05
-3.641684105139190797e+05
-3.585954221237081802e+05
-3.442655906501848949e+05
-3.268724622843218967e+05
-3.638500611677579582e+05
-3.150490297602574574e+05
-4.113037960699856048e+05
-4.268548674820287852e+05
-4.688839775092668133e+05
-5.339374630151257152e+05
-3.470449419353223639e+05
-3.578659486498398473e+05
-3.394770637652747100e+05
-3.191008480420550331e+05
-3.192268178566055140e+05
-2.946646412290257285e+05
-3.904440016496477183e+05
-3.972641802657213993e+05
-3.338865573274728376e+05
-3.283027769953201059e+05
-4.348860279269923922e+05
-3.758150747104708571e+05
-3.825443650380170438e+05
-3.810123928087549284e+05
-3.857862304759777617e+05
-4.450333591630131705e+05
-4.505981452458139975e+05
-4.389121993606983451e+05
-3.503020341679803096e+05
-3.494001727721253410e+05
-3.905545474987551570e+05
-4.174825089423705358e+05
-3.668381547337519005e+05
-3.408324660903239856e+05
-3.449394263855766039e+05
-3.687308483317714417e+05
-3.159948594860581215e+05
-3.412094276903780410e+05
-3.266801306324773468e+05
-3.423662781865668949e+05
-3.927025879351135809e+05
-3.542775621852362528e+05
-3.785872241212707013e+05
-3.354652480237227865e+05
-4.251139370413903380e+05
-3.456521178329518298e+05
-4.237382496270424454e+05
-3.971163927036189707e+05
-3.823442287258539582e+05
-4.398219117135268170e+05
-3.509330499799802201e+05
-3.878341898040042724e+05
-3.678017326051164418e+05
-3.530844326703726547e+05
-3.784674941493402002e+05
-3.284372530625462532e+05
-3.341446519309992436e+05
-3.529924516488905065e+05
-3.476048292062709806e+05
-3.154175089675420895e+05
-3.577745658911510836e+05
-3.583382052957001142e+05
-3.465258578059307765e+05
-3.793554549554054393e+05
-3.539269057526793331e+05
-3.321757127227843739e+05
-3.853456225475778338e+05
-4.355580426203339593e+05
-4.249671663306636037e+05
-4.687502425404172391e+05
-4.272613528442080133e+05
-3.860863567805899074e+05
-3.887740543592822505e+05
-3.436456656776077580e+05
-4.487016724708979018e+05
-5.378139795179478824e+05
-4.079436709552877583e+05
-4.140354054415585706e+05
-3.922522831964623183e+05
-4.547773337474985747e+05
-3.773801340633857762e+05
-3.655962020029565319e+05
-3.679885120182682294e+05
-4.133450383285841672e+05
-3.844531013984319288e+05
-3.915732400687851477e+05
-3.475897557981907157e+05
-3.714427418552471790e+05
-3.459482641621869989e+05
-3.752025698697265470e+05
-4.384674897268149070e+05
-5.152653244565405184e+05
-4.221470970690773102e+05
-4.261192037309355801e+05
-3.234264188963602064e+05
-3.463373396220483119e+05
-3.586242282291661249e+05
-3.888151523411158705e+05
-3.512363312915047863e+05
-3.660147384468776872e+05
-3.470751358283049194e+05
-3.228689962870504241e+05
-3.965861969211243559e+05
-4.246785306874521775e+05
-3.935897623239245731e+05
-3.339378540853802115e+05
-3.844132280847035581e+05
-3.970054842926099664e+05
-4.061281927664091345e+05
-4.161316521341158077e+05
-4.667483719933811808e+05
-4.377116301864248235e+05
-3.357200144019060535e+05
-3.685305809903111076e+05
-4.250998143682687078e+05
-4.176116320097208954e+05
-3.624421900589562720e+05
-3.786606306165138958e+05
-3.824231868977046106e+05
-3.807146926811404992e+05
-3.911099716212068452e+05
-4.409095314202380832e+05
-4.134485527000891743e+05
-4.483299467187335249e+05
-4.308848082217463525e+05
-4.719778109289058484e+05
-4.170891515003977111e+05
-4.685032025197229814e+05
-3.527194955405951478e+05
-3.715141610595823731e+05
-3.891605932574922917e+05
-4.062726179723825771e+05
-3.635006137858564034e+05
-3.152596663362293039e+05
-4.139209519720110111e+05
-3.719610771854610648e+05
-3.995192077828525798e+05
-3.670562399110796396e+05
-3.749392374307229184e+05
-4.162452013779402478e+05
-4.356026298760883510e+05
-3.757912602237131214e+05
-4.064998838228335371e+05
-3.744865486374947941e+05
-4.337926582434092415e+05
-4.284289962850115262e+05
-3.575140639161096187e+05
-3.901398388806667645e+05
-3.604352142958022887e+05
-3.160770209736772813e+05
-4.543380861837901175e+05
-4.462742067709096009e+05
-3.535664604576359270e+05
-3.200919444172985386e+05
-4.346949448367422447e+05
-4.134048781096846797e+05
-3.415867666291395435e+05
-3.513767254919037223e+05
-3.428834766470456962e+05
-3.685807602066677064e+05
-3.508621415945155313e+05
-3.163034538640911924e+05
-3.202706731684458209e+05
-3.008060872997905826e+05
-4.540972319136651931e+05
-3.901975144624246750e+05
-3.228757897947938181e+05
-3.219561714343167841e+05
-3.941337597508567851e+05
-4.546791643650911283e+05
-3.779293129183723358e+05
-4.048991423897533678e+05
-3.471193066280607600e+05
-3.476263191893036710e+05
-3.995023869137114380e+05
-3.504010594259746140e+05
-3.569400717994369334e+05
-3.351415155758905457e+05
-4.287029250071609858e+05
-3.984271812205426395e+05
-4.506710605934876949e+05
-3.949560716661134502e+05
-4.053497656746543944e+05
-3.767070133695835248e+05
-3.507554187190211378e+05
-3.860634415746396407e+05
-3.434078050711508840e+05
-3.462861729868816910e+05
-3.136105963620307157e+05
-2.933854531887176563e+05
-3.247928527609209996e+05
-3.274083780197746819e+05
-4.146538624273239402e+05
-4.539747409218096873e+05
-3.203813356099706143e+05
-3.079391572149533313e+05
-3.445175157787229400e+05
-3.415062197063547792e+05
-3.943861775735457195e+05
-4.276574393581607146e+05
-3.172047839049162576e+05
-2.972035332915431936e+05
-3.240932173834712012e+05
-3.330382089346081484e+05
-3.285364440454592695e+05
-3.449397191654619528e+05
-3.680841529460171005e+05
-3.237931625384227373e+05
-3.603444813261596719e+05
-3.655501774782653665e+05
-4.336610892452765256e+05
-3.873856680091393646e+05
-4.109120064887399785e+05
-3.905180911093805917e+05
-4.126548574145166203e+05
-4.206254136692482280e+05
-3.580590872446418507e+05
-3.361070794197323266e+05
-3.835694344878783450e+05
-4.056390763487615623e+05
-3.208400716441435507e+05
-3.474949919497176306e+05
-4.676251230649235658e+05
-4.560136107522305101e+05
-3.585506943231368205e+05
-3.603619391213001218e+05
-3.448192040050253272e+05
-3.796825072468633298e+05
-4.233904746511890553e+05
-3.446644545616214164e+05
-3.609183331531906733e+05
-3.283189892606368521e+05
-3.556894775631643133e+05
-3.231063750484669581e+05
-3.839466297358663287e+05
-3.905187784431547625e+05
-4.136273992710013408e+05
-3.921213265779265203e+05
-3.512406423954127822e+05
-3.305818153644442791e+05
-4.262638829855233198e+05
-3.833986637127876747e+05
-3.493508043276981916e+05
-3.484467345613982761e+05
-3.470994978516106494e+05
-3.225367505485572619e+05
-3.503837254710688721e+05
-3.407176680182113778e+05
-4.137896356444559060e+05
-4.376817986510030460e+05
-4.317297017430969281e+05
-3.941855347568355501e+05
-4.051965092916305875e+05
-4.546104819082928589e+05
-3.432668645040580304e+05
-3.402012626733072102e+05
-3.693304364495718619e+05
-3.446187146387974499e+05
-3.897579905261452077e+05
-3.742738907095496543e+05
-3.264466528744994430e+05
-3.493634580023215385e+05
-3.985451388235018821e+05
-4.175182622274310561e+05
-3.647163147289332701e+05
-3.397638014042266877e+05
-3.158925012019590940e+05
-3.343680514409760945e+05
-3.556181953058976214e+05
-3.747161912085787626e+05
-3.596136291093163891e+05
-4.068546037967259763e+05
-4.436744859634592431e+05
-5.186551366374002537e+05
-3.606067475022358121e+05
-4.050066918655085610e+05
-4.221528122223474784e+05
-4.480915625472057145e+05
-4.102399502461251104e+05
-4.819578067776613170e+05
-3.555597746473001316e+05
-3.128643632866385160e+05
-3.947399419974260963e+05
-3.650331952915481525e+05
-3.637582049463702133e+05
-3.211618758317582542e+05
-3.717519986616609385e+05
-4.133413776387684047e+05
-4.278632783130231546e+05
-4.791444143949616700e+05
-3.591077981997320894e+05
-4.068784887737451354e+05
-3.540389133623418165e+05
-3.800881859135372797e+05
-3.815468329181532608e+05
-4.219545332263245946e+05
-3.925367301430505468e+05
-4.275033416270491434e+05
-4.260139296333579114e+05
-4.834967358221780742e+05
-3.876326955728203757e+05
-3.470562553964594845e+05
-3.249410467927361606e+05
-3.346039231322116684e+05
-4.097584682539092610e+05
-4.464582873122808523e+05
-4.553805361597778974e+05
-4.316293233246166492e+05
-3.789626058757727733e+05
-3.600093959366542986e+05
-3.358123727379916236e+05
-3.667881968064956600e+05
-3.425392194412167883e+05
-3.156787740191264311e+05
-3.543329953976561083e+05
-3.155380487818573602e+05
-3.412719343430885347e+05
-3.524575707858367823e+05
-3.442795867447193014e+05
-3.334361673256283393e+05
-3.559345439819965977e+05
-3.429586983362027677e+05
-3.520275912006120197e+05
-3.152452598191499710e+05
-3.517516143846847117e+05
-3.328902199778540526e+05
-3.304710549945738167e+05
-2.985497938860311406e+05
-3.209348314604732441e+05
-3.118031712221003836e+05
-4.090509449640978128e+05
-4.525553866792262997e+05
-3.630036835343979765e+05
-3.529132364096591482e+05
-3.706052340367832221e+05
-3.787639015555225778e+05
-4.015835171090038493e+05
-3.484945607619452057e+05
-4.088726434797679540e+05
-3.949860504340539919e+05
-4.130219129065901507e+05
-4.415901346003807848e+05
-3.743661039950532140e+05
-4.047897480368891265e+05
-3.348538932662607403e+05
-3.619555389746357687e+05
-3.821600811029104516e+05
-3.356203202609311556e+05
-3.722228197355467128e+05
-3.660397162285336526e+05
-3.958477460323333507e+05
-3.669087196967364289e+05
-3.714697395148059586e+05
-3.714250004038843326e+05
-3.237283392509393161e+05
-2.971850341029592091e+05
-3.434259999247478554e+05
-3.491772889579389011e+05
-4.254030885454767849e+05
-4.857544725582905812e+05
-4.160750656985983951e+05
-4.413535565457184566e+05
-3.292149824107927270e+05
-3.574328478394134436e+05
-3.673991538647564594e+05
-3.878477141604128992e+05
-3.184850707984844921e+05
-3.263401164824859006e+05
-4.159493350422357908e+05
-4.866437566087952582e+05
-3.240540495555666275e+05
-3.207767722173132934e+05
-3.426865937681072392e+05
-3.352514464390048524e+05
-3.773526140303425491e+05
-3.655502738627707586e+05
-3.489459192160782404e+05
-3.287609171729419613e+05
-3.403040346053936519e+05
-3.299153634925284423e+05
-4.320270320930869784e+05
-4.058161902474410599e+05
-3.971610277200104902e+05
-3.486269565829494968e+05
-3.717805943255081074e+05
-3.488801634936240735e+05
-3.613922524460877758e+05
-3.617503381756336894e+05
-3.746400114581985399e+05
-3.243786871458981186e+05
-4.215336238594638417e+05
-4.814676973136824090e+05
-3.352907820173606742e+05
-3.626217005495036719e+05
-3.600811553614658769e+05
-3.741867007343199803e+05
-3.364368969050620217e+05
-3.170868622716137907e+05
-3.447544307702379301e+05
-3.356764296759893186e+05
-4.350089730790579924e+05
-4.246014144960842095e+05
-3.146607306325931568e+05
-3.068268659686796600e+05
-4.015262386000541737e+05
-3.966841476217071759e+05
-4.023516512675004778e+05
-3.662521700361019466e+05
-3.297209381627184339e+05
-3.524367429884538287e+05
-4.025600995285519166e+05
-4.357831271127188811e+05
-4.218563870044436771e+05
-3.672888747357784305e+05
-3.155835040252580075e+05
-3.142400750301062362e+05
-3.620913540650540963e+05
-3.124081433096731780e+05
-3.289597692965641618e+05
-3.241993892964895349e+05
-3.756160852063712664e+05
-3.564667230914667016e+05
-3.914399126951235812e+05
-4.250301372482979205e+05
-4.055806763065144187e+05
-4.086354240042049205e+05
-3.202115071948267287e+05
-3.282304111500631552e+05
-3.601881427992826793e+05
-3.807769010856318055e+05
-4.307692127507281257e+05
-4.417898301986298757e+05
-3.741096577593906550e+05
-3.906673897281760583e+05
-3.698321903122245567e+05
-3.909596979220387293e+05
-4.343244006768672261e+05
-4.859236814124844968e+05
-3.416516080084701534e+05
-3.178413105340241455e+05
-4.214760698952670209e+05
-4.512376247630791040e+05
-3.802970054017357761e+05
-3.896085988797766622e+05
-3.515986452558926539e+05
-3.430607636346855434e+05
-3.766277039488801965e+05
-3.226848309250186430e+05
-3.388277263294808799e+05
-3.757400526333245216e+05
-3.186801308650413994e+05
-2.981236689246995375e+05
-3.423977238926865393e+05
-3.705064803898879327e+05
-4.145552222753170645e+05
-4.531332538269200595e+05
-3.564222970993851777e+05
-3.780275363015398616e+05
-4.109884507098246831e+05
-3.797970775359607069e+05
-3.444824213391927769e+05
-3.197179023815738037e+05
-4.487685767467456171e+05
-5.325747511935963994e+05
-3.874297860191906802e+05
-3.655671960179019952e+05
-4.017784106564613758e+05
-4.643967979652218055e+05
-4.219161037211398361e+05
-3.890581811308420729e+05
-3.328581527286757482e+05
-3.313792946071369806e+05
-3.650815052746792790e+05
-3.949932819492644630e+05
-3.178851782584583852e+05
-2.925451218686476350e+05
-3.220322843968637753e+05
-3.491762207252490334e+05
-3.815794015005477704e+05
-3.243178857284436235e+05
-3.922964124697630759e+05
-4.171918177163492655e+05
-3.365772469072656240e+05
-3.170736614552941173e+05
-3.387183425220657373e+05
-3.436153786117534619e+05
-3.979879383888911689e+05
-3.436644868590349797e+05
-4.417059374821457313e+05
-4.868356204245942645e+05
-3.258554826946634566e+05
-3.260122718521467177e+05
-4.201324514279542491e+05
-4.300926665277174907e+05
-3.613344505906131817e+05
-3.618596767921188148e+05
-4.062866942175989971e+05
-3.863500514469416812e+05
-3.816831314507955685e+05
-3.416732220430029556e+05
-3.995645120308221085e+05
-4.263652751747829607e+05
-3.673403347460520454e+05
-3.592909448916576803e+05
-3.482954032036954304e+05
-3.135098759394945810e+05
-3.654977215122403577e+05
-3.901809632340874523e+05
-3.542279274010607041e+05
-3.117003993279276183e+05
-3.878094131297790445e+05
-3.428306508862052578e+05
-3.436524037344924873e+05
-3.521642564306195127e+05
-4.268222393295539077e+05
-4.510002488207201241e+05
-3.196541199972174363e+05
-3.097212527978008147e+05
-3.303639745077738771e+05
-3.155416598534419900e+05
-4.411761638808180578e+05
-4.482027457660657819e+05
