-2.954566492811177159e+05
-2.879122240014949348e+05
-3.068046460596937686e+05
-2.927068946773096686e+05
-3.046186020223376108e+05
-3.241190387569430750e+05
-2.619884607076891407e+05
-2.580216405215274717e+05
-3.201741272435814608e+05
-3.003533227659583790e+05
-2.576532490368425206e+05
-2.595918837667667831e+05
-3.188586812466407428e+05
-3.155193827031757683e+05
-3.165307779250945896e+05
-3.334373918022915022e+05
-2.761182984355455264e+05
-2.851313135662287241e+05
-3.038232557612776291e+05
-3.203913141845434438e+05
-3.116420265255302656e+05
-3.158968656637257664e+05
-3.301556593990523834e+05
-3.320012348758010194e+05
-3.640682649805323454e+05
-3.918137963017694419e+05
-3.846364226492492016e+05
-4.379048176328858826e+05
-3.701344412555545568e+05
-3.970883535411828198e+05
-3.526788801716369344e+05
-3.244394180037468905e+05
-4.018807622768691508e+05
-3.763962399834732059e+05
-3.765595096584380371e+05
-3.870135343235593755e+05
-4.499202803320847452e+05
-4.655671669908565236e+05
-4.066113763571865857e+05
-4.406868545331535861e+05
-4.706268156412224052e+05
-4.741410308719789609e+05
-4.988718481429998064e+05
-5.715889369690723252e+05
-4.655197550390103133e+05
-5.089311617124396143e+05
-5.046731415673478041e+05
-5.835207882581761805e+05
-5.230748886019265046e+05
-5.120412493715245510e+05
-6.237217791758624371e+05
-6.618253306544745574e+05
-6.631549708460636903e+05
-8.002897841877139872e+05
-7.373485283878432820e+05
-8.280089519589653937e+05
-7.816787555258711800e+05
-5.973280296726342058e+05
-6.957932986857896904e+05
-5.919011548189943423e+05
-7.593854121959608747e+05
-9.550855146637433209e+05
-8.540103146246143151e+05
-1.015269819833248854e+06
-6.112857525511299027e+05
-4.916240472347252071e+05
-7.352893677223888226e+05
-5.761261638272961136e+05
-5.332484417116811965e+05
-4.700931553560664179e+05
-5.410394238207121380e+05
-5.408496562666642712e+05
-4.019150747029120103e+05
-3.730865078306033975e+05
-3.712754193608030910e+05
-3.698563091752595501e+05
-3.632718461843705736e+05
-3.516346094513796270e+05
-3.610477798855394358e+05
-3.751033814848888433e+05
-3.931139675508087967e+05
-3.648275277418633923e+05
-3.861081766220577992e+05
-4.178944046153541422e+05
-3.739243457410943229e+05
-3.746760990066776285e+05
-3.741601772703506285e+05
-3.776672938110037940e+05
-3.773063414972180035e+05
-3.754362591638998128e+05
-3.700454659163656179e+05
-3.743436923765613465e+05
-3.451143307689075591e+05
-3.268767861687717959e+05
-4.622208762190951966e+05
-4.989322934909604955e+05
-4.094233476950326003e+05
-4.219189713114715414e+05
-3.205835605124252615e+05
-3.278130438160740305e+05
-3.635643576848112280e+05
-3.927390328830749495e+05
-4.281692827761338558e+05
-4.521228090797280893e+05
-4.319002800850735512e+05
-3.871719378484560875e+05
-3.712418225064878352e+05
-3.209988074904828100e+05
-4.129275934129059315e+05
-3.632279063544735545e+05
-3.475972182303996524e+05
-3.043157039555509109e+05
-3.864814414836916840e+05
-4.183002873973236419e+05
-3.337591781769918744e+05
-3.717549485179358162e+05
-3.262676364758547861e+05
-3.527234105759268859e+05
-4.208691887582227355e+05
-5.036105475121162599e+05
-4.003591128963271622e+05
-3.633803129391027614e+05
-3.295847502646907233e+05
-3.480786566377283307e+05
-4.042495752958197845e+05
-3.987296144526349381e+05
-3.811281817528107204e+05
-3.351015271789296530e+05
-3.848250948596070521e+05
-3.379464910843933467e+05
-3.859186159296802944e+05
-3.977937005244590109e+05
-3.695997701942324638e+05
-3.356393141577173956e+05
-2.976824415403838502e+05
-2.931045090983816190e+05
-2.901201823819181882e+05
-3.032842983019805979e+05
-3.255087721512820572e+05
-3.278074570827939315e+05
-2.940344123748908751e+05
-3.114408961839190451e+05
-3.885853414840011392e+05
-3.372894211694883415e+05
-3.395258137625210220e+05
-3.617342956305358093e+05
-3.598683678725041682e+05
-4.149298964383307612e+05
-4.142552625771064777e+05
-4.126870156461963197e+05
-3.138023420319919242e+05
-3.225057913841725094e+05
-3.389110200893146684e+05
-3.238374073133792263e+05
-3.317569974712183466e+05
-3.359282541693715611e+05
-3.067611552337208996e+05
-3.415481415136543801e+05
-2.907761193104619160e+05
-2.579905854976445262e+05
-2.920544390735890483e+05
-3.215443114152462222e+05
-3.762005726849050261e+05
-3.690795915128961205e+05
-2.821750203951479634e+05
-2.656682980734888697e+05
-4.093182836927830940e+05
-3.143444409622501116e+05
-3.576508958959411830e+05
-2.944211513341872487e+05
-3.782389568154087756e+05
-4.106194103327417979e+05
-3.830956327070337720e+05
-4.064477663806626806e+05
-3.656088320017174119e+05
-4.324265357094719075e+05
-3.641808624086345080e+05
-4.025335260275527835e+05
-3.274160279110008851e+05
-3.015193262333767489e+05
-3.108167434559867252e+05
-2.618711151967554179e+05
-3.919925869869485032e+05
-4.176294376616772497e+05
-2.984290803573600715e+05
-2.888040936489603482e+05
-3.390234025685909437e+05
-3.324814623818504624e+05
-3.340105118916486390e+05
-3.862488098881165497e+05
-2.972376088615035405e+05
-2.980741682022460736e+05
-3.760857125322377542e+05
-4.560039152945744572e+05
-2.940555178132349392e+05
-3.174072323596021160e+05
-3.344395998900072882e+05
-2.980911439517654944e+05
-3.118791385942068882e+05
-3.220192709400294116e+05
-3.297993008014005609e+05
-3.114336699206222547e+05
-3.457363892137667863e+05
-3.746660431693772553e+05
-2.714938251106990501e+05
-2.425729822631088609e+05
-3.382453729775338434e+05
-3.704663330159129109e+05
-3.404363651697642636e+05
-3.305979736141131725e+05
-2.554002892363049032e+05
-2.702805975655154325e+05
-3.474378056596565293e+05
-4.237237265081567457e+05
-3.421988157918674406e+05
-3.395226962249643402e+05
-2.427083635267105128e+05
-2.382263195933262759e+05
-3.397272501140941167e+05
-3.191316360281066736e+05
-3.886926339374621166e+05
-3.804749810924243648e+05
-2.609272719301680627e+05
-2.640952560041238321e+05
-3.512391265442897566e+05
-3.962706544076796854e+05
-2.584274395853374444e+05
-2.271604720243195479e+05
-2.761854507523687789e+05
-3.139290474111002404e+05
-2.827914435333703877e+05
-2.669887721778851701e+05
-2.540006133202134224e+05
-2.596662259909645945e+05
-3.199067317468029214e+05
-2.480514912801471364e+05
-2.424960383878793509e+05
-2.265652831108997634e+05
-2.383922389100819419e+05
-2.112557391932326427e+05
-2.387669775229957013e+05
-2.551074932874687656e+05
-2.867460800183047540e+05
-2.521891292368677969e+05
-2.640115469378989656e+05
-2.405160256139494304e+05
-3.173280043109043036e+05
-2.621067939408639504e+05
-2.892304864544619340e+05
-2.594210155682195618e+05
-2.793069323846200714e+05
-3.303267795599201927e+05
-2.958793245984525420e+05
-2.814060095076664584e+05
-4.077289274605056271e+05
-3.492235278248819523e+05
-4.260200632898283657e+05
-4.499102566292986739e+05
-5.001366777096216101e+05
-5.968176650077779777e+05
-2.351256496279416897e+05
-2.575038161457364040e+05
-5.009860695758204674e+05
-4.589772893024242949e+05
-4.595501087937322445e+05
-3.903211255890271859e+05
-6.368870633415811462e+05
-4.939299599232762121e+05
-5.220541179054159438e+05
-6.884162488957062596e+05
-5.778525090442132205e+05
-5.637605188532917527e+05
-6.706892463365017902e+05
-8.485365300578481983e+05
-6.311098810679864837e+05
-7.530560597716112388e+05
-4.979786288508935831e+05
-6.524390569273398723e+05
-5.218447193582123145e+05
-5.442773317877312656e+05
-5.418916701962858206e+05
-4.726047213354766136e+05
-4.748085727840428008e+05
-4.166499051234804792e+05
-4.698980204881157260e+05
-5.375943352972461144e+05
-6.125088221257508267e+05
-5.272144345103071537e+05
-7.059416378955501132e+05
-9.659567152838732582e+05
-6.091771964442435419e+05
-6.857233000375725096e+05
-4.749477719899595249e+05
-6.125781621840395965e+05
-4.529334646239806898e+05
-4.807853710331070470e+05
-6.444620657290623058e+05
-8.181503045923119644e+05
-5.802494104567548493e+05
-6.350988805007452611e+05
-5.257668163485592231e+05
-3.360115107403506991e+05
-5.314370968244870892e+05
-3.761127104974935064e+05
-5.735547402214339236e+05
-5.534314002578770742e+05
-5.557689499834619928e+05
-3.994079190615878906e+05
-6.281001377065040870e+05
-8.031043466249111807e+05
-7.219425296055618674e+05
-6.745258325128863798e+05
-5.246043098385501653e+05
-6.908607622211042326e+05
-5.663578142640165752e+05
-5.469029813917747233e+05
-5.334864190780265490e+05
-5.994091578421600861e+05
-5.158541282891420415e+05
-5.309454583492974052e+05
-4.861078640812636586e+05
-4.638513350236682454e+05
-6.300023982802382670e+05
-4.184068067558166804e+05
-5.633814413703077007e+05
-7.630839306493803160e+05
-6.002061905476209940e+05
-7.179307834646767005e+05
-5.406665586572636385e+05
-4.625147939423081698e+05
-6.775225923764249310e+05
-8.529602836152872769e+05
-6.169699235565165291e+05
-4.539639973086119862e+05
-5.258694717942879070e+05
-6.233710866211421089e+05
-5.003331339386088075e+05
-4.322818985703642247e+05
-4.224656464567307848e+05
-3.136789323141569039e+05
-4.977563348185088253e+05
-4.193691579387232196e+05
-6.257140377759188414e+05
-5.287607864308359567e+05
-5.330899556807015324e+05
-6.628037258161314530e+05
-5.349521887947748182e+05
-3.756593656572734471e+05
-6.613931672895097872e+05
-7.464802328941792948e+05
-5.136473630514430115e+05
-6.339455593445289414e+05
-6.156289165984473657e+05
-4.573211187811071286e+05
-5.139883877207718324e+05
-3.601488605836057104e+05
-7.189329536538696848e+05
-8.171201396433071932e+05
-6.317635955272564897e+05
-6.010178693077662028e+05
-4.434445574022457004e+05
-3.937282793059629621e+05
-5.882746884703382384e+05
-6.162575221614793409e+05
-6.497064669139159378e+05
-5.412950425404172856e+05
-7.770547724376426777e+05
-8.421802360390527174e+05
-6.695760119838287355e+05
-7.646891015647896565e+05
-6.424931812768939417e+05
-5.438515932364113396e+05
-5.798609954563550418e+05
-5.268365448270085035e+05
-5.852489895876361988e+05
-5.375454341517146677e+05
-5.387408426839490421e+05
-5.529070123745235614e+05
-6.484819786607520655e+05
-6.391726885902981739e+05
-6.491871792893641395e+05
-4.400976282868075650e+05
-6.112193823369633174e+05
-7.177525899329859531e+05
-5.919342127337597776e+05
-5.621569612939137733e+05
-4.024480560016673990e+05
-3.860280979718334274e+05
-3.056039356728430139e+05
-2.828358021539999172e+05
-3.592464309666581685e+05
-3.501736483234463958e+05
-3.226461490237237886e+05
-2.782738612260768423e+05
-3.869113747033794643e+05
-4.447760440695028519e+05
-2.810164187128443737e+05
-2.513815027577093861e+05
-3.153258087712109555e+05
-3.089979734346749028e+05
-3.402618441984589444e+05
-3.507874904557357077e+05
-2.757175964044118300e+05
-2.592556767097721749e+05
-3.301680103384599788e+05
-3.812200763960975455e+05
-3.584345260031463113e+05
-3.041251179240097990e+05
-2.671003021537242457e+05
-2.693033998539409367e+05
-4.172207876961592119e+05
-4.402229810750202741e+05
-4.373674560186935123e+05
-5.166923510421895189e+05
-3.862044551999897230e+05
-4.552174810773446225e+05
-2.995387641289987369e+05
-2.625034226009480190e+05
-3.843506435548607260e+05
-3.064409738245662302e+05
-3.135825345931593329e+05
-3.375637398785124533e+05
-3.197096737599010812e+05
-3.429570080432234099e+05
-3.048124121688847663e+05
-2.907012196981768357e+05
-2.918264884073724970e+05
-3.369507198400049238e+05
-2.912817092600234319e+05
-2.885505975364425685e+05
-3.903875286451535067e+05
-4.284262504656042438e+05
-2.969543633056401741e+05
-2.899652747048867168e+05
-3.409697840116266161e+05
-3.310644393869643100e+05
-3.393254397416978609e+05
-3.865960844727447256e+05
-2.615510459326044365e+05
-2.661808870717985556e+05
-2.882779474254148081e+05
-2.996545283854084555e+05
-3.773246345288032899e+05
-3.894159162790480768e+05
-3.278888112612004625e+05
-2.922172329710990889e+05
-3.715802043682305375e+05
-3.066683813621915178e+05
-3.158962061084278394e+05
-2.837299029310328187e+05
-3.638777763175021391e+05
-4.336005323345701909e+05
-3.670434993990809890e+05
-4.366832255949907703e+05
-2.889645900493700756e+05
-2.861967779528649990e+05
-3.625909609019453637e+05
-3.054826056608069921e+05
-3.349043945236006984e+05
-3.489767340568857035e+05
-4.202046545392756816e+05
-3.506806320085484767e+05
-3.536423228877645452e+05
-3.760271257439488545e+05
-3.532130819535619812e+05
-3.444700341984517872e+05
-3.021538870032697450e+05
-3.035361319944857387e+05
-4.427503747841953300e+05
-4.730465194432827411e+05
-2.828367729085123865e+05
-2.659403133994513191e+05
-3.071054745591124520e+05
-2.758178332318883622e+05
-3.481040091594312107e+05
-3.760701793499933556e+05
-3.736348897322836565e+05
-3.645917430649573216e+05
-4.444206433430551551e+05
-4.100618821914758300e+05
-3.513293527401101310e+05
-3.773194574781346601e+05
-3.890679451002181740e+05
-4.476414079034605529e+05
-3.064951440769443288e+05
-3.103143050401491346e+05
-3.809586334427872207e+05
-4.280042538162963465e+05
-4.453554558457280509e+05
-4.827488037985804258e+05
-3.504346746572733391e+05
-3.841901012928567361e+05
-3.976289779412237694e+05
-3.791467311807756778e+05
-3.701741568048762856e+05
-3.602811024821605533e+05
-3.068283359426205279e+05
-3.027644188135312870e+05
-3.706934074757035123e+05
-3.731050910072519910e+05
-3.673843496050952235e+05
-4.057176494922492420e+05
-3.355792563040063251e+05
-3.160755477464688011e+05
-3.407738689882570179e+05
-3.486138437926151091e+05
-3.481325908594098873e+05
-3.662680785208444577e+05
-3.662542963924022624e+05
-3.806459393505640328e+05
-3.641774206784738926e+05
-3.979322537446718197e+05
-4.170297621540821856e+05
-4.817933803488202393e+05
-3.215527885367843555e+05
-3.117353788804718060e+05
-3.582172342606500024e+05
-3.735508081214091508e+05
-3.743018025793117704e+05
-4.310041107859126059e+05
-3.164447961483558174e+05
-3.050565546960007632e+05
-3.746879307711228030e+05
-3.143794211454555625e+05
-3.486777111860190053e+05
-3.424352723269347334e+05
-3.440512342973902123e+05
-3.852260127695989795e+05
-3.635204509921318386e+05
-3.954293106111848028e+05
-3.480440378085104749e+05
-3.515577343243908836e+05
-3.753311662354008295e+05
-4.051034453688327922e+05
-3.962814288095497759e+05
-3.383829791582238395e+05
-4.161667945898226462e+05
-4.741504145469592186e+05
-3.436067889858013950e+05
-3.689610581666046055e+05
-4.253307941167390672e+05
-4.453352026174633065e+05
-3.409389921993307071e+05
-3.175382855865090387e+05
-3.259047036603386514e+05
-2.906897145348333288e+05
-3.331226324748578481e+05
-3.068140233226167038e+05
-3.639640196330213221e+05
-3.381032402322223643e+05
-4.039261044695902383e+05
-4.012431709356150823e+05
-3.248422104747564299e+05
-2.936271855429349234e+05
-3.954829138860700186e+05
-3.639034880833519856e+05
-3.179474929250276182e+05
-2.966003279170708265e+05
-3.643183872795883799e+05
-3.729468347804836230e+05
-3.659116173471008660e+05
-4.200656553635438904e+05
-3.362448393620008137e+05
-3.119901711390954442e+05
-3.950613872244287049e+05
-3.846124086151308147e+05
-3.932340828203812707e+05
-3.803293323757606559e+05
-3.941605415560395923e+05
-4.398836989424029598e+05
-3.364132408753521740e+05
-3.700735358748573344e+05
-4.370575133184213191e+05
-4.436344282361408696e+05
-3.700201385415983386e+05
-3.504231072017441038e+05
-3.985632058871365152e+05
-4.283737928657144075e+05
-3.897562197667246219e+05
-4.525810421688770875e+05
-3.260452868657211075e+05
-3.573951958439135924e+05
-4.347549552328685531e+05
-3.490001864239699207e+05
-3.178658675908999285e+05
-3.438292642280163709e+05
-3.190423301171922358e+05
-2.919198408046391560e+05
-4.129899675300049130e+05
-3.639112538526469143e+05
-4.343461897958030459e+05
-5.294300237598698586e+05
-3.487726229745072778e+05
-3.749336379695700016e+05
-3.399349420105022145e+05
-3.467360236875702394e+05
-3.738157254569049692e+05
-3.214973466132441536e+05
-3.223974633351399098e+05
-3.190679267081597354e+05
-4.069276079487303505e+05
-3.285373638073705370e+05
-3.681119545948457671e+05
-3.634054440224516438e+05
-3.683260838459822116e+05
-3.551663869392297929e+05
-3.684600924250482349e+05
-3.296110662061945768e+05
-3.785307120655647013e+05
-3.389499963967774529e+05
-4.378367332371376688e+05
-3.997739839098018128e+05
-3.170861826138038887e+05
-3.381133204271561699e+05
-3.925787718893355923e+05
-3.923228745031366125e+05
-3.695649605205768021e+05
-3.843155943827666342e+05
-3.280882587266297778e+05
-3.216590277510385495e+05
-3.621001861389226979e+05
-3.210792182529488346e+05
-3.440429565148004331e+05
-3.814485714036378777e+05
-4.166000883984032553e+05
-4.701857893342564348e+05
-4.529215868506554980e+05
-3.674887945231504273e+05
-3.592544324815927539e+05
-3.972595618859257083e+05
-3.665503915023920126e+05
-3.602406006749619264e+05
-4.063000736760980217e+05
-3.304279396919810679e+05
-3.937964319700658089e+05
-3.906043631301394198e+05
-3.151176638705205405e+05
-3.384463244085639017e+05
-3.640836472035202896e+05
-3.214757100597865647e+05
-3.951672290573462378e+05
-3.764828846913463203e+05
-3.961448863607388921e+05
-3.567804575359553564e+05
-3.969171728936473373e+05
-4.597012129315533675e+05
-4.672686266744463937e+05
-3.966282214344361564e+05
-3.875088246089877794e+05
-3.589786261425762204e+05
-4.131497201255823020e+05
-4.705301223164494149e+05
-3.246487373883229448e+05
-2.895803229818700347e+05
-3.981481279390027048e+05
-3.926465276892272523e+05
-4.002578313084566034e+05
-4.456514200273440219e+05
-4.031621013703242643e+05
-4.519664694307514001e+05
-3.554628941089914879e+05
-3.823288689500248292e+05
-3.149252242305766558e+05
-3.040206592628698563e+05
-3.748413970066034235e+05
-3.936440488930387655e+05
-3.840249128164143767e+05
-3.852638143040027935e+05
-3.261790461455674376e+05
-3.029338659733666573e+05
-3.405560536233001621e+05
-3.446240097086457536e+05
-3.635968925013367552e+05
-3.789750847260926384e+05
-3.720633755982550792e+05
-3.636877928775709588e+05
-3.804733694459771505e+05
-3.947035658002619166e+05
-4.688631727241346380e+05
-4.956587790619758889e+05
-4.455029619172774255e+05
-4.814279805073282914e+05
-3.808189943990750471e+05
-3.887860093414449366e+05
-3.619888659080113284e+05
-3.116251796910141129e+05
-3.301369849468538305e+05
-3.129019048784737242e+05
-3.676662137418104103e+05
-3.096063853096095845e+05
-3.493075243200442055e+05
-3.170976880651871907e+05
-4.249066026666729013e+05
-3.816151227244192269e+05
-3.415763170242325868e+05
-2.969329468648920301e+05
-4.633106958907861263e+05
-3.772517331160452450e+05
-4.000450268153827637e+05
-3.504340067005775636e+05
-3.464623495220909826e+05
-3.394890060754660517e+05
-4.561116610128363827e+05
-4.363406136257515755e+05
-3.121476611597249284e+05
-3.222490401503095636e+05
-4.154876790720802965e+05
-4.418217932834891835e+05
-3.999435103031481849e+05
-4.066792332707024179e+05
-3.793849884370871587e+05
-3.805136510669994168e+05
-4.522663695542640053e+05
-4.645897283711426426e+05
-4.327450150084139314e+05
-3.934848678324689390e+05
-3.212211546153230593e+05
-3.253500407431401545e+05
-3.931322877525478834e+05
-4.212774919737355085e+05
-3.647900928921516752e+05
-3.939026483560722554e+05
-3.186287477732383413e+05
-2.904000614051040029e+05
-4.022141015775909182e+05
-3.850110759473000653e+05
-4.085355754521293566e+05
-4.173051289360678056e+05
-3.746193468275235500e+05
-3.790476561132190982e+05
-3.948269998395959847e+05
-3.673644166596210562e+05
-3.994702172783665592e+05
-3.728986298963217996e+05
-3.247565764474103926e+05
-3.372323838019621326e+05
-3.672022171595520340e+05
-4.216501533898074413e+05
-3.554808724276514258e+05
-3.844688047037889482e+05
-4.771530037546841195e+05
-4.854217798889073310e+05
-3.480180093895028112e+05
-3.806438888182102237e+05
-3.681514064586522290e+05
-3.952049920820344705e+05
-4.239408697248024400e+05
-5.031695140681307530e+05
-3.992045617264970206e+05
-4.037383963086392032e+05
-4.509557313601589995e+05
-4.620136892837684136e+05
-4.701487530178258894e+05
-4.607600152281011688e+05
-3.572866838298701914e+05
-3.201693029959087726e+05
-3.355581404252789216e+05
-3.192873712526357267e+05
-3.734207550728782080e+05
-3.669931231571185635e+05
-3.813009211538929958e+05
-3.266610084981197724e+05
-3.950397862505672965e+05
-3.729386989637686638e+05
-3.654283989012095844e+05
-3.277331579987159930e+05
-3.657512302117296495e+05
-3.194738997396100312e+05
-3.689732286261323607e+05
-3.708206854935215088e+05
-3.467509439503605245e+05
-3.081624857354789274e+05
-3.977270502255732426e+05
-3.367185152165258769e+05
-3.098763669945589500e+05
-2.837203873567936243e+05
-4.258829970707530156e+05
-4.691943252567360178e+05
-4.340434959989811759e+05
-4.370563578070352087e+05
-3.222889079719607253e+05
-3.413682768254838884e+05
-3.996859663478394505e+05
-4.605211209681002656e+05
-3.237334923324912088e+05
-3.565514040111980867e+05
-3.063489397229641909e+05
-3.000665715652668150e+05
-3.797277403372747358e+05
-3.896442012674837606e+05
-4.126675771878374508e+05
-4.776808005626145750e+05
-3.034963654828626895e+05
-3.232870602202013833e+05
-4.569961265022607986e+05
-3.733173187952119624e+05
-3.522100030569385272e+05
-3.874789308716336964e+05
-4.415918270909936400e+05
-4.010675336714783916e+05
-3.750029335508228978e+05
-3.166626064132836182e+05
-4.019542952575531090e+05
-4.138677351570383180e+05
-4.029823520073057152e+05
-4.677912221801229753e+05
-3.506758906320753740e+05
-3.355847979885588866e+05
-4.202825788113895105e+05
-4.382893225218894659e+05
-4.006996628581186524e+05
-3.278273712420467054e+05
-3.685451755281630903e+05
-3.465500603434627410e+05
-3.370825454230107134e+05
-3.300530508746250998e+05
-3.889777001632031752e+05
-3.696510442098040367e+05
-3.714752302360541653e+05
-3.735706280605335487e+05
-3.669566385160790524e+05
-3.294107529869988794e+05
-3.437800038317181170e+05
-3.194406033861889737e+05
-3.358197170873836149e+05
-3.598437146736781579e+05
-4.064270787479344290e+05
-3.941059242189524230e+05
-4.037879598462240538e+05
-4.750203580052423058e+05
-4.218362969391904771e+05
-5.007874898474903312e+05
-3.361314144885315327e+05
-3.036623863032166846e+05
-3.526655887705837376e+05
-3.237717543621840887e+05
-3.933443094282024540e+05
-3.330775127269364893e+05
-3.643930884448768338e+05
-4.050289730958326254e+05
-3.501333451532236068e+05
-3.164737197212817846e+05
-3.471389804744718131e+05
-3.622159973606185522e+05
-3.775654879071207251e+05
-4.333634027607315220e+05
-3.949442152147978777e+05
-4.640141329255290329e+05
-4.137587974806852872e+05
-3.806630723149208352e+05
-3.821120826164684258e+05
-3.481508906866904581e+05
-4.010826841836252715e+05
-4.199561404095980106e+05
-3.093204732526417356e+05
-3.000350044846410165e+05
-3.475817187771507306e+05
-3.056915609940724680e+05
-3.319653301641705912e+05
-3.286130847858872730e+05
-3.272676859677979955e+05
-3.196032469943297328e+05
-3.214168799188005505e+05
-3.042130993592578452e+05
-3.454881985215618042e+05
-3.103632317328044446e+05
-2.965735229506044416e+05
-2.785865801277969731e+05
-3.935716722618392669e+05
-4.494580807525713462e+05
-3.404227604834671365e+05
-3.841665254592639394e+05
-3.314524542576911626e+05
-2.942765524974770378e+05
-3.163944319214393618e+05
-3.291170894191939151e+05
-4.088081458446403267e+05
-4.395091665471919114e+05
-3.452142280910031404e+05
-3.798173054187136004e+05
-3.972165052925794153e+05
-4.387808455281278584e+05
-3.717665877901704516e+05
-3.848700208852776559e+05
-3.069345159973760601e+05
-3.115892810717279790e+05
-4.296224954036599956e+05
-4.119842260350316064e+05
-3.935620865662341239e+05
-4.136012512387753231e+05
-4.111477041936628520e+05
-3.525241960810015444e+05
-3.885338539419086883e+05
-4.022882554397007916e+05
-3.841260407553793630e+05
-3.429026356616567355e+05
-3.651033931856106501e+05
-4.124454657326678280e+05
-3.825199149815369165e+05
-3.432624233814858599e+05
-3.318996385218675714e+05
-3.301529187703529606e+05
-3.131919507441770984e+05
-3.223995806751530617e+05
-3.973914362761952216e+05
-3.742652359988553217e+05
-3.341855828011959093e+05
-3.284809776762720430e+05
-3.342268469893685542e+05
-3.292793204039789271e+05
-3.841354604559862055e+05
-4.194885877353274263e+05
-3.200551654521517921e+05
-3.229719591611868236e+05
-3.892790877160562668e+05
-3.945675772855490213e+05
-3.793023815188042354e+05
-4.247335172591771698e+05
-3.682610352152331034e+05
-3.802871971856863238e+05
-3.650440207474129274e+05
-4.111259733367228182e+05
-3.508038965095547028e+05
-3.421861013367990963e+05
-4.187558359599751420e+05
-4.645766944753668504e+05
-3.800866458662586519e+05
-3.164847804759426508e+05
-4.329643777920821449e+05
-4.858554732002269011e+05
-3.538402353624691023e+05
-3.315144840759703657e+05
-3.401391126912522595e+05
-3.212824095122617437e+05
-3.600130698770092567e+05
-3.852146184548068559e+05
-3.434139641037156107e+05
-3.315145878556971438e+05
-3.386630624252809212e+05
-3.671614234129539691e+05
-3.751832915589255281e+05
-3.882126424635362346e+05
-4.499128474578851601e+05
-4.588916147075606277e+05
-4.660097777217994444e+05
-3.881388374220804544e+05
-3.700159237720189849e+05
-3.948995528416695306e+05
-3.570829927938607289e+05
-3.814407432758146897e+05
-3.588387470039762557e+05
-3.779139048452362185e+05
-3.894095650932635181e+05
-3.367728720418068115e+05
-3.101856976598737529e+05
-3.051115891519751167e+05
-3.801777406464096857e+05
-3.967001157666840591e+05
-3.739669363043191843e+05
-3.920088834803446662e+05
-3.754886582736412529e+05
-3.277965435482024914e+05
-3.887733481579479994e+05
-3.337063875386937289e+05
-3.374767964501482202e+05
-3.332490033221154008e+05
-3.996420361689834390e+05
-3.770640117815393023e+05
-3.769205149261906045e+05
-3.223339804035091074e+05
-4.070324130343011348e+05
-4.033936929277935997e+05
-3.870918553115251707e+05
-3.229313728613257408e+05
-3.452150679251127876e+05
-3.782929018476207275e+05
-3.514402890070505673e+05
-3.086960282108272659e+05
-4.304053878319043433e+05
-3.912550397809207207e+05
-3.553902020408348180e+05
-3.539385168897131225e+05
-3.134264528263437096e+05
-2.923552366302073933e+05
-4.062994170640014345e+05
-3.508451890160099138e+05
-3.371130305301770568e+05
-3.606208218946555862e+05
-3.060335933892736211e+05
-3.270620268001756631e+05
-3.472202427670964971e+05
-3.830649209030602360e+05
-3.137377652676126454e+05
-2.875936186159739736e+05
-4.210693455500976415e+05
-3.755712084355525440e+05
-3.830149850848829374e+05
-4.442397467755645048e+05
-3.835758204016932286e+05
-4.153356348218792118e+05
-3.813086334550706670e+05
-4.013771945446905447e+05
-4.013769648378408747e+05
-3.798911219348415034e+05
-4.068757052553234389e+05
-4.234928759984291391e+05
-3.508919256964534288e+05
-3.581506844134886051e+05
-3.608388382008565823e+05
-4.058471808796726400e+05
-3.566512170633536298e+05
-3.811856506544905715e+05
-3.347756787961216178e+05
-3.468151736246934161e+05
-3.670578222404076951e+05
-4.167379767440670403e+05
-3.760649515160989249e+05
-4.156329715203638189e+05
-3.490773883938493673e+05
-3.370761686649785843e+05
-3.978029184800443472e+05
-4.355709588309938554e+05
-3.979955404203295475e+05
-3.926732647779341787e+05
-3.642409461803579470e+05
-3.215307507507021073e+05
-3.907645690236716764e+05
-3.297409908953572158e+05
-3.599515733492297586e+05
-3.223842892116244184e+05
-3.343675119101912715e+05
-3.245613273675673408e+05
-4.337455139230738860e+05
-4.724021104354972485e+05
-3.557404898714774754e+05
-3.104487340447698953e+05
-3.851338390823050868e+05
-4.382665230990546988e+05
-3.089936013109497726e+05
-3.135155274490515003e+05
-4.092895969708180055e+05
-3.556578625196515350e+05
-3.580425417636301136e+05
-3.908401083063504193e+05
-3.210247338194969343e+05
-3.433902706302412553e+05
-4.277579910269899992e+05
-4.653344424874879187e+05
-3.292271474146082764e+05
-2.940238245006140787e+05
-3.788247089100735029e+05
-3.238609293398371665e+05
-3.508369209148359951e+05
-3.567064690159156453e+05
-3.226207849322728580e+05
-3.079283719977022847e+05
-4.371127881031408906e+05
-5.250157674763933755e+05
-3.225330323217121186e+05
-3.093363499446792994e+05
-3.658143534275623970e+05
-4.075177121920357458e+05
-3.324515869167449418e+05
-3.637967268893851433e+05
-3.238291980962837115e+05
-2.952290122228262480e+05
-3.807791410480550257e+05
-3.207718285317398841e+05
-3.779147993796232622e+05
-3.518398511900663143e+05
-3.748027228345551994e+05
-3.489831833549989387e+05
-3.498391106582882348e+05
-3.427280831154100597e+05
-3.835866058592568152e+05
-3.792415200733178062e+05
-3.123817755241679261e+05
-2.829722555930082453e+05
-3.137049717762921937e+05
-2.864798557727999287e+05
-3.817916199022150831e+05
-4.250040223216549493e+05
-3.071176597159908852e+05
-3.159311321423344780e+05
-3.735709975359042874e+05
-3.119665287666951772e+05
-3.754583436941651162e+05
-4.308028288750563515e+05
-3.848059660000944277e+05
-4.029667137909639860e+05
-3.371711959775416180e+05
-3.530544770091179525e+05
-3.104185929853367852e+05
-2.806146955651444150e+05
-3.125728290732408641e+05
-3.329419561557847774e+05
-3.387927692838474177e+05
-3.044445832845395198e+05
-3.743512303546982585e+05
-4.347523440991048701e+05
-3.491489878142460948e+05
-3.727959037037452217e+05
-3.707614926316130441e+05
-3.235571998553925660e+05
-4.224744619503201684e+05
-4.038087994502861984e+05
-3.837826766595374793e+05
-3.951025933090433246e+05
-3.509164195040035993e+05
-3.104255766528893728e+05
-3.277978006870199461e+05
-3.533095412140939152e+05
-3.299311684892218327e+05
-3.002172497784796869e+05
-3.180361019057026133e+05
-3.366612239114409313e+05
-4.180321132957926020e+05
-4.094278285649712197e+05
-3.474280428084508749e+05
-3.886593996519005159e+05
-3.227993721490853932e+05
-2.961146169607838383e+05
-3.971423500343991909e+05
-4.081696804277617484e+05
-3.341267927651357604e+05
-3.087134429662679322e+05
-3.888931110010549892e+05
-4.507804883253537118e+05
-3.578850157531092409e+05
-3.190799411870130571e+05
-3.806612888052692870e+05
-3.924917950245863758e+05
-4.320002749198342208e+05
-4.759357018230736721e+05
-3.516191347672969569e+05
-3.048843371695567621e+05
-3.644731221281820908e+05
-3.942013380446467781e+05
-3.456034708820929518e+05
-3.025966870726541383e+05
-3.957000415567872114e+05
-4.046033292513528140e+05
-4.041973061548003461e+05
-3.936164007850481430e+05
-3.482845068694138899e+05
-3.807431154094405938e+05
-3.770268839964548824e+05
-3.804059485239596106e+05
-3.165866420632211957e+05
-3.393658339338991791e+05
-4.037219974624487804e+05
-4.471198074939692160e+05
-3.121195414487605449e+05
-3.134803221519709332e+05
-4.365002215261494275e+05
-3.676042695587709313e+05
-3.254291916473966558e+05
-3.233217161066918634e+05
-4.089502886596388416e+05
-3.669189757639971795e+05
-3.657211855232191738e+05
-4.128165218396451091e+05
-4.158814649776043370e+05
-4.673854601554904366e+05
-3.274381780205721734e+05
-3.249640532529304037e+05
-3.699172078416014556e+05
-4.151221720593834762e+05
-3.755568477659302298e+05
-4.055589215661241906e+05
-3.559790314521328546e+05
-3.730717192101776600e+05
-4.366232654895994347e+05
-3.959649381777761737e+05
-3.961856542461996432e+05
-4.660917644003612222e+05
-3.704926128320195712e+05
-3.907526221919835079e+05
-3.624345656628855504e+05
-4.123492706217730884e+05
-3.440141504877866246e+05
-3.343449457778795622e+05
-2.949806766615200322e+05
-2.921640165728437714e+05
-3.089479806965211174e+05
-2.845645982751696138e+05
-4.075939098641764140e+05
-4.092456442641677568e+05
-3.415038471297237556e+05
-2.973740316080807243e+05
-3.106639695319223683e+05
-3.126913712566901231e+05
-3.816925298248757608e+05
-3.810906026682318188e+05
-3.729290853033778258e+05
-4.206185001105978154e+05
-3.303866679392744554e+05
-3.613912174977704417e+05
-3.952240949536350090e+05
-4.328917157974139554e+05
-3.165034088278594427e+05
-3.242537815750422888e+05
-3.677349292226372054e+05
-3.186949771868777461e+05
-3.797920382489460753e+05
-3.515456649756248808e+05
-3.543327339193511289e+05
-4.060040353536409093e+05
-3.715079853245763807e+05
-3.341652126691682497e+05
-4.026839383930899203e+05
-3.658623621553436387e+05
-3.714276963649308309e+05
-4.151944185370411724e+05
-3.678035493846979225e+05
-3.344765680142062483e+05
-3.766152553611466428e+05
-3.352768808710144367e+05
-3.363305628005714389e+05
-3.736428486779474188e+05
-4.038086877870033495e+05
-4.537494477847281378e+05
-3.639898981680478901e+05
-4.164510683428319171e+05
-3.410933669364969246e+05
-3.448983321597358445e+05
-3.046872838225995656e+05
-2.877671506109037437e+05
-2.930777501459784107e+05
-3.084652799587881891e+05
-3.300776335046220338e+05
-3.296462082629384240e+05
-3.349733623185039032e+05
-3.602632621242251480e+05
-3.483336161460169824e+05
-3.537871039423975162e+05
-3.356511031524908030e+05
-3.386008823857054813e+05
-4.058520204510629410e+05
-4.005384224306442775e+05
-3.581595620738178259e+05
-3.840061896361580584e+05
-3.574870818576884922e+05
-3.408498590900697745e+05
-3.494604839851707220e+05
-3.669149412865003105e+05
-3.274285205590333790e+05
-3.255949619232995901e+05
-3.651734849308852572e+05
-4.040860153227675473e+05
-3.315172630055522313e+05
-3.456531792822155403e+05
-3.172531076920300256e+05
-3.499802624166639289e+05
-3.116391847140997415e+05
-3.094540674955701688e+05
-3.786580337891865056e+05
-3.937735941285969457e+05
-3.367629491085523041e+05
-3.267519695330074755e+05
-3.593182692161177984e+05
-3.101701447388508823e+05
-3.239142476008236408e+05
-3.425995855755574303e+05
-4.395857054363226052e+05
-3.938611548160096863e+05
-3.428503812878456665e+05
-3.671428538833574858e+05
-3.469634653293347219e+05
-3.014032391669689678e+05
-3.447364433425462339e+05
-3.601140237073701574e+05
-4.355426567740056198e+05
-4.230944765978415962e+05
-3.569824291589318309e+05
-3.381712184937399579e+05
-3.400983295766136143e+05
-3.590155819685149472e+05
-3.495267618823741795e+05
-3.640973542466596700e+05
-3.451839358985951403e+05
-3.824194441637137206e+05
-3.502657987286385614e+05
-3.410062817741243634e+05
-4.394973141993434401e+05
-4.118892390191596933e+05
-4.321193595799009781e+05
-3.674011335176513530e+05
-3.405449306144433795e+05
-3.562722516752521042e+05
-3.089979634146965109e+05
-3.102431511691280175e+05
-3.389839373178605456e+05
-3.161162738266829401e+05
-3.683733049992703600e+05
-3.215896826665342087e+05
-3.524508570160719100e+05
-3.990165245475328993e+05
-2.951439859560452169e+05
-2.874099467704711715e+05
-2.926062351945142727e+05
-2.933827801752634114e+05
-3.824586550096519059e+05
-4.099618196235874202e+05
-3.781146852721661562e+05
-3.746017420180113986e+05
-3.579544290611484321e+05
-3.839338323659128509e+05
-3.966100614764495986e+05
-4.428615535934767686e+05
-4.347119056377101224e+05
-4.907976501731023891e+05
-4.197235523852600018e+05
-4.967350602486127755e+05
-4.421047414426803589e+05
-5.178180118935971987e+05
-4.045642682098738151e+05
-4.400747737730350345e+05
-3.815115352589878021e+05
-4.302477920885974308e+05
-3.287336766273705289e+05
-2.950203665927096736e+05
-3.668695079380663810e+05
-4.084192196405846626e+05
-4.195146766576903174e+05
-3.663146246525535826e+05
-3.576689096045625629e+05
-3.794245472436140990e+05
-3.680775271718176082e+05
-3.982172066958658397e+05
-3.532949075259922538e+05
-3.420001427777331555e+05
-3.762268424936067313e+05
-3.469720972658289829e+05
-3.139077796811257722e+05
-2.859158553500919370e+05
-3.610985026392231230e+05
-3.174512659071206581e+05
-3.813954637301121838e+05
-4.296467425682554021e+05
-3.433574805568380980e+05
-3.058661250639224891e+05
-4.694691669654794969e+05
-4.584299971397736808e+05
-3.930939236041239928e+05
-3.240401306526281405e+05
-2.962350201036857907e+05
-3.070117469578026794e+05
-4.001880403324322542e+05
-4.142541135728574591e+05
-3.812718144729442429e+05
-3.260889079656215617e+05
-3.922359002140605589e+05
-4.085620647783486638e+05
-3.540694276384776458e+05
-3.587102290578819811e+05
-3.424733035738228355e+05
-3.210454211810232373e+05
-4.019583848280220991e+05
-4.135209810025631450e+05
-3.162064624311317457e+05
-3.177085958839473315e+05
-3.501173986063100165e+05
-3.022790052939793095e+05
-3.839388892479952192e+05
-3.975069914803962456e+05
-3.931854532998526702e+05
-3.793182576531703817e+05
-3.861904791956717381e+05
-4.422953019171688939e+05
-3.634399584929067641e+05
-3.489356701315072132e+05
-3.465035351737476885e+05
-3.060522095021243440e+05
-4.067933880820034537e+05
-4.491720823245217325e+05
-3.058520382266077213e+05
-3.266816202667286852e+05
-4.459047348123713164e+05
-5.376966343019750202e+05
-3.535496393088565674e+05
-3.469673399013304152e+05
-3.929364982821379090e+05
-4.429886987254503183e+05
-3.842170677821841091e+05
-4.344438181654821383e+05
-3.989472708729469450e+05
-3.692186942094006808e+05
-3.439653656770995585e+05
-3.245404985742275603e+05
-3.782384523211057531e+05
-3.883270293300220510e+05
-3.329746596384563018e+05
-3.443476787217165111e+05
-3.342872774897784693e+05
-3.741381711821121862e+05
-4.018416767316532787e+05
-4.239195900398462545e+05
-3.447511801522922469e+05
-3.782082625609089155e+05
-3.759678172081999946e+05
-3.976043495873346692e+05
-2.979249543488945346e+05
-2.834213723711672937e+05
-3.958475678361954633e+05
-3.379059834891952341e+05
-3.645967532420631032e+05
-3.642952605467395624e+05
-3.375004527511871420e+05
-3.195831958236853825e+05
-4.187717596475771861e+05
-3.591545282638479257e+05
-3.609306296180848731e+05
-3.623321953863243107e+05
-4.055258751472263830e+05
-4.450804409147469560e+05
-4.023875825607248116e+05
-4.370896100943272468e+05
-4.267933730265402701e+05
-3.846530965688202996e+05
-3.667977131088133901e+05
-3.414810289954801556e+05
-4.181242650528855156e+05
-4.072183937031881651e+05
-4.440959978828891180e+05
-5.181624319082522998e+05
-3.587323385971297976e+05
-3.369750630357938353e+05
-4.304381262860979186e+05
-4.561855235439577373e+05
-4.221808514243377140e+05
-3.539212554461298278e+05
-3.876190993651453173e+05
-4.232657199015559163e+05
-4.255756711552283959e+05
-4.222232976689535426e+05
-3.731029594415372703e+05
-3.610757522708670003e+05
-4.385425359740196727e+05
-4.944459583969218656e+05
-4.764328244277500780e+05
-4.245934066198337823e+05
-4.286891338775781915e+05
-4.757147182896937011e+05
-4.550050802483690204e+05
-5.325012341683828272e+05
-3.646248859987666365e+05
-3.514018715201254236e+05
-4.204925885592874838e+05
-4.019512756693195552e+05
-3.531936361418769229e+05
-3.684189616825011326e+05
-3.747220655359893572e+05
-3.777872013464117190e+05
-3.919979511753635015e+05
-3.767949053996653529e+05
-3.815451677764737979e+05
-4.176259183289275970e+05
-3.715025688923298148e+05
-3.622727795577960787e+05
-3.789969702867305605e+05
-3.832162036999611882e+05
-3.570584842280610465e+05
-3.555745989572843537e+05
-4.550636486115481239e+05
-4.985006507367406739e+05
-3.984863080824348144e+05
-4.269117264624465024e+05
-4.997806953011678997e+05
-4.694971749935434200e+05
-4.117841238968310645e+05
-3.795257491636731429e+05
-4.592192717863471480e+05
-4.535031730925475713e+05
-4.592552827792988392e+05
-4.992158672448266298e+05
-4.134133509505642578e+05
-3.927922427081867354e+05
-5.299178864627660951e+05
-5.740847609217137797e+05
-4.916467551809616853e+05
-5.115754807460180018e+05
-4.226779478254432324e+05
-4.333206448873332702e+05
-4.917305095276841894e+05
-4.423247650398565456e+05
-4.744492802820537472e+05
-4.306214699066191679e+05
-4.583715754131204449e+05
-4.193918775670408504e+05
-4.302669208654622780e+05
-4.168509457277088659e+05
-4.539985463701750850e+05
-4.894410820937049575e+05
-5.219272763060403522e+05
-4.992948047780980123e+05
-4.371205799904851010e+05
-4.510749277613458689e+05
-4.598643554329515900e+05
-4.077416175226083724e+05
-4.053375247454321943e+05
-3.822043024025295163e+05
-4.893512039176657563e+05
-5.268916818142634584e+05
-4.469748482213703683e+05
-4.341726912129609846e+05
-4.210876672658125171e+05
-4.431929013326374115e+05
-4.188388016301732277e+05
-4.352103857171146665e+05
-4.561890047258210834e+05
-4.459426784188495949e+05
-4.100646266452306882e+05
-4.311498222193697002e+05
-4.532777320742148440e+05
-4.894664219769500196e+05
-5.376727534138506744e+05
-4.928445360133249778e+05
-4.119770527038731379e+05
-4.265692040108141955e+05
-4.456913706183634931e+05
-3.959045535619815346e+05
-4.520850217170233373e+05
-4.471749339018333703e+05
-3.857591096478699474e+05
-3.869848802459903527e+05
-4.369282736807172187e+05
-3.893928940100129694e+05
-4.321907560857498320e+05
-4.794636537492861971e+05
-3.975779116634812672e+05
-4.083689930749037303e+05
-4.066665409579287516e+05
-4.336468923521089600e+05
-3.862553973165762145e+05
-3.532705505538176512e+05
-4.487501905573476106e+05
-4.204480166199562373e+05
-4.013722715977828484e+05
-4.163802055984457256e+05
-3.856804111051158980e+05
-4.170401564185653115e+05
-4.537725288152360590e+05
-4.545406545612860937e+05
-4.501793906304147094e+05
-4.673990181026223581e+05
-4.608940879230170976e+05
-5.310763593998512952e+05
-4.013750276305434527e+05
-4.305687847300779540e+05
-4.046330898266584845e+05
-3.963790409860789077e+05
-4.298303046322403243e+05
-3.970207291556022828e+05
-3.909857927492021117e+05
-4.086289742675262969e+05
-4.305010270675526699e+05
-4.825613255883888341e+05
-4.192285031054728897e+05
-3.607357332322114380e+05
-3.808219443538334453e+05
-3.759054880486157490e+05
-4.067521490239340346e+05
-4.290449019440059783e+05
-3.823282885841757525e+05
-4.308503810015657218e+05
-4.264907540841146838e+05
-4.907799213129237760e+05
-3.922628715275829891e+05
-3.976120339024782879e+05
-4.612364732394177699e+05
-4.178490762128481874e+05
-3.382599100533521269e+05
-3.137815319552633446e+05
-3.714315210798938060e+05
-3.584233614377033664e+05
-4.198376627914411947e+05
-3.862146393269160762e+05
-3.693013294660064857e+05
-4.093269109123478411e+05
-4.610662741133909440e+05
-5.157476305058128200e+05
-3.569563623268908123e+05
-3.470269710184274008e+05
-4.037439531336327782e+05
-4.280074405358190415e+05
-4.052389883474758826e+05
-4.156175890947722364e+05
-3.639816951670908602e+05
-3.512671542481383076e+05
-3.640281314471849473e+05
-3.349885866247811355e+05
-4.051558773062614491e+05
-3.932381708914111368e+05
-3.624089630881391931e+05
-3.103197445785269374e+05
-3.057023434962106403e+05
-3.271237770463667111e+05
-3.488557504876328167e+05
-3.819360133587371092e+05
-3.437408287107512588e+05
-3.428254848338991869e+05
-3.594115550091868499e+05
-4.141390861262467224e+05
-3.774254574264681432e+05
-3.875376528836204670e+05
-3.492347386545995250e+05
-3.930940120108233532e+05
-3.757913666082458803e+05
-4.297699861517318059e+05
-3.609275161466083955e+05
-3.578283539310547058e+05
-3.336509785676551983e+05
-3.545954422459519701e+05
-3.101612571770463837e+05
-3.200479854152909247e+05
-4.157058993818664458e+05
-4.655383486918644048e+05
-4.205676708530911710e+05
-3.911591866841446608e+05
-3.683213660004079575e+05
-4.129240708521786146e+05
-4.100148037355814595e+05
-3.868161764475624077e+05
-3.842016677447971888e+05
-4.280900183362257667e+05
-3.859197210451277206e+05
-4.392403591724411817e+05
-3.210471169708945090e+05
-3.147598144126214320e+05
-4.315277583943225909e+05
-3.882735324767660350e+05
-3.268776467716506450e+05
-2.940996960120078875e+05
-4.428603532446434256e+05
-3.944517170067102415e+05
-4.241209045967798447e+05
-4.222035690671474440e+05
-3.797497921420905041e+05
-4.163316431367201731e+05
-3.411303360569793731e+05
-3.853788995690281736e+05
-3.022057078791842796e+05
-2.805647043612661073e+05
-3.753026223505357048e+05
-3.245575295888870023e+05
-3.570763888994745212e+05
-3.233417957049658289e+05
-2.975881288673676318e+05
-2.955844377898115199e+05
-3.354114143118513748e+05
-3.560417848258317681e+05
-3.368194675498321885e+05
-3.685489211910550948e+05
-3.680908757179760141e+05
-3.658046248685007449e+05
-4.514164393172548153e+05
-5.155138399900919758e+05
-3.773520286425250815e+05
-4.340112917681607651e+05
-3.771881890729637817e+05
-4.206778540375736775e+05
-3.671943349253858905e+05
-3.917678158718229970e+05
-3.660737620088892290e+05
-3.254945834094671300e+05
-3.308939792100356426e+05
-3.226340388652031543e+05
-4.003441220730972709e+05
-4.106766867894352181e+05
-3.419519096980750328e+05
-3.576058971801317530e+05
-3.751071348901968449e+05
-3.308974330542159732e+05
-3.974871222921818262e+05
-3.733663323223849293e+05
-3.470256547037302516e+05
-3.512360504229390062e+05
-4.516403379018313717e+05
-4.084266803899132647e+05
-4.066496289614150301e+05
-3.792012677559017902e+05
-3.361655764445362147e+05
-3.631349073118550004e+05
-3.411824217996044317e+05
-3.688462233593516285e+05
-3.607161242381326156e+05
-3.981173808654653840e+05
-4.126400664971466176e+05
-4.107391946584729012e+05
-3.210929788029069314e+05
-2.954687008525088895e+05
-4.016427076795669273e+05
-4.734237963792885421e+05
-3.439098452371691819e+05
-3.049901757746225921e+05
-4.302554105892975349e+05
-4.007109359610414831e+05
-2.957869856433788082e+05
-2.826433658542813500e+05
-3.213428467930608895e+05
-3.364582827492824290e+05
-3.792438899533899967e+05
-3.171167102806145558e+05
-3.680291735863853246e+05
-3.326456391196608311e+05
-3.755993256676959572e+05
-3.681574528472310631e+05
-3.669853180752337212e+05
-3.225126183765471214e+05
-3.555947812834180659e+05
-3.355779972974058473e+05
-3.757164638882123400e+05
-3.933412159719069023e+05
-3.330332405328036984e+05
-3.182021924389766064e+05
-3.583238255319301970e+05
-3.605641804622821510e+05
-4.007486535792951472e+05
-3.347932047200340312e+05
-3.449420292019422632e+05
-3.717125370290369028e+05
-4.449129942552670836e+05
-3.790633092101208167e+05
-3.471222747373008169e+05
-3.041984382578041404e+05
-3.158053043021574849e+05
-2.996444778329315595e+05
-3.957363020065036835e+05
-4.111599998604058055e+05
-4.179798423009676626e+05
-4.873781898128432222e+05
-3.361774542568722973e+05
-3.316728826800693059e+05
-4.108914384329940658e+05
-3.999709451879081316e+05
-3.820521020233447198e+05
-4.018869793755820720e+05
-4.116295888693460729e+05
-4.337034190058666281e+05
-3.591237524426216260e+05
-3.476825626472077565e+05
-4.257144396172685083e+05
-4.782645311757425079e+05
-4.280874094341928139e+05
-3.552694000729841646e+05
-3.732444754135464318e+05
-3.812049356941654114e+05
-3.316199934271256207e+05
-3.344490952506861649e+05
-3.276460773045798996e+05
-3.496608881224971265e+05
-3.236712816948507680e+05
-3.170675584927255986e+05
-3.338901319092145422e+05
-3.327532463623457588e+05
-3.785875318096226547e+05
-3.804242065555986483e+05
-3.716139604848483577e+05
-3.913007848171261139e+05
-3.227503785582936835e+05
-3.489638506843826035e+05
-3.658245040983752115e+05
-3.809483369597049896e+05
-3.359671831426002318e+05
-3.291058663271301193e+05
-4.109980692074002000e+05
-4.347329555873693898e+05
-3.366835351443118416e+05
-3.649203284514927072e+05
-3.233196171086701797e+05
-3.360164583567404188e+05
-3.582771978373775491e+05
-3.755893340425003553e+05
-3.352954388745503966e+05
-3.456299359643448843e+05
-4.076401404133755714e+05
-4.240519639980888460e+05
-3.978818406319258502e+05
-4.349312165182030294e+05
-3.572144268289345782e+05
-3.076920329026603140e+05
-4.042762627331716940e+05
-4.041005829510613112e+05
-3.541125278993315296e+05
-3.481897131345523521e+05
-3.291109751259961631e+05
-3.612937311512109591e+05
-3.775776851528888801e+05
-3.327042429749516305e+05
-3.504497593472019071e+05
-3.317526747707905015e+05
-3.690948070096295560e+05
-3.900320926666024607e+05
-3.552208733720901655e+05
-3.434142787724666996e+05
-4.491781931351317326e+05
-3.761710199277802603e+05
-3.645098284115837887e+05
-3.326774890771441860e+05
-3.455140746077051153e+05
-3.156390394441947574e+05
-3.239178342343998374e+05
-3.314843206786083756e+05
-3.208138527207031148e+05
-2.961794580243862001e+05
-3.987338429657412926e+05
-4.660861065813398454e+05
-3.382230605215552496e+05
-3.501792989894049242e+05
-3.251600204256272409e+05
-3.213016175699239830e+05
-3.511941469203017186e+05
-3.226127740040571662e+05
-3.834846159137932118e+05
-3.637206087760650553e+05
-3.861822785751464544e+05
-4.401548358061354375e+05
-3.629355841051565949e+05
-3.596410990719096735e+05
-3.958428791317226132e+05
-4.680755134508258197e+05
-3.361745719883932034e+05
-3.239814870973629877e+05
-3.703114082342514303e+05
-3.799752367779397173e+05
-3.260305910981368506e+05
-3.139106077234215336e+05
-3.299212775123220636e+05
-3.561260570321448613e+05
-3.877348143518203869e+05
-4.479664383342163637e+05
-3.413052451759499963e+05
-3.560452351812229026e+05
-3.179604935222937493e+05
-3.150213592227019835e+05
-3.891155960898349294e+05
-3.764769774006385123e+05
-4.318644409668832086e+05
-4.105299050726533169e+05
-4.312502747240045574e+05
-4.792123922865309287e+05
-3.436841317421469139e+05
-3.476740739827939542e+05
-3.178442229949485045e+05
-3.198359573737329338e+05
-3.790015479682190344e+05
-3.289857901886063628e+05
-3.694469327881940408e+05
-3.940628420871545095e+05
-3.665797107684791554e+05
-3.265002429994696286e+05
-3.791568362334271660e+05
-3.251077130596026545e+05
-4.076527402351377532e+05
-3.294130263766084099e+05
-3.332324885418760823e+05
-3.466929587223810377e+05
-3.568630444121799665e+05
-3.816377807711891364e+05
-3.826489861356810434e+05
-4.161521462755789980e+05
-3.855773764963899739e+05
-3.632610555015547434e+05
-3.744231735409223475e+05
-3.197033791321513709e+05
-3.678076235728545580e+05
-3.437155524555995362e+05
-3.681373710542013869e+05
-4.071190675900313072e+05
-4.109295352990446845e+05
-4.362616405242510373e+05
-3.489529075030838139e+05
-3.715488052714536898e+05
-3.414923721743832575e+05
-3.434145451971952571e+05
-3.930748343661045656e+05
-3.848744521953286603e+05
-3.214711704319748096e+05
-3.403666275850741658e+05
-3.486274993648763048e+05
-3.277652004881119356e+05
-3.380292375853330595e+05
-3.420593588044284843e+05
-3.292122365248950664e+05
-2.970064327285068575e+05
-3.678155330535431858e+05
-3.921481047511253273e+05
-4.402072198021824006e+05
-4.893205114577965578e+05
-2.976868017597310245e+05
-3.126189209804934217e+05
-3.451371395605170401e+05
-3.041635560299855424e+05
-3.553446255502339918e+05
-3.291500094992702361e+05
-3.607089241642553825e+05
-3.880257045630866196e+05
-3.372289290021343622e+05
-3.601530063430063892e+05
-3.324814738179176347e+05
-3.220597559167962754e+05
-3.905501310237615835e+05
-3.397185872409833828e+05
-3.174648318526152289e+05
-3.276057914223009720e+05
-4.000641219151000259e+05
-3.719446299328653840e+05
-3.373913461014032364e+05
-3.659580626447353279e+05
-4.077032155158632668e+05
-4.579422390053264098e+05
-3.175180087023113156e+05
-2.984572937444985146e+05
-3.681097975821476430e+05
-3.791028714527091943e+05
-3.529072640891941264e+05
-3.190328546600005357e+05
-3.217941004632171243e+05
-3.311001031265641795e+05
-3.831049615802080370e+05
-3.757145481160811614e+05
-3.502357814027679851e+05
-3.589440488595934585e+05
-3.607288300368656637e+05
-3.635872717929560458e+05
-3.621289619084628066e+05
-3.901384738629510393e+05
-3.941132431338385213e+05
-4.177965957936306950e+05
-3.658785218802728923e+05
-3.764110642467159778e+05
-3.896394015365495579e+05
-3.758288979149501538e+05
-3.638170940130538074e+05
-3.225846747738319682e+05
-4.395575545456281397e+05
-4.856809159144674195e+05
-4.540352480068892473e+05
-5.142198248762884177e+05
-4.245144407900123624e+05
-3.624205820008070441e+05
-3.879348407956181327e+05
-3.480629083417287329e+05
-3.949131062737749889e+05
-4.193057229241477326e+05
-3.222270008192377863e+05
-3.259492258989963448e+05
-3.679223929088647710e+05
-4.237162502401871607e+05
-3.430871378911687061e+05
-3.725219857314266264e+05
-3.769109391300993739e+05
-3.489299159955928335e+05
-3.551414991103227949e+05
-3.537018946977198357e+05
-3.437418068289041985e+05
-3.210087752448645188e+05
-3.717729014142015949e+05
-3.424660078293656697e+05
-3.498061958758648252e+05
-3.465900719419630477e+05
-3.185820721195774386e+05
-3.401553607929067221e+05
-3.597969899071602849e+05
-3.270718326757062459e+05
-3.943972212865382899e+05
-4.424311267056755023e+05
-3.855072270907079801e+05
-4.023271554682203569e+05
-3.520303693803475471e+05
-3.212216610466256971e+05
-4.359875699849923840e+05
-4.166016379263357958e+05
-2.977742004421973834e+05
-3.098157788796385285e+05
-4.343597807161554229e+05
-4.003709421171168797e+05
-3.691070089351870120e+05
-4.237733187443064526e+05
-3.661180480720722117e+05
-3.196315280528763542e+05
-4.031987358589338837e+05
-3.437865288160037016e+05
-3.563479495117869228e+05
-3.154028869934510440e+05
-3.221916918134427397e+05
-3.480330287457425147e+05
-3.491785036512591178e+05
-3.633066084790992318e+05
-3.832474701593794161e+05
-4.193098108965103747e+05
-4.140986776509908959e+05
-4.933484653899957193e+05
-3.365303919702471467e+05
-3.373785396221599076e+05
-3.328756882084101671e+05
-3.205095983338637743e+05
-4.017254451888684416e+05
-4.764350043714835774e+05
-3.897488096948370803e+05
-4.275319866824117489e+05
-3.443764756903030211e+05
-3.070137972908260999e+05
-3.241541547556939768e+05
-3.275554434791411040e+05
-3.458330251989854733e+05
-3.714923002479439601e+05
-3.226122595873267855e+05
-3.060254370284435572e+05
-4.036622267873676028e+05
-4.074896310768023832e+05
-4.191175511459598783e+05
-5.014994473824958550e+05
-3.592537876654388383e+05
-3.391163521990522277e+05
-3.802548968786473852e+05
-3.491967226786596002e+05
-3.175847065545411315e+05
-3.281955631125189830e+05
-3.693433200914805057e+05
-3.687023436229630606e+05
-3.639563336107666837e+05
-3.157344990725517273e+05
-3.695016799001976615e+05
-3.784332013968616957e+05
-4.161048531994556542e+05
-4.546959274648149731e+05
-3.893838666680287570e+05
-3.720467408909202786e+05
-3.417284701433674200e+05
-3.482044631645579357e+05
-3.445171631308102515e+05
-3.733610748519254848e+05
-3.194831486263994593e+05
-3.414786183479356114e+05
-3.315835682397990022e+05
-3.005029949277177220e+05
-4.068083227351235691e+05
-4.235578963931570761e+05
-3.869591553094617557e+05
-3.598927787541007856e+05
-3.952209443886139197e+05
-4.275682803335553035e+05
-3.311825812847624766e+05
-3.362530100062823622e+05
-3.703391815674947575e+05
-3.795504197359569371e+05
-3.263768453396680998e+05
-3.163211816347623244e+05
-4.396119165778817842e+05
-5.113397742285178974e+05
-3.716998607958761277e+05
-3.120301284799454734e+05
-3.445511406526456121e+05
-3.444637284234531689e+05
-3.261207226188479690e+05
-3.036417835044300882e+05
-3.916496332805363927e+05
-4.572437393226217246e+05
-3.809104389083196875e+05
-4.225750076682333602e+05
-3.529273564087187406e+05
-3.654262616542441538e+05
-3.155793271643307526e+05
-2.982904939456175780e+05
-3.914070650284009753e+05
-4.408190640331137693e+05
-3.837385409461263334e+05
-3.990259102099441225e+05
-3.731030181386332260e+05
-3.794663484402119648e+05
-4.553751052827116800e+05
-5.334566226921515772e+05
-4.377700725178067805e+05
-4.785126884333235212e+05
-3.707935698870015331e+05
-3.437591767201664625e+05
-3.887526376388773788e+05
-3.251695267981754150e+05
-3.579106492931178072e+05
-3.499376258442411199e+05
-4.197900410115330014e+05
-4.619629292767436709e+05
-3.901327673488993896e+05
-3.404406740132265259e+05
-3.432167623996359762e+05
-3.559331821847162209e+05
-3.578683040201560361e+05
-3.056191184576245723e+05
-3.602598142727602972e+05
-4.039456563268024474e+05
-3.642031171807019273e+05
-3.108226634166607400e+05
-4.095020152899660170e+05
-4.776229920715781627e+05
-3.477261521132998168e+05
-3.015308949382642750e+05
-3.337661464478765847e+05
-3.134885160197684309e+05
-4.274064649923449615e+05
-3.843268424410922453e+05
-3.655096476368039148e+05
-4.120677967109768651e+05
-3.177285467628656188e+05
-3.387905480731162243e+05
-3.207978750191594008e+05
-2.931507069513017777e+05
-4.131611682848196942e+05
-4.580128635645837057e+05
-3.632074577641501091e+05
-3.671506464924222091e+05
-4.537541855168108596e+05
-5.401523769673114875e+05
-3.191335711674282793e+05
-3.300192963204364059e+05
-3.592838979190195678e+05
-3.789784150941700209e+05
-3.640133613731897203e+05
-3.532609194231904112e+05
-4.046357791665341938e+05
-4.268731056067756144e+05
-4.423274573862478137e+05
-4.354837283335324610e+05
-4.159057994440350449e+05
-4.192130671902404865e+05
-3.695812806250796420e+05
-3.635827870374995982e+05
-3.390049345946772955e+05
-3.093265311516775982e+05
-3.258792885982486187e+05
-3.045054352138272952e+05
-4.216479766111213248e+05
-4.171438234176326077e+05
-3.333113070450683590e+05
-3.762314153653557878e+05
-3.562396460909419693e+05
-3.043620768901901320e+05
-3.719704127324108267e+05
-4.193210074451342225e+05
-3.923333732295070076e+05
-3.241512656758531230e+05
-4.015447803530103993e+05
-3.882968199668203015e+05
-3.413715767712367233e+05
-3.384115505160361063e+05
-4.211043384515786311e+05
-5.015561691112039844e+05
-4.019120305022955872e+05
-3.572859259583643870e+05
-3.682258368371973047e+05
-3.667270523468711181e+05
-3.614533734479377745e+05
-3.216357341927757952e+05
-3.396432509698286885e+05
-3.265739403508685064e+05
-3.875820605359547772e+05
-3.784854549440689152e+05
-3.966692118285289034e+05
-4.423050291854236275e+05
-3.420180368532314897e+05
-3.566420490995040163e+05
-3.996775251234633615e+05
-4.320341563948312541e+05
-4.012901525256528985e+05
-4.266406659152403008e+05
-3.747087342659796122e+05
-3.218221423208694905e+05
-3.620940178858016152e+05
-3.159993929774367716e+05
-4.061571167777727824e+05
-4.154446325670842780e+05
-3.474773402717522113e+05
-3.239400509499497712e+05
-3.229747291307455162e+05
-2.957279275180504192e+05
-3.372494479883916210e+05
-2.976781450174675556e+05
-3.381800548002092401e+05
-3.293222767131462460e+05
-3.285221360754222842e+05
-3.258681450284355087e+05
-3.554409310533817625e+05
-3.464825610272326740e+05
-3.819354918417384615e+05
-4.396620063231687527e+05
-3.891127899083535885e+05
-3.408707467501253122e+05
-4.323156880620128941e+05
-4.720850295139396330e+05
-3.448915612470841734e+05
-3.348354135849277955e+05
-3.069894315823349170e+05
-2.805220520267043030e+05
-3.461941662975172512e+05
-3.109893457779155578e+05
-3.524824221215784783e+05
-3.893318414808921516e+05
-3.308940104325278662e+05
-3.141878789412444457e+05
-3.907392900208317442e+05
-3.983817599124546396e+05
-3.222434185246772831e+05
-3.203943006065051304e+05
-3.916944045407171361e+05
-4.485690343823999865e+05
-4.303807962026060559e+05
-4.608433549283490283e+05
-3.897982845994306263e+05
-4.518191395167966839e+05
-4.652231395012158900e+05
-4.299953855139141669e+05
-3.502280704667025711e+05
-3.828123947880923515e+05
-4.055310008401122177e+05
-3.358110751035822323e+05
-3.420220221298002871e+05
-3.214959164669492748e+05
-3.863928540864000097e+05
-4.317811878251699964e+05
-3.322677859164786059e+05
-2.925596991893012309e+05
-3.191347513596368954e+05
-3.478611582243421581e+05
-3.555239122249311768e+05
-3.541959905348069733e+05
-4.049547555144438520e+05
-4.431521333151715808e+05
-3.470633431235505268e+05
-3.934178144272824284e+05
-3.797989003485448193e+05
-3.553521518664931646e+05
-3.691269691780790454e+05
-3.546718301863829838e+05
-3.957500635169576854e+05
-3.653431053337140474e+05
-3.535864263688987121e+05
-3.584786609319564886e+05
-3.338386164077470312e+05
-3.616517539480671985e+05
-3.027541714075023774e+05
-2.783269818324027583e+05
-3.452026892658065772e+05
-3.694009825612384593e+05
-3.793969540217798203e+05
-3.694329761765919393e+05
-3.918318491567473393e+05
-3.919708646640628576e+05
-4.339970833977139555e+05
-4.089935607006652281e+05
-3.095044947222945048e+05
-3.313398179199267179e+05
-3.554339705549979117e+05
-3.479969807846812764e+05
-3.781051427712159930e+05
-3.525734434565050760e+05
-3.589139861782053486e+05
-4.114905305161026772e+05
-3.376431505212233169e+05
-3.240928400680990890e+05
-3.363335322281735716e+05
-3.478836188176674768e+05
-3.619836700363265118e+05
-4.076900339517473476e+05
-4.183284057722133584e+05
-4.603495258221817203e+05
-3.954101442722128704e+05
-4.530274089341651415e+05
-3.556298617758486653e+05
-3.290624555973618990e+05
-3.758507078891528072e+05
-3.768890737999078119e+05
-3.752538900697765639e+05
-3.447622002390902489e+05
-4.004105064528199146e+05
-3.977123059420562349e+05
-3.408210296337734908e+05
-3.508052009372222237e+05
-3.452835968701655511e+05
-3.016092997116598999e+05
-4.006641427973848768e+05
-4.231444870170172071e+05
-3.268853100731421728e+05
-3.252591126698362641e+05
-4.106003923752912087e+05
-4.555103889564019628e+05
-3.974970728327963734e+05
-4.648148590368885780e+05
-3.547005794604747789e+05
-3.198480623794959392e+05
-3.075488011941557052e+05
-3.294050657418362098e+05
-3.253675491835487774e+05
-3.080183609188294504e+05
-3.886097738895143848e+05
-3.300179196801349754e+05
-3.323852723300323123e+05
-3.531628802826773608e+05
-4.506535904727270827e+05
-3.601426178788046818e+05
-3.236781347467944724e+05
-3.426797850822118344e+05
-3.222040061944421614e+05
-3.196331565727182897e+05
-2.966734378549564863e+05
-3.018773461387215648e+05
-3.776119299386593048e+05
-3.533629909497356275e+05
-3.571420474807561841e+05
-3.984313056914099725e+05
-3.488649182585357921e+05
-3.095271474390838994e+05
-3.670062875431933207e+05
-4.250859139805478044e+05
-3.260050460120501230e+05
-3.405056487942977110e+05
-3.625145526144423056e+05
-3.156530665697184158e+05
-3.677868452252454590e+05
-3.850471722296528751e+05
-3.936446297140399693e+05
-3.273261379837195855e+05
-3.511436980247298488e+05
-3.236640610398267163e+05
-2.997564537417143583e+05
-3.006200347161091631e+05
-4.234692465259281453e+05
-4.880676397549598478e+05
-3.871028331264377339e+05
-3.892470912576355040e+05
-3.630317163006970659e+05
-4.001146403967997758e+05
-4.204159444734742865e+05
-3.532702141083936440e+05
-3.947849206466194009e+05
-3.340016726640512934e+05
-3.496040017806178657e+05
-3.676375262335411971e+05
-4.043187767739306437e+05
-4.204517822780128336e+05
-3.582271057876002742e+05
-3.157467338527322281e+05
-3.559748390917025972e+05
-3.958948036306338618e+05
-3.373823501386230346e+05
-3.404813184313143138e+05
-3.662801650052081095e+05
-3.548681192443401087e+05
-3.109510818897469435e+05
-3.084907196579412557e+05
-3.866525684858625755e+05
-3.960630976629682118e+05
-3.092102535906995181e+05
-3.077372261146132369e+05
-3.345628069008621387e+05
-3.431101613857607590e+05
-4.314461809070449090e+05
-3.774097460932497634e+05
-3.785059906486979453e+05
-4.131981750808127690e+05
-3.393183271903977729e+05
-3.262543450139980996e+05
-3.468803779838960618e+05
-3.344457311730544316e+05
-3.318920844149794430e+05
-3.349204294919908280e+05
-3.850883950363998301e+05
-3.218337007647468708e+05
-4.084855377404880710e+05
-4.665502996706920676e+05
-3.625460637833105866e+05
-3.655871577524243621e+05
-3.870942186209096108e+05
-4.068257957645055139e+05
-3.704811524629812920e+05
-4.039710710347278509e+05
-3.525439414866693551e+05
-3.363277219904258382e+05
-3.609435725703185890e+05
-3.594195843065973604e+05
-3.483436752316626953e+05
-3.902423664838237455e+05
-3.808146315910367994e+05
-3.883913091508400394e+05
-3.866608367901564343e+05
-4.301589993020961992e+05
-3.229317763958050637e+05
-2.972078356621144339e+05
-3.158637917445609346e+05
-3.122587836503291037e+05
-3.462944557172092609e+05
-3.513631569795608521e+05
-4.110878835283730878e+05
-4.786897192349277902e+05
-4.116941660081817536e+05
-4.174305382967956830e+05
-3.325298317955185194e+05
-3.089550635043649236e+05
-3.904815277574816719e+05
-3.965375081227086484e+05
-3.671132016299864044e+05
-3.621290036682782229e+05
-4.004678402817762690e+05
-4.624437422557772370e+05
-3.525473174838144332e+05
-3.772689521494840737e+05
-3.779738014204496285e+05
-4.354764265075350413e+05
-3.349387065032406244e+05
-3.251362040939496364e+05
-3.906212347863938194e+05
-3.604787273301372770e+05
-4.110132069235788658e+05
-4.422931608475905377e+05
-3.757842216990315355e+05
-4.210689632576800650e+05
-3.394754617599226767e+05
-3.135353760219804244e+05
-3.249811436778956559e+05
-3.003683483971592505e+05
-3.661957246605083346e+05
-3.796926647837221390e+05
-4.524760428771098377e+05
-3.910038982033804059e+05
-3.150224379407233791e+05
-3.083583722837201785e+05
-3.979416934817431029e+05
-3.863939739239714108e+05
-3.819351345056850696e+05
-3.692021372822384583e+05
-3.682990432521877810e+05
-3.532506030576691264e+05
-3.416932009026332526e+05
-3.708813404115900630e+05
-3.231895965587059036e+05
-3.358276087439098628e+05
-3.781958858681643615e+05
-3.630832098608061206e+05
-4.183370415006335825e+05
-3.844494734405428171e+05
-3.265159629736297065e+05
-3.240858489792456385e+05
-3.943222550786277279e+05
-4.551822046521875309e+05
-3.690648253247588873e+05
-3.697297023203977151e+05
-3.621022351517269854e+05
-3.911179420683297794e+05
-3.545244522485020570e+05
-3.810004438258535229e+05
-3.481299999121883884e+05
-3.656801680945974076e+05
-4.231131471951180138e+05
-4.943197469931304222e+05
-3.192356514596140478e+05
-3.442166993249056395e+05
-3.264690323622797150e+05
-3.116979076966409339e+05
-3.488995186655997531e+05
-3.682951468197467038e+05
-3.725948673726120032e+05
-3.709517796302775387e+05
-4.135726907158449758e+05
-4.176146946075106971e+05
-3.641858788222908042e+05
-3.956903451361401239e+05
-4.120155273469856475e+05
-4.309910651959773386e+05
-4.061898094602191122e+05
-4.428279483588121366e+05
-4.094201582388359820e+05
-4.164152764578255592e+05
-4.117446801625916269e+05
-4.497270668788263574e+05
-4.052575497165673878e+05
-4.710324492635197239e+05
-3.544758324677537894e+05
-3.684432648626987357e+05
-4.162518381747810636e+05
-3.836723620471722679e+05
-3.410507917384257307e+05
-3.352168002808192978e+05
-3.807954438638995634e+05
-3.917569514198983088e+05
-3.786033038955732482e+05
-3.375303050935497740e+05
-3.951684535773715470e+05
-4.584758182347971015e+05
-3.215656057046657661e+05
-3.041601148232213454e+05
-3.581463192760540405e+05
-4.053263802779089892e+05
-4.284239915751852095e+05
-3.981830801498749061e+05
-3.634907607045976911e+05
-3.166476127386174630e+05
-4.108355670578593854e+05
-4.641717506799766561e+05
-3.634911053079948761e+05
-3.858458162513030693e+05
-3.627080902771961410e+05
-3.735899337437207578e+05
-3.540013424557069084e+05
-3.273211089299354935e+05
-3.790759554821561323e+05
-3.423100200202364940e+05
-3.437763797428410035e+05
-3.562994996128036873e+05
-3.939585225119354436e+05
-3.973447744463754352e+05
-3.204611649566282285e+05
-3.333936010421366664e+05
-3.070260061853601364e+05
-2.988097018002338009e+05
-3.776251460852703312e+05
-3.768189478723391658e+05
-3.931426204181363573e+05
-3.932337693063041661e+05
-3.316680411350328941e+05
-3.512678408071452286e+05
-3.728882503875545226e+05
-3.437720945293911500e+05
-3.915159826076256577e+05
-3.665632972742756829e+05
-3.720882392566661583e+05
-3.569702110074448865e+05
-4.005108849321792368e+05
-3.326933681065093260e+05
-3.730821935363544617e+05
-3.681711749812971102e+05
-4.098294786942912033e+05
-3.622413294605290284e+05
-4.518680149513042998e+05
-4.215664448813361814e+05
-3.267595320800839690e+05
-3.506378469569145236e+05
-3.508489452980255010e+05
-3.255826263223770075e+05
-3.861188844268581597e+05
-3.408006459573192988e+05
-3.757041007980514551e+05
-4.358855085446046432e+05
-3.529762852914356627e+05
-3.833093488306284416e+05
-3.503207176440504845e+05
-3.606665304964374518e+05
-3.021268832752472954e+05
-3.075982427599758375e+05
-4.108015756232248386e+05
-3.452276746733136242e+05
-3.712460004603324924e+05
-3.828960111509428825e+05
-2.972274082674093079e+05
-3.062557040856844978e+05
-3.281853765294589102e+05
-3.160919578235945664e+05
-3.674686448874764610e+05
-3.126769160188048845e+05
-4.095583607539579971e+05
-4.366244703719083918e+05
-3.713747173995415214e+05
-3.575583693993589841e+05
-3.675451877443375997e+05
-3.522062692367044510e+05
-3.441916520415912382e+05
-3.792997229118926916e+05
-3.307544779547533253e+05
-3.631793471058796858e+05
-3.533171703906788025e+05
-3.577821087411837652e+05
-3.747102536681260681e+05
-3.335088187601469690e+05
-3.807753264036437031e+05
-4.352626271372968331e+05
-3.561798403932477813e+05
-3.470101231746086851e+05
-3.194705410170780960e+05
-2.895898393978214590e+05
-4.178381512715385761e+05
-3.451076121569960378e+05
-3.741938799893270480e+05
-3.845573953458380420e+05
-4.316970957402950153e+05
-4.146448429309354397e+05
-3.717536376705520088e+05
-3.514824746581716463e+05
-3.905905718819523463e+05
-3.500897005065229023e+05
-3.098032851788488915e+05
-3.091044343108562753e+05
-3.572697786872951547e+05
-3.669559688137948979e+05
-3.640285133467001142e+05
-3.423905965882861055e+05
-3.610370420395046240e+05
-3.079292836211562390e+05
-3.524435379837155342e+05
-3.029789794853212079e+05
-3.168963673862381838e+05
-2.960052522751630750e+05
-4.239418391997582512e+05
-4.006714198005015496e+05
-3.597184035751729971e+05
-3.881449781581140123e+05
-3.573510017094033537e+05
-3.056837634667005623e+05
-3.390270285901611205e+05
-3.724263602455750806e+05
-3.525322699854504317e+05
-3.862851240100137657e+05
-3.562625933134754887e+05
-3.217822461901670322e+05
-3.565322600270229159e+05
-3.793425680482730968e+05
-3.370038275678027421e+05
-3.097778500753912376e+05
-3.400622733941879123e+05
-3.147989592406800948e+05
-3.502214480003021890e+05
-3.547929661473965971e+05
-3.946883374274814269e+05
-4.211024055584623711e+05
-3.339701030785772018e+05
-3.057258438835552661e+05
-4.052768804367880803e+05
-4.806308040137330536e+05
-3.359422702316606883e+05
-3.178095258433512645e+05
-3.923718384541418636e+05
-4.461339953350715805e+05
-3.293236923476005904e+05
-3.623957049659558106e+05
-3.289466699717957526e+05
-2.951194970876293955e+05
-4.263038377516741166e+05
-4.357333663401928497e+05
-3.662145591682766099e+05
-3.915365901593843009e+05
-3.352266061040892964e+05
-3.147109481112506473e+05
-3.560009678622037172e+05
-3.908885373026569141e+05
-3.478585352306351997e+05
-3.509804449664875865e+05
-3.487993266149470583e+05
-3.016828964871920180e+05
-4.144757586324032163e+05
-4.592297488848417997e+05
-3.152926039825002663e+05
-3.116677207913388265e+05
-3.672375010259860428e+05
-4.015867607280857628e+05
-3.218681799258369720e+05
-3.561825979521808913e+05
-3.344003194163682638e+05
-3.797532621581580024e+05
-3.845780393862979254e+05
-3.909576581230566371e+05
-3.701383500770402607e+05
-3.566046229790017242e+05
-3.736058102245269110e+05
-3.150125645147260511e+05
-3.815520200105223339e+05
-4.426071856604127679e+05
-4.185159762804009952e+05
-4.993146570088004228e+05
-3.150988145742614288e+05
-3.426563079977974994e+05
-3.775854992864467204e+05
-3.275730429080732865e+05
-3.703372557334087323e+05
-3.401508151381888893e+05
-3.974100397391249426e+05
-3.256406050902508432e+05
-3.455124707495521288e+05
-3.717349182274929481e+05
-3.654484892034457298e+05
-3.757235277380226180e+05
-3.010779620237969793e+05
-3.151582473067927640e+05
-4.232295812424768228e+05
-3.923295460569764255e+05
-3.876383839959986508e+05
-4.461750869036165532e+05
-3.824956979004818713e+05
-3.541619471089360304e+05
-4.027777424010172253e+05
-4.792227987178652547e+05
-3.305207012059710687e+05
-3.648373707999496255e+05
-3.399147423428726615e+05
-3.017351509829633869e+05
-3.565686143587236293e+05
-3.343729300206329208e+05
-4.111157147560031153e+05
-3.621282679621947464e+05
-4.042093189435008680e+05
-3.740959358638058184e+05
-3.694007944154543802e+05
-3.639666064195756335e+05
-4.077658191752129933e+05
-4.805276548386896029e+05
-3.587546116085211979e+05
-3.891097110934007214e+05
-3.659849289033489767e+05
-3.866367688273920212e+05
-3.362922837430848740e+05
-3.348244478864595294e+05
-3.738345785465628142e+05
-4.088925539101737086e+05
-3.524489482171384152e+05
-3.258793421367637347e+05
-3.239357813094637822e+05
-2.958129248717309674e+05
-3.844533707258785143e+05
-3.629271228572702967e+05
-3.560462578253388638e+05
-3.320794825517826248e+05
-3.749822424545167014e+05
-4.157813807181873126e+05
-3.543957316711810417e+05
-3.733448873727814062e+05
-4.247087804235627409e+05
-4.136097513473297004e+05
-3.104081044885937590e+05
-2.956447102028951049e+05
-3.156046948214414297e+05
-3.357622349034424406e+05
-3.326145406185943866e+05
-3.257041542475818424e+05
-4.212528313332176767e+05
-3.871698726867842488e+05
-3.607676816993911052e+05
-3.143880121308168164e+05
-3.307621045361098368e+05
-3.555251129066559952e+05
-3.184094324217600515e+05
-3.379152083957603900e+05
-3.882333376887501217e+05
-3.947931046827420359e+05
-3.972932510916271713e+05
-3.737644213618139038e+05
-3.643911945095433621e+05
-3.635947814389326377e+05
-3.501103749636387220e+05
-3.134967427128596464e+05
-3.968080354064531857e+05
-4.440180625227170531e+05
-3.544845821892822860e+05
-3.439175372768015368e+05
-3.755058608794609318e+05
-3.552871258195237024e+05
-3.861072355371558806e+05
-4.146337551107037580e+05
-3.724428548542291392e+05
-4.253554813878453569e+05
-4.243366021975803887e+05
-5.123390158814948518e+05
-4.111379609693315579e+05
-4.617036408317013411e+05
-3.525562251862148987e+05
-3.253321457704501227e+05
-3.734623959238944808e+05
-3.593226293026262429e+05
-4.077605170051231980e+05
-3.468443300926499069e+05
-3.582754471472928999e+05
-3.480034692976899678e+05
-3.838013551252004690e+05
-4.425358882108415710e+05
-3.653075892403310863e+05
-3.884360310716484673e+05
-3.171773022698524874e+05
-2.939053640917064622e+05
-3.838890503606777638e+05
-3.440258536044629291e+05
-4.076895060119589325e+05
-4.556622178316189675e+05
-3.532083158214386785e+05
-3.907158782141818665e+05
-3.620356374992872588e+05
-4.052679585708468221e+05
-3.582707402252977481e+05
-3.997456471236238722e+05
-3.965971683409090620e+05
-4.584916207345037255e+05
-4.045536481892199954e+05
-4.496895710188768571e+05
-3.913729534215147141e+05
-4.184181299371634377e+05
-3.179244118016281864e+05
-3.259784043695160653e+05
-3.908111874277372845e+05
-3.995764390201633796e+05
-3.930259199804721866e+05
-3.365743950810759561e+05
-3.456967208424003329e+05
-3.221426465654432541e+05
-3.302237066949222935e+05
-3.137270789676037384e+05
-3.848243765360148391e+05
-4.245390367778798100e+05
-3.309655958259536419e+05
-3.320914109821994789e+05
-3.630016919462874066e+05
-4.071142367911152542e+05
-3.072105920624476857e+05
-3.232537258698596852e+05
-3.822034329054343980e+05
-4.396801324648009613e+05
-3.417317667025779374e+05
-3.709591910309233936e+05
-3.667651020683114184e+05
-3.796997459907042794e+05
-3.626953893273731228e+05
-4.158942985991318710e+05
-3.312348227062245132e+05
-3.131929089466473088e+05
-3.500696366611891426e+05
-3.368704411344110267e+05
-3.623065801502797985e+05
-3.084969127986449748e+05
-3.995856181304365164e+05
-4.389566656393288868e+05
-3.540075860213065753e+05
-3.791347714598544408e+05
-3.815237064844915876e+05
-4.324163507721563801e+05
-3.029275398905316833e+05
-3.216792318750715349e+05
-4.295035928267637501e+05
-4.998322520966990851e+05
-3.165558085011679213e+05
-3.186556957511969376e+05
-3.877515989574173000e+05
-4.222806387849637540e+05
-3.424905529288344551e+05
-3.925211157631133683e+05
-4.161136025618173881e+05
-4.396095237433454022e+05
-3.321078731367752189e+05
-3.522143565865634009e+05
-3.180173127437536605e+05
-3.106744185166675597e+05
-3.018866016638525762e+05
-2.845101191565938061e+05
-2.978709452731556958e+05
-2.983777700727093033e+05
-3.144549130049163941e+05
-2.837761622298095608e+05
-3.654076338215463329e+05
-4.202692478985668859e+05
-3.986388680530533893e+05
-3.818833126360386377e+05
-3.069617561501096934e+05
-3.035728025808342500e+05
-4.352728736129566096e+05
-4.014723522107658209e+05
-3.830714703865030315e+05
-4.090456574128906941e+05
-3.233519413135738578e+05
-2.940977645927218255e+05
-3.742074655554735800e+05
-4.206124201834487030e+05
-3.555429847925768699e+05
-3.984993574033300392e+05
-4.247975219399881316e+05
-4.848160546428374946e+05
-3.352621223170376616e+05
-3.647832071170085110e+05
-3.265572742997006280e+05
-2.931081691959460732e+05
-3.349500679183993489e+05
-2.956554257577582030e+05
-4.337906797175687971e+05
-3.742151814961684868e+05
-4.437913718745228834e+05
-4.622724586244066013e+05
-3.921645247019226663e+05
-3.809939598969032522e+05
-3.129348912395938532e+05
-3.024414007399643306e+05
-4.336177820674430113e+05
-3.639527597021586262e+05
-3.709853743602161994e+05
-3.514377722805454396e+05
-3.765813377249706537e+05
-3.907068064221069217e+05
-4.186476892668077489e+05
-3.733672883442022139e+05
-3.805363350198956905e+05
-3.770933771170218242e+05
-3.062677597992230440e+05
-2.907367313333147904e+05
-3.485251411557113752e+05
-3.862138906525262864e+05
-4.053429705226166407e+05
-4.646940821901005693e+05
-3.802414501267778687e+05
-4.260511360574051505e+05
-3.810657562561701052e+05
-3.932192577150985599e+05
-4.239567665260429494e+05
-3.993208485373691656e+05
-3.771947819660081295e+05
-3.340005426481862087e+05
-4.355680962548913667e+05
-4.013282888905266300e+05
-4.209768095611769240e+05
-4.670864679923471995e+05
-3.424438578691551229e+05
-3.340147528075632872e+05
-2.967336218911904143e+05
-3.002397603072598577e+05
-3.854230920035361778e+05
-4.119195624820728553e+05
-3.382210835552482167e+05
-3.136065492310734699e+05
-3.757731467714046594e+05
-4.315157776915954892e+05
-3.593562104456025409e+05
-3.338365057598231360e+05
-3.891893867158615030e+05
-3.389494069272783818e+05
-3.074386377580252010e+05
-3.227971859031952918e+05
-3.993074972749678418e+05
-3.251989365918536205e+05
-3.421433907581205713e+05
-3.282337356695892522e+05
-3.707922119526664028e+05
-4.006478142410946311e+05
-4.060308090103121940e+05
-3.636828739493149333e+05
-3.382721201804965967e+05
-3.291050507886209525e+05
-4.062311598934151698e+05
-3.460998206745443167e+05
-3.217247444096390391e+05
-2.902107791795852827e+05
-2.951933013912803726e+05
-2.783529739004694857e+05
-3.853238833225498674e+05
-4.136143541455355007e+05
-3.340693658389537595e+05
-3.209052890280368738e+05
-3.648865513358103344e+05
-3.504942504478258779e+05
-3.671877796468019951e+05
-4.182513698554094881e+05
-3.545775372879105853e+05
-3.061584324855040759e+05
-3.107730192813239992e+05
-2.961038782007308910e+05
-3.115189666348928586e+05
-3.099800307691824855e+05
-3.513703188013661420e+05
-3.749463266833769158e+05
-3.029224201037124731e+05
-2.953050350895301672e+05
-3.248873400191684486e+05
-3.269749742516397964e+05
-3.217083741533979774e+05
-3.557146894633478951e+05
-3.414414261096556438e+05
-3.472352472760302480e+05
-3.844520331715566572e+05
-3.726514670483742375e+05
-3.494533078572980594e+05
-3.291371465027736267e+05
-4.095172656525317580e+05
-3.531276618398909923e+05
-3.766258520665166434e+05
-3.473080385095530655e+05
-2.913654598913978552e+05
-3.080478088210142450e+05
-3.719956766598294489e+05
-3.749005668392794905e+05
-3.891614176367209293e+05
-4.057618945223819464e+05
-4.217798370394061785e+05
-3.483814898669000249e+05
-3.804193253416088410e+05
-3.187315448271800997e+05
-3.317464133817077382e+05
-3.497109096428296762e+05
-3.826822097535524517e+05
-3.689013083567378344e+05
-3.302089754689339316e+05
-3.145878483929816866e+05
-2.950065245960204629e+05
-2.978602140982255805e+05
-3.279203418785394169e+05
-3.012134461354361847e+05
-3.863737578251821687e+05
-3.345920963790285168e+05
-3.791318865046193823e+05
-4.281900818704451667e+05
-4.543931989292541984e+05
-4.081889660244854167e+05
