-1.104654346646920615e+01
-1.477431352706661016e+01
-1.718825458450727695e+01
-2.367811229915114524e+01
-1.451776859814884091e+01
-1.951098991907473845e+01
-1.278265151521533838e+01
-1.803935518287941164e+01
-2.066998912002638988e+01
-1.511466630347558393e+01
-2.052170591380600939e+01
-1.484193721616085426e+01
-1.452095238215608575e+01
-1.016584148572166768e+01
-1.777572925474845533e+01
-2.024932766553441255e+01
-1.379515557565289186e+01
-1.108808899898783551e+01
-9.341906115849955228e+00
-1.248927386785917903e+01
-1.226892580894607576e+01
-1.025852303808323995e+01
-1.024689370448692216e+01
-6.622350232399942804e+00
-7.364756266681718344e+00
-1.161335639803976605e+01
-1.032094297213543754e+01
-7.113599621499181680e+00
-7.112120961732051327e+00
-8.024284705593874634e+00
-9.669265009233395602e+00
-1.233361282174452001e+01
-7.689159731677587928e+00
-7.278975558537755575e+00
-8.158647113303103993e+00
-9.473718788347607500e+00
-1.378956754557876607e+01
-7.865688920380796034e+00
-7.724316599269323902e+00
-1.199019411829398507e+01
-7.882075284378091240e+00
-1.024268691574697954e+01
-7.500430782676012598e+00
-9.786925184891725138e+00
-1.081879073146714632e+01
-8.410887340034566506e+00
-9.980157064702382286e+00
-9.906116102142952684e+00
-9.725277401100850483e+00
-8.395796061946334987e+00
-9.406436831440142754e+00
-8.274710270215887675e+00
-1.018335607952464983e+01
-1.160493692995071413e+01
-1.320600559092414272e+01
-1.159244939981563505e+01
-1.138702482029101759e+01
-1.056932472218300489e+01
-9.930497025991073201e+00
-1.275120515239957797e+01
-1.111692691235757380e+01
-1.197444327587743018e+01
-1.125071996061114277e+01
-1.256363192615860669e+01
-1.332411677731149524e+01
-1.208997022669474930e+01
-1.356003850134744937e+01
-1.161377101134319290e+01
-9.305653533415995327e+00
-7.083880203743423642e+00
-8.549896952364875347e+00
-1.034986816612188321e+01
-8.265991423819468054e+00
-1.105632537310387775e+01
-9.783108941203153108e+00
-1.086004164267607663e+01
-1.105945526723728989e+01
-1.096588579169437594e+01
-1.172619734243092893e+01
-9.848267004690601567e+00
-1.073510237501903575e+01
-1.140125816744486187e+01
-1.173119217865874475e+01
-9.457145365913852686e+00
-1.327592029618745784e+01
-1.208450902261188631e+01
-1.174397918145881192e+01
-9.788376614884359839e+00
-1.058192589378109716e+01
-1.163638792006486256e+01
-1.363241498623120762e+01
-1.106547490395072941e+01
-1.247505974498857384e+01
-1.390865170006679463e+01
-7.887851089321467057e+00
-9.382570899154455191e+00
-1.263523250492842109e+01
-1.292482481492376323e+01
-8.506166299246796569e+00
-8.409228115181806018e+00
-1.244641321263781819e+01
-1.180464753916773546e+01
-8.913685199787789060e+00
-1.268597635844925975e+01
-1.265566121675246336e+01
-1.049403862324371417e+01
-1.080982125098107360e+01
-8.554466997023718378e+00
-1.112281403130794999e+01
-1.075033265013637873e+01
-1.060763336871817586e+01
-1.304394255501554767e+01
-1.218478756130287266e+01
-1.179918582738091359e+01
-1.079239288501255345e+01
-7.555831689582054089e+00
-1.356508800701091744e+01
-6.932320352194333068e+00
-7.503150515307472901e+00
-1.186326254732588126e+01
-1.081565510287644472e+01
-1.495973753385414895e+01
-7.635184350352593796e+00
-1.268906209036114774e+01
-9.555745031177508508e+00
-1.196736543000623954e+01
-1.018737714886893286e+01
-1.075835063579046746e+01
-9.683017946093087858e+00
-1.143249776377442117e+01
-1.339126641464395817e+01
-9.428980592159419416e+00
-1.012812184153847284e+01
-1.055861098989725377e+01
-9.509076963656426074e+00
-1.214808990195314564e+01
-9.324617779768928472e+00
-8.615812839552788205e+00
-8.028296142073667596e+00
-9.876153727606379107e+00
-1.079478413648552504e+01
-9.506446571364946863e+00
-1.034660013876179008e+01
-1.181785356758477690e+01
-1.187637648139510915e+01
-1.288164762936186847e+01
-1.251418347997708480e+01
-1.451427515038385607e+01
-1.155824697159120618e+01
-1.231364061557984257e+01
-1.097885378566313719e+01
-9.797063878189923969e+00
-9.279370588739904946e+00
-1.374200190480320316e+01
-1.107582938799488304e+01
-9.202560836761112029e+00
-1.131922839360433741e+01
-1.073622923877316993e+01
-1.112504794771800221e+01
-1.029434697801899290e+01
-8.513918350600727436e+00
-8.621589644076976811e+00
-1.250038409669206274e+01
-8.194920056752621917e+00
-9.594058513656293030e+00
-1.030194487758956967e+01
-9.734545272454198539e+00
-9.017728896191425036e+00
-1.022774719894919215e+01
-8.273799962217662340e+00
-9.489194554016609828e+00
-9.877649021719950184e+00
-1.020383753817470662e+01
-9.872160777741537885e+00
-9.512745730532536470e+00
-9.137593897148228450e+00
-8.067568964651798069e+00
-7.519647352833527698e+00
-8.125930901856072808e+00
-8.830757415424177026e+00
-8.509856745135099487e+00
-7.674416855411547722e+00
-1.083888656009302309e+01
-8.823081656781614157e+00
-1.179209995756610496e+01
-9.419699648080900545e+00
-8.291190481870437168e+00
-1.030862797990682367e+01
-7.838391621716264801e+00
-1.179444513252558480e+01
-1.124590323859193219e+01
-8.306321777683821850e+00
-1.119471317240898145e+01
-7.703200061446963787e+00
-9.615536188955452701e+00
-8.407208885010710731e+00
-9.235911340191147900e+00
-9.545891286741209569e+00
-8.147403009454876610e+00
-7.501652159895137117e+00
-1.091435135515753174e+01
-8.994680888557361698e+00
-9.517586071751075849e+00
-9.785101207890459563e+00
-7.783844617980964387e+00
-8.049092473880104848e+00
-7.091255156487942912e+00
-9.165826208731726155e+00
-9.932379809431495232e+00
-7.635206674154951578e+00
-1.036399300817040370e+01
-9.053284951292003058e+00
-1.019413342193679739e+01
-7.977154279582397756e+00
-1.171469213120028030e+01
-8.915178512954888390e+00
-1.115052511337509955e+01
-1.405463725812418474e+01
-8.266676972287552161e+00
-9.587881949883701793e+00
-9.828404596200307708e+00
-8.448873565163566468e+00
-8.506750253094782721e+00
-1.015258926406615458e+01
-7.334767248441933951e+00
-1.205655266842183693e+01
-1.120032800545846641e+01
-9.877918468238949146e+00
-7.070907351221134896e+00
-7.262969833921255614e+00
-1.288781823390695536e+01
-1.012742118836354521e+01
-8.934073597700244562e+00
-9.315634723466619249e+00
-1.037005438349855879e+01
-7.992364042104320276e+00
-8.698037093719616308e+00
-7.637520704082296774e+00
-1.028084809105936515e+01
-1.077754318692353408e+01
-1.357152187234140328e+01
-1.061849282182584631e+01
-1.152036584024198262e+01
-1.071385036892581510e+01
-1.309428783075745528e+01
-7.622700630554289702e+00
-1.181802611367742983e+01
-7.819880354604817896e+00
-7.579471229585313274e+00
-7.875990981659689361e+00
-8.949004863177826508e+00
-1.313450930751484336e+01
-1.103492262863576556e+01
-9.028628675350155675e+00
-1.226519875484081723e+01
-1.112254211586909491e+01
-9.789419985392736834e+00
-8.874358959994200546e+00
-8.669253010306558593e+00
-1.096855175619312561e+01
-8.385813660705945694e+00
-1.406383478861192771e+01
-6.763346809393049774e+00
-8.979019392461736970e+00
-1.056647658908563514e+01
-1.000715152727863355e+01
-8.843072098235992939e+00
-1.121866287090872305e+01
-9.328358474497417063e+00
-9.810685767298718218e+00
-9.094082413812643040e+00
-6.933445629530038623e+00
-7.241352837139639398e+00
-7.591549503989017289e+00
-1.205666646258939778e+01
-9.773346181750689254e+00
-7.853189840424736445e+00
-1.648690351112692909e+01
-8.928372162518712685e+00
-9.837602878180319976e+00
-9.386071440989919523e+00
-7.400174958559439631e+00
-9.641394092632754820e+00
-9.165373448909615917e+00
-8.432653217545423630e+00
-1.204748034360257236e+01
-1.088744437696847100e+01
-1.174024484696542459e+01
-7.754924303510644990e+00
-8.440514394799432552e+00
-9.268463717452306128e+00
-1.256721003153523597e+01
-9.708584703850501541e+00
-1.102425468919842899e+01
-7.757304107301475682e+00
-1.029072944926442901e+01
-1.004163267958340100e+01
-8.772724697488516910e+00
-9.841787399507268219e+00
-8.599960712336365276e+00
-8.464121423514038511e+00
-8.534242145002624014e+00
-1.117200716995256826e+01
-7.038890588250079183e+00
-9.088473567193602776e+00
-8.437413585415562522e+00
-6.542912286838316938e+00
-1.016193915397514402e+01
-7.220294033264057276e+00
-9.201507659387079485e+00
-9.695806526834807926e+00
-7.241862703267740287e+00
-8.029324197598704416e+00
-1.225649830660322337e+01
-1.146830082556264685e+01
-7.345090231754228149e+00
-7.264734328279452313e+00
-9.404969463809191410e+00
-7.570224865296083294e+00
-7.368447186894146128e+00
-9.560416597686895557e+00
-6.796793192879317047e+00
-1.140912450465184591e+01
-1.094684981398771484e+01
-9.546544433562083043e+00
-9.051000577755342391e+00
-1.035515578464784170e+01
-7.428649914223091066e+00
-7.465390603792861235e+00
-8.867137493545239835e+00
-7.803287842653967132e+00
-7.255320498742151791e+00
-1.042968015588434483e+01
-7.459297554415016407e+00
-1.242550893975503712e+01
-1.206932301923823303e+01
-8.878618177872397155e+00
-8.602420497048438364e+00
-8.394211641073676233e+00
-1.227292372456978953e+01
-9.588542472687635154e+00
-1.122683208009242861e+01
-7.454266276511530620e+00
-8.684920630630053040e+00
-1.261864873808506715e+01
-7.062791302951898054e+00
-1.106960338526138443e+01
-8.298673962670076065e+00
-7.044279586191262155e+00
-9.990703677695840668e+00
-8.343385470481724298e+00
-7.574672153605063407e+00
-1.397892798763703937e+01
-1.555503901671135125e+01
-7.661735647070618604e+00
-1.200107548512390920e+01
-8.464153307156243145e+00
-6.992416801777874724e+00
-8.888897203448532736e+00
-1.027977050683101368e+01
-8.371503719730647219e+00
-1.198844499651995221e+01
-7.494494022518717991e+00
-7.425197316668707082e+00
-8.206629293112502666e+00
-7.585521079335063810e+00
-7.271611601011504611e+00
-7.884993251666021052e+00
-8.800512097500547526e+00
-8.684941485061482780e+00
-7.009322455831443754e+00
-1.118431386151981854e+01
-8.654764968629820032e+00
-1.158562651121843601e+01
-1.254577157318723835e+01
-7.862572288033998547e+00
-7.167677737018416373e+00
-8.723172200841453616e+00
-8.857906077011257651e+00
-6.950160069199190715e+00
-1.072704938982715106e+01
-9.637185469175008734e+00
-8.022174793594412989e+00
-6.645184646830374575e+00
-9.399913543093973090e+00
-8.780752449034647356e+00
-9.300246893688548511e+00
-1.010374841313854688e+01
-7.496613227638241561e+00
-9.413204835820931038e+00
-7.388676785156913063e+00
-9.636994089589620671e+00
-6.669138588458836558e+00
-1.069698584767745331e+01
-8.771300553964536562e+00
-8.274294181480662758e+00
-7.362621909883367621e+00
-7.524058750031076492e+00
-8.255938154963530451e+00
-1.258431858910698864e+01
-9.807051888998429945e+00
-7.734552792075708894e+00
-1.044307383655698729e+01
-9.961921887336835368e+00
-7.663135694932963204e+00
-1.053613637431213945e+01
-8.188596699574359761e+00
-9.558339506780413330e+00
-1.058857103125490795e+01
-7.853340113724307514e+00
-9.118435432331857271e+00
-9.944661354104351147e+00
-1.067106426809503716e+01
-8.094174956030677492e+00
-1.154351040433303766e+01
-1.315157622524852599e+01
-9.860982762347688890e+00
-1.121214462168965653e+01
-1.003732868435836068e+01
-7.799226509280576813e+00
-7.968081657864627410e+00
-9.708620470387980816e+00
-9.018283611200125449e+00
-1.015910085306409982e+01
-7.390876401301916587e+00
-9.987680026014647439e+00
-1.166507879508075263e+01
-9.952275806837096894e+00
-7.613317945904771733e+00
-8.991292038967603872e+00
-1.280062881283397758e+01
-1.032798226413982334e+01
-1.038452389818897004e+01
-9.298220594208370215e+00
-9.121390816136354829e+00
-1.136618694581858691e+01
-7.318967065249722737e+00
-9.556108934650605846e+00
-1.268478186754672166e+01
-8.649263121602270843e+00
-8.789172792911067233e+00
-7.258626767598520324e+00
-8.838355763332710779e+00
-9.573733560573771229e+00
-9.424651001937643713e+00
-8.250123135285758025e+00
-1.073424975550208416e+01
-9.987904132645212485e+00
-8.108306555216689304e+00
-1.098384037053995144e+01
-7.725032801474463362e+00
-7.732692200537533367e+00
-1.084924477795540554e+01
-9.908538367836420946e+00
-1.087211024089504718e+01
-9.190660100735751570e+00
-7.671664426637562428e+00
-8.654180632886710356e+00
-7.664651439416475753e+00
-8.317670990597715530e+00
-1.020075180703881657e+01
-9.855451780709863385e+00
-6.805872500427851080e+00
-8.261691671063925213e+00
-1.025213244958133529e+01
-9.448633299143079256e+00
-8.859562729938936343e+00
-7.689445867269721901e+00
-1.285537257726608473e+01
-1.357068851164949663e+01
-7.111880454112773364e+00
-8.876477964414455357e+00
-1.012913266720086014e+01
-7.076400137487586228e+00
-7.764604162820957889e+00
-7.672383622236294443e+00
-9.269146341641427256e+00
-1.187618634379693816e+01
-8.935488605524252392e+00
-9.356275672578963309e+00
-1.006977158694636287e+01
-1.220881420858088262e+01
-7.067176171029911025e+00
-9.076964780646349595e+00
-7.754306803976403373e+00
-8.839092510850385054e+00
-8.972004094677128450e+00
-6.763130941159125165e+00
-9.838078998025618915e+00
-9.939386284095892421e+00
-7.665949389350946497e+00
-9.216917452342794803e+00
-7.493439639878531899e+00
-1.017858483271079706e+01
-8.371361136285166538e+00
-9.086866815199929448e+00
-7.730765040157792534e+00
-9.084593206195656023e+00
-6.633572763489886448e+00
-7.209292286822033269e+00
-8.138891303232060892e+00
-9.846904557071553654e+00
-8.196535130158345339e+00
-8.315089227355684898e+00
-9.044736412101272549e+00
-7.815342993578545006e+00
-8.843562776265571301e+00
-8.504638747166904267e+00
-7.401933435443070586e+00
-1.075964733277519514e+01
-7.479955302368447967e+00
-8.727476063879656465e+00
-8.239165765066303493e+00
-7.342267807198445517e+00
-8.282702140177660155e+00
-8.528543594649974580e+00
-8.073622255228514177e+00
-9.489411291269405524e+00
-6.745037366543135349e+00
-6.575518096576424831e+00
-8.360505274981177237e+00
-7.070134625374626225e+00
-8.120326454747953449e+00
-8.279475509392854704e+00
-1.020798355690764936e+01
-8.687419744042525593e+00
-7.662243166489755453e+00
-8.120324746549602679e+00
-9.127212921117486388e+00
-9.190812859350739217e+00
-6.870948548442770587e+00
-8.154806068510900730e+00
-7.713513985184727417e+00
-7.392860355880263690e+00
-7.808828382374519705e+00
-8.705472930620835825e+00
-6.726787877620398426e+00
-9.229424046029745199e+00
-7.623018167305756876e+00
-7.659494512740987915e+00
-9.112548820922850012e+00
-8.870926864119265787e+00
-8.799155114865893523e+00
-7.074134381695375673e+00
-8.759452004416917958e+00
-8.068618169763944081e+00
-7.880864719628540627e+00
-1.016982508777336491e+01
-1.012024646343671108e+01
-7.466109807257309328e+00
-8.832091854693750577e+00
-7.195442281939584461e+00
-7.568693258916725952e+00
-8.188569867169420036e+00
-7.842633434728949027e+00
-8.286980325716644558e+00
-6.828418542810219094e+00
-8.144279895157918503e+00
-1.022319173701741590e+01
-8.044837134039294568e+00
-8.099238900205723013e+00
-8.618168210341988100e+00
-7.114554424288095369e+00
-7.198517832128966454e+00
-7.632248616576799094e+00
-9.105775556911289925e+00
-1.121916813537635349e+01
-9.175222415644437746e+00
-6.579765522670631306e+00
-7.090844918480082804e+00
-7.638911295372764698e+00
-6.839892166359310188e+00
-9.138642677061774577e+00
-8.461406752333589409e+00
-7.193836376992569726e+00
-8.864996422307957147e+00
-7.722467083130644561e+00
-8.683673611426211636e+00
-9.549515469476247631e+00
-9.164538314288776633e+00
-7.479780351685611173e+00
-8.462824176646829955e+00
-7.774927964197702934e+00
-7.472696133986617362e+00
-1.108084657348649316e+01
-1.020392435135747178e+01
-7.425450849210662341e+00
-9.234248634271814637e+00
-6.870328828115415121e+00
-7.141398533398664483e+00
-7.605338247405789787e+00
-1.001711614882544410e+01
-1.054660572841752142e+01
-7.069208851915160352e+00
-7.477261504714824092e+00
-1.106887414802033831e+01
-1.373549155629509499e+01
-6.859044016224228990e+00
-7.691614164102675844e+00
-1.110606561089371169e+01
-8.041374216437066735e+00
-7.266731636677359774e+00
-1.048966605419200704e+01
-8.171377478018422735e+00
-7.684668516355460000e+00
-8.546625126470651423e+00
-8.887670670434552278e+00
-8.609811300751559315e+00
-9.139288911316572950e+00
-7.411422523312055866e+00
-9.677733302758106504e+00
-1.007752618567580072e+01
-8.038766615332743726e+00
-9.120557387828817753e+00
-1.422414890677065813e+01
-1.339578959524030921e+01
-1.578773823704921853e+01
-1.369123093241327993e+01
-1.414246008464506232e+01
-1.577302083379098718e+01
-1.037150928612922129e+01
-1.394142022049681628e+01
-1.166860823065893626e+01
-1.190732602294463049e+01
-1.331826800342229689e+01
-1.566560772730457529e+01
-1.583392906541970291e+01
-1.032380557008736588e+01
-1.351254241841244763e+01
-1.142003562622918267e+01
-1.143839290890752025e+01
-9.753835370243269409e+00
-1.229140241956874391e+01
-8.764651932948236635e+00
-9.740888917326390839e+00
-9.457552104636551604e+00
-1.031926797153827380e+01
-1.068430645303883963e+01
-9.207938733599949188e+00
-1.670084350647150728e+01
-9.787714991536745401e+00
-8.190107998932230515e+00
-7.747017959573845758e+00
-9.249444996760523452e+00
-9.439136489361629856e+00
-7.094304673140672257e+00
-7.592783339319549185e+00
-8.761983577349962360e+00
-1.084567235061673074e+01
-7.785281893242064655e+00
-7.829640365767376764e+00
-7.658333201191391382e+00
-7.840512218480679252e+00
-8.633853430883984714e+00
-7.855439892758027121e+00
-8.430990591424158964e+00
-8.077369115485797835e+00
-9.010091065599148408e+00
-7.385228917622590927e+00
-8.682929090437163211e+00
-8.184909984661913995e+00
-7.787110763392998791e+00
-8.534664328365735741e+00
-6.699008228050801428e+00
-1.129966115478324085e+01
-8.594102076378732136e+00
-1.125679464690571763e+01
-7.823851000608778250e+00
-7.377964585392676966e+00
-1.065204575705045187e+01
-9.362793222604796739e+00
-9.252049665042488158e+00
-1.258641735454538590e+01
-9.919045919524869248e+00
-9.807569200708130097e+00
-1.134237368412535218e+01
-6.963360392647970798e+00
-1.023563493783179368e+01
-7.007213450211103201e+00
-7.398438750406080011e+00
-8.896761726368080048e+00
-1.100407582795405048e+01
-9.923015504477255888e+00
-7.518488738787860726e+00
-9.812362417155092942e+00
-7.838802685151746275e+00
-1.033494163298464130e+01
-6.391857080944175706e+00
-7.386576560077796394e+00
-8.538455071849664790e+00
-7.395681403028801171e+00
-8.594478857925967219e+00
-7.496818622269104004e+00
-9.231474491748265621e+00
-8.026311928921959549e+00
-7.269700685915845284e+00
-8.779259584899133273e+00
-8.293700888676779570e+00
-7.425825888770386740e+00
-7.653735419032022591e+00
-7.288499840392227647e+00
-6.308559262397376521e+00
-6.867980379858373396e+00
-6.920498558348477047e+00
-8.878175748523361221e+00
-9.282442258899862964e+00
-8.984188889819034074e+00
-9.694530626775630822e+00
-8.335048545130076647e+00
-9.770347148372295010e+00
-6.543017340980624041e+00
-8.111678001536681393e+00
-7.601567740920827987e+00
-9.891433812298757289e+00
-7.458406034566791298e+00
-8.375646731498068931e+00
-7.971086184932814511e+00
-7.497631492402152098e+00
-8.783438314156970961e+00
-7.530877316054291448e+00
-6.897057535078258361e+00
-7.572222065330763918e+00
-1.066152639612079511e+01
-8.518552405432831875e+00
-7.714916594841442432e+00
-6.737403320989974631e+00
-7.250469754971512693e+00
-8.057431338217959649e+00
-6.672666688935281698e+00
-8.385429106178278857e+00
-7.152435987619765179e+00
-6.920491294377038471e+00
-6.528727541914672194e+00
-6.687122994263478226e+00
-6.871312076722584372e+00
-7.620872358036093530e+00
-7.969053641275770872e+00
-9.149686821020331706e+00
-9.243478049862837054e+00
-7.005196087318342535e+00
-9.888047513820815482e+00
-7.655002341636734542e+00
-1.151038902293363364e+01
-1.189811880240096187e+01
-8.794030281028312857e+00
-1.215151210208598442e+01
-1.002345555491186602e+01
-1.032599380166078618e+01
-1.449802972248114941e+01
-7.956962068475597505e+00
-8.566081982026606312e+00
-1.005980139064875090e+01
-1.693981569092423456e+01
-1.671031484650590215e+01
-1.107118269315447989e+01
-1.457394076380865044e+01
-1.755178259109553807e+01
-1.078871113866429710e+01
-1.229546752276430510e+01
-9.097679236238839451e+00
-9.816119523237652800e+00
-8.470152383886098590e+00
-7.959136156136954021e+00
-7.942218498812798622e+00
-7.172598918462527173e+00
-8.712768186718246710e+00
-6.628480323786805961e+00
-7.955176383013395025e+00
-1.051333328420675173e+01
-7.633258201896547135e+00
-8.178671008333530779e+00
-6.024350900796625830e+00
-6.925467578357745957e+00
-6.284769323871073787e+00
-6.128318835423463895e+00
-7.858742909984310465e+00
-6.941859469951840111e+00
-6.280960242090205981e+00
-5.560094907615157567e+00
-7.921198338266005834e+00
-6.877558785164146649e+00
-6.758169440363295699e+00
-7.351804886139256645e+00
-8.869251280227455680e+00
-7.087814848520830324e+00
-8.970221821778071813e+00
-7.513278634393647515e+00
-7.560233906394732806e+00
-7.174664283538159992e+00
-8.356207649394701065e+00
-8.411842016220003160e+00
-7.420407774313783733e+00
-9.645404740234493346e+00
-7.440271023722703880e+00
-7.624221834519884666e+00
-7.133157949171857304e+00
-7.969214634021647647e+00
-9.154539164688230812e+00
-6.717401391218205120e+00
-5.551234435667394607e+00
-9.035487663911304423e+00
-6.953670140712349124e+00
-7.934259763148036271e+00
-9.141952612629541619e+00
-8.773852736496774440e+00
-9.453373662776279218e+00
-9.238853887638647677e+00
-7.872448134204970138e+00
-9.129507608019295617e+00
-6.545077130597702464e+00
-9.560829759211948442e+00
-7.547673497432953127e+00
-6.873710690078147501e+00
-7.937129778025505900e+00
-6.799394391741668819e+00
-6.323088625210180780e+00
-6.297394728523190821e+00
-7.904347721654481518e+00
-7.411979010262482959e+00
-6.514253659347200021e+00
-7.458610679429620305e+00
-7.321073725323192782e+00
-7.476152193478044161e+00
-6.865242501384044793e+00
-7.730404531424713177e+00
-7.353113715034199416e+00
-7.038584191437975868e+00
-6.828831214438001673e+00
-7.338876066449626201e+00
-6.953689087157175486e+00
-8.306815588693208241e+00
-7.664960433909651982e+00
-6.884881473679527630e+00
-7.758046078730748363e+00
-6.254495839803515089e+00
-7.069707523328053078e+00
-7.427642933985263873e+00
-6.615647170954821910e+00
-6.863604461448504779e+00
-7.070711405773508318e+00
-7.051786348327087950e+00
-5.754520610348657250e+00
-7.025337355076771928e+00
-6.972049884240870909e+00
-6.912759650927095656e+00
-6.258637346450476535e+00
-7.335964903309304397e+00
-6.181241070665521420e+00
-7.628855043306790762e+00
-6.023909864023877958e+00
-7.219870240711767195e+00
-6.331154066143199977e+00
-6.358067790594777335e+00
-7.195671177163924348e+00
-8.044299485537937500e+00
-6.064378907947499009e+00
-7.031460327691525514e+00
-7.495207706109444423e+00
-7.486070145877681270e+00
-7.041112766331780293e+00
-7.037812621052490059e+00
-8.603227989433989364e+00
-5.500448882442321441e+00
-7.816748910721274868e+00
-6.667687054292426474e+00
-6.361945148212365453e+00
-7.729832455617057008e+00
-5.654295167908687247e+00
-6.000506373331314869e+00
-7.319712314672181641e+00
-7.356344737945946122e+00
-6.634877847877199031e+00
-7.600615483062170163e+00
-6.278869619535271340e+00
-8.640725935379952816e+00
-5.831881075112371526e+00
-6.956194054223213463e+00
-6.821278441051798147e+00
-6.126933345169135237e+00
-8.781523408453701052e+00
-6.943495242968392489e+00
-7.881101774501162893e+00
-7.722475076019793327e+00
-7.505518762902515739e+00
-9.627502833213846145e+00
-7.782042519794018176e+00
-6.946024005127386935e+00
-8.179162522097726651e+00
-7.132772561590019045e+00
-8.148691419730994312e+00
-7.195101672014251548e+00
-9.932364284477063876e+00
-7.832133394219058076e+00
-8.059225758761527914e+00
-1.215017447022163921e+01
-8.843191626412767903e+00
-8.226203026073129365e+00
-8.978534429768060932e+00
-7.327640261140868638e+00
-6.331605729628440038e+00
-7.297408453951597984e+00
-6.950926264497621965e+00
-1.042099397306044040e+01
-8.352249648372355395e+00
-7.888880846214177289e+00
-7.157094637344441956e+00
-7.619147500640542248e+00
-6.693628562831871243e+00
-9.951087527214490080e+00
-6.017464184810289218e+00
-6.886074065883883932e+00
-7.241516289277504903e+00
-7.604245926418366608e+00
-7.496445965663119715e+00
-7.548387261156653594e+00
-6.891003217043196294e+00
-8.434235342869083496e+00
-6.283040686778161188e+00
-7.108896424395072522e+00
-7.507769545983464354e+00
-6.840059078307447749e+00
-8.274569341251959642e+00
-7.615375402262567484e+00
-7.347680137594159611e+00
-8.253147741733569021e+00
-6.527039145818854138e+00
-6.459240743468371626e+00
-7.651837951181537534e+00
-6.304753326864882546e+00
-8.538914637824333909e+00
-7.115320296746588724e+00
-9.167947961639999477e+00
-6.362566869106385248e+00
-8.608435385920298444e+00
-7.091785549131686572e+00
-1.058854367129264062e+01
-9.207424542122925715e+00
-7.417721274319284852e+00
-9.115204214838691144e+00
-7.418180619152773936e+00
-7.000766228381695377e+00
-9.833602965271659002e+00
-8.684836384303761037e+00
-9.168630678906435350e+00
-9.763793970679717660e+00
-1.253502735229952947e+01
-9.616735788228734094e+00
-9.319787898288325323e+00
-8.980962758480899311e+00
-8.595784739921187523e+00
-8.662559727046943436e+00
-1.044713768346353788e+01
-9.315012513320098719e+00
-7.608968903700902509e+00
-6.032984766850951530e+00
-1.001932020767241838e+01
-1.459100392921735434e+01
-1.573443568799352477e+01
-1.791607894810741541e+01
-1.538190395607057681e+01
-1.543912939571664111e+01
-1.576066280644755935e+01
-1.609988067180014326e+01
-1.880578690910311579e+01
-1.894165318479384652e+01
-2.565373150200724339e+01
-1.682458138450067864e+01
-1.525517030830003762e+01
-1.348590418346176634e+01
-1.095622970688522813e+01
-8.315131601258428873e+00
-1.138809025324444590e+01
-9.593491556828841027e+00
-1.072459226900027929e+01
-1.155613604415897555e+01
-1.025107474637403726e+01
-1.059469275570935309e+01
-8.569960297624673373e+00
-8.975218142963829138e+00
-9.024415436182525951e+00
-1.436101359580117531e+01
-1.665823786795141359e+01
-2.044456207137396220e+01
-1.592732080411073170e+01
-1.450827283997133677e+01
-1.512104775538202972e+01
-1.247425478985622149e+01
-1.194686167570439750e+01
-1.991095748575488145e+01
-2.195628261181701646e+01
-1.412114872335278548e+01
-1.405151507621739171e+01
-8.842961443176623249e+00
-7.700987964823367449e+00
-1.053349441958241783e+01
-8.413406442785248629e+00
-7.775983818861893937e+00
-7.961969234198887690e+00
-6.103802646919301189e+00
-9.523485007128961399e+00
-9.732036073331816084e+00
-8.005234853002992423e+00
-7.575793685377417930e+00
-8.904698370257744244e+00
-7.821190622892902233e+00
-8.156741211906247457e+00
-9.451644081287678745e+00
-7.660667188348625700e+00
-1.162297936234891438e+01
-1.072779693034224380e+01
-1.026075922589100031e+01
-1.590343053810834206e+01
-1.119931884206286554e+01
-1.543005155176178533e+01
-1.191831922927477905e+01
-1.442770511921025545e+01
-1.698531972032754211e+01
-1.350260445255241848e+01
-1.070349541425464324e+01
-9.747441068769177264e+00
-9.840518495411799904e+00
-1.030606165965168941e+01
-7.854041002326288989e+00
-6.432026907587642839e+00
-8.841675572496164648e+00
-9.281053632424658417e+00
-9.146551419790693416e+00
-1.241697982099804776e+01
-8.570376958598796335e+00
-9.267047358129929080e+00
-7.808512645865292257e+00
-9.722342607502966416e+00
-9.628621435124095740e+00
-8.853732450054867087e+00
-9.939694165509159518e+00
-9.421165801053358990e+00
-1.026836403753669913e+01
-9.329253511106223584e+00
-1.264415253656770233e+01
-1.292531592991890577e+01
-1.220578961027502274e+01
-1.066323170248940855e+01
-1.343436572188564782e+01
-1.789647135699220115e+01
-1.209051277481988151e+01
-1.233279560373710737e+01
-1.895502496092673894e+01
-1.828684000527620057e+01
-1.056381160574077427e+01
-9.130002524461254154e+00
-1.350139110925855945e+01
-1.009547284374405507e+01
-7.676134069378177216e+00
-5.966103165795852981e+00
-1.017248095167490618e+01
-8.176227435252602760e+00
-8.486945523673433911e+00
-7.440571033288003733e+00
-7.738415724137924556e+00
-8.769022090540971703e+00
-9.627239296445079475e+00
-8.281953867146475190e+00
-8.329379722850545065e+00
-1.015585694125798355e+01
-7.534752413177407071e+00
-6.508766706314045081e+00
-9.162441115912724143e+00
-7.138691490685695307e+00
-8.087891476023635562e+00
-9.211849930928021735e+00
-7.482193810158737968e+00
-9.195937658978564855e+00
-1.002595623773980194e+01
-9.714264003853525509e+00
-9.966039428072313910e+00
-8.217790374574121870e+00
-8.241805887197198643e+00
-5.856674074873144953e+00
-6.675419318829183268e+00
-8.372806378661724835e+00
-7.819348025179701622e+00
-1.005815417530078903e+01
-1.000225894514926139e+01
-8.071467768162875700e+00
-7.831335345566301065e+00
-8.201243943459548547e+00
-9.093612127453813088e+00
-8.239088933698942796e+00
-8.827965484406984586e+00
-9.407891056299440891e+00
-9.070910134795287405e+00
-9.396712692780866405e+00
-9.960982452840944745e+00
-1.117202809461381108e+01
-1.001134463481645653e+01
-1.110885948601922735e+01
-1.155396869592494724e+01
-9.194251345955581911e+00
-8.431265409204147687e+00
-7.644832680285954751e+00
-9.334143057484741490e+00
-6.948720399004736592e+00
-9.975973033536401857e+00
-6.277131441454081973e+00
-1.001527625983753822e+01
-7.392897102962174394e+00
-8.394190231972089578e+00
-8.355603274975116790e+00
-9.316019627882806020e+00
-8.028435099012288134e+00
-8.646837908808709727e+00
-8.185053965595692205e+00
-7.521551345914770259e+00
-6.167184638715569989e+00
-1.092284787745652963e+01
-1.129163047147259036e+01
-1.143142522915376702e+01
-9.305519184118249854e+00
-1.183275443378536451e+01
-1.167912965273215420e+01
-1.153087066612928524e+01
-1.288661536367160920e+01
-1.403688684235284256e+01
-1.215526423014733126e+01
-1.094299590888462603e+01
-8.245456250812930321e+00
-8.639124744210636919e+00
-9.207171433515473069e+00
-6.469217509763778295e+00
-9.595462289942254586e+00
-7.056643586940153590e+00
-7.921321595428299389e+00
-8.479643957715694569e+00
-8.931937210475489053e+00
-9.803594929835441008e+00
-7.555988341072341186e+00
-6.902356198790184472e+00
-7.594646139683103314e+00
-7.855521552395819285e+00
-9.536802313260185571e+00
-8.613526799765933717e+00
-7.391933161869121527e+00
-1.075614513270648587e+01
-6.133345556172907109e+00
-8.347595888275925802e+00
-9.730692756394656584e+00
-1.004824683006656727e+01
-8.548114625412852163e+00
-8.505571896826207734e+00
-7.362155206822579956e+00
-6.744677802830772784e+00
-8.811115955823588308e+00
-6.485773755630728665e+00
-1.164084303245762086e+01
-7.918959725814733730e+00
-7.243990518395531097e+00
-8.161967481247938139e+00
-6.996050510932400712e+00
-5.525264650027557067e+00
-7.035898238701109086e+00
-5.976974300760836911e+00
-8.212502287782857735e+00
-7.887078334935006652e+00
-6.072675002301779479e+00
-7.739739814113258731e+00
-7.871330695317720227e+00
-6.443146419161263516e+00
-7.594895725591556790e+00
-9.645834353545367890e+00
-1.377751507448347823e+01
-1.062153691983883164e+01
-7.215810111470818633e+00
-1.089476759055013844e+01
-7.630186991559201104e+00
-5.879341218960841609e+00
-7.379359261576635021e+00
-6.739746417582729521e+00
-8.992362569308216536e+00
-7.444298005789761419e+00
-1.204064140420732443e+01
-7.639527876636600823e+00
-7.493484776228031663e+00
-6.520516472166813848e+00
-1.093273470936122038e+01
-7.489840335931688742e+00
-8.079886859588693682e+00
-8.956366571981636326e+00
-6.907591210723520447e+00
-9.978757908415047950e+00
-8.605787717115653379e+00
-7.055975986124772170e+00
-9.189284699420674940e+00
-8.108181505822152246e+00
-9.562799552320470298e+00
-9.913759669263917829e+00
-7.138266126200245587e+00
-7.201169023501967636e+00
-9.479311236013046482e+00
-9.641414188326937307e+00
-6.675484946828741606e+00
-1.216889120608410835e+01
-6.347629561954115651e+00
-1.002245504319833813e+01
-7.895122104643350625e+00
-9.170740947129790044e+00
-1.070881295618914208e+01
-7.173739119164247668e+00
-7.104450720462653912e+00
-7.606407972499181547e+00
-1.329128329739165082e+01
-1.098343247839722991e+01
-9.368026852876706556e+00
-1.227775942254670838e+01
-8.046368059568287379e+00
-1.078492707816687002e+01
-1.155646801147999625e+01
-1.052414140095361716e+01
-7.363272764139152216e+00
-7.296102330573255301e+00
-7.204254730987983635e+00
-8.715278818017765161e+00
-7.153482480258094967e+00
-8.183037003325612346e+00
-7.337259959571252210e+00
-6.738982035945288551e+00
-6.897229741788097890e+00
-6.865417763948006957e+00
-6.968826694547314737e+00
-7.175084939605496537e+00
-6.096718731082384046e+00
-1.103455566321230918e+01
-6.627158100384608730e+00
-7.819894451694349158e+00
-6.893480228306533952e+00
-6.398939606411643055e+00
-8.971572379993638435e+00
-6.448294061319859161e+00
-6.391013623469297578e+00
-6.780699928352585282e+00
-7.921031407011870584e+00
-8.506745838056673392e+00
-8.548838581166283035e+00
-5.996984209384196518e+00
-7.063753807931307804e+00
-1.013856385401070170e+01
-1.433526248248366386e+01
-6.007221983674566168e+00
-6.615281855252589160e+00
-7.064922284841713029e+00
-6.391321265783410865e+00
-1.062436790311829071e+01
-7.484368293779289694e+00
-6.483997837451171975e+00
-5.814403198786100901e+00
-5.912256742020332467e+00
-6.981542393216550124e+00
-7.263621232023791841e+00
-1.042232362454770467e+01
-1.017305232883123978e+01
-8.397824587207463054e+00
-8.029088227211119033e+00
-6.957206207114339236e+00
-6.793411980064460565e+00
-6.283181787026453691e+00
-7.128256421756039352e+00
-6.460943734768280322e+00
-7.563957950498870098e+00
-6.748879402876271527e+00
-8.127542885269065209e+00
-7.374642975581346072e+00
-6.867575205280673778e+00
-6.752885121793702261e+00
-6.407486474564406009e+00
-7.917508475841684046e+00
-7.313494679377919638e+00
-6.090888225796479816e+00
-7.346303032697535151e+00
-5.967392448758927159e+00
-1.141299925825014583e+01
-6.939193186598119567e+00
-7.548189942317264034e+00
-1.145145259084557665e+01
-1.173120505809356473e+01
-1.264694635536478273e+01
-1.013697097061543673e+01
-8.032000466584511500e+00
-1.039846784643096811e+01
-9.310393366052572617e+00
-1.034531941779186681e+01
-6.984919083422947317e+00
-6.479770629075232158e+00
-9.789826066614082833e+00
-7.408854047922987185e+00
-9.439166044943846146e+00
-6.281240347039762639e+00
-9.799160043589321134e+00
-6.809084955820265961e+00
-1.098681585321914511e+01
-7.758700958450687857e+00
-8.958923603781887124e+00
-6.751479761462785056e+00
-7.510228086057940011e+00
-1.097049154824431128e+01
-1.103554865911721450e+01
-8.341159612866917428e+00
-7.798838982931115105e+00
-6.174411363086662163e+00
-5.788730536322250764e+00
-8.037299963201993691e+00
-8.981725039061178251e+00
-9.113810183217037064e+00
-8.172385691040055633e+00
-6.949722233162277440e+00
-7.014289480673400412e+00
-8.702937395713981061e+00
-8.526708146307040437e+00
-1.069641214463603873e+01
-7.511932742766436633e+00
-1.328599590063857505e+01
-8.294683731140173322e+00
-7.117306468179047663e+00
-8.980781569705712286e+00
-1.024236344946261923e+01
-6.862992269431935632e+00
-8.325278720535916221e+00
-7.763236074728325775e+00
-8.311052893836649247e+00
-6.793314068016740315e+00
-8.753119504243258575e+00
-7.077070431060722200e+00
-7.089870436529871256e+00
-7.013392968540830275e+00
-6.680208273456562651e+00
-7.709186011388842630e+00
-8.960386177990493195e+00
-7.968260439128089345e+00
-5.878965283959228572e+00
-6.024442553188033678e+00
-6.711531812450555634e+00
-6.728214483466444129e+00
-7.145751732324320926e+00
-7.179981664149731380e+00
-7.415776610312228456e+00
-7.248109528286083680e+00
-1.112495211419848218e+01
-9.819969638837456216e+00
-9.851741200477889038e+00
-6.395799580365364889e+00
-8.001367461660095159e+00
-1.027167455214106795e+01
-7.782590827221884666e+00
-7.965795085078272386e+00
-6.252180031819973394e+00
-9.048565406216422247e+00
-7.608294428538602716e+00
-7.727407182491891291e+00
-7.790478892195367600e+00
-7.783802243172814883e+00
-6.625243758916584014e+00
-9.306335551107785875e+00
-6.549667245832027973e+00
-7.059086636126362890e+00
-9.884286794406456522e+00
-7.038516482585912115e+00
-7.315073577299760821e+00
-6.492096572598088144e+00
-5.908683407958025491e+00
-6.559595793396431063e+00
-7.027041696398423909e+00
-6.537907582508162285e+00
-6.340437870641168594e+00
-8.023225045717808257e+00
-7.932721629793357820e+00
-8.714110279913047208e+00
-7.290242793186103576e+00
-6.314132910865292381e+00
-6.476779060593417015e+00
-6.167102700435838969e+00
-7.064201294456930569e+00
-7.036510714863727145e+00
-7.732818321354149482e+00
-6.744616699261023918e+00
-5.588095657488215018e+00
-1.034583038659001986e+01
-6.492986313822460609e+00
-7.118924695510562728e+00
-6.426879394570404358e+00
-7.324797161720395522e+00
-6.238083639838134076e+00
-1.287726753140383806e+01
-6.835322788753142476e+00
-5.937759311434745335e+00
-7.558385131750642749e+00
-5.976992270239812832e+00
-8.784528063712080836e+00
-7.225182161229390942e+00
-6.302677215747248596e+00
-6.245267171358222846e+00
-1.240048394270599985e+01
-7.224061481679650676e+00
-9.678593606452746911e+00
-6.841322279667925166e+00
-7.440960578532833658e+00
-6.630553610610461668e+00
-6.577871062159398541e+00
-8.098642238325016507e+00
-9.311692198496956507e+00
-6.859320037854546470e+00
-6.527762593045990158e+00
-8.309191656403239534e+00
-7.094146586192016990e+00
-6.685984190379993031e+00
-6.883674030118649867e+00
-8.789472353871360610e+00
-7.204885842594402234e+00
-7.964311060472906156e+00
-7.506829760012049491e+00
-8.605890901995419284e+00
-7.570848278992809099e+00
-6.797608271583920114e+00
-7.250063122472529820e+00
-7.217056954167617278e+00
-7.619929102208756966e+00
-8.165354001656876193e+00
-9.056419053120173146e+00
-7.475635890519582993e+00
-7.626524367062137877e+00
-7.471304442342880492e+00
-8.675292863887214878e+00
-8.863663606984935939e+00
-8.227322734609982646e+00
-9.453667335424540852e+00
-7.652161588340129050e+00
-6.769708787413763140e+00
-6.713800445343841794e+00
-7.442834020454431432e+00
-6.622715651785464175e+00
-6.506237931796857943e+00
-6.870672905953225218e+00
-7.220657360926920454e+00
-7.232759295656505216e+00
-9.542919068782669711e+00
-6.603949703534547133e+00
-6.473308159927483985e+00
-8.619897373373220262e+00
-5.891553975174367963e+00
-6.186104601209374998e+00
-5.712717322819250043e+00
-6.433675715163515996e+00
-6.242582631143466898e+00
-7.344469971324500079e+00
-7.518144314822955643e+00
-6.052592541286737848e+00
-7.835522691560145248e+00
-7.541745604391514313e+00
-7.544831399773197056e+00
-6.861868604072707711e+00
-7.555694531051302398e+00
-7.772209765098073042e+00
-7.591787256825746510e+00
-8.698965193263660467e+00
-7.893142934612589201e+00
-9.131385303008880072e+00
-8.622633586133119366e+00
-8.604266077194310469e+00
-7.755285228009447529e+00
-6.504843684904908940e+00
-7.475381798460879246e+00
-6.072248861523823038e+00
-6.562025229552224559e+00
-5.921176290010470744e+00
-6.998977787999225875e+00
-7.454664793870626305e+00
-7.047977505532874609e+00
-6.412077695162354374e+00
-6.555454418954501428e+00
-6.285837531129831568e+00
-7.590118992680988441e+00
-8.147402055837126511e+00
-6.401064347968000945e+00
-8.221451272144758349e+00
-6.369054978971705694e+00
-7.599371558178630970e+00
-6.809659252197103996e+00
-6.426665971846397873e+00
-7.807751127847061490e+00
-7.439138599955937181e+00
-8.412502208248859858e+00
-7.028127611122858553e+00
-7.431773113657802021e+00
-6.364047134158214547e+00
-7.181338620201587197e+00
-7.142910820361620061e+00
-6.829219302540976422e+00
-6.981863529914704714e+00
-7.196082747192526163e+00
-6.663312844368708632e+00
-7.095474426713497706e+00
-6.823242407191218106e+00
-7.156988619128694218e+00
-7.839081677404650783e+00
-7.147425935775287620e+00
-7.423330209734428919e+00
-7.335588193526828782e+00
-7.531127538167427637e+00
-7.179053697512931542e+00
-6.513609587493214725e+00
-7.943163658259329907e+00
-6.196215989789328304e+00
-5.961216016187457889e+00
-6.113374359611245978e+00
-7.037944225943978616e+00
-6.895030358296590833e+00
-6.160946459728352309e+00
-8.120689254486562092e+00
-6.604111738801345055e+00
-6.399840653046187988e+00
-6.447736387888542531e+00
-7.779750229936768235e+00
-8.958696337324152381e+00
-7.004466977561402352e+00
-8.429032636615321650e+00
-6.687362611847638583e+00
-7.228645672310629600e+00
-7.017165120704573766e+00
-6.287547014603088513e+00
-7.023625057103842551e+00
-6.836673306043988596e+00
-7.311444726833656205e+00
-5.951110076863430187e+00
-6.146438164103867230e+00
-6.682295458690780343e+00
-8.276301135426807676e+00
-6.777713694545843381e+00
-6.162307355121638963e+00
-6.981666587439030458e+00
-6.306674891160175100e+00
-6.231757489203477718e+00
-6.750740755151837469e+00
-8.026326219322006850e+00
-6.322375791944609524e+00
-6.222970995629943936e+00
-6.270832520349354233e+00
-6.379516896215017496e+00
-6.362590661784807367e+00
-6.434024223321562985e+00
-6.269212982223169028e+00
-6.935142201831738795e+00
-6.366815529356100178e+00
-6.055782085952408522e+00
-5.514147761150923976e+00
-6.902491485422515893e+00
-6.089643754698392364e+00
-5.849445291592592078e+00
-7.072735726723557548e+00
-6.759764908932605287e+00
-6.601307863456993275e+00
-6.700507794142613882e+00
-6.436434724393572004e+00
-6.538457568592169089e+00
-6.622050127270055597e+00
-6.242959325253617742e+00
-5.913622289663095444e+00
-6.870951243067906056e+00
-7.267527009719000120e+00
-6.890833054664391000e+00
-6.187386830758389245e+00
-6.115572980443426232e+00
-7.183012905485689714e+00
-6.354704957003038501e+00
-7.064243617819400356e+00
-6.327910419579056978e+00
-5.724825734569515490e+00
-6.662155537145580730e+00
-5.763432650310791772e+00
-6.226852297790586910e+00
-6.975562382228306824e+00
-5.948838783833185317e+00
-6.449508088647640136e+00
-6.307427681962980870e+00
-6.033456495130241848e+00
-5.881799434206063992e+00
-6.305281854589876112e+00
-5.978270698343727929e+00
-7.035169056141294064e+00
-6.204943283232458917e+00
-6.178741308127375653e+00
-6.019613953898887537e+00
-6.275571749925510368e+00
-6.389853998694709603e+00
-5.818426651651658510e+00
-6.637065191031717326e+00
-5.869408570377724566e+00
-6.395446589014360583e+00
-6.602410503375328865e+00
-6.413694291756478982e+00
-5.629357637456492647e+00
-5.930225198109105200e+00
-5.684095849206363127e+00
-5.909042441563038928e+00
-6.708218448748664464e+00
-6.075902794415971364e+00
-6.567466365976190268e+00
-6.234304811693151649e+00
-6.071407018735442307e+00
-6.274411797323051765e+00
-5.966944875283068050e+00
-6.742615361561485443e+00
-6.414396905561734918e+00
-6.191331688542058842e+00
-6.011740377090315057e+00
-5.613993513558927617e+00
-6.616555925683216266e+00
-6.223583768780104997e+00
-5.764561551649767246e+00
-5.684448498887972434e+00
-6.286754038151881829e+00
-6.377155774722924164e+00
-6.233586443415724432e+00
-8.032221091684252912e+00
-5.691387361938891942e+00
-5.768765455051755531e+00
-6.054903294064343022e+00
-6.356271649588866701e+00
-5.793950985985873103e+00
-6.561809106248491119e+00
-6.454177923040650633e+00
-7.267720135158521444e+00
-6.553843365074863314e+00
-8.117293530997940820e+00
-6.917525708716478761e+00
-7.112691314614379756e+00
-6.095230390836269940e+00
-7.836715188439435487e+00
-8.769456437638318391e+00
-6.384838653281708964e+00
-6.530309249705917196e+00
-7.642975015100368807e+00
-6.765835627501226135e+00
-6.674665053597261810e+00
-6.101825060459631800e+00
-6.569739889671972755e+00
-5.841778277695230059e+00
-6.151700004625853424e+00
-7.383495632837733247e+00
-6.662249971192873765e+00
-6.552658351417576021e+00
-6.585137365139648757e+00
-6.343971499201730424e+00
-5.794681103026213975e+00
-6.818578851091992021e+00
-6.312491842674906373e+00
-6.032469635458977741e+00
-6.097093982051116967e+00
-7.149537389841936097e+00
-6.227989600954732197e+00
-6.375585281335403920e+00
-7.151379975666569244e+00
-5.681099424957899657e+00
-6.120206350013825514e+00
-6.867764591134980279e+00
-6.379083925746473760e+00
-6.388763150668596680e+00
-5.964958907441292091e+00
-6.548016846721662176e+00
-5.876224517726311269e+00
-7.074766186206571383e+00
-8.502607773359105892e+00
-6.643013780677303082e+00
-6.634712080406156787e+00
-6.811486027610931693e+00
-6.819530780353164623e+00
-7.166829618134151758e+00
-6.410315794881482176e+00
-6.525655660098603761e+00
-6.555690514010738212e+00
-6.558720141868943365e+00
-7.257634823904009380e+00
-7.402530261255295230e+00
-6.180625470622473472e+00
-6.453582013637118919e+00
-6.062637569610684452e+00
-5.950389487944770295e+00
-6.242925234190729533e+00
-5.967252310796848036e+00
-6.973198897005879360e+00
-6.213709306291433698e+00
-6.314192962474398207e+00
-6.199503671879392108e+00
-5.930838311618070513e+00
-6.415062986614109342e+00
-7.018222142056837143e+00
-5.658136176361879599e+00
-5.824112420602548745e+00
-5.988016844353166057e+00
-5.845711970961180448e+00
-6.105975850090858081e+00
-5.632585802846402423e+00
-6.142437714983250530e+00
-6.699633611673573519e+00
-7.149576677475325326e+00
-7.106074971423582021e+00
-5.513294918905810249e+00
-7.108586216372086319e+00
-6.385522128286095445e+00
-6.632468975911220532e+00
-8.027773755407206835e+00
-7.816379130201839942e+00
-7.687924936838867573e+00
-6.600237817518580741e+00
-7.229994438967200843e+00
-6.852914439766048638e+00
-6.361784087633857609e+00
-5.925007229718977975e+00
-7.658964984347930383e+00
-6.080107591735938399e+00
-6.110186864111584626e+00
-6.692178699125747698e+00
-6.227169510057728452e+00
-6.703394048271787753e+00
-6.703244813632227128e+00
-6.431976563636517596e+00
-7.651436255232963113e+00
-5.778749166682051630e+00
-5.906955507565263552e+00
-6.215413936676646323e+00
-6.706553712775711773e+00
-6.065690848100588894e+00
-6.045185628530917121e+00
-5.715300846887200414e+00
-6.412119987002780519e+00
-6.181473963299066732e+00
-6.262784224101814345e+00
-5.978476364295868706e+00
-6.558525376517430061e+00
-5.987943521854120377e+00
-6.391643440394784825e+00
-5.681989178412940156e+00
-5.459376109633178764e+00
-6.618547918473870695e+00
-5.640639715995476422e+00
-5.872044396685210721e+00
-5.294235520271478812e+00
-5.806987770485733336e+00
-5.895579256408080226e+00
-6.259295675094722178e+00
-7.007011240449835476e+00
-5.784026812678107810e+00
-5.446213756319892241e+00
-5.863036602803243014e+00
-5.842098715778737628e+00
-6.531635272630350819e+00
-5.744624275217781850e+00
-5.864398040699913217e+00
-6.280666963164186711e+00
-5.766841522887537153e+00
-5.976715524604680141e+00
-6.014526237579263857e+00
-5.422266680995814880e+00
-5.656581194553573333e+00
-5.601178092250630236e+00
-5.821173716584719493e+00
-5.835098237575254032e+00
-6.239760170193379807e+00
-5.827608299195838448e+00
-5.678044856404549812e+00
-6.125412773961612878e+00
-5.682178679121091314e+00
-5.815808991534727745e+00
-5.927607619264914085e+00
-6.104404223915853578e+00
-6.429355158437735085e+00
-6.023359595999776772e+00
-5.454014046265207583e+00
-5.471768104475733807e+00
-5.717326265792354256e+00
-5.804422028581638138e+00
-5.590499173581577885e+00
-5.814268155370297286e+00
-5.821347540073541715e+00
-6.133706970723610041e+00
-5.676334572287682789e+00
-6.373297953200145471e+00
-5.750340761079096197e+00
-6.122840084901684854e+00
-6.579229527452659099e+00
-6.008973459199890677e+00
-6.102431448663319991e+00
-6.821344651312247542e+00
-5.641137458113791858e+00
-6.594355335190560830e+00
-6.473484188736872369e+00
-6.007052591359672178e+00
-6.047192269941105813e+00
-6.040573425168969557e+00
-6.031506294837049253e+00
-6.245641618174468945e+00
-6.228519197432646592e+00
-6.368848472738436683e+00
-6.166497095539392959e+00
-6.006909435483611226e+00
-6.213828362829512564e+00
-6.285697153626279565e+00
-5.837078742991223201e+00
-6.342467306201340804e+00
-6.162063325399476099e+00
-6.072817488152785437e+00
-6.014252544022106406e+00
-6.141158587548241066e+00
-5.789689035976033793e+00
-6.081616139915147379e+00
-5.905446922840675406e+00
-6.124976953632466525e+00
-6.341259231504150939e+00
-5.878866383554647967e+00
-6.030863127946432201e+00
-5.622651495356892681e+00
-5.576436336348206346e+00
-6.126096592785509110e+00
-6.784398204517755993e+00
-6.030885859946948813e+00
-6.356138292767209208e+00
-5.992879738160025838e+00
-5.788344580575271792e+00
-6.301959920406799753e+00
-5.763367018928749808e+00
-5.986035043372624820e+00
-5.948805644078494659e+00
-6.480229382905676516e+00
-5.984782038026354556e+00
-5.996871729559231312e+00
-6.484950904837945451e+00
-5.319190014465632110e+00
-5.754027634902624477e+00
-6.148148359910938332e+00
-6.002397398618436242e+00
-6.814003235788000268e+00
-5.597315570332924928e+00
-5.631775896641634915e+00
-6.270344299042109881e+00
-6.067560531836329041e+00
-5.574056349350740902e+00
-6.163384854848024119e+00
-5.791659834866647039e+00
-6.270780786886073876e+00
-5.550568393088401109e+00
-6.262275953266883910e+00
-6.556035650177336471e+00
-5.567800097110006341e+00
-5.680534741033348212e+00
-5.779292431529333030e+00
-5.824556222584447163e+00
-5.462173517880234641e+00
-6.045677198423598853e+00
-5.869622292226225113e+00
-5.889672721431109537e+00
-6.240211179980689415e+00
-6.638290171595849110e+00
-5.954139941813231474e+00
-5.660371083175732565e+00
-6.239538261202007163e+00
-5.871071755280066640e+00
-6.815625700094516404e+00
-6.208857909339555725e+00
-5.887403071424917478e+00
-6.337867734248719742e+00
-6.538784846151951768e+00
-5.614064562888415821e+00
-5.675720158005705507e+00
-6.022720310591945569e+00
-6.512214693492701656e+00
-5.871090812229173395e+00
-5.828649142418768747e+00
-6.489005613976196685e+00
-5.799492994350929465e+00
-6.473353681885605226e+00
-6.704425759461191348e+00
-6.230007871963019639e+00
-5.731470819036603714e+00
-5.609391259155025899e+00
-5.655240824751387230e+00
-5.998130095602472345e+00
-6.477942862070093177e+00
-6.000297844287496574e+00
-5.877312501590006732e+00
-5.916465057204209899e+00
-6.231712830555192539e+00
-6.079409880253938248e+00
-5.818918007207849463e+00
-5.808912608102954067e+00
-6.000550538974292358e+00
-6.528601898148199467e+00
-5.865135951907183731e+00
-5.848364440195399361e+00
-5.519554079936945357e+00
-6.347342677018181334e+00
-5.455084201848062087e+00
-5.783637820658852569e+00
-5.877043278292572559e+00
-5.677742062491477171e+00
-6.286193541198320744e+00
-6.265391988401478152e+00
-6.741267997088474573e+00
-5.727294516768193233e+00
-5.841346424850867081e+00
-5.916558236656439540e+00
-5.725613539224684523e+00
-6.142312270320763545e+00
-5.628916190097370986e+00
-5.510729574525561780e+00
-6.383402220051239695e+00
-5.953069622991502996e+00
-5.600438411591708743e+00
-5.998760647250812816e+00
-5.776258660330146455e+00
-6.194503030620171380e+00
-6.049048071263388948e+00
-5.801989628564302670e+00
-6.144887436681464088e+00
-5.526680805963605891e+00
-6.027551892368576247e+00
-5.408329748375000356e+00
-5.906806372467628741e+00
-5.641653273340395458e+00
-5.665419757116525901e+00
-6.161408114983629503e+00
-5.770056291338256038e+00
-6.311764554236198421e+00
-6.757128617347572863e+00
-5.449065723354092228e+00
-5.953896543743955938e+00
-5.911693453507098184e+00
-5.980399680579036925e+00
-6.130462979529214707e+00
-6.113554564289295890e+00
-5.882343720245381213e+00
-5.726937003658931324e+00
-5.706250919175045233e+00
-5.653469717388747817e+00
-5.528134073815357041e+00
-5.812437338862680214e+00
-5.854078504984719267e+00
-5.547555269872028738e+00
-7.454840884566884540e+00
-6.026924708676422604e+00
-6.065908194574330281e+00
-5.650089922580674440e+00
-7.959833683705467955e+00
-5.537238098723781476e+00
-5.773486935842498724e+00
-5.504102553755346960e+00
-6.036956587853910428e+00
-5.985685432067988643e+00
-5.817171011030649375e+00
-5.908730075388479719e+00
-5.370619238216958635e+00
-5.987385737933766272e+00
-5.757502097013706965e+00
-5.470046442071953230e+00
-6.420558007863373717e+00
-5.501270282170025006e+00
-6.446655198953790133e+00
-5.836909098414123420e+00
-5.525119639661075333e+00
-5.950522098845118180e+00
-5.606417157523148731e+00
-6.033701267978523575e+00
-5.395668472951344441e+00
-6.432928118596071165e+00
-5.564644957629528044e+00
-5.702570999895328008e+00
-6.974480139027588343e+00
-5.631161650936483021e+00
-5.761741215997334464e+00
-6.094137456444111756e+00
-5.440776774710357699e+00
-7.699860805853067092e+00
-6.426250779851688577e+00
-6.346284629526649290e+00
-5.635238067387531302e+00
-5.449556047358535160e+00
-6.716721212799447116e+00
-6.847676379501733912e+00
-6.183738616925882781e+00
-6.071716370737797241e+00
-5.453693915830698735e+00
-5.785493474304130856e+00
-5.639031334876390744e+00
-6.638344640919347839e+00
-5.684843093614611043e+00
-5.812567783314300129e+00
-6.181619517723449420e+00
-6.027124325894970269e+00
-5.859142583328327269e+00
-5.927767153683557666e+00
-5.332813116818765131e+00
-5.577335878352591259e+00
-5.638119119692007075e+00
-5.814333494596206187e+00
-6.970157018774637336e+00
-5.909007739930328462e+00
-5.654687294867804859e+00
-6.070990578222422940e+00
-6.123459376464878368e+00
-5.704139419353449370e+00
-5.847203126899959358e+00
-5.605943018838080327e+00
-5.391051320993407003e+00
-5.629499862745293015e+00
-5.929125621445885841e+00
-5.512470958679713817e+00
-5.582712092301723494e+00
-5.610640564324969937e+00
-5.698647619359157090e+00
-5.788603819384435134e+00
-6.780465239261412869e+00
-5.577861973873887713e+00
-5.777542893027181492e+00
-5.968469264339016256e+00
-6.139002527024516098e+00
-5.832283121603508924e+00
-5.812000658092974170e+00
-5.967454380312579687e+00
-5.481822322498923761e+00
-5.625376198918863757e+00
-5.753985197308828070e+00
-5.543272382351531746e+00
-6.138248600716121217e+00
-5.741904725217170657e+00
-5.639685362989315109e+00
-5.753029705666313554e+00
-5.673628935731394485e+00
-5.905347958507889849e+00
-5.881235722289317458e+00
-5.559927872815692673e+00
-5.775975769245860647e+00
-5.319778054376294918e+00
-6.173063394516627334e+00
-5.424301324346598285e+00
-5.732361677279976142e+00
-5.413822638955810618e+00
-5.586592240432191936e+00
-5.460936049900351641e+00
-6.051409451325453936e+00
-5.646787675389234984e+00
-5.732888857899431478e+00
-5.774757231775025978e+00
-5.303336572716329300e+00
-5.697994109675732943e+00
-5.781597128972959965e+00
-5.390237430770270066e+00
-5.781520422709816032e+00
-5.364808880346191522e+00
-5.586885437312959723e+00
-5.799568712456080632e+00
-5.541984529940702231e+00
-5.765752567219328384e+00
-5.509024243266138932e+00
-5.892440657735988019e+00
-5.663681112863938161e+00
-5.382096789806288584e+00
-5.527853626005804877e+00
-5.550520804160110622e+00
-5.894445921095570640e+00
-5.509655944176927278e+00
-5.598144984411027814e+00
-5.332109541656421925e+00
-5.351307814504211002e+00
-5.301927969339981672e+00
-5.691633027557630342e+00
-5.912838439552158931e+00
-5.545093864760065827e+00
-5.401428376718226509e+00
-5.518446078844163161e+00
-5.454631264150657799e+00
-5.469597200169196149e+00
-5.389215364629171390e+00
-6.354179213942002136e+00
-6.012088403403001990e+00
-5.355784013763685181e+00
-5.600980941519053680e+00
-6.125255992812221884e+00
-5.789967364063149269e+00
-6.854182017192498755e+00
-5.431986748232955797e+00
-5.539254376236455890e+00
-5.589985487023896304e+00
-5.778971139725078032e+00
-6.214182670704788691e+00
-5.448822293972795272e+00
-5.517192961903966797e+00
-5.866378028417318369e+00
-5.552001618693577889e+00
-5.443371621858031695e+00
-5.639340714601337012e+00
-5.705106793734135096e+00
-6.519957654768148814e+00
-5.466879175858558426e+00
-5.492919254888106728e+00
-5.549244712900493148e+00
-5.857831512121958184e+00
-5.886758653843275901e+00
-6.023686535359083827e+00
-5.093379816736471000e+00
-5.457297132707796372e+00
-5.671062227961997770e+00
-5.406345193222869661e+00
-5.313537483260353689e+00
-6.220989297315434818e+00
-5.420191972803482194e+00
-5.302936308103302743e+00
-5.405015244737785274e+00
-5.470139450724382790e+00
-5.642276853632775868e+00
-5.859476612081907732e+00
-5.581881256437273287e+00
-5.621996351662817304e+00
-5.320656006798880178e+00
-5.463626634844861663e+00
-5.877444020513401313e+00
-5.429103299785247749e+00
-6.104361752412654774e+00
-5.663053775113154664e+00
-5.270983707291091669e+00
-5.609683160753919040e+00
-5.286879077697415497e+00
-5.715900999086866108e+00
-5.727926672042682910e+00
-5.755592019807688864e+00
-5.365901964140720182e+00
-6.233836533389537138e+00
-5.746130535085637980e+00
-6.579579229190609446e+00
-5.732660151437507068e+00
-5.804878860076771119e+00
-5.863476825455732566e+00
-5.665583692469257748e+00
-6.023433476033035028e+00
-5.899513928665826690e+00
-6.320648310209088017e+00
-5.759576828126728998e+00
-5.807192554950871610e+00
-5.480451599603989976e+00
-6.331064603083258469e+00
-5.467918623244430343e+00
-5.466810891337851253e+00
-6.057789603551611890e+00
-5.761835966446527735e+00
-5.317893582538950170e+00
-5.769773451419099253e+00
-5.816517613710875167e+00
-5.485141248460392305e+00
-5.486933496131141119e+00
-5.378372440428758949e+00
-5.667197856193551431e+00
-6.650002945412908595e+00
-5.427180205098817822e+00
-5.950960296702836771e+00
-5.570939578222819044e+00
-5.861985003788915627e+00
-5.592508570385586353e+00
-5.622446824988656111e+00
-6.588581772672544190e+00
-6.066367378029474899e+00
-5.975159324107624847e+00
-5.410308165334226871e+00
-5.813463240093356355e+00
-5.556714307454760693e+00
-5.915716149645737332e+00
-5.499886617178040282e+00
-5.568414546598629222e+00
-5.583812156821148065e+00
-6.147111547581014079e+00
-5.603258928098916236e+00
-5.673920756273354904e+00
-5.181238611517323456e+00
-6.352834016436474052e+00
-5.793298311343128226e+00
-5.844813530712214877e+00
-5.774937630511227660e+00
-6.002920818007365433e+00
-5.436575331986633230e+00
-6.124244446661808006e+00
-5.698516895904928603e+00
-5.481864711200365115e+00
-5.466500177927013482e+00
-6.064357019190416587e+00
-6.223026175075990984e+00
-5.307733238452382984e+00
-5.539492611336230610e+00
-5.503937297974300868e+00
-5.628584945802612260e+00
-6.002588124296469374e+00
-5.470590835599234758e+00
-5.726848004247751867e+00
-5.868939434383146470e+00
-5.901280426486375852e+00
-5.881005374378668549e+00
-5.977574310921573542e+00
-5.563412638805735888e+00
-5.430378705689685503e+00
-5.735373754504721866e+00
-6.209021116823397968e+00
-5.364947561371929297e+00
-5.483110247258225378e+00
-5.473619505811237573e+00
-5.837412536616849223e+00
-6.487538026606203267e+00
-6.301151681977125385e+00
-5.686705690497328547e+00
-5.577387447984209601e+00
-5.585381031786785577e+00
-5.882191701916852367e+00
-5.898666101051842858e+00
-5.686495364584829737e+00
-5.654834601110366066e+00
-5.811842445662995793e+00
-6.098380231598663492e+00
-6.046297403326425624e+00
-5.542168304801872836e+00
-5.918867247595239078e+00
-5.604760801507948642e+00
-5.748996389572480048e+00
-5.835765808867973803e+00
-6.095200280836023055e+00
-5.551068495340760300e+00
-5.279950175543657309e+00
-5.628264571304780084e+00
-6.146645463139089216e+00
-5.536138819326680505e+00
-5.928650720233316740e+00
-5.603556549740990711e+00
-5.488314485381884822e+00
-5.492151038241273930e+00
-5.817500310036344047e+00
-6.323559600820240156e+00
-5.703128500369271769e+00
-5.261347166228731886e+00
-5.846394503841651158e+00
-5.816081336742505492e+00
-5.515581540234443025e+00
-5.888252288385361410e+00
-5.935377107127322915e+00
-5.527285987322228422e+00
-5.900443439513274768e+00
-6.095516030877154989e+00
-5.350699909919858221e+00
-5.883800117079742265e+00
-5.619444925002796687e+00
-5.544458663507374041e+00
-6.833440919620842990e+00
-6.147116060585039676e+00
-5.722620747888927717e+00
-5.509407251116808624e+00
-6.036527935056892780e+00
-5.618861356943348540e+00
-5.655441088053056120e+00
-5.783746585150067787e+00
-5.451299309888384848e+00
-5.269924347939962672e+00
-6.125527263724380056e+00
-5.299659172141298669e+00
-5.242995496720834758e+00
-5.617047289121457787e+00
-5.581390001689949365e+00
-5.678438368198389874e+00
-5.693298882755444268e+00
-6.795230118155846100e+00
-5.222479328037361590e+00
-5.817035177006710356e+00
-5.488269757166175822e+00
-5.827572947720208951e+00
-7.656735154618395711e+00
-6.714997027379616235e+00
-6.894435205025830626e+00
-5.766107230419024177e+00
-8.299980925234365259e+00
-6.722429479543079900e+00
-5.647233132500778297e+00
-6.998917859627246330e+00
-6.037213927492641297e+00
-6.310689018232702452e+00
-5.889402734102979764e+00
-5.763285500588434473e+00
-5.592451819877093833e+00
-6.391938223918872453e+00
-5.514335715034410335e+00
-6.041154420817911763e+00
-5.980322159006398408e+00
-6.214146156558391532e+00
-6.111792939255032309e+00
-6.208214542487938914e+00
-6.012936007078022449e+00
-7.302099904680930287e+00
-5.842084593857245878e+00
-5.733757590263762971e+00
-5.578725969806657581e+00
-6.144044908207334288e+00
-5.761631409321718245e+00
-5.697838144731560917e+00
-6.417487810343807553e+00
-6.218600664088397068e+00
-5.543480573717002535e+00
-6.513795715470408254e+00
-5.836680800959967996e+00
-5.912461709184237080e+00
-5.724020457992811117e+00
-5.310773599047313276e+00
-5.972481774967200785e+00
-5.384817319329541441e+00
-6.108739069274741418e+00
-5.608974977335905443e+00
-5.766522358187099684e+00
-6.945620276456721420e+00
-5.551199618745148889e+00
-5.622533001069657033e+00
-5.627328888155789244e+00
-5.586724089556077466e+00
-5.711793707800219444e+00
-5.634733662907958518e+00
-6.516292039752067389e+00
-5.818275796036304293e+00
-5.911975095135934666e+00
-5.532370046896061488e+00
-5.649094846934308300e+00
-5.294432686039009184e+00
-5.509743685622203735e+00
-5.955795928409784779e+00
-5.685935754200836634e+00
-5.946149270553801713e+00
-6.028961094181401137e+00
-5.994914021376341218e+00
-5.620619973197086949e+00
-5.616255236566418674e+00
-5.506309903307348819e+00
-5.886287156288102729e+00
-5.993701638101462059e+00
-5.696666506876800540e+00
-5.731030535162282114e+00
-5.706024305638437433e+00
-5.335433378919027803e+00
-5.401191701028859704e+00
-5.536784792329788374e+00
-5.445270634337185278e+00
-6.251309015178194706e+00
-5.443466171753156502e+00
-6.118759068588112804e+00
-5.368827721893531191e+00
-5.949018692918778939e+00
-5.573488715431472507e+00
-5.549006246010161902e+00
-5.781165514561506846e+00
-5.485873264053802600e+00
-5.852587020186068578e+00
-5.790824913113246986e+00
-5.343809085762583955e+00
-5.411472538609768179e+00
-5.765270699262339704e+00
-6.152580215349797932e+00
-5.382911165862651615e+00
-5.702751204103711835e+00
-5.740373244085674287e+00
-6.132149857691165273e+00
-5.846254020913977278e+00
-5.587873663593676987e+00
-5.515854995104766623e+00
-5.811312128732610383e+00
-5.385040162821734810e+00
-5.713020264130817871e+00
-5.729534720640132583e+00
-5.655057134663608487e+00
-5.605766129815054732e+00
-5.480561970964869190e+00
-5.809976746971319272e+00
-5.591632410274670839e+00
-5.936639678933806508e+00
-5.646304956890586091e+00
-5.892274288877001887e+00
-5.445013660114543796e+00
-5.764808793112409013e+00
-5.955691480354428080e+00
-5.553840869674231406e+00
-5.634616116634799887e+00
-5.331511907924156191e+00
-5.632156191704770443e+00
-5.782445276932383749e+00
-5.409860675045233158e+00
-5.662237468177909960e+00
-6.005888157124512183e+00
-5.651697586047917277e+00
-5.709661904111247743e+00
-5.220076449266041863e+00
-5.747768815404454834e+00
-5.297239236978212418e+00
-5.941149702606490557e+00
-5.642626670339509154e+00
-6.469142436054261758e+00
-5.472912418547532631e+00
-5.247481828083311761e+00
-5.578596895484056795e+00
-5.745863674731138460e+00
-5.691700351521086887e+00
-5.715079311294580577e+00
-5.708520543338001296e+00
-5.717159218216104399e+00
-5.478150448697882702e+00
-5.519092674810556431e+00
-5.368032834148225518e+00
-5.412166534472210522e+00
-5.905334308775767482e+00
-6.017985914286202664e+00
-5.541573916635838870e+00
-5.947705605682397589e+00
-5.576851491048089748e+00
-5.656269548044105200e+00
-6.160734502642529975e+00
-5.336246231297154807e+00
-5.655954418322842514e+00
-5.445731072464220723e+00
-5.508646502219752605e+00
-6.311463747777921185e+00
-5.509120460776145478e+00
-5.352541860182192579e+00
-5.507396238631676155e+00
-6.388559311770927174e+00
-5.876689746580306739e+00
-6.073857207034290440e+00
-5.475197138476810998e+00
-5.320450787084178401e+00
-5.457652884223056944e+00
-5.880489561946049548e+00
-5.767200019047257875e+00
-5.835604849142161932e+00
-5.915911142038752679e+00
-5.941275649102504275e+00
-6.344439528620350544e+00
-6.072773251304102615e+00
-5.914547664933553328e+00
-5.983317764813103956e+00
-5.773060172384352207e+00
-5.587459753259950368e+00
-6.183445989955649758e+00
-5.372342306274807910e+00
-5.363614785314625877e+00
-5.940457369473559623e+00
-5.639730465818070471e+00
-5.804362473811182532e+00
-5.605659226292259767e+00
-5.602995545102171349e+00
-6.174446478347469736e+00
-5.443567221058479788e+00
-5.691611523275247109e+00
-5.721853059908950989e+00
-5.476463604028584342e+00
-5.916166278141542278e+00
-5.429778959620685796e+00
-5.637451825647906034e+00
-5.388926835998728571e+00
-5.952300232246011014e+00
-5.539603890272363884e+00
-5.811602686370068938e+00
-5.462865538789773545e+00
-5.940566330121457739e+00
-5.827887684092392995e+00
-6.412014688428624432e+00
-5.540265348221031338e+00
-5.360736368138629082e+00
-5.775557629378861968e+00
-5.765115219582487960e+00
-5.288856671590291825e+00
-5.613084953856529502e+00
-5.410563089370334033e+00
-5.643460038868020945e+00
-5.982240609379189777e+00
-5.630698214185104966e+00
-5.646347083897952146e+00
-5.220355153664522518e+00
-5.780179133849980389e+00
-5.637453741120113548e+00
-5.454753700137246142e+00
-5.668440280096406880e+00
-5.448034855183118808e+00
-5.545063896022455197e+00
-5.569890343078236938e+00
-5.847366479615188517e+00
-5.490050725821449262e+00
-6.277442288647596236e+00
-5.535318654748500933e+00
-5.421540727411405136e+00
-5.834119622614654332e+00
-5.627714849996982238e+00
-5.475103895392215314e+00
-6.726508316056176717e+00
-5.769106292677245840e+00
-6.212926296991311048e+00
-5.907185969789549240e+00
-5.811380881675025201e+00
-6.146766168168228184e+00
-6.703202955881285341e+00
-6.315262060245372844e+00
-5.568593573445259182e+00
-6.012167110803039449e+00
-5.726323991927486645e+00
-5.400681721411900504e+00
-5.444773415145350626e+00
-5.542546667347346023e+00
-6.622639003184307427e+00
-5.654072936646250547e+00
-5.420500053255057793e+00
-5.340375200139326317e+00
-5.670349538915511189e+00
-5.366384940947436455e+00
-5.430557763377067637e+00
-5.672311919503440159e+00
-5.278494334958454104e+00
-5.477567259105394548e+00
-5.313432123363645232e+00
-5.565168533174954746e+00
-5.399215019393390769e+00
-5.790053444039005015e+00
-5.462973841395376340e+00
-5.578965523937419846e+00
-5.606878337670196721e+00
-5.554443172715216370e+00
-5.495249251290650783e+00
-5.517671695896912532e+00
-5.852804218312116724e+00
-5.304585254109264625e+00
-5.414883444164416915e+00
-5.436112358988032689e+00
-6.384781326978260729e+00
-5.365047760986200842e+00
-5.551832789897447995e+00
-5.341081137990285832e+00
-5.756808901940333456e+00
-5.657059188405141548e+00
-5.791321855200692426e+00
-5.615386774621653032e+00
-5.310496017890113052e+00
-5.988115367970555880e+00
-6.043845778393421853e+00
-5.356426902873098861e+00
-5.428574620832087305e+00
-5.509657575312748357e+00
-5.282537909336900483e+00
-5.475025163937188744e+00
-5.754596472612815816e+00
-5.680952330395469652e+00
-5.483493324399728586e+00
-5.502510806448377423e+00
-5.726726161344392274e+00
-5.536593800408529553e+00
-5.515353467712325930e+00
-6.292662101257715968e+00
-5.393999163226228966e+00
-5.498580577696138505e+00
-5.967848250787596953e+00
-5.537500903097830829e+00
-5.616664745170342421e+00
-5.747793250609809057e+00
-6.178882077181386379e+00
-5.282797094756550571e+00
-5.553952678946878940e+00
-5.914101470045466158e+00
-5.331777273511185022e+00
-5.582512011370515559e+00
-5.388017226874161736e+00
-5.481221233602629361e+00
-5.959495161720191447e+00
-5.289241748354110761e+00
-6.204096316768652031e+00
-5.351513543359925684e+00
-5.560727830876181166e+00
-5.257637626002431119e+00
-5.533332914033563199e+00
-5.901521848101817902e+00
-5.487596019942746928e+00
-5.167706653754893686e+00
-5.381143665757844197e+00
-5.950123341341465810e+00
-6.092562116583303045e+00
-5.333804933746798760e+00
-5.378774939027482382e+00
-5.243953999592558368e+00
-6.350071474124831639e+00
-6.001531522211486447e+00
-5.734359480946674026e+00
-6.060482443366573158e+00
-5.586951859563949796e+00
-5.599718894337771147e+00
-5.778816791632295669e+00
-5.950581399868156041e+00
-5.840260725597858915e+00
-5.751787336921093896e+00
-5.351985137607459642e+00
-5.380597061909530687e+00
-5.412312083731047885e+00
-5.965053289801896419e+00
-5.989889651315231767e+00
-6.356325573027327813e+00
-5.276618391298669053e+00
-5.819455342837605905e+00
-5.853610453027035199e+00
-5.570567455496904685e+00
-5.543652010282852594e+00
-5.649709691443416837e+00
-5.616742504150858295e+00
-5.545566750116384114e+00
-5.339268391399424551e+00
-5.363341618600879102e+00
-5.306264925601393401e+00
-5.353273669207788465e+00
-5.577392212200603439e+00
-5.594751248351028217e+00
-5.552401521012395591e+00
-5.525964237631345810e+00
-5.538566724107834460e+00
-5.447949149573616978e+00
-5.364522316074730846e+00
-6.474514261553254713e+00
-5.333474684052743164e+00
-5.513423075312527288e+00
-5.745244471613335513e+00
-5.465966916730454983e+00
-5.537191963236357317e+00
-5.353316346805149450e+00
-5.241824880398459285e+00
-5.330626862112557873e+00
-5.517594959369030327e+00
-5.251966770919710648e+00
-5.389121642120769273e+00
-5.533577902925663317e+00
-5.931240745731797936e+00
-5.301615868612230997e+00
-5.811793365023206093e+00
-5.553117486109515610e+00
-5.428680214155277461e+00
-5.664235069870235506e+00
-5.323119979782900302e+00
-5.802401676672108266e+00
-5.457127891502599581e+00
-5.460557657387936636e+00
-5.570168799052019004e+00
-5.495577909264047101e+00
-5.288625259317624838e+00
-5.495909513661634271e+00
-6.331665104192949478e+00
-5.426451885059971225e+00
-6.562577633339357064e+00
-5.702691947452150245e+00
-6.336718390497019904e+00
-5.209248020594055895e+00
-5.582395151682622014e+00
-5.583295125302557338e+00
-5.520912076832275694e+00
-5.423371932101385795e+00
-5.629781667294755820e+00
-6.237045205016825022e+00
-5.987429623324035610e+00
-6.048009114306834633e+00
-6.040157887946253190e+00
-5.572408796006882881e+00
-5.158631591922866022e+00
-5.272739400183744429e+00
-5.400652139956148901e+00
-5.109786698949362993e+00
-5.100079558927565593e+00
-5.498346410117697758e+00
-5.671592968764612053e+00
-5.546917057259157957e+00
-5.555582531788609835e+00
-5.436406603908096713e+00
-5.547420383691993528e+00
-5.784148106021879343e+00
-5.526274026417069329e+00
-5.328679910678169485e+00
-5.313790589702864331e+00
-5.383090594932865791e+00
-5.226789154626304779e+00
-5.757869387880436562e+00
-5.599548148588663565e+00
-5.644504032436800323e+00
-5.158554313214565923e+00
-5.285274464864804678e+00
-5.620376185116444212e+00
-5.363254013897806871e+00
-5.253564090939975451e+00
-5.668765948367484597e+00
-5.422178746740173416e+00
-5.369564782694024707e+00
-5.178572298673613794e+00
-5.818005648067763325e+00
-5.274921586968528864e+00
-6.008154417184629281e+00
-6.013174497408003027e+00
-5.673319853403545387e+00
-5.451291719858534890e+00
-5.696957149264592069e+00
-5.466376524775797385e+00
-5.592854641643296709e+00
-5.338140194369395353e+00
-5.885171729265325169e+00
-5.456008576109988795e+00
-5.375007852829892130e+00
-5.187458194307840387e+00
-5.939042557436098768e+00
-5.468039463699259528e+00
-6.040724053663383941e+00
-5.389605121006644239e+00
-5.871697170595406412e+00
-5.546271240902207467e+00
-5.700587683079736401e+00
-5.596539430992439890e+00
-6.009981872363139743e+00
-5.624610595702193017e+00
-5.843273306050166482e+00
-5.543188107002437803e+00
-5.437031962415146857e+00
-5.476305015679431953e+00
-6.054145018001402256e+00
-6.422559378131738050e+00
-5.542449931515242234e+00
-5.329649746710137137e+00
-5.467871553412098962e+00
-5.410079947669900413e+00
-5.569276769675890471e+00
-5.755386450339150528e+00
-5.386212080245675438e+00
-5.320852540916581219e+00
-5.434085966552808067e+00
-5.572021772880796142e+00
-5.236264145066177988e+00
-5.564363173822026276e+00
-5.475604098881483139e+00
-5.320691020138176519e+00
-6.383987645158273772e+00
-5.473676737407719095e+00
-5.376450159731857248e+00
-5.257909862975376214e+00
-5.429737007707482910e+00
-5.513177616566151684e+00
-5.515275289349890642e+00
-5.800646084613434006e+00
-5.185517447061567253e+00
-5.282410408708630989e+00
-5.532550425703785635e+00
-5.225967191511631249e+00
-5.722867775538959201e+00
-5.441302853894756097e+00
-5.521090843401701420e+00
-5.423979546765642645e+00
-5.282235456446869648e+00
-6.549471227532960960e+00
-5.402871016189010334e+00
-5.372035493669314654e+00
-6.133778428402573368e+00
-5.613781253143857342e+00
-5.329201057504381112e+00
-5.454885354924860152e+00
-5.761500502308685157e+00
-5.551306490018029116e+00
-5.507820048723684359e+00
-5.392243119237031479e+00
-5.490954047374604130e+00
-5.716076614141627488e+00
-5.831400244236895958e+00
-5.446912547442465780e+00
-5.456078105916314591e+00
-5.496080335471000389e+00
-5.437760225724874275e+00
-5.506658696859288327e+00
-5.469531506801398990e+00
-5.467755454546243676e+00
-5.653754959409148739e+00
-5.646501670485847058e+00
-5.183432493201663327e+00
-5.780399474825157036e+00
-5.102062886817228637e+00
-5.835279927895139274e+00
-5.311586888843669918e+00
-6.171759267777580327e+00
-5.866867389904589558e+00
-5.263601510887419010e+00
-5.476990002076384201e+00
-5.333677584431397278e+00
-6.006086448258285415e+00
-5.558754076077973671e+00
-5.870459779951349155e+00
-5.337952725116132946e+00
-5.462937878375093703e+00
-5.519420589966899549e+00
-5.647941200606263479e+00
-5.435565595336404598e+00
-5.610860613900992000e+00
-5.408084527434843025e+00
-5.399516433974152818e+00
-5.418601395083897820e+00
-5.588492445613042925e+00
-5.359411039859092618e+00
-6.479499963408504648e+00
-6.313447266231782429e+00
-5.568714216936212047e+00
-5.460719940607427603e+00
-6.358487455331698790e+00
-5.679211569653224601e+00
-5.734804401176147870e+00
-5.971416749055800999e+00
-6.422758624559741669e+00
-6.133242394786665663e+00
-6.073138949885451332e+00
-6.036114378916002110e+00
-6.914001272873367299e+00
-5.492293592337073704e+00
-5.367108025013232364e+00
-5.520507573129195933e+00
-5.386391538309974969e+00
-6.114947430383426585e+00
-5.798567035799148783e+00
-5.552983063007722819e+00
-5.482930687842866746e+00
-5.452328213377904298e+00
-5.834908228303596012e+00
-5.748215945338844612e+00
-5.473356902456744777e+00
-5.825855935375957806e+00
-5.319732842020997943e+00
-5.283130581480576460e+00
-5.768117380746448752e+00
-5.441376155772444712e+00
-6.166060628666339305e+00
-5.408541747383980969e+00
-5.869373361779034681e+00
-5.266561223134797132e+00
-5.524141094844252642e+00
-5.773519647346443406e+00
-5.397546378498825348e+00
-5.904507108457819342e+00
-5.542137980007242781e+00
-5.799733498639066731e+00
-5.697180150757275463e+00
-5.608724199646967890e+00
-5.686495058038578243e+00
-5.815996593450745600e+00
-5.686705567890699697e+00
-5.677959143405171716e+00
-5.939896809401914446e+00
-5.639902899702775585e+00
-5.862443944368774140e+00
-5.687948559954966399e+00
-5.853675548160998332e+00
-5.272626121341897232e+00
-5.785943704238790453e+00
-5.514409337014411605e+00
-6.154925468812869838e+00
-5.746324247245983230e+00
-6.010244741470864405e+00
-5.897869996598658737e+00
-6.195737867429183865e+00
-5.497595182303992800e+00
-5.532076476228545481e+00
-6.116710255933480056e+00
-5.599013824142898166e+00
-5.797508635241659825e+00
-6.015453382183933329e+00
-5.669838199181856275e+00
-6.020991167186849680e+00
-5.295588541817529915e+00
-5.869743972820338662e+00
-5.918044911626919813e+00
-6.048973975675218107e+00
-5.368061564412927922e+00
-5.702686361938353876e+00
-5.392731030438747020e+00
-5.460448540526094519e+00
-6.168802196383687431e+00
-5.674502353029660995e+00
-5.220942530705229956e+00
-6.160258678539827670e+00
-6.044694120776715529e+00
-5.470985559653080088e+00
-5.512497150312389849e+00
-5.776424167320028502e+00
-5.606028407786881829e+00
-5.709369289805512615e+00
-5.647740902461412027e+00
-5.536657716817026120e+00
-5.575118369036117905e+00
-5.915205868325420724e+00
-5.459283291224036994e+00
-5.718669105256033447e+00
-5.728025123838161647e+00
-5.384512880632038367e+00
-5.777050765674216493e+00
-6.032083154206459241e+00
-5.379184160610698484e+00
-6.004217177148229112e+00
-5.649415563236699356e+00
-5.693592855022017396e+00
-6.748826662038597490e+00
-5.957599925440094424e+00
-5.396702639189391526e+00
-5.678451197900477254e+00
-5.662793770871871857e+00
-5.940998618301329692e+00
-5.412018425804289379e+00
-5.586937601969712119e+00
-5.902052409790969456e+00
-5.510940038504539729e+00
-6.030567250876832652e+00
-6.204006698472968040e+00
-5.758001505339077397e+00
-5.379755622266350734e+00
-5.485767665476901200e+00
-6.157481875743228805e+00
-5.566893214727123507e+00
-5.417501329262046639e+00
-5.809478126159802969e+00
-5.325163751738691609e+00
-5.350969021824237615e+00
-5.655367104362659880e+00
-5.468809981750983873e+00
-5.510469420965903531e+00
-5.661847002510886462e+00
-5.180259207893112006e+00
-5.758675894361290126e+00
-5.782941986070938789e+00
-5.549577428155069825e+00
-5.507541259163179603e+00
-5.184412526256625853e+00
-5.770957543786590982e+00
-5.424620285907022499e+00
-5.319817466940256701e+00
-5.505638306539522020e+00
-5.633210040648341632e+00
-5.867866991896155682e+00
-5.278351637018559472e+00
-5.520104519451857428e+00
-5.583592838299678007e+00
-6.059121850603512272e+00
-6.114102618906278153e+00
-5.544116748614841050e+00
-5.643716954680306763e+00
-5.708222775240653135e+00
-5.337693554083076997e+00
-5.895560799811548236e+00
-5.526624862116385373e+00
-5.543116943507560457e+00
-5.407776896891264506e+00
-5.916139924482887835e+00
-5.607895629263096815e+00
-5.682711883342207670e+00
-5.907876068306143758e+00
-5.950024948103270539e+00
-5.439795231309873635e+00
-5.986989542389303587e+00
-6.102336144496067760e+00
-5.218156114725532646e+00
-5.608821857790659671e+00
-5.411578198555785590e+00
-5.336300202228795087e+00
-5.432115739773514029e+00
-5.429592409954203447e+00
-5.629210716383253654e+00
-5.326129739537790897e+00
-5.274724336959060622e+00
-5.336221973689998066e+00
-5.549371994925749618e+00
-5.312289558609523787e+00
-5.149700326885997548e+00
-5.570027560861815275e+00
-5.734609233740115108e+00
-5.298490575689938531e+00
-5.305012203973967999e+00
-5.435946898563433827e+00
-5.754433242233815804e+00
-5.756112771143800266e+00
-6.370914795663237484e+00
-5.723303674796028417e+00
-5.593841188605699344e+00
-5.334545152672079737e+00
-5.805332082661327497e+00
-5.473513989927586643e+00
-5.579188909316052936e+00
-5.664460267647179137e+00
-5.545641578985470055e+00
-5.162254240041582953e+00
-5.564005444018527591e+00
-5.476513804038209088e+00
-5.541317930277761761e+00
-5.578648865789702427e+00
-5.458919070288078323e+00
-5.879562569804289929e+00
-6.262227552242862316e+00
-5.404152086959800982e+00
-5.471287945104065464e+00
-6.068273300993697106e+00
-5.993938633892214263e+00
-5.649983195515504875e+00
-5.340034505808006315e+00
-5.620803818094952220e+00
