-2.644212423540649581e+01
-2.674313857296971619e+01
-3.575583817036110190e+01
-5.386031066650293297e+01
-5.589651294808128057e+01
-5.156820771683119631e+01
-4.567660821897516854e+01
-5.224549778948529877e+01
-5.857152655935823304e+01
-5.946877562167230735e+01
-5.696977513430557849e+01
-5.584421341988345233e+01
-5.530874257454629372e+01
-5.582736632006843536e+01
-5.466917754867491652e+01
-6.468655525214920488e+01
-4.564905741187251920e+01
-4.982210356874836066e+01
-5.733957430323443560e+01
-5.738741527088919270e+01
-5.140127168198500840e+01
-5.432775779127519655e+01
-5.485842291214836308e+01
-6.131879545551768018e+01
-5.993509656317420564e+01
-5.525627571499344981e+01
-5.978781811848133998e+01
-6.163523212351984171e+01
-5.977508047278916337e+01
-5.358401183437741366e+01
-5.768902572482484459e+01
-3.934007611467087173e+01
-4.028470069732701120e+01
-3.850638144402663698e+01
-4.317108046415999922e+01
-2.923891776060235514e+01
-3.436356552911457385e+01
-3.237758429314607866e+01
-3.656980032795954827e+01
-3.177634286866065239e+01
-4.021648956583986489e+01
-3.991829254157046591e+01
-3.738372756919073225e+01
-3.592239513951255958e+01
-3.987201546905430405e+01
-3.598047691334033971e+01
-2.626435709854721878e+01
-3.890524184333499846e+01
-3.709154777101535672e+01
-2.918456720768564594e+01
-4.006228260095004856e+01
-2.630882650992136362e+01
-3.763287991096860452e+01
-3.311271513909746034e+01
-3.703489062023650291e+01
-3.770749655621374785e+01
-3.700459279541193780e+01
-3.121327364004137195e+01
-3.097281615520955711e+01
-3.855772682481013902e+01
-4.068293886871970244e+01
-3.325431862867607435e+01
-4.011656170792218745e+01
-3.669886312618388757e+01
-3.069425807682051754e+01
-3.885590824476084038e+01
-3.601292294140817063e+01
-2.998847071010552057e+01
-2.898829364829011013e+01
-3.880064324013375199e+01
-2.842476899326817374e+01
-3.721379458456983969e+01
-3.706154356644191239e+01
-3.417943137752197202e+01
-3.914456935667509896e+01
-4.300391242619944876e+01
-3.884370295253273042e+01
-3.859014585272994680e+01
-4.106265547684580497e+01
-3.386364569570098126e+01
-3.852107770307181056e+01
-3.327781810698380127e+01
-3.960813511448204594e+01
-2.962392224903716098e+01
-3.884154539971652298e+01
-3.270857623528038260e+01
-3.977528205741376865e+01
-3.426714745164870379e+01
-4.011603451251003349e+01
-2.507440527897391647e+01
-3.986840090109534884e+01
-3.917327586098859626e+01
-3.039939254223117615e+01
-3.713705936966119481e+01
-3.976754118755395950e+01
-3.221262554309082304e+01
-2.906333839864388935e+01
-3.175575040918173642e+01
-3.901052648213710228e+01
-3.556574676418775027e+01
-3.913846308105220828e+01
-3.691201771847178748e+01
-3.763146348952916043e+01
-2.729118432277086725e+01
-3.621799017698560164e+01
-3.775157618883937261e+01
-4.052088027629329758e+01
-3.729727353237956322e+01
-4.071911323119533677e+01
-3.189040933881444673e+01
-3.992918407595857389e+01
-4.082036471147927870e+01
-3.221639204307383153e+01
-3.198957081782238632e+01
-3.953094363197575944e+01
-3.701099150472139598e+01
-3.230043505814919769e+01
-3.258500103610903409e+01
-3.551997561129132919e+01
-2.828283141746732099e+01
-3.360264272045247935e+01
-3.585384418122302463e+01
-3.243742184163803444e+01
-3.786104836091352155e+01
-3.092521331191834477e+01
-3.776208902253650024e+01
-4.175494515002107931e+01
-3.342428537248061104e+01
-3.810045052558267997e+01
-3.940809758998732804e+01
-3.818983614113588487e+01
-2.563268112057899017e+01
-3.668794597362123255e+01
-3.926367929062212880e+01
-3.369662413149599445e+01
-3.704604274576813339e+01
-3.483195405141707113e+01
-3.550593005267899116e+01
-2.579952706228250747e+01
-3.245406626917510806e+01
-3.544126345555309143e+01
-2.917123105232221292e+01
-3.184154658590529863e+01
-3.740619643266715144e+01
-3.627810588088758692e+01
-3.569281766672786915e+01
-2.823059793075825752e+01
-3.554532836052578659e+01
-3.889302986728385036e+01
-2.940479410516937264e+01
-3.871887213514695247e+01
-3.636500883000887541e+01
-4.473864733165291341e+01
-2.886455796527547690e+01
-3.762052935997080283e+01
-4.044709595777607092e+01
-2.989626844168678232e+01
-3.650543163367597543e+01
-3.889894007304219770e+01
-3.928559039061657643e+01
-3.518818771489522135e+01
-3.886594163957877157e+01
-3.806721993322984332e+01
-3.029296693362697468e+01
-3.792891777397963438e+01
-2.756744281336491298e+01
-3.668899678725859559e+01
-4.065455431403013620e+01
-2.686118194363101352e+01
-4.056735374137321060e+01
-4.297128442358059175e+01
-2.902461683146909621e+01
-4.326005014198436527e+01
-3.484569812941506939e+01
-3.874846461589553570e+01
-2.786596122991842606e+01
-3.590269712317329720e+01
-3.447601778810683726e+01
-4.323971660629086955e+01
-3.015096462918645059e+01
-3.158081304362730535e+01
-3.682038266449617225e+01
-3.963445105084152686e+01
-3.598460114298558921e+01
-3.253597368587148964e+01
-3.497043015365892416e+01
-2.858330407889589253e+01
-2.748334113927917599e+01
-2.752024465138317311e+01
-3.443731814971383898e+01
-3.928747094341616020e+01
-3.619635928573677575e+01
-3.441344766805030275e+01
-4.159998790244790001e+01
-3.115951087915623674e+01
-3.703497236692027883e+01
-4.171057072849400527e+01
-3.043263513762951078e+01
-3.156158626637393283e+01
-4.129146084939200279e+01
-2.819440337460347124e+01
-3.465178626341413803e+01
-3.917305305055282361e+01
-3.338429309509191967e+01
-2.679806135571818260e+01
-2.993187667890739334e+01
-3.251110199550229396e+01
-3.043914015381866278e+01
-3.414091985508044047e+01
-3.869906021803815577e+01
-3.810989831976993969e+01
-2.812751811258345924e+01
-3.491172731858721079e+01
-3.451569351974752919e+01
-3.618307460871214687e+01
-3.760316460534998839e+01
-3.567714747007263298e+01
-3.647587894941919018e+01
-3.732023524885510568e+01
-3.005524714340680248e+01
-3.447279718060055131e+01
-3.317906914277153163e+01
-3.470392141246107087e+01
-3.653982420305587198e+01
-4.137844305083151397e+01
-3.289145026453165599e+01
-3.280885130259266447e+01
-3.444922893941944864e+01
-2.959216713724087455e+01
-3.225414989944943756e+01
-3.597482192597367145e+01
-3.697243953555960161e+01
-4.043625369842786910e+01
-3.294317532637365531e+01
-3.667532237323212030e+01
-3.413179777644877788e+01
-2.681612794441248582e+01
-3.059412223592307356e+01
-2.761003426268896987e+01
-3.917083212351163013e+01
-3.418678654050849985e+01
-3.103797802039528619e+01
-3.796718442442014663e+01
-3.104369364216311311e+01
-3.632315378194509492e+01
-3.521464845893913775e+01
-3.739840299549690172e+01
-3.868156812506161657e+01
-3.691499098377918386e+01
-3.799168587795724505e+01
-3.833719360401098442e+01
-2.903030290261572688e+01
-3.472348666125610350e+01
-3.863444921269736199e+01
-3.619362134365849215e+01
-3.831640909497301806e+01
-3.386560614422523940e+01
-3.275660149148992417e+01
-3.563320665717319713e+01
-3.231583355490305820e+01
-2.920106973808079687e+01
-3.630608316062244967e+01
-3.499728914789690037e+01
-3.433326606891966293e+01
-3.332288744970127681e+01
-3.374902067355854740e+01
-3.468224973049439797e+01
-3.815348556998402785e+01
-3.255701360744534156e+01
-2.859057891377754856e+01
-2.762991421120084823e+01
-3.506968244147564207e+01
-4.000124583173190018e+01
-2.900885058867196875e+01
-3.127216598993171104e+01
-3.075745565053184194e+01
-3.255107021442614013e+01
-3.898827930656069185e+01
-3.639683297140962281e+01
-3.748463417727644753e+01
-3.545073309480157064e+01
-3.896167081369152640e+01
-4.007592072610912481e+01
-3.444614489328372997e+01
-4.290947232197896000e+01
-3.847346387086756181e+01
-4.354374527142256568e+01
-3.568206070204777092e+01
-4.065587189434461379e+01
-3.366746839417907466e+01
-3.837837365198475936e+01
-3.577591664013385042e+01
-3.709482056847639342e+01
-4.132174568954403782e+01
-3.028219734998901913e+01
-3.115836427285533716e+01
-3.230553648485322071e+01
-3.685110290831855906e+01
-3.131845435273231004e+01
-4.324418333280070215e+01
-3.715870599436207300e+01
-4.102608330188279240e+01
-3.364192769909479352e+01
-3.884035791506915558e+01
-3.885139837873344959e+01
-3.528656621089233170e+01
-3.868239124591608658e+01
-4.056862257966997731e+01
-3.671164386838692195e+01
-3.703455652650215768e+01
-3.770921028300932676e+01
-3.422413903337114505e+01
-3.507890681410130895e+01
-3.051824221843002150e+01
-4.012163057179277814e+01
-4.216915908541919578e+01
-3.567921360108363160e+01
-3.635842865271857960e+01
-3.349432294258906495e+01
-3.938184376388182528e+01
-3.680623015984404134e+01
-3.804695862957298402e+01
-3.827509621817542040e+01
-3.656099479510245231e+01
-3.763187286920985031e+01
-3.496582811983649464e+01
-2.949064364030895646e+01
-3.800628569350710251e+01
-3.621599395170660785e+01
-4.083588107556614233e+01
-3.683476013967028706e+01
-4.191210264744042036e+01
-3.007681987957887770e+01
-3.522672764277729840e+01
-3.486649401088651956e+01
-3.753818167438937792e+01
-3.285725129042297965e+01
-4.185862595113201223e+01
-3.761592380661205937e+01
-3.143405674534005811e+01
-4.356684508346826590e+01
-3.200522576761554205e+01
-3.480525123948333999e+01
-3.617333565639032855e+01
-3.860702001238510661e+01
-4.513535457817540220e+01
-3.527129245489039278e+01
-3.109195099044347188e+01
-3.654306713142571539e+01
-3.419882704048013977e+01
-4.586843818060570044e+01
-3.701704089263667896e+01
-4.104498388853069457e+01
-2.983069570577421104e+01
-3.939203295504091784e+01
-4.134458864491309527e+01
-4.049874002576370202e+01
-3.964743707846820087e+01
-3.524031940801900475e+01
-3.842132272406955451e+01
-3.097761634521167906e+01
-3.775981604347142451e+01
-4.231365326451586384e+01
-4.176936572023083016e+01
-3.967135494259325412e+01
-2.924741634361303255e+01
-3.477036661820399388e+01
-3.772655250717166098e+01
-4.031946831137706511e+01
-3.808737382074039601e+01
-3.711494987884547925e+01
-3.766810094563610534e+01
-3.647748675449047795e+01
-3.178295115296939954e+01
-3.508442449428921606e+01
-3.398796353974936579e+01
-3.781793360074081534e+01
-3.931488468776656475e+01
-3.789398086759862139e+01
-3.305893731028760385e+01
-4.040354440456678020e+01
-3.079126214695238417e+01
-3.789247128298314493e+01
-3.121618664438778978e+01
-3.870367853440936301e+01
-3.796871077870643774e+01
-3.304896026439813994e+01
-4.233589653571036848e+01
-3.658980013152013555e+01
-3.810298021148385317e+01
-3.385775197881115162e+01
-3.687527830282452612e+01
-4.209431832595085154e+01
-3.794053249309232001e+01
-4.491408491568309813e+01
-3.981604213543549520e+01
-3.148418911539986453e+01
-4.003674850355613302e+01
-3.951206565394140569e+01
-3.852530455763498907e+01
-3.828514481094634192e+01
-3.686375550483279540e+01
-3.912674162073584938e+01
-3.995555533721558561e+01
-3.347540039966473557e+01
-3.658512838820371371e+01
-3.895908574551609149e+01
-3.950159608235912145e+01
-3.257560332922778912e+01
-3.740679017116881511e+01
-4.126390771271091040e+01
-3.001104670515540818e+01
-3.253997589453314276e+01
-2.842294185816327357e+01
-3.126208051080107353e+01
-2.937420450144078288e+01
-3.751410545247942707e+01
-3.475223445844675751e+01
-2.983450515122009961e+01
-3.090046133415610541e+01
-3.561687092567173352e+01
-4.181438342251956186e+01
-3.580774679264091986e+01
-3.576569637491531495e+01
-2.808292516324173960e+01
-3.359995375009237506e+01
-4.361328579231052061e+01
-4.408258000068301641e+01
-4.066209077093621005e+01
-4.015384505884365751e+01
-3.239970239668385688e+01
-3.991966156638550700e+01
-3.528893600282654575e+01
-3.374114040768447609e+01
-3.606066858548043541e+01
-4.082813571640908634e+01
-3.094403749328646214e+01
-3.993777959329191418e+01
-3.146504223222177288e+01
-3.825306016307207813e+01
-3.375744026147596344e+01
-3.332576017557266823e+01
-4.240340703548210399e+01
-3.633547121035134353e+01
-3.434375657421864503e+01
-3.754666368545116484e+01
-3.300577621164946862e+01
-3.923475763810638028e+01
-4.455840929174847531e+01
-3.237025936426386608e+01
-2.974772699308091717e+01
-3.382032226649621265e+01
-3.718553125248765667e+01
-3.790023843461861475e+01
-4.104650241002310906e+01
-3.868167392246127889e+01
-3.219255426935617947e+01
-4.006638885104005254e+01
-4.134779958183803927e+01
-3.500401757489665044e+01
-3.872498179179086719e+01
-4.228338171988531968e+01
-3.755597229144811422e+01
-3.784261262509421186e+01
-4.310318252133330219e+01
-3.932278943822892359e+01
-3.180039711313430928e+01
-3.156081447113474070e+01
-2.891311446983619859e+01
-3.843349889173624945e+01
-3.908746468242678418e+01
-3.742026695227752242e+01
-3.212846630213264376e+01
-3.717405713427211822e+01
-3.630893297467499536e+01
-4.241258157390952022e+01
-3.887220452683407501e+01
-4.033397081633200543e+01
-3.437091300277896266e+01
-3.713769856547376946e+01
-4.206524038802769638e+01
-3.043191145111687490e+01
-3.682647330830327093e+01
-3.661266453066643578e+01
-3.744599311190743407e+01
-4.235153963043843106e+01
-3.255133400364318419e+01
-3.381923430128766483e+01
-3.672928142833194443e+01
-3.272481924757331484e+01
-4.366124954559646909e+01
-3.423918510915219571e+01
-3.591733354285898372e+01
-3.370590638240176418e+01
-4.033439304466069331e+01
-4.289260061495817666e+01
-3.301427342533328613e+01
-3.622380217867628005e+01
-3.348650224064789427e+01
-4.045659263179859266e+01
-4.092224535392263363e+01
-3.970764838544681652e+01
-3.628554921702988878e+01
-2.882933054436971787e+01
-2.937287217689755536e+01
-3.296845214145194802e+01
-3.593083239340658963e+01
-3.194884240398910791e+01
-4.136811379946377798e+01
-4.233852915060843003e+01
-3.448725427131957844e+01
-4.230435671990764490e+01
-3.026416880768274353e+01
-3.062185187336226733e+01
-3.777230503092982161e+01
-3.706276894721359128e+01
-4.170228449634532808e+01
-3.817918009097668630e+01
-3.709285390163039153e+01
-3.531144170518294345e+01
-3.634396216095063181e+01
-3.380362840006073100e+01
-3.909435950827943884e+01
-3.644672505692140874e+01
-3.898414138702599274e+01
-4.286286697094391940e+01
-4.005686706949485654e+01
-4.033319284598870524e+01
-3.726918606348741037e+01
-4.206799018147699343e+01
-3.195761267464398614e+01
-3.124498706798720704e+01
-4.213106059544684712e+01
-3.852853807673078279e+01
-2.994586691854493310e+01
-4.086038028708874492e+01
-3.712464440581275227e+01
-4.215889035413096053e+01
-4.022602703265413737e+01
-4.218249036671604557e+01
-3.953561791453365970e+01
-3.682583903445759432e+01
-4.207594093783167466e+01
-3.692618702277725617e+01
-3.298002621660565126e+01
-3.210849875756382943e+01
-3.427079003598821316e+01
-4.163493906324141847e+01
-4.001596821533808424e+01
-3.720948656738504212e+01
-4.033515558177605698e+01
-3.630555018824215807e+01
-2.836541209922452467e+01
-3.917050620115601589e+01
-4.143860057087086091e+01
-3.837216424490966205e+01
-3.206253571342840303e+01
-3.810429411358470730e+01
-4.233775140905000001e+01
-2.969456044121027105e+01
-4.469520051155167550e+01
-4.058018168405079251e+01
-3.429777292527239041e+01
-4.394610607976407124e+01
-3.707821079447802504e+01
-2.770024945209824097e+01
-3.959490762532015395e+01
-3.857389653745065061e+01
-3.910490940221593092e+01
-3.890520352610703014e+01
-3.602759940318112086e+01
-3.999148627154819025e+01
-3.971896585260004997e+01
-3.329886038347974875e+01
-3.696853791196571848e+01
-3.069963126140746823e+01
-3.674491704632247746e+01
-4.026800964997332954e+01
-4.600512570868013995e+01
-4.213620615640748923e+01
-3.327345215874693451e+01
-4.079059947994412028e+01
-3.765665742840776886e+01
-3.252474406591428391e+01
-4.240433758871628100e+01
-4.103211005664041977e+01
-4.315567093293697809e+01
-4.257246967496602963e+01
-3.557218535806469362e+01
-3.149587812922063534e+01
-3.152136208739730705e+01
-3.742955361884623500e+01
-4.113051229867117087e+01
-3.734931144129978264e+01
-3.437390088012955403e+01
-3.933931507938859085e+01
-3.451608585785460548e+01
-3.296651180288548488e+01
-3.810274960328879956e+01
-4.029491063382101856e+01
-3.866127476595727330e+01
-3.903411714830608759e+01
-3.962171849267681978e+01
-3.991705594113882682e+01
-4.467028983199912062e+01
-3.484518552741912600e+01
-4.091904963258404848e+01
-3.489150952394768268e+01
-3.779116640209660005e+01
-2.895336920767887179e+01
-3.671787256349855966e+01
-3.677275885828821345e+01
-3.491780442185021371e+01
-3.962498848776881744e+01
-3.390111646174173643e+01
-3.299306658238454304e+01
-3.727727596365409113e+01
-2.862498706394606174e+01
-2.963231521992404183e+01
-4.504854674855754126e+01
-3.584005132008852712e+01
-3.722624604176430552e+01
-3.917244700257551671e+01
-3.763638758338621670e+01
-3.238222859706677070e+01
-3.093205035067530773e+01
-3.937218751518447846e+01
-3.149702453003322944e+01
-3.502423329052014367e+01
-4.160655792596737967e+01
-3.752112178701417378e+01
-3.757983242461155982e+01
-3.712527073253829712e+01
-3.770709266331079590e+01
-4.191573669513973499e+01
-2.993592528012180409e+01
-3.307186050197123706e+01
-4.246849977916972563e+01
-3.049075263823020521e+01
-3.201958872042128235e+01
-3.831570823055692188e+01
-3.576631670754707670e+01
-3.931018778004854397e+01
-3.628693026859875914e+01
-4.169261028232811128e+01
-3.777677593348504814e+01
-3.995926561679361555e+01
-4.073744217976334880e+01
-4.039012572400477552e+01
-4.180836411431575783e+01
-3.534626236699281066e+01
-3.497768121799474983e+01
-2.974942018379743303e+01
-3.699906550223508361e+01
-3.784931377440915412e+01
-3.030825350108505845e+01
-3.866156480119495598e+01
-2.970904409823842229e+01
-3.939765112564001726e+01
-3.161563997068989806e+01
-4.558171601779633164e+01
-4.418473507677500578e+01
-3.495770842843966619e+01
-4.290592626108322349e+01
-3.545469682323943061e+01
-4.178615686580157274e+01
-3.350966946448978945e+01
-3.672616765877296530e+01
-3.362608286871831353e+01
-3.453668019524105404e+01
-4.160000671029775532e+01
-3.321478514546945604e+01
-4.273605516210467670e+01
-3.894334549421850511e+01
-3.768366560227803319e+01
-3.383814541762733796e+01
-3.940138349822660757e+01
-4.507891489941980012e+01
-3.147153832519750338e+01
-3.193552256317163085e+01
-3.311873984450600261e+01
-3.189134212671780944e+01
-3.318693637105864980e+01
-3.749205557656833321e+01
-3.946457647224642074e+01
-4.012847287665363893e+01
-4.177861545594684856e+01
-3.091574069622378929e+01
-2.974016513821951690e+01
-3.667055780411143218e+01
-3.679710295196651515e+01
-3.537752041466783481e+01
-3.434455932211865559e+01
-3.609761413818619502e+01
-3.616287814800168832e+01
-3.574789785322410296e+01
-3.762203511901697084e+01
-4.111586735138695303e+01
-4.041864894821937781e+01
-3.345371194746970644e+01
-3.247402704858023270e+01
-3.637080813424674375e+01
-2.917583598748838369e+01
-3.490479726296084806e+01
-4.329993033676483094e+01
-3.197980286182608012e+01
-3.558601446124288259e+01
-3.835435547920739197e+01
-3.766157573453369167e+01
-3.656785448657920057e+01
-4.053469863046439770e+01
-3.304038157112110952e+01
-4.221077056884245593e+01
-4.167814208943464394e+01
-4.302440880070616913e+01
-3.618719035881115076e+01
-3.477307530838822203e+01
-2.789192840214493785e+01
-3.236726351962162340e+01
-4.117921124025809831e+01
-2.980601626953502858e+01
-3.194322976684513904e+01
-4.379190891195391799e+01
-3.512773441452696943e+01
-3.858396128293365734e+01
-3.503833072212494670e+01
-4.312633655134177246e+01
-3.051464845826512828e+01
-4.402729757249832687e+01
-3.893686094472997183e+01
-3.673103347767365534e+01
-4.157932840414011366e+01
-4.286199205462968820e+01
-3.974383948354705609e+01
-3.750146099456895854e+01
-3.912780389974773243e+01
-3.670919296018817590e+01
-3.824425304889081190e+01
-3.181878137792361017e+01
-4.098344161369148253e+01
-4.158053744194216961e+01
-3.255357461705286681e+01
-4.141354055092556052e+01
-3.512019576118225217e+01
-3.738445122848092694e+01
-3.695972691079956007e+01
-3.055706393233683116e+01
-3.704206043266245274e+01
-4.060007686028172458e+01
-3.489643925079483466e+01
-4.089886106324834714e+01
-2.882789742797875476e+01
-3.777802724755225938e+01
-3.580379656346806883e+01
-3.570274212784656953e+01
-2.995716367733228225e+01
-3.366038551971134751e+01
-4.178279356809884604e+01
-3.201423424236518400e+01
-3.327400529282253672e+01
-3.328683150080581754e+01
-4.348483559139135934e+01
-3.452945960295890870e+01
-4.007451907548466608e+01
-3.345111428086934779e+01
-4.005590442145916086e+01
-4.254023340993907709e+01
-3.739548469393256624e+01
-3.550701653402154534e+01
-4.190595335186689141e+01
-3.336469927324760931e+01
-3.985871510111924465e+01
-3.488638274797669681e+01
-3.704670978040245188e+01
-3.244315017924152045e+01
-3.695754878077204353e+01
-3.874613153481662664e+01
-3.537144594910110840e+01
-3.864447276043825497e+01
-3.156943269263542362e+01
-3.438509807818907404e+01
-4.010955150924684887e+01
-3.504500990630808843e+01
-4.521183244907292931e+01
-3.335172144045004927e+01
-3.726325209221387524e+01
-3.651246334468839194e+01
-3.046891917338165712e+01
-4.147930650645752593e+01
-4.146665359528442707e+01
-4.330745059875977887e+01
-3.761968771103072129e+01
-3.539929501381164556e+01
-3.600546908432175996e+01
-3.901439512772003582e+01
-3.117412926791217487e+01
-3.571276654713000909e+01
-3.756869201310586703e+01
-3.334879233569113666e+01
-3.089764444259679621e+01
-3.589905270333171217e+01
-3.476391244052615548e+01
-3.365711908291382315e+01
-3.860530506723600297e+01
-3.674254694480140415e+01
-4.512506585293529326e+01
-4.389495531485265190e+01
-3.772569826438786578e+01
-3.409108191537786325e+01
-4.028540293553061247e+01
-3.027675977645582961e+01
-3.249325305121607954e+01
-3.254676536757144589e+01
-4.255539635151018274e+01
-4.207680611122096792e+01
-3.913152196155107276e+01
-3.842090892068286223e+01
-3.979623002539246812e+01
-4.324280314956681082e+01
-3.388075743060458933e+01
-3.386310754871425388e+01
-3.791161062845435481e+01
-4.115108084758612250e+01
-4.128746773659903369e+01
-3.899728704227572251e+01
-3.507042704563122726e+01
-2.916084883782897208e+01
-3.310911360264295666e+01
-4.228037057781011754e+01
-3.847565280705251922e+01
-4.096292786248088191e+01
-3.512650641514394323e+01
-3.439188871927634494e+01
-3.453758534642606293e+01
-3.596124105661967718e+01
-3.819538582128010518e+01
-3.646919808566227061e+01
-3.536133333499924447e+01
-3.898886002081182056e+01
-3.508770453900692132e+01
-3.432627015376130686e+01
-3.531437354287787400e+01
-3.395916217141024163e+01
-3.650133629487383757e+01
-3.739689642281748405e+01
-4.110092859935849674e+01
-3.692818049928209945e+01
-3.187425382391744932e+01
-4.013744599372435573e+01
-3.204079026719814749e+01
-3.634055559409614489e+01
-3.691216095088755367e+01
-3.555302795535537541e+01
-3.865833730504581212e+01
-3.055396041580015876e+01
-3.967096098592455178e+01
-3.269146653110268375e+01
-3.876801361245395583e+01
-3.469022429405308117e+01
-4.157674965908607589e+01
-3.927610441602753610e+01
-2.813768855847639117e+01
-3.611681043488082565e+01
-4.219626401183445807e+01
-3.778668658558743232e+01
-4.209118257095352078e+01
-4.172770395753823180e+01
-3.554408233674325857e+01
-3.040676698823148172e+01
-4.045062550796038892e+01
-3.611081727705627742e+01
-4.304051849359997561e+01
-2.814954909004632100e+01
-4.143668866808882001e+01
-3.307307867839149651e+01
-3.160441490882490712e+01
-4.273344077961765208e+01
-3.793260846750300885e+01
-4.227248208868387280e+01
-4.138054629022720832e+01
-4.157669411559329120e+01
-4.037026918468975367e+01
-3.448442677681861568e+01
-3.628555447882503415e+01
-4.489054084157783109e+01
-4.060457138204761662e+01
-3.563177594062505449e+01
-3.079692987493019984e+01
-3.644054132883905339e+01
-3.577540961721670953e+01
-4.028762222923020886e+01
-3.676271193231600165e+01
-3.226188798534952440e+01
-2.969842522679752150e+01
-3.704747050780306949e+01
-3.577840821850988817e+01
-3.862339854689418672e+01
-3.827201661242439457e+01
-3.516783891506801751e+01
-4.329178003276980746e+01
-3.476514934487384778e+01
-3.714904205049668917e+01
-3.398266860387143140e+01
-3.051925007535624346e+01
-3.775429811677187786e+01
-3.739332848347879690e+01
-4.037279069824216293e+01
-3.239486052161346663e+01
-4.129760277062504059e+01
-3.002526395652166613e+01
-3.661044773585803114e+01
-3.748915911293551773e+01
-4.091863130122006709e+01
-4.482195118696053981e+01
-3.401774260665995797e+01
-3.033946426949272634e+01
-3.501414431048554832e+01
-4.091949131276329865e+01
-3.526469398970189673e+01
-3.503689576813471973e+01
-3.631501652244732981e+01
-3.698985214478848604e+01
-4.207392507329907261e+01
-3.564825076209612575e+01
-3.730111957372771059e+01
-4.597998319839086179e+01
-3.227052001387443880e+01
-4.173089102640279435e+01
-3.965648579004953689e+01
-3.935685629835911215e+01
-2.906680839408826600e+01
-2.841409694880196213e+01
-2.744157820771633993e+01
-4.325409117024292982e+01
-3.278225287593495807e+01
-3.955416298593105751e+01
-3.981114064374430939e+01
-3.506956174608000509e+01
-3.437312763147383521e+01
-3.761497932637023212e+01
-4.351056000862168816e+01
-3.285834529512143121e+01
-4.043853675304774953e+01
-4.455611580167898467e+01
-3.036577066585061857e+01
-3.001975769810924888e+01
-3.815813644048237308e+01
-3.189209993922960251e+01
-3.267442192778607790e+01
-4.130236550812178820e+01
-3.346635541840879569e+01
-3.507343100020821680e+01
-4.238295241854627449e+01
-4.393499829199824092e+01
-3.378627121467930294e+01
-4.148432549741878717e+01
-3.556395221873239620e+01
-4.057677385441876083e+01
-2.990551154443959092e+01
-3.971355428520353570e+01
-3.001019637069148871e+01
-2.904312571494923390e+01
-3.620160361631344870e+01
-4.542661585754788689e+01
-3.473253857729140748e+01
-2.908866104557314003e+01
-3.890438773151510077e+01
-3.521236177500378517e+01
-4.327819536789770893e+01
-3.418307338762765824e+01
-3.280268375385220025e+01
-3.340197684340051865e+01
-3.186840742766889178e+01
-2.963334577237310796e+01
-3.101634372969874320e+01
-4.150293111178883265e+01
-3.473180233366434777e+01
-4.475272615259000730e+01
-3.528513014038247775e+01
-3.540377615157841973e+01
-3.359861427181226645e+01
-3.991409502850427060e+01
-3.617442435439067339e+01
-4.085977255996569113e+01
-4.090542337773338488e+01
-3.348131284754373382e+01
-3.449997839510283626e+01
-3.258845322254707355e+01
-3.669619377555423512e+01
-3.965177017800852610e+01
-4.053163240454818350e+01
-3.990186426630809535e+01
-4.188027855904973507e+01
-3.756236380567285948e+01
-3.932590847995084005e+01
-3.465906313696705610e+01
-3.098703806546850004e+01
-3.463495690950467321e+01
-2.976266705151759595e+01
-3.988857473216746996e+01
-3.577962707766305783e+01
-3.662276960812847904e+01
-3.024889272802193574e+01
-4.187954558362022794e+01
-3.085277256295081116e+01
-3.305383476580142599e+01
-3.101174677345194297e+01
-3.973860444515015899e+01
-3.389399216942992155e+01
-2.980747059429324608e+01
-3.188547231076078958e+01
-3.224597635225395464e+01
-2.922671853020477784e+01
-2.560356458717981809e+01
-3.349348805611926849e+01
-3.293641221615780523e+01
-3.783012163811754647e+01
-3.485373855806840027e+01
-3.233966990539844488e+01
-3.425481540691497173e+01
-4.033356063617667786e+01
-3.429932687363053390e+01
-4.151517353828821655e+01
-3.377174566133714251e+01
-3.264501804685615838e+01
-3.889580636630759614e+01
-3.320017974021638452e+01
-3.157632809306290866e+01
-3.528613845116578318e+01
-3.433921215603255206e+01
-3.605827113305420539e+01
-4.205729959687343467e+01
-3.618653198678570959e+01
-3.235263505787310834e+01
-4.128899138069638042e+01
-3.677301199967345013e+01
-3.602413923962000553e+01
-3.738465648873504676e+01
-2.801675532430067861e+01
-3.663731614377787338e+01
-3.133043342335273707e+01
-3.059006119166694404e+01
-2.843188924916129423e+01
-3.678360475475722779e+01
-2.841375367913047612e+01
-3.802184556104361945e+01
-3.725961330024289708e+01
-2.952782437432456319e+01
-3.154488684605554738e+01
-3.818127309036059813e+01
-3.466141277968026202e+01
-4.249968374724030440e+01
-3.141730273137059015e+01
-3.948597452899198146e+01
-3.821195145458492703e+01
-3.094969417187031269e+01
-2.968687244760809918e+01
-3.765287806779623025e+01
-3.843739803483558148e+01
-3.912861339044389553e+01
-3.091544232315324692e+01
-3.717020483499334915e+01
-4.020218521018679780e+01
-2.823271918272614656e+01
-3.648146710272939686e+01
-4.004334273461641658e+01
-3.651702737495394757e+01
-3.130595619427075604e+01
-4.194309870644432436e+01
-4.191320814544675954e+01
-3.055262036355849986e+01
-3.749197738012769321e+01
-3.410596124635979720e+01
-3.031810820987094246e+01
-3.272406147624300843e+01
-4.299735798775986950e+01
-3.271911240159864320e+01
-3.629209475564381648e+01
-4.207976681803427965e+01
-2.785868353997331681e+01
-3.325377193638740181e+01
-3.923278911611891573e+01
-2.731121454881058952e+01
-2.802287757384305422e+01
-3.720317653503785493e+01
-3.318447727959871685e+01
-3.102172391443535560e+01
-3.457442798050166743e+01
-2.837979097957822461e+01
-3.715379206865098638e+01
-3.029347474719234867e+01
-3.383381711035345774e+01
-3.688594722761299494e+01
-2.796987128914825149e+01
-3.572335599426912012e+01
-3.338555036297231027e+01
-3.230749613477674131e+01
-3.216464610951933167e+01
-3.311732786505672976e+01
-3.624706380480657231e+01
-4.305379299855357544e+01
-3.393369649110589137e+01
-4.103341569607169248e+01
-2.731539298573079577e+01
-3.725923693818630511e+01
-3.150943370978317759e+01
-3.152986911193858077e+01
-3.360522819826326213e+01
-3.252766912327435733e+01
-3.723569198523566826e+01
-4.273012173435365213e+01
-3.089321830404884750e+01
-4.013408727820053201e+01
-3.556597345110789377e+01
-4.155603200540360120e+01
-3.480538157929758114e+01
-3.418778371566617125e+01
-3.699483804307902801e+01
-3.063153455463272934e+01
-3.653177600086194587e+01
-3.525575813624123356e+01
-3.656946086636682480e+01
-3.125445066897976076e+01
-2.921268059568502196e+01
-3.658112846293533238e+01
-4.034813064288685780e+01
-3.116562062499657060e+01
-3.229773320873987075e+01
-3.936908878242959275e+01
-2.954258035899703216e+01
-4.350480761443452593e+01
-3.504169250603074204e+01
-3.243238841797393235e+01
-3.341887116588012674e+01
-3.622909537137686442e+01
-3.582518719496682280e+01
-4.205763961619393143e+01
-3.144297847939182944e+01
-3.487540280406603443e+01
-3.050378433693327906e+01
-3.461696967186847473e+01
-2.529190770878177830e+01
-3.443911656262510235e+01
-3.400729299355104018e+01
-3.781659019311513248e+01
-2.607431866343809546e+01
-3.830383275841825963e+01
-3.404621084380268314e+01
-3.695278568589704093e+01
-3.273379710249449204e+01
-3.460181536979269623e+01
-3.420615876192234595e+01
-3.790029302690994228e+01
-4.019331811439763413e+01
-3.711384669315531681e+01
-3.962121898294537203e+01
-3.565709829167716549e+01
-3.078225812070331102e+01
-3.372899673466654491e+01
-2.568108422747692998e+01
-3.278482491066028359e+01
-3.483838874655170770e+01
-4.023933467050552792e+01
-3.480339385434281496e+01
-3.893641856380797606e+01
-3.224700906739812467e+01
-3.370784270569756558e+01
-3.972038762725872374e+01
-3.111866177486881924e+01
-3.146257886810110804e+01
-3.912491936171520734e+01
-3.373882053356963695e+01
-3.187214754572655906e+01
-3.740121327906135207e+01
-3.976061308403682659e+01
-3.033779602110173101e+01
-3.446407046594426760e+01
-3.886517492932524931e+01
-3.376135972955829345e+01
-3.963133687041644038e+01
-3.920075664899100332e+01
-3.995750189715881362e+01
-2.699019782411461676e+01
-3.625833147541195700e+01
-3.222385220862172872e+01
-3.010343379916692186e+01
-3.290844223788769796e+01
-3.110138575859137688e+01
-3.414738210023206477e+01
-3.460498041822010151e+01
-2.981625771459850327e+01
-3.413290488954309865e+01
-3.421453799299592902e+01
-3.732811590367312959e+01
-3.929132083585749058e+01
-2.853167311802296524e+01
-4.044537140523086549e+01
-3.510817581433376233e+01
-3.998817498784158175e+01
-3.510863013672015853e+01
-4.224695461482898651e+01
-3.434042202779682640e+01
-3.753164387408827452e+01
-3.347840442969248187e+01
-3.961125409563898359e+01
-3.666262637370360267e+01
-2.987618458553297174e+01
-2.942607440575930511e+01
-3.839867388046144470e+01
-3.114412972456090145e+01
-4.092818200336689216e+01
-3.997117244685910009e+01
-3.352520574813880927e+01
-3.189631039587646555e+01
-2.921550461020410339e+01
-2.864619049330244138e+01
-3.805729691067281095e+01
-3.139532867698435226e+01
-4.308849331160556062e+01
-3.851365944614205006e+01
-3.678495764876511487e+01
-2.867364335799248209e+01
-3.869657095377878164e+01
-3.120896725976810160e+01
-3.434117640552092610e+01
-3.409202449246506461e+01
-3.346251650942122779e+01
-3.892457394754931954e+01
-3.438573994651986965e+01
-3.215565682717840446e+01
-3.388253092102996078e+01
-3.298163704909693905e+01
-3.638761049530820202e+01
-2.944097247884366197e+01
-3.714593756646165446e+01
-3.323282583409611135e+01
-4.078278233682875964e+01
-3.963674774747774165e+01
-2.844874969688294897e+01
-3.628399332371737529e+01
-3.685941419188308998e+01
-3.415150110909480219e+01
-2.775439402807113254e+01
-3.381597043637170685e+01
-3.898352150031595187e+01
-3.559799346762730465e+01
-3.801603628293794657e+01
-3.627251940964965371e+01
-3.843606977507699440e+01
-3.223651783057329823e+01
-4.179970903929540782e+01
-4.118981004917443300e+01
-3.664354104273938617e+01
-3.154080453616120394e+01
-3.778870298971413177e+01
-3.348080311952337240e+01
-3.357810314764398640e+01
-3.898900943657984897e+01
-3.394317840386854357e+01
-3.932654563934158887e+01
-2.498259969399930114e+01
-3.762352069870856752e+01
-2.824774584402455702e+01
-3.517322683750911949e+01
-2.903390880703338084e+01
-3.121940901803388968e+01
-3.427560742658624093e+01
-3.408689518727828727e+01
-3.196375151337823084e+01
-3.249572225676991621e+01
-3.595699200960650899e+01
-3.616979030118889682e+01
-3.259039203653297534e+01
-3.423652509058100435e+01
-4.035645325944702932e+01
-3.187107078385758641e+01
-3.305787212421590482e+01
-3.667816136156670126e+01
-3.307768768003197835e+01
-3.522594344871992433e+01
-3.923549575433219161e+01
-3.918175959838839617e+01
-3.607808476262372466e+01
-3.744808658733351336e+01
-3.370172230041455208e+01
-2.952095448711380499e+01
-3.390392894966166892e+01
-4.248250899680589043e+01
-3.302391567636671255e+01
-2.754909412968389759e+01
-3.646199496424918607e+01
-4.171323208013031802e+01
-2.899739083656381666e+01
-4.100534978949346510e+01
-4.047552312216085824e+01
-2.954045861158965636e+01
-3.544029455023064656e+01
-3.477755668489047025e+01
-3.799376271192523546e+01
-3.099228293327542971e+01
-3.408426063964986241e+01
-3.360922984194940710e+01
-4.008281945867778262e+01
-3.234591801970424285e+01
-2.807363267519466277e+01
-3.238584467990425964e+01
-3.897296476108690655e+01
-3.234848740102022902e+01
-3.130380983428540276e+01
-3.508695673537436477e+01
-4.240017291538687516e+01
-2.971639844015023257e+01
-3.908476183803337989e+01
-3.864639333668921495e+01
-3.923660428238497389e+01
-3.653597611797854938e+01
-3.546969534676475888e+01
-3.215670049338908854e+01
-3.766230337362691927e+01
-3.788636114578353897e+01
-3.160908886643556315e+01
-2.946807423938569315e+01
-2.911126722134043732e+01
-3.529834182474834137e+01
-3.228045641482881223e+01
-3.648593605031513221e+01
-4.179410038459438681e+01
-3.426380429295400631e+01
-3.501326193279965082e+01
-3.596035836631794069e+01
-3.925912463978869482e+01
-3.793564649860444149e+01
-3.829963982067567230e+01
-4.179676174943366362e+01
-3.865609682157343485e+01
-2.950653709229679222e+01
-3.186149599887920303e+01
-3.438056396694182126e+01
-4.201319944407957507e+01
-3.265577148947973996e+01
-4.001686341310885808e+01
-3.687456936076603853e+01
-3.357613784485285180e+01
-3.951486113060255434e+01
-3.886669712891088579e+01
-3.321243803352292190e+01
-3.672721425190900391e+01
-4.214804477314634568e+01
-2.747968041360996239e+01
-2.623223112090630949e+01
-3.816652684747382551e+01
-3.677477229106625600e+01
-3.023319077020118328e+01
-3.844023323522343105e+01
-4.251854049728594021e+01
-3.012788696954137535e+01
-4.148426759948012688e+01
-3.491979786083190618e+01
-3.636352049876169445e+01
-3.001518139417709818e+01
-4.217621475097443806e+01
-3.541679814916290070e+01
-3.933236500613978848e+01
-3.722371300460535082e+01
-4.254303346772686467e+01
-3.720511634975284210e+01
-3.524248070017920753e+01
-3.269405162505959339e+01
-3.792905450499863917e+01
-3.706082078115294109e+01
-4.047404173768430979e+01
-2.947867704904284381e+01
-3.300325332631417297e+01
-4.068531538392208091e+01
-3.758574441030646796e+01
-3.600596160120369404e+01
-4.132990971778776412e+01
-3.888914878683424092e+01
-3.792998068333545092e+01
-3.132131940140330428e+01
-4.024027300972830545e+01
-3.985074238735192864e+01
-3.866425454388312488e+01
-3.116195192228007116e+01
-3.113103736397043164e+01
-3.791174110773800265e+01
-3.618510299511052608e+01
-3.519199425286152660e+01
-3.646140516746591231e+01
-3.631518181677807178e+01
-3.842463796924091923e+01
-3.318772643345381823e+01
-3.402475406274849945e+01
-3.774354451250827225e+01
-3.240745730571020999e+01
-3.715632935194089725e+01
-4.027074229430799335e+01
-3.827661348752351245e+01
-3.166292139141894069e+01
-4.022343033142350066e+01
-3.879620835901916820e+01
-3.762571907630576362e+01
-3.441283440120318460e+01
-3.169184498099666314e+01
-3.810544541561912979e+01
-3.422626210083683418e+01
-3.354610448022646807e+01
-2.910163877482993655e+01
-3.204398215658223847e+01
-4.235525146324772550e+01
-3.925527900921787960e+01
-3.438838652585894806e+01
-2.961724327488073882e+01
-3.430669347350627874e+01
-3.865472890147655249e+01
-3.323386837079138445e+01
-3.954144612116257917e+01
-2.983775584215135268e+01
-4.252337337423297470e+01
-4.379410852370131124e+01
-3.260562587712195182e+01
-3.585594634321871155e+01
-3.202180736579536813e+01
-4.172221293804753373e+01
-3.150650585946284110e+01
-3.362618909475364148e+01
-3.056044068183608076e+01
-3.439202651384324128e+01
-3.069183848587473662e+01
-3.864875055797672587e+01
-2.716291895443542614e+01
-3.711213689897140711e+01
-2.879360520494725506e+01
-3.906584456575400566e+01
-3.794441622114886314e+01
-3.273910477304463740e+01
-4.036316915824225049e+01
-4.189713259523042410e+01
-3.842401555702621607e+01
-4.100858938268340381e+01
-2.952494698557692843e+01
-3.638444725288926662e+01
-3.697205131137386047e+01
-3.898018078432041023e+01
-3.192344005319587552e+01
-3.867248440519851727e+01
-3.382258344431974706e+01
-3.586450415681563442e+01
-3.858180974418139897e+01
-3.982892078763563148e+01
-3.936424970311207971e+01
-4.205846661321231039e+01
-3.106762596340870530e+01
-3.965332516013029363e+01
-3.178013745829188252e+01
-3.515150463200505015e+01
-4.380019301061247461e+01
-3.428008765000110003e+01
-3.217316899144421427e+01
-3.776910278981114999e+01
-3.527265531022891309e+01
-3.733327567894711763e+01
-2.977268453822755845e+01
-3.385756854642687586e+01
-3.565883791419798143e+01
-3.662226446712810457e+01
-3.427381527032316910e+01
-3.326039070133999331e+01
-3.267922644091083129e+01
-3.850362906669213459e+01
-2.938711921315313802e+01
-4.065973942434460042e+01
-3.633519585976328869e+01
-2.977085351788598189e+01
-2.671839412912068923e+01
-3.367376953835668019e+01
-4.050227936634911430e+01
-3.689639769103806088e+01
-3.976678523972127266e+01
-3.907040608650945046e+01
-3.880438148023392131e+01
-3.844407700229910319e+01
-2.908487801280734786e+01
-3.720411114767185978e+01
-3.493632989317783455e+01
-3.498601966754555548e+01
-4.020734013537967400e+01
-3.071406646838689269e+01
-3.523209517405206981e+01
-4.118817080727992419e+01
-4.022217633614501864e+01
-3.823211590019030837e+01
-3.091898360660999145e+01
-3.246811079552638546e+01
-3.397482995839172304e+01
-3.369374528319906403e+01
-2.809313800763552038e+01
-3.651866578092688798e+01
-3.413228083775690180e+01
-3.449145814130152843e+01
-3.091057645880392002e+01
-4.267712972992689657e+01
-3.789131306680833688e+01
-3.156126410395763671e+01
-3.878664024571287428e+01
-4.064503599739524731e+01
-3.611520186623589979e+01
-3.032979911452638078e+01
-3.952508085859265208e+01
-3.544580532190871480e+01
-3.143231715565215367e+01
-3.079339629419672164e+01
-2.921407235135451685e+01
-3.476604973150015354e+01
-3.427830305504429020e+01
-3.906438858889007548e+01
-3.837472641383207161e+01
-3.197972940806817732e+01
-3.017394917765412288e+01
-3.673528567765710307e+01
-3.769970907236792357e+01
-3.153833275303995620e+01
-3.247200910017763675e+01
-4.076911393485154633e+01
-3.955285801142740354e+01
-3.256260807357769949e+01
-4.113964029680605705e+01
-3.836703132484438328e+01
-3.823887520506247739e+01
-2.733772424695069247e+01
-3.627313810463578392e+01
-3.380077760261144704e+01
-3.584457530931327085e+01
-4.142856894924804578e+01
-3.699348793534216640e+01
-2.858196720859462658e+01
-3.240166634861952133e+01
-3.860261943395464357e+01
-2.740111627107643955e+01
-3.654856734940256757e+01
-3.929735682571500632e+01
-3.160017192680046350e+01
-4.147011365673218819e+01
-2.568982311568882793e+01
-2.671116083480752224e+01
-4.216168416957265208e+01
-2.758537608153940113e+01
-4.314315986142637627e+01
-3.747702839089580351e+01
-3.554717986242112460e+01
-2.924892782397438395e+01
-3.774008141269813166e+01
-3.369994854584027877e+01
-2.814051849494743962e+01
-3.072007415952954190e+01
-3.853819452265903323e+01
-3.281624361056316985e+01
-3.735799071156873197e+01
-3.876570280017612191e+01
-3.391034104081754919e+01
-3.384221278962289148e+01
-4.198898993868081675e+01
-2.992631065111701361e+01
-2.983068750192467178e+01
-2.978611655202039188e+01
-4.369225849879229884e+01
-4.021984029946271022e+01
-3.693232282073149975e+01
-3.212826041971618451e+01
-3.257973557264530484e+01
-3.612214184751070434e+01
-3.101957138094606847e+01
-3.271393224087431406e+01
-2.703897192064949806e+01
-2.739676640582032263e+01
-3.456446801012194925e+01
-4.268894547487941082e+01
-2.832073988163725886e+01
-3.485947630911162776e+01
-3.306516078666889769e+01
-3.359534368827183215e+01
-3.081021492861127697e+01
-3.783797842820781909e+01
-3.693771470976724203e+01
-3.225854730551770189e+01
-3.806126104104132679e+01
-3.122960513906829050e+01
-2.702622372660216143e+01
-3.099264909599590467e+01
-4.252897245983174912e+01
-3.529572567572122921e+01
-2.910256693635189151e+01
-3.759057248967953058e+01
-3.138344305201093576e+01
-3.206887948608065386e+01
-3.448135866881223421e+01
-3.674529820605210517e+01
-2.918379375175958046e+01
-3.315362507829139815e+01
-3.413875874812264755e+01
-3.432313908578873196e+01
-3.687026290228148184e+01
-3.413482908332070309e+01
-3.412374450589336305e+01
-3.728498495414061864e+01
-3.868028214301626377e+01
-3.515947262806168538e+01
-3.258948988429060023e+01
-3.289713719354995902e+01
-4.115395968716004660e+01
-3.520669149678735721e+01
-3.996628561840532257e+01
-4.095054389565166986e+01
-3.749277561377877532e+01
-3.367594397644602111e+01
-3.041244531337224899e+01
-3.517489363510767220e+01
-4.215230060600035955e+01
-3.878604661808363119e+01
-3.975378324274819164e+01
-4.211798178891682909e+01
-3.178027363524861926e+01
-4.332730044731373198e+01
-2.913717930620214602e+01
-4.283432194939479842e+01
-3.814699290547176957e+01
-3.219089588491169707e+01
-2.922137545738408093e+01
-3.734345595701798004e+01
-3.482250606712377561e+01
-3.458895660550577134e+01
-3.141799195497637953e+01
-3.262848291298127634e+01
-3.696533849823259743e+01
-3.553614026626240729e+01
-3.670102009071482740e+01
-3.017125088602309546e+01
-3.827555504848847079e+01
-3.734971385693841484e+01
-3.410619076722575471e+01
-3.538701346066638109e+01
-3.856508142844594289e+01
-4.406005865150449097e+01
-4.242915007706493213e+01
-3.495552751957720261e+01
-3.375246395680304090e+01
-3.389287031073876477e+01
-3.174509338463671071e+01
-3.060735564976658907e+01
-3.026360702388968349e+01
-3.026944758322363782e+01
-2.727198313397903107e+01
-3.133129511398549027e+01
-3.364313691699301501e+01
-3.174484602963941171e+01
-3.771463810527420435e+01
-2.913965939747438227e+01
-3.663456691139519705e+01
-3.417948171649869948e+01
-3.893554802461368070e+01
-3.523116872070632866e+01
-2.990079672691831902e+01
-4.136411616819346904e+01
-3.007655142114246516e+01
-2.968824500810378453e+01
-3.353860448175952058e+01
-3.994288311937179259e+01
-3.983017012568513593e+01
-2.814255175339993542e+01
-3.502948842532990881e+01
-3.883604302278283882e+01
-3.211739163961797772e+01
-3.800728768631091725e+01
-2.906071221110684988e+01
-3.767805331552951742e+01
-3.522694605554737279e+01
-3.165345836674364932e+01
-3.769503476764439398e+01
-4.271658058590254825e+01
-3.715974559974086588e+01
-2.612548643479879118e+01
-4.336331748364489158e+01
-3.446084325129635317e+01
-3.540962064400742548e+01
-3.175478921800232257e+01
-3.872843325623583155e+01
-3.360150054795875718e+01
-3.520190749703246524e+01
-3.648881947063563302e+01
-3.146384971394046204e+01
-2.886052040734769264e+01
-3.699531266018051667e+01
-3.680530676799666168e+01
-3.014676131191981057e+01
-3.963773195101950364e+01
-3.352712081737641370e+01
-3.386144738664118137e+01
-3.504797125801191982e+01
-3.652172812074549313e+01
-3.380439388545730850e+01
-3.248060350372957572e+01
-3.014779792884037590e+01
-3.176933358269683438e+01
-3.445046884418814415e+01
-3.883634281549322509e+01
-2.837096947990600526e+01
-3.486573662474557267e+01
-3.449160117286332650e+01
-3.920822940814096569e+01
-4.197843875240899081e+01
-3.895275454151889249e+01
-3.782342557453414855e+01
-3.620855216168703095e+01
-3.640204540816170464e+01
-3.174903899557577702e+01
-3.124969621439933576e+01
-2.814763224140384779e+01
-3.246896600463654181e+01
-3.717579931706294616e+01
-3.254949914114331477e+01
-2.870346145827986817e+01
-2.850921253435064884e+01
-3.935390734068848673e+01
-3.856351569650830413e+01
-3.666802028887043718e+01
-3.840533672388382769e+01
-2.723228535460430777e+01
-3.682150243575208748e+01
-3.598426368965682798e+01
-3.524886575527691690e+01
-3.888629269430313684e+01
-3.652536572561520245e+01
-3.498220147791393231e+01
-3.311585593430618957e+01
-3.311003243544941199e+01
-4.075102349301490534e+01
-3.838508117298917455e+01
-3.367755009562348789e+01
-2.974503825439413518e+01
-2.643676761554269206e+01
-3.630435556089459226e+01
-3.766612025194308444e+01
-3.177947017096863291e+01
-4.052302808215504371e+01
-3.933932299848739689e+01
-3.230875542187781235e+01
-3.833107285277731080e+01
-3.695413262060695558e+01
-3.659272914488358452e+01
-3.809193899207197376e+01
-3.398502665795903255e+01
-3.518576263734244947e+01
-3.612765138964800826e+01
-2.989670267501184853e+01
-3.563554640173506272e+01
-3.715694035283495111e+01
-3.421812523626288538e+01
-3.013036226047105970e+01
-3.741116537783375406e+01
-3.590828516025713668e+01
-2.804789468875200598e+01
-3.466548139443113996e+01
-3.782106068884560557e+01
-3.358958553519641299e+01
-3.628942099068170535e+01
-3.234319838203576580e+01
-3.564465176166699223e+01
-3.457695923946379679e+01
-3.527868482306321596e+01
-3.431166885157178115e+01
-3.580200095747318301e+01
-3.171824860887563702e+01
-3.591744153625357683e+01
-4.137627643620994888e+01
-3.615190030858508408e+01
-3.630032636266047774e+01
-2.701163534948270595e+01
-3.636402889342532063e+01
-3.987604069486089742e+01
-3.288921983603032118e+01
-3.837640122885465388e+01
-2.950160295215205863e+01
-3.446977104089479838e+01
-2.913526232595047105e+01
-4.256555631655322713e+01
-3.177985240414783163e+01
-2.966356556115275112e+01
-3.091641986747685422e+01
-3.800146424258294076e+01
-3.093544215025782051e+01
-3.168224851066254644e+01
-4.153081244808056027e+01
-3.853412572525153479e+01
-2.896138534136030174e+01
-3.760965739337727598e+01
-3.501453454705278290e+01
-2.998217647818730569e+01
-3.003278725945363448e+01
-3.064607436886609904e+01
-3.462872145661258827e+01
-3.950170307814757820e+01
-3.736912126680442015e+01
-3.041934060459743705e+01
-3.549467638380571088e+01
-3.881039419729783191e+01
-3.725343270414386154e+01
-3.286382083821455780e+01
-3.657343648116366808e+01
-3.669320070649700227e+01
-3.227463269297977888e+01
-2.957294972037866287e+01
-3.479268519193868769e+01
-3.385244372346658537e+01
-2.960244020336202198e+01
-2.815834468602825780e+01
-3.220582734113541790e+01
-3.000369831185517455e+01
-3.754326267356272950e+01
-2.957965765535341873e+01
-3.477598293040091448e+01
-3.300609133500287129e+01
-3.313663650159556795e+01
-3.220909583284169031e+01
-3.273167897716623287e+01
-3.784809136142420272e+01
-3.643735609723056257e+01
-3.386080158778579374e+01
-3.883253785370722255e+01
-3.398532506395589081e+01
-3.965478691193692384e+01
-4.134715106093191395e+01
-3.469675563399736973e+01
-3.246486331683239968e+01
-3.745580364492876413e+01
-3.704827539042980078e+01
-3.053489417615113055e+01
-3.409878296284962573e+01
-3.586947543486346746e+01
-3.197804032514142492e+01
-4.174249731652422213e+01
-3.801898762110649699e+01
-3.557379999039142149e+01
-3.746298221613192680e+01
-3.310788205913425486e+01
-4.269662594466119288e+01
-3.435304316549872539e+01
-3.653853667085347467e+01
-2.966072512732351285e+01
-3.335365128566004955e+01
-3.045857443764974803e+01
-3.045788654822970187e+01
-3.084816977553055750e+01
-3.381240778519662626e+01
-3.582561515271051178e+01
-3.192926047109447296e+01
-3.947193980340139063e+01
-3.273751729675141320e+01
-3.518811636901261863e+01
-3.133698016434517797e+01
-3.587286936730522768e+01
-3.151996173803641099e+01
-3.673176759050356566e+01
-3.601245707066588153e+01
-4.210793502442449920e+01
-2.702725514712763299e+01
-3.890209006210544374e+01
-3.251459371229302064e+01
-3.396664974440349027e+01
-3.879609153409401756e+01
-3.127809340267686622e+01
-3.826092353916088484e+01
-4.150058141135721002e+01
-3.525639502008796455e+01
-3.629072556161678165e+01
-4.375810522331077834e+01
-3.802046963248010769e+01
-4.054187816625520213e+01
-3.517216758650233999e+01
-3.490863882705997412e+01
-3.667221940215249276e+01
-2.842800184936828956e+01
-2.877239709006018842e+01
-2.886266997526289657e+01
-3.475036686017769938e+01
-3.669924001557764370e+01
-3.272987108955787505e+01
-3.785646707996537685e+01
-3.513380150872236385e+01
-2.957459867237090378e+01
-3.061069853493497206e+01
-3.366106092184848819e+01
-3.671715396003995835e+01
-3.723473532290034171e+01
-3.782541819336607603e+01
-3.909470036264918491e+01
-3.395638039453575630e+01
-3.494182995882942322e+01
-2.681983516272231327e+01
-3.030946179526890916e+01
-4.011809522413498286e+01
-3.320778669335353328e+01
-3.226549929471931222e+01
-2.962506983333605248e+01
-3.269340794445752607e+01
-3.834794289382275423e+01
-3.371943388048182300e+01
-3.182423917738684693e+01
-3.699360237032188081e+01
-3.149181755939145333e+01
-3.332906547764707028e+01
-3.791078981530950642e+01
-3.877494111845835789e+01
-3.486218561055830634e+01
-3.219031153212792162e+01
-2.657255597478072673e+01
-2.963732079950074194e+01
-3.066614323727443647e+01
-2.857891526738911736e+01
-2.936863852283899590e+01
-3.676859266556376582e+01
-2.553200614044287420e+01
-3.506887500509803601e+01
-3.107959119513790824e+01
-2.747886488086174950e+01
-3.871346801394739856e+01
-3.060575501952497746e+01
-3.714894473668721275e+01
-3.340533291379343694e+01
-3.785425975226209516e+01
-3.962673087025167007e+01
-3.199672045738287096e+01
-4.024708903852962294e+01
-3.820122491847150314e+01
-2.916342701398255599e+01
-3.068547564654435078e+01
-2.971270208027156912e+01
-3.622526456977249865e+01
-3.725425440619974182e+01
-3.760075367661816159e+01
-3.629683424849724105e+01
-3.527852523204787616e+01
-3.004180946315990042e+01
-3.745389004078629824e+01
-3.447437438299630230e+01
-3.217730962130293904e+01
-3.356739309863765186e+01
-3.714787531476842020e+01
-2.620043173168673079e+01
-3.963483076944221750e+01
-3.630674733774960572e+01
-3.346599026719703573e+01
-3.979121763686040936e+01
-3.626647273720450926e+01
-4.076495461592338643e+01
-3.327046825979054034e+01
-3.902284571281023773e+01
-2.727081371544089450e+01
-3.007199675341761136e+01
-2.963514206215690194e+01
-4.178654593065260059e+01
-2.879538938555394267e+01
-3.742266769082574740e+01
-3.577723304412585748e+01
-3.246948663674831437e+01
-3.749397601739238439e+01
-3.690069364482133807e+01
-4.062931577136677674e+01
-3.567353669865045873e+01
-3.582385581953390385e+01
-3.605854450041229597e+01
-3.176729208972369634e+01
-2.943010824033657613e+01
-2.924156025624381172e+01
-3.004554355594264337e+01
-3.150930376432540925e+01
-3.856319527736896191e+01
-2.425922343127901115e+01
-3.457037756861619471e+01
-4.057919360026463806e+01
-3.601110689021121658e+01
-4.116916379945438820e+01
-3.197994095537098858e+01
-5.545335275569119204e+01
-5.773165550771183518e+01
-5.600756548264554624e+01
-5.218527061606921791e+01
-5.847241052940283623e+01
-5.892661364146857750e+01
-6.076368009126044711e+01
-5.787147396229001117e+01
-4.972670341982290410e+01
-5.943212848759109335e+01
-5.635320130103752234e+01
-5.295858470134662355e+01
-5.828611191421690307e+01
-5.908831099462886272e+01
-6.176026716284933116e+01
-5.699725508494802284e+01
-5.585855629240584364e+01
-5.596359097365920121e+01
-6.050551424929628297e+01
-6.017565557063608139e+01
-4.867545848072783343e+01
-5.109813437920134760e+01
-5.705528444780905062e+01
-5.900415714339057160e+01
-5.491538806407298523e+01
-6.002684871459916849e+01
-4.692528136422454565e+01
-5.904351731912477419e+01
-4.958402225176620703e+01
-5.798530465096417430e+01
-5.852013139085478599e+01
-5.827310027940281145e+01
-6.387721336722109555e+01
-5.372121981935943325e+01
-5.443579795364637164e+01
-5.227863772551897625e+01
-6.100090666739071565e+01
-5.672849326013695759e+01
-5.479823783131078585e+01
-5.635049298895532388e+01
-4.802775430758978814e+01
-5.272977645329448393e+01
-5.916043891053718085e+01
-5.784109409953700265e+01
-5.857043943075932191e+01
-5.684776237159452705e+01
-4.953956701191724221e+01
-6.105164161597144812e+01
-4.706206291086544269e+01
-4.143749451816914586e+01
-2.968405166669695916e+01
-4.175306366148499393e+01
-3.200169147022034366e+01
-3.855886914984598945e+01
-3.358040093172803608e+01
-4.070868619190190429e+01
-3.637410939531037712e+01
-3.861046003013481709e+01
-4.086090156189024469e+01
-3.231737133490464231e+01
-3.509681008090152687e+01
-3.591728853584635317e+01
-3.249489369322532895e+01
-3.599291314061729707e+01
-4.270377582273351891e+01
-3.675453310066762214e+01
-3.187408926356014049e+01
-3.998037814984630955e+01
-3.910444118857532914e+01
-3.707065752055902408e+01
-3.548697421181270073e+01
-3.552021244853995796e+01
-4.009618007232373316e+01
-3.759356204332225104e+01
-4.179445216288381459e+01
-3.145086946356180491e+01
-4.059106433713148476e+01
-4.179497289399243698e+01
-3.458963103895825952e+01
-3.892017145055569927e+01
-4.052639011619865528e+01
-3.764111673145042403e+01
-3.956389119720316927e+01
-3.843761287964755269e+01
-3.630717858459566116e+01
-3.465142257480815857e+01
-3.501009409909764258e+01
-3.599175669838684399e+01
-3.883439563369870484e+01
-4.007189099630799944e+01
-2.984441381495391710e+01
-3.523780318193485073e+01
-4.461703919044502697e+01
-4.289388242551399344e+01
-3.845561903875854171e+01
-3.767614154630020096e+01
-3.972945430607579453e+01
-3.956313935261973569e+01
-4.060109161958890667e+01
-3.621984504448546716e+01
-3.541462051334783467e+01
-3.749767796509728868e+01
-3.842355467962883608e+01
-3.584857513518929295e+01
-3.635670465882860469e+01
-3.421104051816426050e+01
-3.562471471604765583e+01
-4.066175240992497919e+01
-4.523236432735875212e+01
-3.378589631704983276e+01
-3.941939200181574421e+01
-4.427157148545843057e+01
-3.453420784379933650e+01
-3.642651187355902209e+01
-4.351452006681567752e+01
-3.435722733976329835e+01
-3.483988087539704992e+01
-3.437771471712862592e+01
-3.445162885218090310e+01
-4.264215182324383591e+01
-4.040963309372718015e+01
-3.567463504679357555e+01
-3.385142868046695952e+01
-3.077398438964467431e+01
-3.571738703306260021e+01
-3.334039986334725114e+01
-3.735465621771730582e+01
-3.268184182875296528e+01
-3.699948271166235969e+01
-3.793826409901733143e+01
-4.203126810283586678e+01
-4.084262890612154706e+01
-3.451858329683519599e+01
-3.333972663730308028e+01
-3.312128695811497892e+01
-3.515815210328040052e+01
-4.342720458505062453e+01
-4.001932850707635936e+01
-3.538495669900424190e+01
-4.004407222789912169e+01
-4.362549029315083260e+01
-4.026422860757194400e+01
-3.540052511520479328e+01
-3.868405374106004757e+01
-3.847314261639542821e+01
-3.645105126594982892e+01
-3.614427887192345423e+01
-4.353971223324956696e+01
-3.629014527123547396e+01
-3.900617781535100193e+01
-3.308893507441189286e+01
-3.471208157948589701e+01
-3.813934437602286209e+01
-3.548363042323423144e+01
-3.567424972983405951e+01
-3.338558740830858795e+01
-3.403774485975305453e+01
-3.721474906027864904e+01
-3.943486430505251406e+01
-3.132509583079458437e+01
-3.454248295031644744e+01
-3.774626107117669704e+01
-3.054683644096069628e+01
-4.305302664771301124e+01
-3.544498606793656137e+01
-4.030796346395464980e+01
-3.200239407064084673e+01
-4.098884884131612694e+01
-4.270143301196706886e+01
-3.684846716775936670e+01
-3.878463258312160633e+01
-3.540176537132113310e+01
-3.710178535002853550e+01
-3.769592151186412110e+01
-3.310077166180826680e+01
-3.463680037716639504e+01
-3.784011837987951310e+01
-3.828475474912755061e+01
-4.023975091427682571e+01
-3.559068162270658320e+01
-3.107826664521538262e+01
-3.792304295745425691e+01
-4.382785229946175320e+01
-3.140670112351186916e+01
-3.886275548408883651e+01
-3.195985169445153318e+01
-4.311626031346758481e+01
-3.083275988406190038e+01
-4.118369802822228820e+01
-2.896601493127649363e+01
-2.812104558011073152e+01
-4.213653933316410871e+01
-3.319693335226737219e+01
-3.113727597592527374e+01
-3.813648181594485465e+01
-3.870052519465556884e+01
-3.723715562409670099e+01
-3.356883654566787811e+01
-4.102772759246280998e+01
-3.153137364994891456e+01
-3.270162945364519658e+01
-4.031576363953920605e+01
-3.679594470152527919e+01
-3.314593128626693641e+01
-4.281795329956374019e+01
-3.568453274500835448e+01
-3.882312862743616222e+01
-3.213285310287628960e+01
-3.305330908208036078e+01
-3.698740885892273411e+01
-4.028973714592624589e+01
-3.210078936531279226e+01
-3.089900583692560687e+01
-3.619662031304756766e+01
-3.578816445511569100e+01
-4.520928664099936611e+01
-3.752969448552391185e+01
-3.903520328504389880e+01
-3.584687159852809657e+01
-3.859623503551816270e+01
-3.283951354125481004e+01
-3.542420197800623782e+01
-3.823800496479775290e+01
-3.193500368598184735e+01
-4.323557302581009054e+01
-2.911422702358808223e+01
-4.041951567670879086e+01
-3.997970883363325356e+01
-3.706617638257507963e+01
-3.783117330533170986e+01
-3.597764392912110765e+01
-3.946945520445424904e+01
-4.270144574791146397e+01
-3.986798260641225511e+01
-3.037066302219680125e+01
-3.165604866328735767e+01
-3.645057894710760138e+01
-4.294971940385605080e+01
-3.761556828108907524e+01
-3.359634647453071921e+01
-4.024104171850740386e+01
-3.581155841505515980e+01
-3.838551064828074288e+01
-3.891137412587313804e+01
-3.811240567428946946e+01
-3.431276566129930927e+01
-3.940682341550810008e+01
-3.024582136462229087e+01
-3.388845348836530746e+01
-3.240303663857346095e+01
-4.151452409482603656e+01
-2.899327926405617717e+01
-3.756694883212956881e+01
-2.825164029827235268e+01
-3.723442991391492995e+01
-3.494944624995645910e+01
-4.152968518821080579e+01
-2.934452272537689055e+01
-2.952392375813939651e+01
-3.228879508240625995e+01
-3.127568965349668062e+01
-3.791972404444737776e+01
-2.938220542234774157e+01
-3.505984217957126248e+01
-3.320121824188978366e+01
-3.375651008434491018e+01
-3.579462258434777766e+01
-3.734578592386667850e+01
-3.488281236672881391e+01
-3.031150311114495821e+01
-4.143245410181597776e+01
-3.163445995285728429e+01
-3.045976321739592052e+01
-3.779066889521744343e+01
-3.019414668292641224e+01
-3.009079386622527252e+01
-3.660711715110823405e+01
-3.755230936610188763e+01
-4.466737671910961183e+01
-4.055459150265578927e+01
-3.996427086390668393e+01
-3.309970815068906091e+01
-4.456451765598643533e+01
-3.457529363098738173e+01
-3.762996496673677882e+01
-3.526448139502074497e+01
-3.649587198519829201e+01
-3.638747552838667332e+01
-3.124711125745471207e+01
-3.771373427335318951e+01
-3.853147526657595279e+01
-3.418248851892626305e+01
-3.822813958025352576e+01
-3.035175279988023078e+01
-4.209192197360766130e+01
-3.306737263172234265e+01
-4.300872189026434000e+01
-2.964100090343222149e+01
-3.852762396674778245e+01
-3.697169703738496338e+01
-3.295754427539310427e+01
-3.240593714626657373e+01
-4.039457713739528799e+01
-3.951759231155836716e+01
-3.843501338136739776e+01
-3.697814284677301799e+01
-3.456482842880947715e+01
-4.290951765345068480e+01
-2.832091919271725189e+01
-3.708659325482106794e+01
-4.280627956177164606e+01
-3.697881545419443228e+01
-2.845320190812237016e+01
-3.167993368010701616e+01
-3.372583040453095293e+01
-3.975304547000705213e+01
-3.869030987204072858e+01
-4.336787562262430384e+01
-3.586664162157232738e+01
-4.431264649899340924e+01
-4.380309272527271958e+01
-4.094436366648658066e+01
-2.879496099435141332e+01
-3.797712904181938143e+01
-4.497993112569943719e+01
-3.512980524007116401e+01
-3.605862887571377229e+01
-3.891697729250181936e+01
-4.137435755658277259e+01
-3.362388488895030747e+01
-3.918764232620682009e+01
-4.213634237479891453e+01
-4.057988628038663848e+01
-3.512623890544705318e+01
-3.240650595541889345e+01
-2.948375285321042583e+01
-3.472977316647504864e+01
-4.180324004257932557e+01
-4.239034638327792237e+01
-3.656328228272638370e+01
-3.473614085592420508e+01
-3.695411950737340590e+01
-4.217913164883825061e+01
-3.787070348217786631e+01
-3.734691201315895626e+01
-3.915610530778951670e+01
-3.768781048405924849e+01
-3.531487453578414204e+01
-4.406542633059386560e+01
-4.343626419956641627e+01
-3.556801042672868363e+01
-4.059629765375443355e+01
-2.825985915234319279e+01
-3.309290482751733009e+01
-3.236702317427689479e+01
-3.713545995006001021e+01
-3.024847787608867122e+01
-4.098851253234924030e+01
-3.514658505317601112e+01
-3.475296975191378834e+01
-3.797582923504052843e+01
-3.823223269180449790e+01
-3.831265925166341901e+01
-3.244624599599467274e+01
-3.781855979940907986e+01
-3.696866219140591880e+01
-4.205197020480474634e+01
-3.758734131423354796e+01
-2.807646927189979635e+01
-4.209079374745869018e+01
-3.991239299397362572e+01
-3.377310389379934463e+01
-2.696048037107463458e+01
-3.591295006429958647e+01
-3.774309720592719941e+01
-2.900521677923917707e+01
-3.695288037451844332e+01
-3.628383892307299874e+01
-3.040250771399425389e+01
-3.960878115140607036e+01
-3.721544214347206037e+01
-3.132168996365809832e+01
-3.158486029141980111e+01
-4.095547714063702216e+01
-3.681602167868994258e+01
-4.415189717748091169e+01
-4.195048712041399597e+01
-3.477723491743701345e+01
-3.400853562320152434e+01
-4.007140197258890879e+01
-2.772745661637591397e+01
-3.193641594585855970e+01
-3.565934756889805612e+01
-2.922177850559640078e+01
-4.249584710928995435e+01
-3.630898944845347387e+01
-3.442258682540396109e+01
-4.005350215628969579e+01
-4.000737331314289236e+01
-3.032172840148197679e+01
-3.413023401306498528e+01
-4.336135643787330451e+01
-3.866082497846891641e+01
-4.002702287754355837e+01
-3.891280723065069225e+01
-3.662666766884340319e+01
-3.643277252640474728e+01
-3.843742741278528285e+01
-3.259504756571014639e+01
-4.095247647605922481e+01
-3.885258290514297386e+01
-3.039028090318330300e+01
-3.953459272611512176e+01
-3.759960479703359937e+01
-3.378177093999696723e+01
-3.746799373829412616e+01
-3.866304953838935177e+01
-4.158840962708487154e+01
-3.277247830732939349e+01
-3.321003392007566646e+01
-4.522311759375364915e+01
-3.676051711362328689e+01
-3.952149163755335337e+01
-3.425728778499652805e+01
-2.936828924048453615e+01
-3.696789508668207702e+01
-4.273182537711100792e+01
-3.917753532265413696e+01
-4.352422651981338930e+01
-4.384180852898326464e+01
-4.074421987976998594e+01
-4.311117177088429742e+01
-3.374575671988890235e+01
-3.653653604273483069e+01
-3.695531959943553346e+01
-2.794864215799722018e+01
-3.549384015469074427e+01
-3.195452827270722906e+01
-4.068595642931649792e+01
-4.102139646583376731e+01
-4.398804245040928862e+01
-4.509997970068035755e+01
-4.017282676219644344e+01
-4.097864506902585191e+01
-4.494145998552210841e+01
-3.980767021019119767e+01
-3.725518822864535196e+01
-3.356043119848199296e+01
-3.247916095719207163e+01
-4.547544614428904453e+01
-4.133655751523568966e+01
-4.496477326308514932e+01
-3.525943400411092910e+01
-4.332593876344287054e+01
-3.093462544666839875e+01
-4.361994771641499113e+01
-3.772566531583575511e+01
-3.531030826635993947e+01
-3.022224723438047178e+01
-3.817142637976146347e+01
-3.092840385424098315e+01
-4.201932885954578012e+01
-3.293611138709640329e+01
-3.799187283589905206e+01
-4.449761738626413887e+01
-3.992525157498428712e+01
-3.458782844740238005e+01
-3.853215464480228292e+01
-4.176943794882412675e+01
-3.683680286197164833e+01
-2.951910147058208977e+01
-3.619150792909509562e+01
-2.887818782801063833e+01
-2.914607671195940952e+01
-3.818779308540506889e+01
-4.051124343623325785e+01
-3.149954529431159500e+01
-3.154974571853998455e+01
-3.056729143100363189e+01
-3.698691971931760492e+01
-3.996107126053416891e+01
-3.906571903529717105e+01
-3.220166802510106407e+01
-4.112396632996521362e+01
-3.483230398845964970e+01
-3.957128972937555744e+01
-4.149360236824776393e+01
-3.714772300833406149e+01
-3.793283960848708602e+01
-4.247044886667283237e+01
-3.866347482729688778e+01
-4.147105895578668111e+01
-3.344631031085665285e+01
-3.406825855995112562e+01
-4.212654469277210012e+01
-4.313493366209107194e+01
-3.664273544338830391e+01
-3.685572426452573325e+01
-3.455794223653519026e+01
-4.166791918173417031e+01
-4.413449702891061577e+01
-3.986521058520921912e+01
-3.588793329995731796e+01
-3.395911821982237200e+01
-3.728851004136647873e+01
-3.595324484841868440e+01
-3.450638993043122582e+01
-3.214151673522105312e+01
-4.129071782807486102e+01
-4.280931316372944906e+01
-3.188438121549411264e+01
-4.235925706802898105e+01
-4.537176075562135225e+01
-2.950081698850154766e+01
-3.918644893338444746e+01
-3.807350525016470755e+01
-3.694304995955447879e+01
-3.855353615523190314e+01
-4.042166322203681261e+01
-3.609702524504391619e+01
-3.182875826864888680e+01
-4.076694943625862777e+01
-3.899845775153725214e+01
-4.065991980441808096e+01
-3.591877960402185010e+01
-4.223803192745229040e+01
-3.520666939200427237e+01
-3.191493136728565716e+01
-3.187081711719338273e+01
-4.162733722175951101e+01
-3.669747967017018198e+01
-3.777761920148063979e+01
-3.276868878347993785e+01
-3.420325719379520280e+01
-3.434423511773469784e+01
-3.428531691077922972e+01
-3.217714296915466576e+01
-4.311136540435798992e+01
-4.464307972717391948e+01
-3.340565946051528812e+01
-3.778650653820648131e+01
-3.824871401505455992e+01
-3.902464972009352095e+01
-3.844825666430742928e+01
-3.375595368598668244e+01
-2.939148194105232292e+01
-4.573811025108514627e+01
-4.130067991225516266e+01
-3.736265270640184610e+01
-2.976846537466923337e+01
-4.045040795822746560e+01
-3.122649090788306481e+01
-4.045472320123192134e+01
-4.303086601352465124e+01
-3.635036872227338023e+01
-3.666486298993230974e+01
-3.191383100185454325e+01
-3.326861724654292374e+01
-3.477442811335940576e+01
-4.379975038963140577e+01
-3.835816686527859076e+01
-3.177404143259949265e+01
-4.514912409082958789e+01
-2.803542577910737776e+01
-3.887279265359495639e+01
-3.516510830017793410e+01
-3.116186546428403048e+01
-3.464901568015714872e+01
-3.408949818675561261e+01
-3.960708216586802166e+01
-4.185804041901507588e+01
-3.182164834303817003e+01
-3.931249800873514033e+01
-4.011618718526098348e+01
-3.723640986864596414e+01
-3.431271222703573187e+01
-3.918165080479446516e+01
-4.307372966530156333e+01
-4.238102076478938329e+01
-3.743135387956056803e+01
-3.768260392827973249e+01
-3.884364107714350922e+01
-3.058189289585315507e+01
-3.035182357026301148e+01
-4.185934272464398020e+01
-4.375881269752724734e+01
-4.545522681461410741e+01
-4.165458395096830913e+01
-3.486586365196792059e+01
-4.441870197410574406e+01
-3.753543355021751182e+01
-3.398617107221260625e+01
-3.989068355428225487e+01
-3.981220627284807279e+01
-4.023235608914303896e+01
-4.242497940312776450e+01
-3.481837417335879081e+01
-3.729378818811309060e+01
-4.566194312265562871e+01
-3.753219344470482355e+01
-3.448240441944915347e+01
-3.309716140935567807e+01
-3.895291932674516033e+01
-4.285918573245025698e+01
-3.151510913987722873e+01
-3.558682920794465332e+01
-3.692129811293791875e+01
-3.453844864659735237e+01
-4.478208577585670014e+01
-3.587019673357919913e+01
-4.138734217919617464e+01
-4.551649236939174159e+01
-3.046619659339050656e+01
-4.509405928284297005e+01
-3.942527933297716913e+01
-3.747490609497689462e+01
-4.173199938276462007e+01
-3.872129811490659534e+01
-3.461691551830313074e+01
-3.384144140656725597e+01
-3.168505387973829102e+01
-2.884804530347853913e+01
-3.723399945596194982e+01
-2.901059941679539023e+01
-3.164161038292491668e+01
-3.094559366258053501e+01
-3.164045188875289938e+01
-3.266895397558002401e+01
-3.555780864248652051e+01
-3.494361130681389938e+01
-4.269385022675152186e+01
-3.209424919522258790e+01
-3.257367417799635234e+01
-4.190571758751277542e+01
-4.170959331565310890e+01
-3.728020667438948976e+01
-3.777014981867278465e+01
-4.111159613619676634e+01
-3.236489377250702404e+01
-3.612078018241260935e+01
-4.476304657844016077e+01
-3.926957533832641190e+01
-3.060853879030718971e+01
-3.464779828918962323e+01
-3.467737799207393579e+01
-3.833485588912823516e+01
-3.209932224167392434e+01
-3.163997725729460342e+01
-3.687189397986880834e+01
-3.299610221070565785e+01
-3.617876339669426500e+01
-3.897904239782817370e+01
-3.154573135988539079e+01
-3.947598423536486933e+01
-3.954123376993445760e+01
-3.292090363452285828e+01
-3.759688004540135609e+01
-4.267286202066526357e+01
-4.257238700008425525e+01
-3.607570099744210523e+01
-3.789043651374991128e+01
-3.499520514531913307e+01
-3.737804693865862760e+01
-4.131118544674846760e+01
-3.218510965401693369e+01
-3.665643396045084046e+01
-4.257725481540708046e+01
-3.239490065999463297e+01
-3.135702104109268618e+01
-3.815926055245512316e+01
-3.558508586034069054e+01
-3.762260757819210966e+01
-3.841752792214654733e+01
-4.056416072486797475e+01
-3.108809784481125504e+01
-3.981810636749167998e+01
-4.146212240220474854e+01
-3.765373527342362792e+01
-3.679702148855879074e+01
-3.505961538285841073e+01
-4.327964045579484775e+01
-3.487350139193183907e+01
-3.266911155630465657e+01
-3.722197514565171161e+01
-4.089134559609210129e+01
-2.856452348929690999e+01
-4.255530164592912712e+01
-4.380660890604496416e+01
-3.730405378398997129e+01
-4.018899423486650591e+01
-3.918784185998161007e+01
-3.675663412401600283e+01
-3.215221272595623248e+01
-4.070477597986089791e+01
-3.335612762520201358e+01
-3.677382135213474612e+01
-3.156408958629545580e+01
-3.751848209759052821e+01
-4.111624610373091571e+01
-3.133338865736763168e+01
-3.946522608527117626e+01
-3.096369451332867229e+01
-3.791441762830210394e+01
-4.164856112156964940e+01
-3.231020864905167400e+01
-3.730723347978145199e+01
-4.189548456959185785e+01
-3.542381739226718906e+01
-3.339106359933975909e+01
-3.642462298113903785e+01
-3.394014672397833721e+01
-3.412960395480122600e+01
-3.417307479168957229e+01
-3.509484648161776477e+01
-4.190027870688702194e+01
-3.276008139984990208e+01
-3.262250797480470510e+01
-2.925778811066546936e+01
-4.151922089104446911e+01
-4.200008197040327929e+01
-2.892681020620934973e+01
-4.179681013649066301e+01
-3.545940246246298955e+01
-3.877246230053671638e+01
-3.188259651204363010e+01
-4.409308092941566315e+01
-3.704071749585525453e+01
-4.110655086206165265e+01
-3.994513125384568752e+01
-3.323486780925191653e+01
-4.437602910556416447e+01
-4.085609197707026397e+01
-4.001304972203204358e+01
-4.026873199900058609e+01
-3.681444653481368334e+01
-4.622251514775020809e+01
-3.716569028971760957e+01
-3.714462921551711361e+01
-3.933860546673817282e+01
-3.499699553133194030e+01
-3.648018994292952044e+01
-3.602638227413735450e+01
-3.553972734143709999e+01
-3.498187680237273867e+01
-3.271772444620565068e+01
-4.142215192402499468e+01
-2.905574675817436159e+01
-3.479467183423108168e+01
-3.036350764440987859e+01
-3.093723754314734720e+01
-3.131828723787140234e+01
-2.915528907601066066e+01
-4.093217144253159034e+01
-3.344351309111415560e+01
-3.899128972816058791e+01
-3.864394651862271246e+01
-3.481197463360143018e+01
-3.928682238434306129e+01
-4.219632188564504105e+01
-3.186285509941721728e+01
-3.715651149441030299e+01
-4.143721309861469138e+01
-3.740868768747670714e+01
-3.548591845919696652e+01
-3.024792025070353674e+01
-4.612039573154410732e+01
-3.203369051432238024e+01
-3.964678172431455749e+01
-3.853163461458469641e+01
-3.392413444772691378e+01
-3.229441872323014451e+01
-3.314420985640406769e+01
-4.082336779979436159e+01
-3.740368814932885044e+01
-3.988498356377803589e+01
-3.366697840923250595e+01
-3.061460855713358598e+01
-3.219046590076165870e+01
-4.129612150053335995e+01
-3.906737177624260227e+01
-3.621342587551848879e+01
-4.208293616266237791e+01
-3.791917113837040887e+01
-3.564083065738411449e+01
-3.763622363628192602e+01
-3.778284158942815196e+01
-3.409579713766327558e+01
-3.691169227736415337e+01
-4.410052327819295925e+01
-4.044461294165100185e+01
-3.095403327956265827e+01
-3.392999572545510034e+01
-3.322004923558473166e+01
-3.695308282533683553e+01
-3.414985310741925417e+01
-3.731120311017274815e+01
-4.303851997503339533e+01
-3.436048655607162772e+01
-3.586981124445356528e+01
-3.402959235728130949e+01
-4.198935511375653817e+01
-3.577731582233985108e+01
-3.650483920338708543e+01
-3.593470459066418954e+01
-3.703650736626973128e+01
-3.156998092818495394e+01
-3.812925250080166961e+01
-3.373708100360295248e+01
-3.906223497060556582e+01
-4.059483314585290259e+01
-3.134238481178216063e+01
-3.255103116357143733e+01
-3.341869743845854401e+01
-3.191924933171895518e+01
-3.627130986254295664e+01
-3.397006164372813686e+01
-4.104970666152441083e+01
-3.286340930662250059e+01
-2.900180438310373177e+01
-3.374328068054543195e+01
-4.009826717274724217e+01
-3.981609669215004033e+01
-4.009569272990727740e+01
-4.425153548347078925e+01
-4.148433757373998532e+01
-2.779869551637685987e+01
-3.222454744640465663e+01
-3.621213563576785788e+01
-4.259546999068747652e+01
-3.502591711728229740e+01
-4.606856997799676634e+01
-3.514270128569106788e+01
-3.591813464622565277e+01
-4.336675038167036433e+01
-4.366775541845503739e+01
-3.348369555203746728e+01
-4.139217252664106184e+01
-3.619263220470587328e+01
-3.062484966293076027e+01
-4.466961111605502310e+01
-3.056974504431560646e+01
-3.405216900573240935e+01
-3.371015253016183522e+01
-3.902031875399572414e+01
-3.355486951080872871e+01
-4.140587930927166127e+01
-4.103319212702822938e+01
-3.373497447074195321e+01
-3.543220132068482542e+01
-3.999025744752091072e+01
-3.560267749036256646e+01
-3.775710944604661989e+01
-3.756417419694886917e+01
-3.896132971226082020e+01
-3.807785985453035948e+01
-3.230959332150526109e+01
-4.241758753019607298e+01
-3.775984246689853308e+01
-4.413775724553888580e+01
-3.700536520334764390e+01
-3.208776158735891926e+01
-3.286103507755929343e+01
-3.394685913948838163e+01
-4.188877871359661498e+01
-4.002327659511350078e+01
-2.832331606974719662e+01
-3.575038277408174991e+01
-4.231310931464548020e+01
-3.822823374787779471e+01
-3.652492769926860916e+01
-3.983054436055139291e+01
-3.573160753773960607e+01
-3.798694277594091062e+01
-3.105903094501551109e+01
-3.080678212822402529e+01
-3.105935505567680721e+01
-3.716429678877062059e+01
-4.125013058053069415e+01
-3.283553418155033654e+01
-3.805664055635615028e+01
-4.185125498549555090e+01
-3.896072883345962623e+01
-3.327345022855010370e+01
-4.005836791348100689e+01
-4.058584635856134781e+01
-3.481247585500565833e+01
-4.238385614537273227e+01
-3.003854565182974667e+01
-3.948647363324555215e+01
-4.320612588057944237e+01
-3.265289541773162085e+01
-3.594006460627824850e+01
-3.351669358976700863e+01
-3.164737839882332437e+01
-3.927342230149337610e+01
-4.241759243253582667e+01
-3.249438916083843054e+01
-4.448091643819545027e+01
-4.154251604760312944e+01
-3.829467036451373474e+01
-3.362202653164984412e+01
-3.565402888404219794e+01
-3.269349976840869942e+01
-4.159691748434212144e+01
-3.598019491212099297e+01
-3.440299053158494758e+01
-4.094594001190166921e+01
-4.330011582104204138e+01
-3.387542769753401473e+01
-3.700640415263351457e+01
-4.029252004726803449e+01
-4.107875743987018780e+01
-3.395008358311388008e+01
-4.346613649016385494e+01
-4.199041380694470149e+01
-3.829987336236631279e+01
-3.727945327480838245e+01
-4.345390392778445232e+01
-4.240855732031266712e+01
-3.247973698780306506e+01
-3.392734602005955935e+01
-3.388214910212938946e+01
-4.219630435432316062e+01
-4.033677012228245928e+01
-3.547443689969573910e+01
-3.354092230265223407e+01
-3.981407074285183967e+01
-3.063488170359043750e+01
-3.543734370143994994e+01
-3.809912195122011980e+01
-3.180126270341554928e+01
-3.475811397199309027e+01
-3.244889570500725284e+01
-3.215920869737107779e+01
-3.357547759865433079e+01
-3.970651833901921890e+01
-3.094481449496565162e+01
-3.697223248565621390e+01
-3.763677587170390382e+01
-3.809475127655876037e+01
-4.330122717535017074e+01
-3.817612730674947841e+01
-3.928535130800464970e+01
-3.426728582661439759e+01
-3.699854324887684243e+01
-4.214438562851631787e+01
-2.883856432513068313e+01
-3.772122790968144557e+01
-3.370854233312829962e+01
-3.785833197438287812e+01
-3.066671922611554635e+01
-4.370044072320914097e+01
-3.699797909990926570e+01
-3.986635718607045931e+01
-3.214203981579805003e+01
-4.169757123500458817e+01
-3.498030845263529898e+01
-3.888389151184814096e+01
-3.375710146766853370e+01
-3.534658281241401312e+01
-4.577019906479157640e+01
-3.705827252129647320e+01
-3.597589879420912951e+01
-3.298398745585103597e+01
-4.127158699519888074e+01
-4.100314160014822562e+01
-4.234363534015002273e+01
-3.665101682235736291e+01
-4.398028616862232809e+01
-4.604641621792025319e+01
-3.514138524475457359e+01
-3.918823048723670865e+01
-3.372966938503999046e+01
-3.598991135013014286e+01
-3.874239681291670223e+01
-4.183015303202117252e+01
-3.281780692420053214e+01
-3.690133912122715287e+01
-3.074301735723230422e+01
-3.581309708570342565e+01
-2.747356224782632594e+01
-3.758985854134240157e+01
-3.928267481718339837e+01
-2.828414929192513227e+01
-3.992570450737411392e+01
-3.801409322497715948e+01
-3.124598771333697655e+01
-4.161580530618906693e+01
-4.440207113389489280e+01
-3.592300791066049470e+01
-3.357935877621357434e+01
-3.725664631340936239e+01
-3.340605869959212981e+01
-3.950537304625743928e+01
-3.821696957214763302e+01
-3.490900183683042712e+01
-3.690408103875560641e+01
-3.561067176676273505e+01
-3.899096058096348827e+01
-3.831831793802310671e+01
-3.668639560148599088e+01
-4.367511548667912535e+01
-3.390699779531456670e+01
-4.082210028879726593e+01
-3.831530712459135657e+01
-3.515876995930903348e+01
-4.165541579172816000e+01
-3.755888326516175368e+01
-4.019857423984088740e+01
-3.201211002075832113e+01
-3.923023690261614860e+01
-4.051703264585852082e+01
-3.725559140725743390e+01
-3.569014138739434827e+01
-3.552928134209984989e+01
-4.324317652471612661e+01
-3.142821688545987868e+01
-3.900875282597910143e+01
