-2.690745821048762032e+00
-2.047769414542472077e+01
-2.118642788530904042e+01
-1.248510551397398416e+01
-2.285457125512817456e+01
-2.359715146898906468e+01
-9.389310502887399323e+00
-1.087291284159061000e+01
-8.111365323006037187e+00
-1.926888756105332234e+01
-2.139213228901135722e+01
-2.148185230898538123e+01
-3.429788213103686978e+00
-1.918964269339674900e+01
-2.003909385064818238e+01
-4.314317029873504517e+00
-2.126452396151333701e+01
-2.008722771277538754e+01
-8.520400098402692635e+00
-1.847234870636315307e+01
-9.246386150746188193e+00
-2.086568181322888194e+01
-2.150895376775421397e+01
-2.041753182031246894e+01
-2.197899678872601115e+01
-8.341087834142058455e+00
-3.085579429078643354e+00
-1.007288756577386302e+01
-2.044811230967341587e+01
-2.276409809585916832e+01
-1.434181711174293206e+01
-2.405599296065691561e+01
-9.793229780201684775e+00
-1.244364451882148614e+01
-7.721472787640872859e+00
-2.110205196280587714e+01
-2.032478180892482200e+01
-2.008121604759988799e+01
-2.005975020215215920e+01
-2.466926683711450963e+01
-1.903197795134301273e+01
-2.022689964462382051e+01
-2.679354400042453843e+00
-1.941623053741525240e+01
-6.904109993880618745e+00
-2.184440972268062353e+01
-2.125076869903677235e+01
-2.026557482119858733e+01
-2.025776768589466315e+01
-2.068436315328550634e+01
-3.037655540474001015e+01
-2.330191578170081002e+01
-2.350762347277538922e+01
-3.154662840525662659e+01
-1.815643571132005363e+01
-2.428817543389838818e+01
-2.693507027084601191e+01
-2.175040968748085035e+01
-2.716004077868198863e+01
-2.127187247375082890e+01
-2.200354018047996263e+01
-2.267549166527418691e+01
-1.841051913984502164e+01
-2.260168974743347547e+01
-1.974964818047328663e+01
-2.481602798343810790e+01
-2.174243395563044601e+01
-2.023287123736528059e+01
-1.867387803733255325e+01
-2.272917047022111614e+00
-2.233849647877698530e+01
-2.466045719818928106e+01
-2.089937899879197047e+01
-2.491491395821662636e+01
-1.504778218391855482e+01
-2.096060908440213666e+01
-2.477208781146295635e+01
-2.356141365971258850e+01
-1.338916597229524896e+01
-2.477149809855274754e+01
-3.118737172445564809e+01
-3.167404726960103289e+01
-3.034461573510423804e+01
-3.038982421690653268e+01
-2.597754979611262982e+01
-3.533841711799414753e+01
-2.672218809349136137e+01
-2.544417723466736447e+01
-3.313312451978073625e+01
-3.232908476392847064e+01
-3.332051291297231188e+01
-3.093836095479642978e+01
-2.825909819092285602e+01
-2.876206621200894986e+01
-3.566959957838930251e+01
-3.771790551330025210e+01
-3.831103956161489776e+01
-3.198015484611269699e+01
-2.759093910953226825e+01
-3.089258271283675583e+01
-3.617930293186583413e+01
-3.099569266685276858e+01
-3.184112388800917515e+01
-2.747956587448745225e+01
-3.430582713343979862e+01
-3.644548513742644502e+01
-3.600243207222515451e+01
-2.895099173918118751e+01
-4.228991371840601232e+01
-3.501613591104246126e+01
-3.652807758848869923e+01
-4.124323102800023122e+01
-3.693070098534833079e+01
-3.571440917725105635e+01
-3.741633234006150843e+01
-3.127234673442085366e+01
-3.919754724431174964e+01
-4.164156795437644831e+01
-2.813332565633145776e+01
-3.534995044114179308e+01
-3.673913002279969930e+01
-2.765564439579969047e+01
-2.781419112699158447e+01
-4.171894042403975789e+01
-3.479690458081782367e+01
-3.014248727272740425e+01
-3.272642021688880476e+01
-3.206544646096106987e+01
-4.195608690931617701e+01
-3.072350804105559519e+01
-3.002367394947418688e+01
-3.529345643550445288e+01
-3.771716055006650947e+01
-3.308585937242520458e+01
-3.011894312968999898e+01
-3.580431291992605480e+01
-3.505992606186418215e+01
-3.099641022765160869e+01
-3.865289454043522710e+01
-3.186736545534154530e+01
-3.657656143213198874e+01
-3.547999100488942048e+01
-3.630018837629950923e+01
-2.804557076246813452e+01
-2.804597897369652770e+01
-3.298766093746550609e+01
-3.612759234477262282e+01
-2.702443627824458972e+01
-3.090664563998550918e+01
-3.546932883315881924e+01
-2.790409687399415972e+01
-2.613638374595999281e+01
-3.397142533225304106e+01
-3.596242770170348280e+01
-3.420623480831098817e+01
-3.658645297866437573e+01
-2.868451785484346317e+01
-2.717049000843782025e+01
-3.604803833165537696e+01
-2.931665765752396879e+01
-2.594542005518917449e+01
-3.831923502190789321e+01
-2.712786703363086005e+01
-3.793858856864981988e+01
-2.553606738905229534e+01
-3.249628098273318244e+01
-3.329644948303499774e+01
-3.753726585057410858e+01
-2.876786453884487926e+01
-3.469668548783374007e+01
-3.455002307873612466e+01
-3.114211328586606697e+01
-2.582078089034550317e+01
-3.515446314719512344e+01
-2.832170229020915286e+01
-3.131415590030041329e+01
-2.763348962687059895e+01
-2.923110050612498156e+01
-3.026609784017026072e+01
-3.437741030707157819e+01
-3.113190329610125673e+01
-3.460880073335709994e+01
-2.410863034618358114e+01
-3.325231756684340212e+01
-3.275955876456760052e+01
-3.441850330000995228e+01
-3.283825253409064970e+01
-3.064302536770316721e+01
-3.309066465400533019e+01
-2.658728868905575737e+01
-2.666888325358294765e+01
-2.615312284812431542e+01
-3.016317629053706995e+01
-2.678503739381086746e+01
-2.860682413860300244e+01
-3.314976503590919066e+01
-3.129700304055648985e+01
-3.240916475399939856e+01
-3.315294854163094840e+01
-2.672144595447861093e+01
-3.253281567709307609e+01
-2.489107802003978875e+01
-2.875856765843027318e+01
-2.960173213567694361e+01
-3.352152067008466929e+01
-3.748279387111576710e+01
-3.089314392289871591e+01
-2.627847369198795846e+01
-2.104361937787478709e+01
-2.665103290433664540e+01
-3.225140844499883030e+01
-3.099600434035489371e+01
-3.092853183332480782e+01
-2.842393686191711311e+01
-3.206312658612734623e+01
-2.297377829780672087e+01
-3.029067868682115616e+01
-3.531928082156336046e+01
-3.057329139919455940e+01
-3.178178594197267515e+01
-2.456087166889279771e+01
-2.837788093312078530e+01
-2.449417322486058879e+01
-3.005972215419284055e+01
-3.112634530969511815e+01
-3.547115526952915587e+01
-3.553426237956929867e+01
-2.506731209492379975e+01
-2.366591679621651068e+01
-2.514752249684375229e+01
-3.396085827537171298e+01
-3.037005022171944546e+01
-3.415776936770102168e+01
-2.844619480496114150e+01
-3.300101747908873051e+01
-2.444210086108841651e+01
-3.177327481032227041e+01
-2.833007777273007477e+01
-3.122761839679515816e+01
-2.358107665024366995e+01
-3.390187610422481868e+01
-2.147093188204308234e+01
-3.615675979612895929e+01
-2.715548185100573875e+01
-3.069170860012848223e+01
-2.584302175625537856e+01
-2.915143488205382383e+01
-3.314266183015202216e+01
-3.218369557398835212e+01
-3.450850208217136839e+01
-2.414690777262823218e+01
-2.871336133289240422e+01
-3.167982774285919589e+01
-2.052614576211093578e+01
-2.422665827910972425e+01
-3.227045098454345862e+01
-2.314618855827352206e+01
-2.619814915968596480e+01
-2.774888871285650538e+01
-2.241790412961033496e+01
-3.107719014664559865e+01
-2.458129519472502622e+01
-2.110497767416649140e+01
-2.512537720705360300e+01
-2.866976250783793390e+01
-3.141365350990177063e+01
-3.474461270304731642e+01
-3.419283260791605272e+01
-2.837765026594217588e+01
-3.618998359453370739e+01
-2.964997091579342126e+01
-2.703584894397797100e+01
-2.511243025403137707e+01
-2.843691934790422948e+01
-2.362283759550131634e+01
-3.609411007154224649e+01
-2.324049984889798992e+01
-2.858647284241122932e+01
-2.635604205716525783e+01
-3.637116227622864528e+01
-2.580629359614217222e+01
-3.186146687457982551e+01
-3.285625767742102710e+01
-2.977669825153634875e+01
-2.465325747536690315e+01
-2.635185371519015618e+01
-2.467725235773774983e+01
-3.319590002917398408e+01
-2.915274899489790883e+01
-2.127899371799143680e+01
-2.925653881772613474e+01
-2.639763490465802320e+01
-2.767723854017855700e+01
-2.663898122328885876e+01
-3.131438400139763090e+01
-3.422773067646259904e+01
-3.043205469537382513e+01
-3.477636421766885633e+01
-2.957960050076254888e+01
-3.062481207176405462e+01
-3.164709725111250549e+01
-3.104000081195992067e+01
-2.942554491800860106e+01
-2.805272703789881561e+01
-2.704998695262415254e+01
-3.608434608860056159e+01
-2.975968780113025858e+01
-2.775540542854805892e+01
-2.845806011283367454e+01
-3.467216570263047259e+01
-3.639278688393738292e+01
-3.643016309564073651e+01
-3.170317730149825763e+01
-2.465233753458221955e+01
-2.198668155402889468e+01
-3.178276734211496901e+01
-3.080734461951483283e+01
-2.265262894855674958e+01
-2.950795416765314272e+01
-2.911971537994839565e+01
-3.537073133913317236e+01
-2.476806357621046217e+01
-2.137789182597290960e+01
-3.366802948703779208e+01
-2.991969635812547779e+01
-2.956277866875454663e+01
-2.300799750181960590e+01
-3.255813106325563666e+01
-3.227081957047255401e+01
-3.451946671466223648e+01
-2.593679371771320419e+01
-3.000760347372066406e+01
-3.166801098548810245e+01
-2.752285350135500863e+01
-2.863432438820969139e+01
-3.136045098951884214e+01
-2.535484160250682351e+01
-2.341768135639565429e+01
-3.011436619837810369e+01
-2.454311079834408815e+01
-3.370416868649578390e+01
-2.565882629725985353e+01
-3.260987074978137912e+01
-2.267146580270025069e+01
-2.922970954920879549e+01
-2.445199207099223315e+01
-2.831013345475483334e+01
-2.972605686236956046e+01
-3.191417383468940372e+01
-3.283552476705656886e+01
-3.021923045808532748e+01
-3.641372999975942548e+01
-2.527517509036981025e+01
-3.734337251812796410e+01
-3.249333665463669263e+01
-2.328768906833646568e+01
-2.457472572647579057e+01
-2.998925301425374812e+01
-3.286989515275620732e+01
-3.320027821390593203e+01
-2.197689733019672076e+01
-3.162457466442221232e+01
-3.433163735159438090e+01
-2.516969533824832439e+01
-2.797916297056611157e+01
-3.212178067755175448e+01
-2.738442377447784182e+01
-3.218309598961488405e+01
-3.379555436383576250e+01
-3.155143413727808266e+01
-2.602596298258000473e+01
-2.538702067859895095e+01
-3.258253521515869267e+01
-3.168033247316998668e+01
-2.449903997896899455e+01
-2.701239117075716933e+01
-3.422642107144446300e+01
-3.179742217948621175e+01
-3.137351981948145863e+01
-3.078446714274284091e+01
-3.619163529170651117e+01
-3.111486816430389979e+01
-3.172899569003888942e+01
-2.629596627772270168e+01
-2.551878677460424782e+01
-3.382421256621421435e+01
-3.124172796861612156e+01
-3.300823436964485325e+01
-2.469678340001701500e+01
-2.543222340487767141e+01
-3.609810980735106511e+01
-2.834799840543323768e+01
-2.648371317239060119e+01
-2.707802101200469025e+01
-3.138597298365532495e+01
-3.369830741906918092e+01
-2.798332007129269172e+01
-3.343328638416101484e+01
-3.174813653671245461e+01
-3.443298929520285867e+01
-3.429574435397198329e+01
-3.312140022362182634e+01
-3.944665357934202632e+01
-2.242580990573234700e+01
-2.874179656036901065e+01
-3.005547856267121531e+01
-3.620019568550409872e+01
-2.664858714400229900e+01
-2.338118709513944182e+01
-2.639696544587845040e+01
-2.995588195290900302e+01
-2.936466023548601711e+01
-3.076964642589864596e+01
-3.465215323545273662e+01
-3.291511826961267673e+01
-2.236758488185552807e+01
-3.585332852097501188e+01
-2.892789687780097552e+01
-2.688300472618502468e+01
-3.371900011919046847e+01
-3.689667706722877227e+01
-3.560994084408073235e+01
-2.366701597047833161e+01
-2.872533464846859630e+01
-2.660818061444856397e+01
-3.071837140171209768e+01
-2.710347192586771214e+01
-3.126494617484489424e+01
-2.911807237586960895e+01
-3.477641525577955406e+01
-3.191777363299878090e+01
-3.452205212147332958e+01
-2.848193263860406432e+01
-3.012142700770712267e+01
-2.605483030104176123e+01
-3.720817090036171493e+01
-3.543612072030031612e+01
-3.025754295167880414e+01
-2.643477557781345411e+01
-2.504914196955143879e+01
-3.377178606357252733e+01
-2.868876276231225475e+01
-2.733661228216621097e+01
-3.167807175711250878e+01
-2.696841461360439851e+01
-2.502408121822181286e+01
-3.277393502530267000e+01
-2.537148154244978926e+01
-3.505822870191484242e+01
-3.795078521105949676e+01
-3.041351430225245167e+01
-3.550173408445262879e+01
-3.127588785941842175e+01
-2.811125302758027900e+01
-2.331958977209113471e+01
-2.586961199545302748e+01
-2.794914682753440260e+01
-3.629107487152894151e+01
-3.217133276965205368e+01
-3.246636258279951193e+01
-3.535057398875691348e+01
-2.919708382648680356e+01
-3.305510517879797305e+01
-3.216216137666696540e+01
-3.431234758106950977e+01
-3.193080044704860398e+01
-2.991081341368027324e+01
-2.672434869833798388e+01
-3.033181111823875042e+01
-3.548740662115745437e+01
-2.802247236092622629e+01
-2.296528819818728095e+01
-2.655941684355075694e+01
-3.157436530332061153e+01
-2.404121293654429081e+01
-2.427780132703271931e+01
-3.272163808963757248e+01
-2.866287680034511709e+01
-2.795218929583395351e+01
-2.930437612061639996e+01
-3.109953003381367509e+01
-3.490829228608495782e+01
-3.703890908686206984e+01
-3.031453682074991107e+01
-2.609819103346406521e+01
-3.499183022650316133e+01
-3.309698649594623987e+01
-3.171930140936756004e+01
-2.929083889290418341e+01
-3.196250392828311959e+01
-2.605510194590826956e+01
-2.914442979851245141e+01
-3.479619694652265594e+01
-3.457670763533680969e+01
-3.219870254704736112e+01
-2.491168432665329746e+01
-2.448775303821082261e+01
-3.497638127350150938e+01
-3.278748144654310437e+01
-2.982142305763455425e+01
-3.240443166933663832e+01
-2.428085886326400455e+01
-2.978561776365735270e+01
-3.211631873233365297e+01
-3.029711687425454514e+01
-3.125843490772755828e+01
-2.940446618035810644e+01
-3.208616541577060843e+01
-3.360696797127545210e+01
-3.709376111877050874e+01
-2.490208476896223999e+01
-3.609283766352096023e+01
-3.330850648592639374e+01
-2.370659639116052730e+01
-2.881573459409620597e+01
-3.018900263541984330e+01
-3.577038728918575572e+01
-2.665176812873034606e+01
-3.606465355974020071e+01
-2.566794061640187152e+01
-3.070649683841667610e+01
-2.985980957571073091e+01
-2.836799692945086449e+01
-2.854551877508344049e+01
-2.684253103758400982e+01
-2.571201181019782922e+01
-2.982663235363428100e+01
-2.853754684817417697e+01
-2.694696690820866891e+01
-2.558107432887981503e+01
-2.955081860611344169e+01
-2.753529910025900662e+01
-2.842388506904855916e+01
-2.602439992862192497e+01
-3.104110229246932917e+01
-2.602505434058784672e+01
-2.949866409374671861e+01
-3.320210837117606673e+01
-2.674596214980009634e+01
-3.097882202107191674e+01
-3.397485776697886450e+01
-2.495500985429185192e+01
-2.725815474243676562e+01
-2.433112556740165999e+01
-3.090770497567876163e+01
-2.457003396525792738e+01
-3.456360384773817174e+01
-3.126103134115324167e+01
-2.386019979415083014e+01
-3.070901020868401332e+01
-2.707441040177938874e+01
-3.340682321338172756e+01
-3.064499439438555939e+01
-3.478484794732007401e+01
-2.411794577833647679e+01
-3.248252209779880673e+01
-2.377976309763622709e+01
-2.690614122687644993e+01
-3.580529438856798663e+01
-2.767474564253652503e+01
-3.203517834330842362e+01
-3.197062971939775622e+01
-2.619014165746803258e+01
-3.580053011689437881e+01
-2.860958095721958117e+01
-3.365019836066398540e+01
-3.426038266175311975e+01
-3.368274733855717784e+01
-3.723076334739083393e+01
-3.047655185975066772e+01
-3.330190783584589553e+01
-2.628610169304513278e+01
-2.549962464016861219e+01
-3.013683219305901062e+01
-3.569910243019288032e+01
-2.577113653196796861e+01
-2.592242280441438496e+01
-3.421289956635690288e+01
-3.211742457112267601e+01
-3.117689351123604524e+01
-3.187710705586295390e+01
-2.780948552423435061e+01
-3.420458491978799742e+01
-3.184716517796771740e+01
-3.539286334959255242e+01
-3.613597433584811824e+01
-2.403488849348863710e+01
-3.003819879553099526e+01
-3.486493915747936256e+01
-3.650803142580797811e+01
-3.297343139252231481e+01
-3.349856663378835009e+01
-3.361528628340246883e+01
-2.640307073186922437e+01
-2.440651385699743514e+01
-3.068922910089503731e+01
-3.306978057989067565e+01
-2.659912440917725007e+01
-2.697249323096267659e+01
-3.668525816230597059e+01
-3.371720070442600559e+01
-2.438436693165937896e+01
-2.957679508338980767e+01
-2.785197265740859862e+01
-3.124697200134924202e+01
-3.116134685706457574e+01
-2.982429848359207725e+01
-2.487198367977189761e+01
-2.844472568265677381e+01
-3.571037448919290824e+01
-3.001235741561189485e+01
-3.235298524319882318e+01
-2.767253895320782320e+01
-3.373915591893523924e+01
-3.401913228812812662e+01
-3.039537295351621893e+01
-2.864787804527986737e+01
-2.901666735597563473e+01
-3.412465256655141843e+01
-2.859313630163055819e+01
-2.531780351981185362e+01
-2.857467203710207571e+01
-3.217506869076255072e+01
-3.260519656591296922e+01
-3.153535138002937543e+01
-3.339052850112407356e+01
-3.004928448134186070e+01
-2.915598098290862694e+01
-2.589934505510532858e+01
-2.542990236006338378e+01
-2.925317579924499967e+01
-2.832650581610876728e+01
-3.466636326013799163e+01
-3.310701548721420551e+01
-2.828657885786575221e+01
-2.858477083505334448e+01
-2.467503718621596320e+01
-2.452946850152662250e+01
-3.309239653084268440e+01
-3.549673098364936408e+01
-3.427199592699049902e+01
-2.830484355926708773e+01
-3.666570430981941087e+01
-3.448612674310813020e+01
-3.071261875576061584e+01
-3.122444911112792454e+01
-2.603689373060792889e+01
-2.633443122986324170e+01
-3.725601658477384603e+01
-2.722705537216511473e+01
-2.249955588611857848e+01
-2.690708821085873481e+01
-3.445039518032259451e+01
-2.908082589784989835e+01
-3.202290415922890787e+01
-3.451333172501113467e+01
-2.986496086030836494e+01
-3.040381426415611443e+01
-2.387620971594604313e+01
-3.322214499668900345e+01
-2.663472551821423551e+01
-3.186077937305496022e+01
-2.698870923636515684e+01
-2.426763956453776316e+01
-3.456347230340139021e+01
-2.912687020494582057e+01
-2.391173557512410142e+01
-3.390739864576897133e+01
-3.283866418528418052e+01
-3.529076676306003435e+01
-2.898868138466392708e+01
-3.464848892267610836e+01
-3.049101921124923109e+01
-2.927935572535839270e+01
-3.567250218558243802e+01
-2.607107680013888640e+01
-2.426608247996211887e+01
-2.560147921014520023e+01
-3.190611574880766454e+01
-2.991512371411759830e+01
-3.121712166843119363e+01
-3.296389145308259572e+01
-3.226771101515792139e+01
-3.245718692072765776e+01
-2.841993391055492424e+01
-3.348778207765082016e+01
-3.299472522438949795e+01
-2.973495055839221379e+01
-2.662536708981453515e+01
-3.138174932616364643e+01
-3.451654786684131437e+01
-3.534485862777275145e+01
-2.469316488753445782e+01
-3.107469496520957009e+01
-3.370552778809760497e+01
-2.939145722651716852e+01
-2.959859698954067042e+01
-3.390216814418860025e+01
-3.110196004836695494e+01
-3.362317558648757654e+01
-2.793864682837330449e+01
-2.281128941945018340e+01
-2.482530327678172455e+01
-2.302579195071708895e+01
-2.968646656803093009e+01
-2.780691669034264280e+01
-2.761312673039630283e+01
-2.709843212460729589e+01
-2.508948239330068830e+01
-2.974848118457750346e+01
-2.686433354028412879e+01
-3.460172133264926941e+01
-2.612597885251257424e+01
-3.592084252902421326e+01
-2.421800036573409542e+01
-3.542419504789531004e+01
-2.369855744065522174e+01
-3.695233055607258876e+01
-2.526829432279000898e+01
-3.141251187768333963e+01
-2.266342406958288791e+01
-2.833148230979058368e+01
-2.777571130670001409e+01
-3.401024343784985859e+01
-3.089498083047192623e+01
-2.520459210406546902e+01
-3.283915274970272691e+01
-3.663629679486491142e+01
-2.643420865881416759e+01
-2.649823071234970584e+01
-3.235069805358394035e+01
-3.187198813235487194e+01
-3.388988649651831508e+01
-2.954113959836922731e+01
-3.516845935674525947e+01
-2.478056945292273738e+01
-2.720627745396350505e+01
-3.139526824916044845e+01
-3.253711204760718800e+01
-2.502819924652112604e+01
-3.346516875176679662e+01
-3.000878421962960729e+01
-2.747123724168029213e+01
-3.233224575080363650e+01
-3.288923642950091164e+01
-2.515115755260547203e+01
-3.247806936291344471e+01
-2.637707622185369516e+01
-3.413892995173583245e+01
-3.114249863860468182e+01
-2.721081426465411113e+01
-2.723219314046913553e+01
-3.698485945100338057e+01
-2.733508387081709401e+01
-3.580933868321224622e+01
-2.978070966085314097e+01
-3.661809834747109704e+01
-3.338153043188292912e+01
-3.487044416079600495e+01
-2.721765739429021025e+01
-2.886360201479560672e+01
-3.336589224411010690e+01
-3.062639293279172747e+01
-2.399442240580929209e+01
-2.638346338805397551e+01
-2.398497206076005739e+01
-2.829731562250556820e+01
-3.184690254150024558e+01
-3.216260919905046478e+01
-3.119480965904623559e+01
-3.612220337960263095e+01
-3.077177335445702155e+01
-2.899759305395449616e+01
-3.476031151064905345e+01
-3.172261893196760596e+01
-2.991178824102290434e+01
-2.390235983443517043e+01
-3.542474100834893846e+01
-3.088157711200761213e+01
-3.209922190680273957e+01
-3.573945493592806599e+01
-2.771705026644027825e+01
-2.666849339653316520e+01
-3.452029076005817387e+01
-3.275619502701140817e+01
-2.674309800624027389e+01
-2.256323299702199492e+01
-2.974363548536022961e+01
-3.155908778333673581e+01
-3.518488403093340366e+01
-2.589793452798793183e+01
-3.256631259042519133e+01
-2.456937521477320985e+01
-3.254490763720318824e+01
-3.462650585374659329e+01
-2.202008027929162637e+01
-3.783692271602836854e+01
-2.767045840917956312e+01
-3.371446683749958595e+01
-3.365229286682470899e+01
-2.745417037087585754e+01
-2.255996372760561286e+01
-2.452140622268569814e+01
-2.363372509113073150e+01
-2.750759207237338089e+01
-3.542365880850423565e+01
-3.234125735742569674e+01
-2.931884122220956002e+01
-3.015118680645603177e+01
-2.832129010585441264e+01
-2.697179644647965802e+01
-2.620060575480083287e+01
-2.762309054486476256e+01
-3.522044697432096427e+01
-2.394974716519432789e+01
-2.934240815339407860e+01
-2.880179146744962182e+01
-3.168816577596187756e+01
-3.195343053732460348e+01
-3.000215398497030961e+01
-3.063001514196255215e+01
-3.600614556688350376e+01
-3.019095238284972282e+01
-3.314181534153987485e+01
-3.405700429297101550e+01
-3.185028529046161694e+01
-2.807780565668959838e+01
-3.314608286393657011e+01
-3.353870236424286588e+01
-2.483233827246663949e+01
-2.931770788447242282e+01
-2.952878891025121533e+01
-3.229908259402508719e+01
-2.924016284692865142e+01
-2.479315053438691407e+01
-3.466570601690902720e+01
-2.144260976959406761e+01
-2.895365767887898301e+01
-2.701234561497345510e+01
-2.947647831711577737e+01
-3.039277724384344026e+01
-3.154493780873441366e+01
-3.084957156627798014e+01
-3.373935775367962719e+01
-2.995460166449304751e+01
-3.511073799605889434e+01
-3.169114905995640186e+01
-2.282886417780486354e+01
-3.015228376218761142e+01
-3.293769970059242524e+01
-3.565771472617934990e+01
-3.666890746619438346e+01
-3.503663305846817622e+01
-3.090089351676449425e+01
-3.434120266203827043e+01
-2.979931308769248233e+01
-2.435803885772228128e+01
-2.855304844830023470e+01
-3.785775396065533727e+01
-2.889633067848384229e+01
-2.872643414325978029e+01
-3.433105266438045078e+01
-2.149523149878779194e+01
-2.241025454376544346e+01
-2.851028262793492019e+01
-2.924400380491330864e+01
-2.404790522515486728e+01
-2.962683534071092595e+01
-3.272768686439982133e+01
-3.529271353454690541e+01
-2.644889445745370082e+01
-2.854280735193319885e+01
-3.234076978473307662e+01
-2.901149508163545221e+01
-3.370818577298800989e+01
-2.885946612462953809e+01
-2.358904746022795607e+01
-3.179531666495963194e+01
-3.674724511241927871e+01
-2.438616910883754230e+01
-3.750845921792204507e+01
-2.998744070580177734e+01
-2.624367119272989868e+01
-3.224997994679900160e+01
-2.861660943132971724e+01
-3.492534237562902888e+01
-3.352282809946165543e+01
-2.877364200630551139e+01
-2.545900688589651750e+01
-2.900707003524116701e+01
-2.711843619350859313e+01
-2.401948089078025461e+01
-3.617425848136486621e+01
-3.266468728417995493e+01
-2.795088274123136429e+01
-2.496968217736875673e+01
-3.374843731024068916e+01
-2.290946406361647192e+01
-3.608791418775311399e+01
-3.386465740584468875e+01
-2.673457724106957301e+01
-2.956266274685083317e+01
-2.220191046488896092e+01
-3.552826740199242295e+01
-2.706398167786472797e+01
-2.518991022757459319e+01
-2.914615771622245433e+01
-3.148737193727934169e+01
-2.944462166310962559e+01
-3.472155069270655758e+01
-3.400136332002163897e+01
-3.105010443698489553e+01
-2.698364223603179823e+01
-2.314992132429884819e+01
-3.359254007150590127e+01
-2.679974422311567039e+01
-2.418652510872191286e+01
-2.503681211637440640e+01
-3.209589439035127612e+01
-3.293416228538598034e+01
-2.681154357886840600e+01
-2.975502233444155920e+01
-3.107181586607412527e+01
-3.678635736918361232e+01
-3.150624497857964457e+01
-2.727809870596853870e+01
-3.282226195098932209e+01
-3.056906399352548220e+01
-3.218552941191315142e+01
-2.403711446298906296e+01
-2.817034535453088751e+01
-3.567529506454973642e+01
-2.919162887309813570e+01
-3.295561279194460980e+01
-3.044811714217319221e+01
-2.322729720721803304e+01
-2.471787817853311964e+01
-2.797821849827744245e+01
-3.297858043488711388e+01
-3.109054973278668399e+01
-3.401895002798504208e+01
-2.444716850162051358e+01
-2.612767377120357182e+01
-2.604145684020506835e+01
-3.584543731281777923e+01
-3.482871775032013772e+01
-3.377283567414355048e+01
-2.501396383308944493e+01
-2.902448161545680350e+01
-2.744911379889408209e+01
-2.318481576773602981e+01
-3.342360427795868816e+01
-3.125700573166354701e+01
-3.189893755846620849e+01
-2.920291795055062423e+01
-3.128136089735752989e+01
-3.432247045120874418e+01
-3.385008560676976685e+01
-3.115318501419383068e+01
-3.428604951464296846e+01
-3.228867649804634254e+01
-3.515340982798129232e+01
-2.140129074314515023e+01
-3.127820703507489597e+01
-3.360374265518709791e+01
-2.839591042128540010e+01
-3.362303004236862591e+01
-2.775519202134028518e+01
-3.237744128835619506e+01
-3.412232098422173010e+01
-2.800353072904052709e+01
-3.137982777252726763e+01
-3.757014281910929299e+01
-2.898638413916617296e+01
-2.289261310431092156e+01
-2.946329008528924476e+01
-2.558640341463640056e+01
-3.416613364679159304e+01
-2.761732749072000459e+01
-2.684677591985426659e+01
-2.986440126228319514e+01
-2.254995139170817353e+01
-2.982089309331367843e+01
-2.910952802350136892e+01
-3.242107208145478126e+01
-2.756264102089524926e+01
-3.042203448492270113e+01
-3.163412848366798968e+01
-2.639190403797805473e+01
-3.218581360089955012e+01
-2.104517062794199944e+01
-2.532834433381578165e+01
-2.761469406962134343e+01
-3.164704217273912690e+01
-3.599734537306616033e+01
-2.223013317784356246e+01
-2.990471479564546442e+01
-2.809705006562051111e+01
-2.819365495184281301e+01
-3.147732982538985880e+01
-2.790678175177176712e+01
-3.119186696583439655e+01
-2.987597954828406088e+01
-3.479505036342836632e+01
-3.177820318412383571e+01
-3.306531884144795441e+01
-2.553515290680359939e+01
-2.912025612640209360e+01
-3.189607813506100342e+01
-2.877534211478583259e+01
-2.761509477234149657e+01
-3.101057306870544750e+01
-3.360918046638312973e+01
-2.863474868560850339e+01
-2.434650851605901778e+01
-2.671820094862972894e+01
-3.308427748651241274e+01
-3.534408607704569505e+01
-2.737261209334446477e+01
-3.056700251992765871e+01
-2.627142042654237386e+01
-2.541934304547969958e+01
-3.012561458731291353e+01
-3.286026420931914771e+01
-3.184877756902293200e+01
-2.884058444917503650e+01
-2.638640083382836110e+01
-2.671025591526312937e+01
-3.188394978144834013e+01
-2.493240423353247337e+01
-2.723982750190705460e+01
-3.269953587198554601e+01
-3.070022148364647663e+01
-2.829051665463246934e+01
-3.534791998373605537e+01
-3.354738899544923925e+01
-3.207302444985565870e+01
-2.539061754596699672e+01
-2.810882539511837308e+01
-3.028214083142580293e+01
-2.555829394610844219e+01
-2.520760975108765578e+01
-3.623392580981192168e+01
-2.895509368776087200e+01
-3.565908062804685130e+01
-3.566809774932702481e+01
-3.691733404499197491e+01
-3.420523301309088993e+01
-3.466121472351159838e+01
-3.207076831376587478e+01
-3.348721245502676425e+01
-3.118135995119062898e+01
-3.246910588978253287e+01
-2.780195831788739014e+01
-3.391511627182643451e+01
-3.138425899737846692e+01
-2.663780240774864083e+01
-2.682765705017711610e+01
-3.175999452636430576e+01
-3.487549272597166095e+01
-3.363251339784314808e+01
-3.391588424359719056e+01
-2.640330520632494782e+01
-2.866085760937606963e+01
-2.989460192433409702e+01
-3.420559190800727833e+01
-2.676413758453745473e+01
-3.554072751122585316e+01
-2.672540449344570845e+01
-3.232497710839085414e+01
-3.286338069050034250e+01
-3.384213341114159590e+01
-3.446848022072292395e+01
-3.215676565495646599e+01
-2.462185396915079849e+01
-2.186476458037436288e+01
-2.344315865525132381e+01
-3.188016795022411642e+01
-2.666348478033568981e+01
-3.832120798101929182e+01
-2.677473155410069694e+01
-3.020033622691162378e+01
-2.438541442962826977e+01
-3.135159803679623280e+01
-3.067638871988774696e+01
-2.949461751006012022e+01
-2.563859381526169656e+01
-3.495697192407185838e+01
-2.596906463472668847e+01
-2.698840478454413372e+01
-2.684428933467728129e+01
-3.528265025715807468e+01
-3.516751758683456330e+01
-2.915139171802330864e+01
-3.178583975745617707e+01
-2.165886534334337199e+01
-2.687020652184956049e+01
-3.392394440114845366e+01
-2.566731048835436013e+01
-2.737482488985190088e+01
-3.493765495108225139e+01
-3.437206433744128731e+01
-2.935752626536835663e+01
-3.386839735101217741e+01
-3.017938600227652302e+01
-3.533022443758205355e+01
-2.086175843412726039e+01
-3.255542499331316719e+01
-2.838411552980912944e+01
-3.174803053997067082e+01
-3.515797849185842949e+01
-2.866509746036680184e+01
-3.190602485975670533e+01
-2.310237534490096323e+01
-3.249024221884831576e+01
-2.647248842507234912e+01
-3.007651519205382229e+01
-2.976799008836542271e+01
-2.461819206315816544e+01
-2.870026082599110140e+01
-2.967976457393315570e+01
-3.457573544181657610e+01
-3.381767123449017021e+01
-3.393662063514860705e+01
-2.831424909900262321e+01
-3.668896522117480430e+01
-2.924394790926595533e+01
-2.717198651135728582e+01
-2.989390721887444968e+01
-3.224319496266544860e+01
-3.297081773233421842e+01
-2.882113264644554818e+01
-2.752047174612356173e+01
-2.271914997436119066e+01
-3.097062555304241727e+01
-3.127446286353259453e+01
-3.087479300462321063e+01
-2.498928460336158253e+01
-3.385130394255149611e+01
-3.136338899872972164e+01
-2.888278011420330671e+01
-2.947307665060018067e+01
-3.288215935820745273e+01
-2.422813119026038464e+01
-3.476277006737907271e+01
-3.543939605733686449e+01
-2.239323193700257875e+01
-2.746348271906281369e+01
-3.214279961424183796e+01
-2.975517317582599119e+01
-3.451200375256559028e+01
-3.495027053320954025e+01
-3.251522631718142264e+01
-3.419617629109944801e+01
-3.631610083337343298e+01
-3.219187830280157669e+01
-2.711326207072740146e+01
-2.619360572311078172e+01
-2.935167021057561954e+01
-3.717043936891162303e+01
-3.037019378535571335e+01
-2.223992562205518198e+01
-3.098205756962864754e+01
-3.655516797069330437e+01
-3.157886292728436217e+01
-3.408553957022667902e+01
-3.217560443553677629e+01
-3.791475100800568043e+01
-2.463095550661280697e+01
-2.710504710233312409e+01
-2.553989082249343312e+01
-2.963892801335297733e+01
-3.472388418628539597e+01
-2.868381616896817476e+01
-3.614108257078874686e+01
-3.088185518971838306e+01
-2.900723724125940706e+01
-3.360855731930997337e+01
-2.777866762361149000e+01
-2.996983831078723881e+01
-3.757815950995597376e+01
-2.732528862797660096e+01
-2.763295267051349668e+01
-3.542582174455640143e+01
-3.842435502602886999e+01
-3.133938638946358779e+01
-2.681167271287435128e+01
-3.178280159821725803e+01
-2.773281976187997344e+01
-2.457608226865689360e+01
-3.401795961178996208e+01
-2.988556929480851210e+01
-2.941253173387208264e+01
-3.526716827094164586e+01
-3.022038996090595830e+01
-3.480791436787092152e+01
-3.055660905086036294e+01
-3.226924361030228994e+01
-3.582366456319111592e+01
-2.670821982765836822e+01
-2.423348110665564192e+01
-3.301720946549457381e+01
-2.313980824976869854e+01
-2.955784338363906372e+01
-2.794144202252430631e+01
-3.509514762474466210e+01
-2.892197613742671436e+01
-2.638642394242458522e+01
-2.804330652724550532e+01
-2.716759471774853552e+01
-3.025644383866729115e+01
-2.691655913835518987e+01
-3.213385933718127063e+01
-3.526785685240054136e+01
-2.869112868819805939e+01
-3.311320068688567630e+01
-3.000395084912434740e+01
-2.839782835299980945e+01
-2.507059545013041202e+01
-3.194214748547400262e+01
-2.999767100302289435e+01
-3.398731305244206879e+01
-2.764359873017195213e+01
-2.245570282448156973e+01
-3.547488504699992262e+01
-3.152408930507577978e+01
-2.377980131079209869e+01
-2.633778873183902292e+01
-2.727919307254932590e+01
-2.633640184995393341e+01
-3.407948571126240012e+01
-3.355270788313993791e+01
-2.945015626518493335e+01
-3.540301693853076159e+01
-3.460124113626770992e+01
-2.476523501361040047e+01
-2.410235970973212360e+01
-2.564375051314961595e+01
-3.355907728798266021e+01
-2.343350408796700535e+01
-3.400669084137098253e+01
-2.788655145003983904e+01
-3.582513292565577245e+01
-3.200166145877685153e+01
-3.369658796123697186e+01
-2.896119560281058369e+01
-3.463737476565752615e+01
-2.562060813859066144e+01
-2.788811489364100282e+01
-3.292325248498591606e+01
-2.840558778012355035e+01
-2.882581509156757704e+01
-3.291215263031379834e+01
-3.356094007222431230e+01
-3.490486865503364555e+01
-2.504241412685096435e+01
-2.848923782876947541e+01
-2.651992056134033504e+01
-3.492649964707734256e+01
-3.434565853974959992e+01
-2.990300611297500311e+01
-2.767373628211643322e+01
-2.863254782020343470e+01
-2.449296412948245205e+01
-3.319867900293608187e+01
-3.035219298409808886e+01
-3.037067591770530228e+01
-2.680317146184554034e+01
-3.819856731300387054e+01
-2.590182148002390861e+01
-2.992543429220850015e+01
-2.801432950027392721e+01
-2.746910647525605853e+01
-2.474337293314157904e+01
-3.205259551829212228e+01
-3.394987833668756139e+01
-3.482866357870063467e+01
-2.698099556000729038e+01
-2.178894228478731421e+01
-3.193653436463404915e+01
-3.168234402308819142e+01
-2.648239196594098388e+01
-3.477175180034345203e+01
-3.464841638381980005e+01
-2.492475223299159737e+01
-3.417012095681067763e+01
-3.524970103927900311e+01
-3.386015253175014550e+01
-2.523354957784347974e+01
-2.748513010913723420e+01
-2.544658826710943345e+01
-3.723579979155734065e+01
-3.458381613968307278e+01
-3.365410232842667426e+01
-3.368549769181629472e+01
-2.827761172037549997e+01
-3.495315263949660078e+01
-3.383269572696460159e+01
-2.899625231149665794e+01
-2.654221585738602940e+01
-3.512347584167973480e+01
-3.025046660976992641e+01
-3.370833250746119347e+01
-3.699690600643238270e+01
-3.681311082176230798e+01
-3.275311090608627040e+01
-3.527816456640023546e+01
-2.652905712709840813e+01
-2.417540075249563358e+01
-3.143504255966941940e+01
-3.001710572930444343e+01
-2.641205178335713555e+01
-3.481603213963019527e+01
-3.242777936234389813e+01
-2.672361886392671337e+01
-3.442346781626554275e+01
-2.823803665450687461e+01
-3.498648758453811780e+01
-2.841495519545177828e+01
-3.595407583840643895e+01
-3.440836485388664556e+01
-2.876689996320467557e+01
-2.668835338636400678e+01
-3.392801610793561196e+01
-3.672991730011372624e+01
-3.170824098740596142e+01
-3.267288404029640958e+01
-3.152262637601005224e+01
-2.899060098366607008e+01
-2.226367399587525142e+01
-3.297459673061013063e+01
-2.636055434590834778e+01
-3.189795867912049587e+01
-2.456047778810706461e+01
-2.509360106507769572e+01
-2.656466075809889915e+01
-3.242244008161892310e+01
-2.660839193619062115e+01
-2.774696880593880977e+01
-2.343098861099743857e+01
-2.505747865808182695e+01
-3.157583409751618575e+01
-2.777865871685806454e+01
-2.389267013025979480e+01
-2.981148597707692716e+01
-2.791789393022852650e+01
-2.328021803366037545e+01
-2.775533249640091782e+01
-3.190528675664090130e+01
-3.150573981865696993e+01
-3.194681721979382516e+01
-3.030070990613249293e+01
-2.597165013148446633e+01
-3.111437529866960006e+01
-2.650168271234853279e+01
-3.400894973819841027e+01
-2.915711923553701723e+01
-2.444353838173741167e+01
-3.549253098250818539e+01
-3.468720464120129066e+01
-2.910277892311776071e+01
-3.613356081303806633e+01
-2.392505700619249254e+01
-2.973917317918219538e+01
-3.495108915940430450e+01
-2.985543517039987549e+01
-2.604662376959002401e+01
-2.894753178145957051e+01
-2.633390373558397357e+01
-3.839718833942889376e+01
-2.328728262081757805e+01
-3.016140858480710563e+01
-3.035890916529512751e+01
-3.517780953156234602e+01
-2.850190868983983705e+01
-2.465955112786820180e+01
-3.571719129312378982e+01
-3.270669229746125239e+01
-2.762335529522323796e+01
-3.013902585990262750e+01
-2.356133532229359062e+01
-2.921133667914918064e+01
-3.231270107495293331e+01
-3.588229080323711884e+01
-2.932222437229473755e+01
-3.384887006411128851e+01
-3.115382353512178071e+01
-3.452588540081163870e+01
-3.600542365158497660e+01
-2.859627840340028015e+01
-2.736657628777256690e+01
-2.930320331766858288e+01
-3.283524154664281269e+01
-3.527522460681989713e+01
-2.695329901779415138e+01
-3.789783409933880165e+01
-2.945937059293337867e+01
-2.952608363254991275e+01
-2.641465483872532261e+01
-2.430907863038034122e+01
-3.146877898128527562e+01
-2.923859881573032027e+01
-3.167570137305438394e+01
-2.467351838807531550e+01
-3.411445543295434391e+01
-3.123645960983032310e+01
-3.604713206315457086e+01
-3.291932357226665573e+01
-2.919638138664466709e+01
-3.185827317833792804e+01
-2.362010984112384904e+01
-3.078186099717748903e+01
-2.638632960001325856e+01
-3.386637646810440572e+01
-2.878884745066691764e+01
-3.214299416443443391e+01
-2.668443966917707755e+01
-3.606668781108677990e+01
-3.493770259314924687e+01
-3.057664400241899827e+01
-3.175939982144118545e+01
-3.102844772556031216e+01
-2.716171818012864136e+01
-2.512724958818524712e+01
-3.203553015000027671e+01
-3.377450035113761118e+01
-2.727101275662714031e+01
-3.423126232255764734e+01
-2.469166919856603215e+01
-2.890422526233441758e+01
-3.485393291750269640e+01
-2.655631941735345691e+01
-2.936274307182007703e+01
-2.571659173486229832e+01
-3.741572038650504339e+01
-2.650274859566442487e+01
-3.187207958829511512e+01
-3.206409723405314338e+01
-3.546601123758538421e+01
-2.956978268148447953e+01
-2.757088705246090399e+01
-2.798993144795111476e+01
-2.809501536767387364e+01
-2.636683066219357841e+01
-2.747130924177982436e+01
-3.416345535559837998e+01
-3.106116008361482272e+01
-3.341155315590938102e+01
-2.613895128989377881e+01
-3.237038404849972295e+01
-2.612573219696272986e+01
-3.156210147774404007e+01
-2.508299533260463932e+01
-2.553344457393782818e+01
-3.082032192968937778e+01
-3.228096463111597814e+01
-3.598252195838755085e+01
-3.749833019924641064e+01
-3.369717415813264694e+01
-2.656600661069251146e+01
-2.620458580365706069e+01
-3.317935839450227320e+01
-3.006226730453833440e+01
-2.603884473345904027e+01
-3.651554201177652459e+01
-2.571541219818727697e+01
-2.821146348507913970e+01
-2.458283173916117192e+01
-2.835505837552247499e+01
-2.857920091121880901e+01
-2.347035585691200765e+01
-3.256946147138964420e+01
-2.791504463578755235e+01
-3.535051046473908798e+01
-3.123960128055254160e+01
-2.990812983134538428e+01
-3.488079619466974179e+01
-2.950501101303094842e+01
-2.652188141052408810e+01
-2.881153430072668442e+01
-3.494222454513695908e+01
-2.850965439230860099e+01
-3.445661005034838098e+01
-3.351997416670679542e+01
-3.038310268485740195e+01
-2.787571166978633386e+01
-3.077976577229079425e+01
-2.693144807012177822e+01
-3.591129932587728035e+01
-2.883460230614314312e+01
-2.295484439924057440e+01
-3.530360450806615802e+01
-2.855459553558166519e+01
-3.432557949882728821e+01
-3.616708673553652176e+01
-2.543267760084464868e+01
-3.224523508357843582e+01
-3.330933363359255139e+01
-3.754832551114451178e+01
-2.600877012668093613e+01
-2.912358412711811440e+01
-3.066040407771935605e+01
-2.723351738024175717e+01
-3.514038763710399138e+01
-3.164345891324897053e+01
-2.418467549848811160e+01
-3.367529124916134009e+01
-3.614636490842972449e+01
-2.608478605751680846e+01
-3.582555192377942888e+01
-3.110121099198926942e+01
-2.309594815185173289e+01
-3.265223987191540544e+01
-2.459351012201276632e+01
-3.161321694055869358e+01
-3.323688648930235701e+01
-2.944519653999078912e+01
-3.389590923624891872e+01
-2.910168624490645328e+01
-2.578590952402852920e+01
-3.446757942496959970e+01
-3.470911088512269060e+01
-2.545150501637013818e+01
-3.117342862038716689e+01
-3.299342282755250011e+01
-2.595376245389181591e+01
-3.292690684963361036e+01
-2.822672645451074303e+01
-2.700247669908923243e+01
-3.491489872487407098e+01
-2.814206750878486574e+01
-3.442340936766740356e+01
-2.448057314929459949e+01
-2.647018653121263299e+01
-2.966633404961731912e+01
-3.643748852436267782e+01
-2.970211836681454898e+01
-3.785813751735690857e+01
-3.243491144114354086e+01
-3.137860529838190260e+01
-2.869114233156401994e+01
-3.180339642229917985e+01
-3.162790585546225230e+01
-3.225091213946836177e+01
-3.439847175973432059e+01
-3.446622716533754271e+01
-3.448878542053269314e+01
-2.932043112551647468e+01
-2.510967781827877943e+01
-3.404295097798831904e+01
-3.014215109643295420e+01
-2.931387118708030926e+01
-2.926954691716658274e+01
-2.618037916685486621e+01
-3.133849855728684375e+01
-3.576049094856602295e+01
-3.023071519217234382e+01
-2.948998139786360184e+01
-2.652094414339982364e+01
-3.185571465479788245e+01
-3.692387896028773042e+01
-3.236744444493632500e+01
-2.153995441026285462e+01
-3.571408619315856470e+01
-2.492618312199150665e+01
-2.861680459902300910e+01
-2.347006125712049851e+01
-2.563879547289333161e+01
-3.577452191662757741e+01
-2.875700504791756273e+01
-2.815962683407910561e+01
-2.228721184764174623e+01
-3.717239412142938448e+01
-2.801191097651931372e+01
-2.457894156360993065e+01
-2.661238768959545808e+01
-2.783739824444366562e+01
-2.519029598485873223e+01
-2.759822492286080120e+01
-2.809576068752098976e+01
-2.682884151159530361e+01
-2.932939255623563568e+01
-3.111779832204066309e+01
-3.105078104934726468e+01
-2.887467595475237658e+01
-2.565548994797352123e+01
-2.628859248492901557e+01
-3.190837883420616805e+01
-3.313065911791177598e+01
-2.703529185609763985e+01
-3.177509602336112948e+01
-2.880162466705494850e+01
-3.331876543688181869e+01
-2.967365172962182385e+01
-2.883713806089219389e+01
-2.823410468532496154e+01
-2.654191646441651997e+01
-2.447536116662450567e+01
-3.201603271388172800e+01
-2.526783268662926218e+01
-3.475132331233843530e+01
-2.905502550698883368e+01
-2.944092019909527025e+01
-3.405101079837679379e+01
-2.735889849135812568e+01
-3.041135677913902313e+01
-3.429555685852112390e+01
-3.166419954094978806e+01
-3.547703784605457145e+01
-3.266918556515504690e+01
-2.844233211331377476e+01
-2.907807465015335069e+01
-2.978950235047197737e+01
-2.927480422406072691e+01
-2.907232639807517671e+01
-3.324964946322356241e+01
-2.511753032435033717e+01
-3.280136816542380984e+01
-3.435785499682516075e+01
-3.275628165552019055e+01
-3.206912534141602578e+01
-2.508123987360972862e+01
-2.653687022131259354e+01
-3.192139928486461642e+01
-2.159015619905053285e+01
-2.953276750285974828e+01
-2.588948241898296487e+01
-3.255459921774718879e+01
-3.481979418897604006e+01
-3.198623006736494645e+01
-3.181134315350474395e+01
-2.873313608118173335e+01
-3.234268466652873997e+01
-2.142465990155965727e+01
-3.015952441664991568e+01
-3.445891555654881699e+01
-2.623570323587767916e+01
-2.638348451459601307e+01
-3.415985391662826487e+01
-2.921702319621287103e+01
-3.450141030934838682e+01
-3.395877741572758879e+01
-2.506693202094648143e+01
-2.695917431367564632e+01
-2.919706046144926859e+01
-3.480923668586825670e+01
-2.839697055976962758e+01
-3.490055043912343535e+01
-2.452710975703100615e+01
-3.226660386515017365e+01
-3.513327258149738697e+01
-3.671244177872932113e+01
-3.563943027381971262e+01
-3.385436349802737510e+01
-3.353830791583673943e+01
-3.625937955722486095e+01
-3.492474546690100112e+01
-3.812711882169236333e+01
-2.687184637524185860e+01
-2.780641981184269440e+01
-3.059566601020105736e+01
-3.442150623240691232e+01
-3.486150260325300820e+01
-2.588254094132882699e+01
-3.371632333719055907e+01
-2.823573238719615119e+01
-3.182711036737862287e+01
-3.183449952329646138e+01
-2.617220990283407289e+01
-3.511400840901582399e+01
-2.322632310942105605e+01
-2.470418756358242973e+01
-3.354863881887499844e+01
-2.805769029581249541e+01
-3.349728636265185600e+01
-2.911643945750030937e+01
-2.746233381522559114e+01
-3.416560834380290856e+01
-2.695866130129877192e+01
-2.872383547682032301e+01
-2.610658973662404136e+01
-3.375964459448714194e+01
-2.436825240807187853e+01
-3.722279604976473877e+01
-3.053468168097792557e+01
-2.998922112716341459e+01
-2.511840261497522420e+01
-3.503531063525274902e+01
-2.562532114954182560e+01
-3.238029781832894827e+01
-3.312626555581389454e+01
-2.940543547725844320e+01
-2.405536907972683736e+01
-3.233096658610268292e+01
-3.480461263852150466e+01
-2.500825703730538407e+01
-2.721321304459950241e+01
-2.895226675236886749e+01
-3.157896949005271381e+01
-2.669878469667638754e+01
-3.111268956568387267e+01
-3.614447448574323118e+01
-2.373700144041560023e+01
-2.528546716329343624e+01
-2.451789334651377672e+01
-2.793836054568927096e+01
-3.026539662399900266e+01
-3.532793057218254518e+01
-3.244775499276541098e+01
-2.856063100982136405e+01
-3.710927199282133415e+01
-3.326678781390373274e+01
-2.663405640394172735e+01
-2.832986724147748703e+01
-3.523713860555029243e+01
-2.264207816505361848e+01
-3.067286196531205178e+01
-2.627865381860688032e+01
-3.499106722372786749e+01
-2.601681172809515985e+01
-2.972695624591090890e+01
-3.321002013613934167e+01
-2.650687609048060267e+01
-2.672311151425579467e+01
-3.001724686167523970e+01
-3.383469680356566300e+01
-2.764029305398792502e+01
-2.949273213387011694e+01
-3.012693172431181310e+01
-2.699274174433700679e+01
-3.125820477227655658e+01
-3.759068401528013936e+01
-3.482061727686262032e+01
-3.284576906250516259e+01
-3.455406116033717012e+01
-2.970756129346266761e+01
-2.591450147922535763e+01
-3.635110761347119990e+01
-2.214681113632880383e+01
-2.713762617903777041e+01
-2.334772091876310895e+01
-2.451319319614107073e+01
-2.523764713912047597e+01
-2.752457524369008368e+01
-3.171824944645923949e+01
-3.500931677546267906e+01
-3.078349224102486659e+01
-2.363092566208025502e+01
-3.463113863792533209e+01
-3.385872051217574352e+01
-3.506518692035002260e+01
-3.301576017512193317e+01
-3.439621042449787325e+01
-2.926487688811270971e+01
-3.272962201993223630e+01
-3.480545143019615750e+01
-3.603395703361687197e+01
-3.281370358161500889e+01
-2.738566317781349468e+01
-3.349108886404849272e+01
-2.771693017422176908e+01
-3.711706719185077219e+01
-2.825064484249362451e+01
-2.838238680906321676e+01
-2.896095518782418665e+01
-3.594035257231979585e+01
-2.678777117941608310e+01
-2.580978442959376906e+01
-2.324049026460198064e+01
-2.384084993661372209e+01
-2.327906082802694243e+01
-3.564248331794686919e+01
-3.465267031910471474e+01
-3.251706590630570304e+01
-2.251940136130415837e+01
-3.579585294184845168e+01
-2.752853299395027875e+01
-2.521429565532725547e+01
-3.445216838549077920e+01
-3.639641838177231392e+01
-3.297715399593285923e+01
-3.485540258323426599e+01
-3.342109271238681600e+01
-2.951124485791291718e+01
-3.079424797784367840e+01
-2.461061329560676114e+01
-3.021009731120465602e+01
-3.065036164410535946e+01
-3.271050006769871032e+01
-3.350234388361402438e+01
-3.519590951786397426e+01
-3.025646196183678782e+01
-3.253768088757045263e+01
-2.594623234359586306e+01
-3.674114521142233514e+01
-2.852509589230058751e+01
-2.596372383299586772e+01
-3.592869803380781946e+01
-2.972413555670615537e+01
-2.511042781976816585e+01
-3.029005369431930816e+01
-3.669161237171753953e+01
-3.346951648275885560e+01
-3.359178692986838399e+01
-3.023933155895345593e+01
-2.984912679840662264e+01
-2.644109631453605402e+01
-2.712679213320181759e+01
-3.277804138853570493e+01
-3.272027857014393248e+01
-3.017248266571113291e+01
-2.749250063787857812e+01
-2.547639240414940431e+01
-2.918555347694420732e+01
-3.528035749483530736e+01
-2.985696268263988884e+01
-3.615636752717707481e+01
-2.929954916886955019e+01
-3.093227434479477367e+01
-3.046395405605369788e+01
-2.678621183395550531e+01
-3.430832974493709742e+01
-2.702519977580170973e+01
-2.730429781097833342e+01
-3.258232384231168055e+01
-2.812901977484126093e+01
-2.705010061049740244e+01
-2.832917520379152876e+01
-2.986091536452136097e+01
-2.882846127405632330e+01
-3.288211100314251922e+01
-3.092763373032769181e+01
-2.326814915134523432e+01
-3.249941461119164643e+01
-3.084229882692395108e+01
-2.900549063546581507e+01
-3.020889426411751799e+01
-2.896997376647044575e+01
-2.658822190649728867e+01
-3.485461399150064210e+01
-2.760387696174212380e+01
-3.649923153967636580e+01
-3.378954182214813784e+01
-2.786614737771673944e+01
-2.675811679451964409e+01
-2.566449938434994493e+01
-2.635634712153229486e+01
-2.989349211334162248e+01
-2.781960968462276895e+01
-2.441785161713653807e+01
-3.331105760909886015e+01
-2.914377298849509401e+01
-3.178312003399183538e+01
-3.546259453931052263e+01
-3.577356903649917541e+01
-2.773273923796634577e+01
-3.233907278644000627e+01
-3.339187936634728970e+01
-3.002956829737200195e+01
-3.258750262273634490e+01
-3.297649101118711457e+01
-2.936036076946593809e+01
-3.553977589502135714e+01
-3.508352322580307003e+01
-2.618998218665334221e+01
-2.730831905455028519e+01
-2.332547018824645590e+01
-3.096765324671384789e+01
-3.332308850433572189e+01
-3.507761998950120841e+01
-2.526245909890026553e+01
-3.375560406234252042e+01
-3.425660015591868301e+01
-2.538482933637484962e+01
-2.953435393489819916e+01
-3.049231654596987795e+01
-3.092659044135730539e+01
-3.429572522391319467e+01
-3.026681267994180402e+01
-2.961168628815132919e+01
-2.936950333582205275e+01
-3.223242344135424986e+01
-3.415720097954104517e+01
-3.455216512555921327e+01
-2.884785908587875625e+01
-2.975046354861975573e+01
-2.813413875790453744e+01
-2.912576170376586404e+01
-2.879960660024755370e+01
-3.735191231470864892e+01
-3.431876095142823146e+01
-3.052550694286755828e+01
-2.597259863724712403e+01
-3.291797643497378090e+01
-2.870501864195319186e+01
-2.901744693438456579e+01
-2.673324123265588170e+01
-2.530783914459414774e+01
-2.248529103254010764e+01
-3.123693627069064860e+01
-3.494590348932099744e+01
-2.851884524749829808e+01
-3.103426479592803489e+01
-2.273821663129520232e+01
-3.124370156384773267e+01
-3.143422228254667061e+01
-2.868023868350104877e+01
-3.051064777152431873e+01
-2.926436768338224681e+01
-2.943831921710578570e+01
-2.344525280670888279e+01
-2.492146856354274220e+01
-3.535274348220165308e+01
-3.581388703900015003e+01
-3.373464269843695718e+01
-3.454713239831207972e+01
-3.604219398200743285e+01
-3.372927780345231952e+01
-3.328796134866644962e+01
-3.050642265074176152e+01
-2.180209010931594094e+01
-3.312902685898774990e+01
-2.809960898586207634e+01
-2.663838762568018836e+01
-2.998549206778253762e+01
-3.150333815549191385e+01
-2.526816522800976017e+01
-2.634460070542484544e+01
-3.158681788994054429e+01
-2.779631769235638572e+01
-2.750109860339656365e+01
-3.241202292129239737e+01
-2.321123973097389381e+01
-3.523769874349485320e+01
-3.423658544848746033e+01
-3.110896621741683887e+01
-3.180081376608293553e+01
-2.887204373154718340e+01
-2.493536253556806770e+01
-2.614499622540849444e+01
-3.006671763617035253e+01
-3.394305196466968511e+01
-3.694438964628862010e+01
-3.379393140852482702e+01
-3.116899130327223233e+01
-2.874302815602028005e+01
-3.029251465236913532e+01
-3.126095665829805981e+01
-3.264833509586045324e+01
-3.240998533102494150e+01
-3.651374023964660864e+01
-2.941141793579081209e+01
-2.451065330547412202e+01
-3.592792057488700408e+01
-2.616559322564392787e+01
-2.637719197854019626e+01
-2.934035093252595061e+01
-3.229761338346234822e+01
-2.750208822882322224e+01
-2.807380022918166063e+01
-2.829532650388593140e+01
-2.493530471301423646e+01
-2.652789369306186984e+01
-2.203378258377565402e+01
-3.399969908609478608e+01
-3.009074042365151769e+01
-2.525543338565788076e+01
-2.936476797881318035e+01
-3.243516866399933463e+01
-2.608523749117525625e+01
-2.330148758670717157e+01
-2.634293265671157158e+01
-2.914311009286742049e+01
-2.497057461893722063e+01
-3.266665791076007253e+01
-2.575916393389737280e+01
-3.362129894001165553e+01
-2.606630153706556996e+01
-3.276865961464712740e+01
-3.017002132814697291e+01
-3.041547273930633466e+01
-2.545721279284021676e+01
-2.673162584360170158e+01
-3.259023309194371620e+01
-3.462140761884616325e+01
-2.583331518076856170e+01
-2.827121112156395810e+01
-3.552341357194369920e+01
-3.551362360428423415e+01
-3.082938930346196216e+01
-3.427907690860844525e+01
-2.411020433708278432e+01
-3.530703238603181404e+01
-3.311259007629860918e+01
-2.842190170430824736e+01
-2.358508357818923074e+01
-3.393816324244319560e+01
-2.360252216590895102e+01
-3.017348628224881679e+01
-2.960859326565094918e+01
-2.674482587738362938e+01
-2.558970039760232140e+01
-2.429317976182005978e+01
-3.160023310387887463e+01
-2.818764908940008951e+01
-3.508810838546432365e+01
-3.031188980122477616e+01
-3.138895134281098720e+01
-2.643957922311149744e+01
-3.182497471660840915e+01
-3.133428084560410554e+01
-3.258228897552245940e+01
-3.223465570113330614e+01
-3.443128526630350450e+01
-2.583357742778854060e+01
-2.869544930940957528e+01
-3.199347414146837210e+01
-3.604097380468613920e+01
-3.044731559143499666e+01
-2.720325088966783156e+01
-3.265447123602096724e+01
-2.866303130237792018e+01
-3.325117362942874877e+01
-2.554746642716578009e+01
-2.476591618035724451e+01
-3.358962293315057934e+01
-3.577768043702692324e+01
-3.515539874227926020e+01
-2.986680866527513345e+01
-3.013260869531366026e+01
-3.732849092662966228e+01
-3.046702663117628518e+01
-2.880618632647890109e+01
-3.170069660173923154e+01
-3.071065154369288663e+01
-3.576401473390483687e+01
-3.033704722295783540e+01
-3.304774790764170689e+01
-2.991017423974572864e+01
-2.422141900038678841e+01
-3.134838923160945967e+01
-3.007933986078168331e+01
-2.800780900895550118e+01
-3.411641221315777273e+01
-3.389612549760839499e+01
-3.335119817259327135e+01
-2.484237548132114526e+01
-3.186940811938808693e+01
-3.236781203727920087e+01
-3.450291319965148773e+01
-2.809981152519714698e+01
-2.760984373909047918e+01
-2.719414828539816398e+01
-3.379271686114662998e+01
-2.822018715598037630e+01
-3.477359780595998018e+01
-3.438023659381597241e+01
-3.759435130386920321e+01
-3.006991861174689262e+01
-2.577059636790395558e+01
-2.945447946654747540e+01
-3.068657098713898534e+01
-2.464492703841114718e+01
-2.739840303542480981e+01
-3.156766113177787147e+01
-2.975484349910119519e+01
-3.631163651392902381e+01
-2.996361874345969056e+01
-3.068990115028569221e+01
-3.215228656920138661e+01
-3.700265671291051461e+01
-2.787445288937874821e+01
-3.362659732373749222e+01
-2.924598596367625447e+01
-3.207841002112116513e+01
-2.967414661443761759e+01
-3.159536056221764966e+01
-3.453738211553131521e+01
-3.375145328216361662e+01
-3.495714669260851082e+01
-2.764312067012081897e+01
-3.116421518852708061e+01
-2.484617363493868325e+01
-3.014422869742032773e+01
-3.246626453928042366e+01
-2.614319907331519843e+01
-3.160795331386443152e+01
-3.172251562334335162e+01
-2.691597817207709653e+01
-3.058772267920566890e+01
-2.820431814152242822e+01
-3.043292201973514466e+01
-3.723898389964447375e+01
-2.486453936423727384e+01
-3.009969233229528385e+01
-3.210332866353697767e+01
-2.912263846323202898e+01
-2.388984224977535931e+01
-2.752765896533468748e+01
-3.412447320480575286e+01
-3.092642189648552176e+01
-2.293560059096434856e+01
-2.517527272049085596e+01
-2.921183614932172645e+01
-3.049202792698096687e+01
-2.567076800729761388e+01
-2.835395080284711611e+01
-3.139055904227715033e+01
-3.616677003165550275e+01
-2.992031791304059851e+01
-2.388557365173074132e+01
-3.487532396796443379e+01
-2.590799930610962321e+01
-2.875477434707034519e+01
-2.483134531837705694e+01
-3.209427438046007808e+01
-2.856918953263491190e+01
-2.614984482911464170e+01
-2.618981745710537723e+01
-2.952752885318136933e+01
-3.477447161883871729e+01
-3.013600359824332742e+01
-2.640202608933699935e+01
-3.338536919991446439e+01
-3.348035257572844614e+01
-2.762709309086331544e+01
-3.607835970631821709e+01
-3.592800901516054779e+01
-2.697986206920774777e+01
-3.656482047200722008e+01
-2.945396837280837943e+01
-3.215128658010841889e+01
-2.956807958193450148e+01
-3.532822691926168091e+01
-3.253299928329128221e+01
-2.375639373650488295e+01
-3.106213348005918462e+01
-2.559423987941714884e+01
-2.448720528179937261e+01
-2.909523787946563900e+01
-3.016558478828341094e+01
-2.503110725714131490e+01
-2.590956805947926256e+01
-3.143098757816120425e+01
-2.518433437507095363e+01
-2.988660015905688638e+01
-2.459126407835199046e+01
-3.625262721606780048e+01
-2.334882124533340786e+01
-2.926485764272016610e+01
-2.801094079673586990e+01
-3.689143694480927849e+01
-3.244151390271965596e+01
-2.866527952241104416e+01
-2.738727771431537761e+01
-3.034265986995330167e+01
-2.899073029763983200e+01
-3.054057674001089850e+01
-3.110436608748839760e+01
-2.419335482026225392e+01
-2.903385928129178950e+01
-2.902038028790591540e+01
-2.548088368462295605e+01
-2.865657969070106503e+01
-2.690376958607627600e+01
-3.024481843437314410e+01
-2.675458165235598429e+01
-2.747456231547382544e+01
-3.522362194365906873e+01
-3.270299284384120142e+01
-3.267098893771361645e+01
-2.710978863970575858e+01
-2.618766555439352572e+01
-2.406060685434633584e+01
-2.896980852835269360e+01
-2.902832146828430027e+01
-2.982106443358461689e+01
-3.037855293083826069e+01
-3.364375125614548523e+01
-2.624775826167073234e+01
-3.653275667290898099e+01
-2.418111202496108803e+01
-2.895706559372728606e+01
-3.193713527654469431e+01
-3.180569409741653431e+01
-2.846710230945200237e+01
-2.805705335796880462e+01
-3.467646113913259853e+01
-2.434961572314115230e+01
-2.492822678520176893e+01
-2.811028699513221696e+01
-3.474119820004251835e+01
-2.707152108427074921e+01
-3.427943989238798395e+01
-2.946064072450852933e+01
-3.432057727945911552e+01
-2.760468041423099095e+01
-3.552490636995281648e+01
-2.925197938629895944e+01
-2.937793180308782226e+01
-3.637108841981320495e+01
-3.366529132620609488e+01
-2.947943173111266901e+01
-2.494114807242058873e+01
-3.054002108842221475e+01
-3.611210298603882762e+01
-3.549311199474784218e+01
-3.546260778452079876e+01
-3.475493457243049988e+01
-3.323424897805450939e+01
-3.242956606816914444e+01
-2.496667655190167423e+01
-2.771926850846018198e+01
-3.318864659002154127e+01
-2.843322476879837879e+01
-2.711852469769182861e+01
-3.415839465341269232e+01
-2.974635959761507209e+01
-3.438885618089217644e+01
-3.397483708676787728e+01
-3.255893123353025942e+01
-3.305626828085520685e+01
-2.847160601560362991e+01
-3.128600263171861684e+01
-2.678536214573642127e+01
-2.551570363631906702e+01
-2.779585645617656553e+01
-3.361588773236930905e+01
-3.224120840795186638e+01
-3.460427117555034471e+01
-3.092445040281726776e+01
-3.041596833126749289e+01
-2.926260889981453417e+01
-3.023975805890114898e+01
-2.455400952535136128e+01
-2.749725351495791159e+01
-2.497416689523985056e+01
-2.390963783496839312e+01
-2.908187423862437626e+01
-2.422332326362419153e+01
-2.554791328853931276e+01
-2.694254528732212961e+01
-3.155094041311380693e+01
-3.517578381913605057e+01
-3.543473870705719264e+01
-3.618383647317648411e+01
-3.309356150308239819e+01
-2.809651587185132726e+01
-3.178084305137429766e+01
-2.799421619885660206e+01
-2.972222268027629966e+01
-2.600730382939931218e+01
-3.554991216439056245e+01
-2.985877739790716490e+01
-2.507825204447469503e+01
-3.400598317239697366e+01
-2.949873144862607788e+01
-2.800399462113566784e+01
-3.068536669785163085e+01
-2.788557845348746866e+01
-3.470573718769305316e+01
-2.415041072630001295e+01
-2.512217434882436251e+01
-3.362104917390729497e+01
-2.852724243534856541e+01
-3.557478290655160436e+01
-3.311348392867841284e+01
-3.781969737672113041e+01
-3.367914248533101329e+01
-3.415351189620510297e+01
-2.890455203191077516e+01
-2.635296306789971510e+01
-3.140054308726905674e+01
-3.178181463707164056e+01
-3.012268806991038872e+01
-2.921034789426200362e+01
-2.915387970194554867e+01
-3.491215495520327750e+01
-2.974503444632831162e+01
-3.755775698517035011e+01
-3.227758740663319514e+01
-2.848170932314091885e+01
-2.450524611776438277e+01
-3.597177914695244993e+01
-2.511470868123295475e+01
-3.518916861618998126e+01
-2.758960851810821424e+01
-2.650405474237465242e+01
-2.712833308153393475e+01
-3.343001714787984469e+01
-3.567198265970444737e+01
-3.063698386115789418e+01
-2.811183998488574076e+01
-3.099459565819698170e+01
-2.279417417634199694e+01
-3.119742176780439280e+01
-3.426174589194955900e+01
-2.784158304821129803e+01
-3.552791454413037542e+01
-3.256047176247106734e+01
-3.735340022194102971e+01
-3.140222376735708920e+01
-3.896405357914215983e+01
-2.841986921403014676e+01
-3.346213656004451309e+01
-3.566932413146142977e+01
-3.275393819606797763e+01
-3.116234077626167576e+01
-2.938715239262599610e+01
-3.380992389287153088e+01
-2.206658411963647737e+01
-3.472658490117252938e+01
-2.288216985669932768e+01
-2.888715970416257406e+01
-2.531105485439341152e+01
-2.914547323625130204e+01
-2.677812235094342697e+01
-3.284761564863723748e+01
-2.956346760789493189e+01
-3.151086335483462619e+01
-2.745074443049874446e+01
-3.091392548341351798e+01
-3.534316086356249542e+01
-2.958356900281048141e+01
-2.681086443084346627e+01
-2.644298984382744777e+01
-3.426289899907055059e+01
-3.086644360967695988e+01
-3.016349404291411673e+01
-3.615217468754253360e+01
-2.887976292379717691e+01
-3.642988269456893846e+01
-3.332321748080754986e+01
-2.819186329046678097e+01
-3.182157010086671534e+01
-2.650160299722287505e+01
-2.976356964983228792e+01
-3.154213084024207703e+01
-2.509790381314152796e+01
-3.200075000449947282e+01
-3.509403846532791249e+01
-2.354936293975348249e+01
-2.691447375733769931e+01
-3.304098123641859530e+01
-2.534806552609408214e+01
-2.741869678218374773e+01
-2.728865431731891178e+01
-2.563169690091935848e+01
-3.255854820630205637e+01
-3.537449023424583316e+01
-3.015479554524248584e+01
-2.176503297341200849e+01
-3.116405042570634976e+01
-2.604334951810468013e+01
-2.809559261854350964e+01
-3.045111014531834215e+01
-2.615459186732789121e+01
-2.498399293286053080e+01
-2.948348930514005417e+01
-3.325136788647298403e+01
-2.822704552819787338e+01
-2.335562327551956230e+01
-2.956419150594899747e+01
-3.006903721030104748e+01
-3.013848486083042744e+01
-2.870249888092585877e+01
-2.586855829567645060e+01
-3.432201417584423098e+01
-3.323839024929264241e+01
-2.736477345100522385e+01
-2.612239864748231710e+01
-3.162356813148754853e+01
-3.529719581900739911e+01
-3.218359763887748670e+01
-3.092623635395912629e+01
-3.205883234379922442e+01
-2.769610258872474873e+01
-3.422946977207583785e+01
-3.230331793989828526e+01
-2.580996294882578823e+01
-2.279410649645117815e+01
-2.538797188266770988e+01
-3.091123053889903005e+01
-3.756662127727913969e+01
-2.814834965888451279e+01
-3.193960521272277120e+01
-3.181654355621024166e+01
-3.021128823260144358e+01
-3.586851060054742391e+01
-3.238866807483523047e+01
-2.687558181345711006e+01
-3.472904141996348670e+01
-2.941991041306343035e+01
-3.055097245613779222e+01
-3.578223562179415751e+01
-2.438359793803310183e+01
-2.644684942502813385e+01
-3.232427889458533343e+01
-3.210402427915526857e+01
-3.437291316080469272e+01
-3.041230881761467231e+01
-2.317360105686279326e+01
-3.293155731502502448e+01
-2.552118264951622351e+01
-3.038394785833821743e+01
-3.707165780468735505e+01
-3.222682537107488798e+01
-3.373409440124090253e+01
-3.192550755666585260e+01
-2.905263513863793534e+01
-2.733426431783198751e+01
-2.923257126886166191e+01
-3.336894628973180232e+01
-3.261495939540198918e+01
-3.228321311096720336e+01
-2.895670711897331628e+01
-2.772199580914103834e+01
-3.256238500175768280e+01
-3.395366960274056822e+01
-3.001052874145711868e+01
-3.256317180019794932e+01
-3.138031946764769131e+01
-2.950473500873538057e+01
-2.169759906912869241e+01
-2.803670401350149533e+01
-3.099744017884161096e+01
-3.399362209584324290e+01
-2.937241406541490818e+01
-3.508015120526623321e+01
-3.326109796720977840e+01
-3.209716215231018310e+01
-3.186408453678444985e+01
-3.335800463185840670e+01
-2.482825378632757207e+01
-2.987378683210894081e+01
-3.479318610603787221e+01
-3.414457611127641457e+01
-3.605542216452595738e+01
-2.739126380725433307e+01
-3.024723773155143647e+01
-2.706405883094841514e+01
-2.467179651620088876e+01
-3.565818733233678017e+01
-2.764566660867235370e+01
-3.354528804563137356e+01
-3.548967902992028201e+01
-3.015372811325428160e+01
-3.124743361923145812e+01
-2.600427908146742695e+01
-2.859289223924633916e+01
-2.980007803984976533e+01
-3.200911310878684901e+01
-3.209667647633084897e+01
-2.572752567693450132e+01
-2.319601262065481961e+01
-3.355199362112185923e+01
-2.677487216141477688e+01
-2.927196744770289172e+01
-3.185461987743538614e+01
-3.076583271117389629e+01
-3.025904407031915966e+01
-2.951636218711289317e+01
-3.158924247752828762e+01
-3.369783956959635418e+01
-2.951851350555677200e+01
-3.408066135596401836e+01
-2.232457369668395231e+01
-2.674901535022204158e+01
-2.888659195603085550e+01
-2.972016502338846777e+01
-2.574790922802675297e+01
-3.635422144511790066e+01
-3.062968892314367153e+01
-2.428903613441101328e+01
-2.625343742229216204e+01
-3.657327855237222280e+01
-2.898805489383044076e+01
-3.557880296910190054e+01
-2.417224833836282016e+01
-3.522878406757208580e+01
-2.953183905282957511e+01
-3.338041032060927904e+01
-2.824425892570531360e+01
-2.730183888634872957e+01
-3.396125121766930732e+01
-3.191374510756121197e+01
-2.622857145602757356e+01
-2.737492965491359342e+01
-3.728942093091387022e+01
-2.548041118155469320e+01
-3.146117970884484905e+01
-3.571682753621593065e+01
-2.698980925436508116e+01
-2.555943996485121872e+01
-2.739339452736771818e+01
-2.685003141378624036e+01
-3.701631179658149051e+01
-3.448480764056898806e+01
-2.146441621061439164e+01
-3.027242975925120660e+01
-2.392046246145142163e+01
-2.481201552273559230e+01
-3.272967981077093924e+01
-3.394918134872853699e+01
-2.647786275948624279e+01
-2.499588466874291726e+01
-3.346918899994361141e+01
-2.540025258563388633e+01
-3.450786066278016762e+01
-2.974957686694931880e+01
-2.722489121419367208e+01
-3.446790254777545215e+01
-3.208377935685678040e+01
-3.710852056975092239e+01
-3.057048934818120145e+01
-3.178783269613586171e+01
-2.448206749349189693e+01
-2.207942098818413612e+01
-3.673677581329008746e+01
-3.263759455569562817e+01
-2.928230085066155652e+01
-3.680526184589528782e+01
-3.427378339750491421e+01
-3.300007497683314028e+01
-2.732885060511392084e+01
-3.418134972667341742e+01
-3.015741279278717357e+01
-2.851213483923002201e+01
-3.407257029319401909e+01
-3.061878614867863035e+01
-3.398528864752266543e+01
-3.124092506239411193e+01
-2.464697837619429777e+01
-2.773869863315606565e+01
-2.486141601982266991e+01
-2.963824485564186517e+01
-2.644783972309136288e+01
-3.653569567911443272e+01
-3.253266660656483111e+01
-3.453310649568142310e+01
-2.200488768617513102e+01
-3.288855741615605410e+01
-2.696129247056754608e+01
-3.702265826232823542e+01
-2.791896144482858588e+01
-2.523098306547392511e+01
-2.498875610965171390e+01
-3.374436226752329304e+01
-2.919239265442248765e+01
-3.320725541137762349e+01
-2.513075509826014553e+01
-3.310682321120491878e+01
-2.369963703008623312e+01
-3.064599219383853068e+01
-3.580961917562456875e+01
-2.192710270377935444e+01
-3.064255117042598897e+01
-2.726146264200144742e+01
-3.157583467970817637e+01
-2.368103711483728802e+01
-2.684200187859357101e+01
-3.498593232402779307e+01
-2.712700466872488292e+01
-3.478004066539887162e+01
-3.321249531535368504e+01
-3.220107837767132963e+01
-3.205840301410237458e+01
-3.792890301938644626e+01
-2.853068732187513135e+01
-2.319616248097092992e+01
-2.425657680776466307e+01
-2.636074146734920731e+01
-2.719565845893586697e+01
-3.817364611885506065e+01
-2.631377380491294460e+01
-2.211200520310345041e+01
-3.419939427892399664e+01
-2.469350024195830429e+01
-2.996223231741368664e+01
-3.366694525706095931e+01
-3.289079914238145363e+01
-2.591543893414069899e+01
-3.542050933753718311e+01
-3.390948718146419338e+01
-2.782006464585026961e+01
-2.878139161118477318e+01
-3.050211180167720215e+01
-3.185974807679943410e+01
-3.267025443664350348e+01
-3.230581748315146484e+01
-2.795686967229034536e+01
-3.103473902145632835e+01
-3.393406067122874248e+01
-2.600537062136479349e+01
-2.709840731387453161e+01
-2.921525419090527365e+01
-3.316076384964646451e+01
-2.301179140881750484e+01
-3.649089110954469106e+01
-2.555306863958158914e+01
-2.361013663787030836e+01
-2.550792276000103698e+01
-3.113897208474426392e+01
-2.665154085623513325e+01
-2.444589762568928748e+01
-2.781455135549502344e+01
-2.916136951480554274e+01
-3.567225497176597315e+01
-3.525285339777770588e+01
-3.222107476101923851e+01
-2.473152228758692672e+01
-2.996078457609519319e+01
-3.279044991166621514e+01
-2.964124178963351142e+01
-3.049233397204208629e+01
-2.901164202755166599e+01
-2.826179510337133394e+01
-2.805069754414842009e+01
-2.435021253791511953e+01
-2.802334368061178793e+01
-2.643009067646487154e+01
-2.532382759659656912e+01
-3.398052064022905938e+01
-2.929361934032814929e+01
-2.297307099910889860e+01
-3.060533601821027716e+01
-2.580569548989852890e+01
-3.479379176162080256e+01
-3.021015926774990845e+01
-2.772391037760871768e+01
-3.453047270244196909e+01
-3.019165649374077987e+01
-2.544918779425631428e+01
-2.486766911780219758e+01
-2.700675513272269157e+01
-2.740363782853919261e+01
-2.237685943981703218e+01
-2.757387036439336114e+01
-2.784994565240712561e+01
-3.191651544650135008e+01
-3.707458381666442193e+01
-2.517985383508181130e+01
-3.321468181658479324e+01
-3.058264376332229872e+01
-3.228934956332745543e+01
-3.189315245904685980e+01
-3.163436353722266148e+01
-3.518167253383457904e+01
-2.452009809065968327e+01
-3.312625834006298220e+01
-3.462089183414150284e+01
-3.707440198652751207e+01
-3.455250599392482513e+01
-3.672083451029372725e+01
-3.261140760198350819e+01
-3.017690470736739883e+01
-3.066560997404315003e+01
-3.305303253009542175e+01
-3.218303483986073132e+01
-3.588358380997829045e+01
-3.172477910449508798e+01
-3.280815887083788596e+01
-2.906606164768238898e+01
-2.860533378084914347e+01
-2.497808040370743754e+01
-3.531635687950056024e+01
-2.642670531497141795e+01
-3.315269857942790566e+01
-2.451328942347538131e+01
-2.929893503199904359e+01
-3.154503327991351114e+01
-3.551122725524543000e+01
-3.296903991017457969e+01
-2.854202473290766306e+01
-3.458437050215069775e+01
-2.545796673682028199e+01
-3.075633539915268599e+01
-2.602378355657420528e+01
-2.806233098544930016e+01
-2.920191975743663093e+01
-2.669691392384021356e+01
-3.231318221804136215e+01
-3.338811370547928448e+01
-2.469645736837524197e+01
-3.367244489808178542e+01
-3.069237732752780801e+01
-3.032285567076480248e+01
-2.896114940857661324e+01
-2.786581501357007795e+01
-3.221336085402863603e+01
-2.823866100030134874e+01
-2.651798127128486726e+01
-2.662686409386482467e+01
-3.185087970136887137e+01
-3.004453940298364145e+01
-3.382635824856006934e+01
-2.445522089557092471e+01
-2.736965955273102935e+01
-2.784524726282940676e+01
-2.462251830425540078e+01
-2.572001957602214617e+01
-2.535568143150382525e+01
-3.451867702364014434e+01
-3.234021098824812412e+01
-2.562477558736823369e+01
-3.321276348037307002e+01
-3.327792082639666660e+01
-3.578081978198848390e+01
-2.521308031026607210e+01
-3.343468748408847091e+01
-2.254430511857281871e+01
-3.096176823648756837e+01
-2.756745283505274458e+01
-3.699080656245164533e+01
-3.439857768548567662e+01
-2.605124021839970183e+01
-3.029839282088574492e+01
-3.011957662967491345e+01
-3.497171818580117986e+01
-2.863768724111143982e+01
-3.368931301998766514e+01
-2.710072483323602199e+01
-2.981259436210055469e+01
-2.965536320205145771e+01
-3.024452807547098132e+01
-3.236870158257740826e+01
-2.716682480596649896e+01
-2.795161018832760291e+01
-3.186453156337445947e+01
-2.844182964334792274e+01
-2.316933195360268982e+01
-3.303598767793597801e+01
-2.902524497022307415e+01
-3.276654930632846430e+01
-3.538418086231345683e+01
-3.459993765521963383e+01
-3.426415845757238543e+01
-2.493711072282722441e+01
-3.049348954994494321e+01
-2.520400965158079032e+01
-3.554861822216871303e+01
-3.370645638593032345e+01
-2.738065085060325998e+01
-3.566245964418196479e+01
-3.166498313222648875e+01
-2.631936516660242020e+01
-3.105838762421544175e+01
-3.441453939769219517e+01
-3.492909624712067540e+01
-2.870007697353895182e+01
-2.402798809043465411e+01
-3.314175044022095307e+01
-2.646202460688069991e+01
-3.569404072118204141e+01
-2.664443037142488180e+01
-2.924195961589127890e+01
-2.948066213672009184e+01
-3.539632780565876402e+01
-2.993592316576161139e+01
-3.369344219410159269e+01
-2.929450592897811845e+01
-2.828780803726109383e+01
-2.679817140616503224e+01
-3.246031829294291526e+01
-3.184647169181814164e+01
-2.623946198028684051e+01
-3.483896241073685474e+01
-3.251650325149334719e+01
-3.180918615634071500e+01
-3.556666582694972334e+01
-2.974340727803569706e+01
-3.177089541219429947e+01
-2.962238073701666607e+01
-3.039466276716441939e+01
-3.260384606690091402e+01
-2.930232362391017986e+01
-3.046708426719532525e+01
-3.230933718602243943e+01
-3.300942332861620088e+01
-3.384473527264323423e+01
-2.771685223917770102e+01
-3.036280161064680883e+01
-2.875214692713358744e+01
-3.289296552604158563e+01
-3.505421015707067056e+01
-3.391997827031546109e+01
-2.892251928045410736e+01
-2.187006103982930227e+01
-3.163562832749351728e+01
-2.864593472948389419e+01
-2.454082873274027676e+01
-3.030417592069461818e+01
-2.259901336207085976e+01
-2.606520424952820036e+01
-3.501747514381327875e+01
-2.968940660866140036e+01
-3.034596125786987031e+01
-3.647263413316646563e+01
-3.560797275731120237e+01
-3.425311392741542704e+01
-3.447333553865480837e+01
-2.580531380735717306e+01
-3.445093377458649542e+01
-2.481027694155828556e+01
-2.569420695197439741e+01
-3.176306205780901237e+01
-2.981697757471320287e+01
-2.736426537659973235e+01
-2.559596620971084135e+01
-3.414285595391630324e+01
-3.063572171696005597e+01
-3.560560314147914340e+01
-2.635895042054065485e+01
-3.557660528999798544e+01
-2.797449906400428787e+01
-3.298175810592417889e+01
-3.330986777348514494e+01
-2.414865731453940967e+01
-2.687911490054014507e+01
-2.876498963811201648e+01
-2.959581067389602893e+01
-3.102754099763386364e+01
-2.993466843384283038e+01
-3.778189501209856616e+01
-3.568826545423677743e+01
-3.561874734370174167e+01
-2.685109803940665429e+01
-2.137841434444757738e+01
-3.269379995668829508e+01
-3.420915030395588019e+01
-3.496441715334302813e+01
-3.104377534819226980e+01
-3.378761000587578422e+01
-3.180394539166823265e+01
-3.054113713407854647e+01
-2.547632290269201860e+01
-2.785788568465642712e+01
-3.879109669734024379e+01
-2.988399327756880197e+01
-2.746036474259662441e+01
-3.199095734753799647e+01
-3.376728057400476501e+01
-2.823934492457279433e+01
-2.615603332271021486e+01
-3.150357975353724527e+01
-3.410267132551066283e+01
-3.431975769702119550e+01
-3.002108285940536092e+01
-3.064811668034990078e+01
-3.289406684086097243e+01
-2.542960402274058040e+01
-3.025628789974317456e+01
-3.431400277243649555e+01
-2.216424116829799473e+01
-2.306634542221399897e+01
-2.592432179158410577e+01
-2.365782282684531168e+01
-2.965575061037924343e+01
-2.832718894287567934e+01
-3.546060536975906530e+01
-2.826788876110266457e+01
-2.529216889423974379e+01
-3.333720978629685305e+01
-3.518614461887862888e+01
-2.532527714997392465e+01
-2.950438839659420864e+01
-2.774814872128756704e+01
-2.719104729656302055e+01
-3.645405034987227566e+01
-3.093618192156584357e+01
-3.242523207310498634e+01
-3.010688169573144890e+01
-3.513174173528327060e+01
-2.220937461560563264e+01
-3.456392186892922780e+01
-2.532475713619414392e+01
-2.721213888753049659e+01
-3.354788862963783913e+01
-3.305575532711000619e+01
-3.499807955957118111e+01
-2.865613320783739582e+01
-2.770278807125825793e+01
-3.751169417309433385e+01
-2.636365214946584246e+01
-3.070717403039372329e+01
-2.436947185794986481e+01
-3.123850125474019634e+01
-3.287327274744809813e+01
-2.379523685350071815e+01
-3.297711775423396574e+01
-3.581069573254164595e+01
-3.061517193498283973e+01
-2.154184044713832336e+01
-3.375487748866942184e+01
-2.739212486501275734e+01
-2.309898968216029402e+01
-2.537953041000907106e+01
-2.887020154851922271e+01
-2.712410723019867476e+01
-2.786645249292938331e+01
-3.460930874550939507e+01
-3.135319865764099134e+01
-2.822278422512048124e+01
-3.604752255427855090e+01
-3.525968776917504499e+01
-2.753386273006107388e+01
-2.312180776403701898e+01
-3.621654240429862881e+01
-2.927312274858907415e+01
-3.022662793358094291e+01
-2.677173143407081923e+01
-2.700710166393859879e+01
-2.805474736065671237e+01
-2.756301021377644389e+01
-2.629614116549913305e+01
-3.354126538758143283e+01
-3.561475786156294276e+01
-3.187277636914622292e+01
-3.344107632626565163e+01
-2.679894871782774857e+01
-3.469541564661390254e+01
-3.435998382420123676e+01
-2.632822998400045478e+01
-2.275938615287287448e+01
-3.265393748824399722e+01
-3.542070460773580720e+01
-2.867843446074241953e+01
-2.928499658636506808e+01
-2.665208629033886467e+01
-2.546314350258973747e+01
-3.369116304091080139e+01
-3.337773670692582328e+01
-2.976849361875354205e+01
-2.885156593774551936e+01
-2.490467518066921215e+01
-2.926343443231288788e+01
-2.832871011509302406e+01
-2.903900833848686247e+01
-2.622712036559157767e+01
-2.732730430961451873e+01
-3.443893509436184530e+01
-2.247340637026847432e+01
-2.993472311641770389e+01
-3.484232179451849731e+01
-2.854215832663032160e+01
-3.160021734865213361e+01
-3.199695674029750947e+01
-2.550447961046821632e+01
-2.215113963651442219e+01
-3.075727666881786249e+01
-2.329406537849517989e+01
-3.233879201789336832e+01
-3.485960773884553987e+01
-2.726122322449435842e+01
-3.391099861899930090e+01
-2.944359489964828924e+01
-2.834727475291928656e+01
-2.605119974738983402e+01
-2.960659196607952026e+01
-3.353836488135510052e+01
-3.028901053162745072e+01
-3.382499474925843685e+01
-2.791441496465095540e+01
-2.774000008988656063e+01
-2.956319561224197656e+01
-2.803672538874836917e+01
-3.475090967133971986e+01
-3.086554700686634334e+01
-2.883986687589090536e+01
-3.157983342875395394e+01
-2.461186834484799846e+01
-3.087247289027119379e+01
-3.531522858677252685e+01
-3.618110216153308301e+01
-2.427208052284750650e+01
-3.314947509475891252e+01
-3.384996210407960149e+01
-2.473280251365267901e+01
-2.787488578944270756e+01
-2.671187651008665753e+01
-2.977604865429919201e+01
-3.314356586777518743e+01
-3.089400265419101999e+01
-3.193170278633138892e+01
-3.538774204750217933e+01
-2.887120764824559060e+01
-3.230849956967388437e+01
-3.586305843896605694e+01
-2.755445892304987154e+01
-2.870257351325078687e+01
-3.366452918844905184e+01
-3.035574701500955186e+01
-3.425195952027288371e+01
-2.163402906866771502e+01
-3.169206662694560350e+01
-3.287426956388943466e+01
-2.606762881294607936e+01
-2.497149936517387658e+01
-2.779052425509046031e+01
-3.804838711871818901e+01
