-4.589155918045827320e+01
-3.443430535063034625e+01
-4.244665295865907950e+01
-2.518550712483458653e+01
-3.050376343559326031e+01
-2.881396985570668789e+01
-3.459577004471253048e+01
-4.189216069236726270e+01
-2.793095471876281977e+01
-4.370739556800253922e+01
-2.939741397701632408e+01
-3.229143757002480442e+01
-3.240808868878583127e+01
-3.360126173329291532e+01
-3.608681476596170512e+01
-3.217476337224849203e+01
-3.636880112664541542e+01
-4.047129779078033351e+01
-3.689829923539564760e+01
-4.134617419052320741e+01
-3.386670244772288640e+01
-2.876118856275882862e+01
-3.808986284458242721e+01
-3.867592197485884498e+01
-3.623628509479716797e+01
-3.203992139589387023e+01
-4.164503791182717407e+01
-2.811668806771168860e+01
-2.779007436931179953e+01
-2.326297437538958590e+01
-2.377607517314579511e+01
-4.588100843291199027e+01
-5.124065492853980430e+01
-5.610878129646057033e+01
-5.293255247768385630e+01
-5.525032766006641793e+01
-5.989432556269204611e+01
-5.656073717968998693e+01
-4.976298443132021276e+01
-5.286029740123481702e+01
-5.454951308415790123e+01
-4.225860119032159190e+01
-5.869147676275616021e+01
-4.757399162157390293e+01
-5.164065422135838901e+01
-5.945332287645177161e+01
-5.798449047945688761e+01
-5.748125212879610757e+01
-5.094473351523004112e+01
-4.657392712489125586e+01
-5.308014269996481715e+01
-5.236684012747631556e+01
-4.610997330043353770e+01
-4.993856319081827877e+01
-5.805634904620400505e+01
-5.754722296032574747e+01
-5.306257129291302732e+01
-5.769617433102190773e+01
-4.660964301551355504e+01
-4.975954999861008332e+01
-5.241392694873842828e+01
-5.006233504956301061e+01
-4.609578183172450139e+01
-5.132536268918764222e+01
-5.923368406054417079e+01
-4.642919088996401200e+01
-2.469573527978748828e+01
-3.155910841985358672e+01
-4.135403390317165417e+01
-3.035634697284227812e+01
-3.598262848221080645e+01
-3.577989582608847030e+01
-3.468953309855437794e+01
-3.451145955905388973e+01
-3.126481022344258065e+01
-3.220907989579012565e+01
-4.180154770096430639e+01
-3.869540807161560281e+01
-3.565160281250958718e+01
-3.223098203649333016e+01
-3.103313279574174643e+01
-3.137008480111493824e+01
-4.191985512226997912e+01
-3.133834800752600103e+01
-3.485951353029934552e+01
-4.058585816530215595e+01
-3.777914907262173472e+01
-2.525436261458841258e+01
-4.105886796478250034e+01
-2.966565532296975505e+01
-3.828770225301296648e+01
-3.024430084230902338e+01
-3.585576085906600952e+01
-3.591804543666656713e+01
-3.771071346328957219e+01
-3.069158846998417545e+01
-3.232528148354075626e+01
-3.872453329969851410e+01
-3.670572103208039039e+01
-2.899799455697014139e+01
-3.520161823610009577e+01
-3.892648842864991821e+01
-3.439067198568460526e+01
-3.456988556505760357e+01
-3.028912043759643424e+01
-3.820335890851676197e+01
-2.823651550746103212e+01
-3.895367257249960602e+01
-3.253879431550934243e+01
-2.986329479742040860e+01
-2.327034499766392983e+01
-2.259979834826755862e+01
-2.509284564399337114e+01
-2.550910785239672762e+01
-2.088537670010037672e+01
-2.559129633701849471e+01
-3.428406079912828375e+01
-3.088361106519603538e+01
-3.222161997551300061e+01
-2.573740797809984215e+01
-3.404613500705153228e+01
-3.885502357003630181e+01
-4.483841522985849792e+01
-3.752369626885975151e+01
-3.458193316321608535e+01
-3.804147061250559148e+01
-3.541055950654055096e+01
-3.239993033299877823e+01
-3.196611574274304246e+01
-3.381300553284145138e+01
-3.112247924540197275e+01
-3.075031292272501204e+01
-2.767253618278188654e+01
-3.286431367444033214e+01
-3.196162698647207989e+01
-3.143069199520146739e+01
-2.902952392349337885e+01
-2.624899479520277268e+01
-2.540217900727491696e+01
-2.658828029068425280e+01
-3.170007717437345107e+01
-2.492024971646573661e+01
-2.638524571910842198e+01
-2.664755582148120894e+01
-2.800733961610264089e+01
-2.071760713102653284e+01
-2.373751825977779362e+01
-2.402730323510786903e+01
-2.441259671223141225e+01
-3.103412555314645260e+01
-2.099739088631306316e+01
-2.246273407754231499e+01
-2.557528410676108521e+01
-3.573176087479189533e+01
-3.188987728010103595e+01
-3.616434373706078986e+01
-2.601134003297179831e+01
-2.027238655608461926e+01
-2.771623090078648843e+01
-2.590753465244934972e+01
-3.108687990888181929e+01
-2.001848948256531813e+01
-2.646110442111808325e+01
-3.133856747375299179e+01
-3.191494672686786771e+01
-3.217549861773208164e+01
-3.146636502704103577e+01
-4.244890492348793032e+01
-3.787171885813800998e+01
-3.151457779742428755e+01
-3.799746849552314387e+01
-3.174760537849575925e+01
-4.469266201081017442e+01
-4.497694060672807126e+01
-3.557198062052715670e+01
-2.749652554674851501e+01
-3.554143445593523154e+01
-2.526632867299190366e+01
-3.129668389322247535e+01
-2.704413857774488505e+01
-2.704756865593814652e+01
-3.468753989338070198e+01
-2.684145197187586618e+01
-3.114514870538010882e+01
-3.529569077242762631e+01
-3.024028190915483094e+01
-3.123716072012136280e+01
-3.690917554439575099e+01
-3.893815948125300963e+01
-3.636320590143583331e+01
-2.787263470212157301e+01
-2.749969265841794552e+01
-2.150382092982205506e+01
-2.335737329485732872e+01
-1.730666669452226358e+01
-1.943632258155691872e+01
-2.555128029519252664e+01
-2.698970541540607471e+01
-2.297306391600652375e+01
-1.040064534355065007e+01
-9.217714806932585603e+00
-8.329338471804636157e+00
-1.143204440011131595e+01
-1.972779023216645555e+01
-2.582123313288623478e+01
-2.815659078478546817e+01
-2.197133497922857259e+01
-2.420529984579034277e+01
-2.328177704074750309e+01
-2.616479902862857188e+01
-2.279298976383790887e+01
-2.287278504446601701e+01
-2.271197117970819690e+01
-2.323259253331936947e+01
-2.668147288654821381e+01
-2.256376780708643892e+01
-2.301078697293284492e+01
-2.424332941458415647e+01
-2.363218185507954416e+01
-2.166290934934246692e+01
-1.934491228603687674e+01
-2.100885585764094898e+01
-2.196234196404915195e+01
-1.828051988534987515e+01
-1.874786287294020681e+01
-1.037750355213681885e+01
-1.988743309387552927e+01
-1.947402483612787805e+01
-1.721901964061896351e+01
-1.742045270578696403e+01
-1.569210398060403300e+01
-2.059803427166245982e+01
-2.621738394479834611e+01
-1.781061947573483195e+01
-3.826901067352409314e+00
-9.466290126204320643e+00
-1.866109979387314866e+01
-1.755282638617471491e+01
-2.204348687653441985e+01
-1.515704308034878700e+01
-1.928403302638285410e+01
-7.485763850870002400e+00
-2.326093189431484731e+01
-1.832429373712682263e+01
-1.811256452277497075e+01
-2.222637593487060670e+01
-2.042024236779390378e+01
-1.891092361487231344e+01
-4.187096268492054740e+00
-1.451415317533175475e+01
-1.749366792761402678e+01
-3.141093264488358017e+00
-2.367345933308342509e+01
-2.043441872412336124e+01
-3.332622756781976392e+01
-1.982748153382212664e+01
-1.206324336288870569e+01
-5.696107422372723939e+00
-3.006795001182454996e+01
-3.510251057176667189e+01
-1.111624375004348053e+01
-1.719737393024771421e+01
-2.452083510813881873e+01
-2.755764257825008201e+01
-9.088785319584877342e+00
-2.931579188070499953e+01
-1.235503743206331073e+01
-2.202650512326210119e+01
-6.405768640020586879e+00
-1.024480137277274494e+01
-1.383222721285550882e+01
-1.158803581646009562e+01
-1.998242035332145949e+00
-2.295349513304464040e+01
-2.005064173322466914e+01
-2.176258170275395187e+01
-2.209063687493686245e+01
-2.081472531663300884e+01
-1.880873546167731192e+01
-1.990709148399940176e+01
-1.769710242298574343e+01
-3.558444780067610669e+00
-1.854862947461970180e+01
-1.891289543911649318e+01
-2.660831023140735496e+00
-1.824436349352732378e+01
-1.847410117715336142e+01
-1.867714102117111352e+01
-2.069639418963668831e+01
-9.198127900193513895e+00
-2.263872577187973079e+01
-9.210395583601901137e+00
-3.104071550905193266e+00
-1.702743600485080933e+01
-2.218345158468095590e+01
-3.142405428694830860e+00
-1.172226036501193924e+01
-5.354439559570722373e+00
-2.134966761642781208e+00
-3.212412391310681681e+00
-1.950587984547440712e+01
-3.837763144992694997e+00
-3.328019798142924479e+00
-1.565425233928526971e+01
-1.110581309369973901e+01
-5.197890518437309204e+00
-1.936378530768410755e+01
-6.987883337517913240e+00
-2.918209823669711156e+00
-2.078619850964912530e+00
-1.933566641803405162e+01
-2.683085886708756362e+00
-3.079421130802551421e+00
-1.226096961650311101e+01
-1.021707309846274114e+01
-2.584261657407573409e+00
-8.547246575340984975e+00
-1.285265573135627726e+01
-2.651616140172664338e+00
-2.974614711312380422e+00
-9.186422035756002913e+00
-5.420363359452990082e+00
-2.982250770749731661e+00
-3.663271972769447604e+00
-3.858287721165321038e+00
-2.102572370887653364e+00
-2.614515147974784792e+00
-2.927389070169973628e+00
-1.995387006376490291e+01
-6.664840474892224087e+00
-3.014190618053155912e+00
-1.295241107975993167e+01
-3.512609697122921926e+00
-1.484833380272454839e+01
-2.778334304625096784e+00
-9.062414086864231777e+00
-2.557426947940934170e+00
-2.073513600137960822e+00
-3.659923345469114242e+00
-2.341981457791721954e+00
-4.418599960642100477e+00
-2.626972881208025523e+00
-3.319965449889829223e+00
-1.820151564937198874e+00
-5.577808899469163251e+00
-1.111902137629023679e+00
-2.286599128581857876e+00
-3.190788232056699592e+00
-1.940177764247098757e+00
-2.023917611147628914e+00
-3.134876085433918380e+00
-3.055679800601450946e+00
-6.586137072981415486e+00
-2.111136072161994282e+00
-2.905194243792242226e+00
-2.838869321320024230e+00
-5.087277756763835868e+00
-1.561999398076580059e+00
-2.056811930753484674e+00
-2.732707490622875213e+00
-3.153193773754333407e+00
-3.646871374827170165e+00
-2.393639699401775012e+00
-2.940665871010705867e+00
-2.352478636449574001e+00
-1.714726177731230816e+00
-5.465576257996145770e+00
-3.341076206592068498e+00
-5.836307182964105778e+00
-1.880874683923236423e+00
-1.600154181811534571e+00
-2.514240084983234258e+00
-3.800733838019164867e+00
-2.376123725100722339e+00
-3.318103678400210033e+00
-1.944925428306939708e+00
-1.607504008935268569e+00
-1.928216425929491828e+00
-3.655036310455216153e+00
-3.341287223218365909e+00
-9.295667918271802721e-01
-2.299134434444829900e+00
-4.224053384054785809e+00
-2.001369148559001054e+00
-4.098743845821649856e+00
-1.445717790659118096e+00
-3.730615296429999006e+00
-1.886954702100021031e+00
-1.305038228774257680e+00
-2.075467090104907264e+00
-3.382608058504361637e+00
-3.501813806738100165e+00
-3.291580404992161757e+00
-2.596449511052253190e+00
-3.258448175596766916e+00
-2.735568906562436009e+00
-1.833212656013480046e+00
-1.891017319688572229e+00
-2.224532135375631103e+00
-1.898647603115807270e+00
-2.746403570955273210e+00
-2.364766657626935942e+00
-2.046565274420145464e+00
-2.469229413016862829e+00
-2.000673126659416656e+00
-3.618233919399485465e+00
-1.034031955552146442e+00
-2.089849425725096577e+00
-1.963873423635867921e+00
-8.884980258428957001e+00
-1.881095034163396740e+00
-1.547506281920604465e+00
-3.188292524577541975e+00
-2.085204181823622438e+00
-1.529824188103427129e+00
-1.626630999875773975e+00
-1.400979089652654608e+00
-1.498012516172110731e+00
-2.544105438537867414e+00
-1.573810831847943348e+00
-2.129024358158561725e+00
-1.976971271869546687e+00
-2.093036624472090157e+00
-2.213413418135715904e+00
-1.298440655936267563e+00
-1.509278801824647465e+00
-1.381678291041167572e+00
-1.780748486425756560e+00
-1.756330531428332176e+00
-2.064773406693735769e+00
-1.860717125692079366e+00
-1.732656286224168118e+00
-1.625226567286216950e+00
-2.093188630896194891e+00
-1.826029987476282646e+00
-2.138962691591971055e+00
-1.509313646044460500e+00
-1.612510660557007869e+00
-3.088328924769887518e+00
-3.022807845935096438e+00
-2.554388051948508487e+00
-2.087995218416110355e+00
-1.232481822480775513e+01
-2.002481395481263249e+00
-1.009299580011476793e+00
-1.750608634793417995e+00
-1.607133363924492997e+01
-2.701662905534580883e+00
-2.372636216332762782e+00
-8.346179343749234869e-01
-4.147793346889884880e+00
-1.780468556327137630e+00
-2.704049034258233952e+00
-2.411464255112392152e+00
-1.975381874342734889e+01
-2.162964391396365649e+00
-1.823699200855982250e+00
-2.338658060694894125e+00
-1.569198091011907792e+01
-1.401309975314210865e+00
-1.287571480531797086e+01
-2.570944695280414916e+00
-3.754904653501469625e+00
-2.558132091576106770e+00
-2.052079403759023091e+00
-1.918250733775898498e+00
-1.829145522159308257e+01
-1.516291957242831501e+01
-3.398027174540099171e+00
-1.116818262840842069e+00
-1.441921250265308707e+00
-1.815753774969295131e+00
-1.317931236201691902e+01
-1.477882353091766632e+01
-1.774328282071000729e+01
-1.409602445861644293e+00
-1.953459366062506586e+00
-3.220403409054007682e+00
-2.577853556074406693e+00
-1.550652106399671215e+00
-2.260683925197790156e+00
-4.395537225661473535e+00
-4.077187656357801337e+00
-2.198896523052440877e+00
-3.555331971149517045e+00
-1.853384240161340069e+00
-2.221326729125722377e+00
-1.043224481670658399e+01
-1.542266905980896885e+00
-1.050019993312954725e+01
-1.015109968378465943e+01
-3.041435430736184831e+00
-2.994790121207465461e+00
-3.076356947758671190e+00
-2.148052776091561089e+00
-4.972834773195370595e+00
-2.473808345428729627e+00
-2.498403292946874465e+00
-1.478714452032712234e+00
-1.423819538179143329e+01
-1.166729667812518523e+00
-1.001435949616247001e+01
-1.792082664382644452e+01
-3.580831365379553599e+00
-7.031793900540228570e+00
-5.325195463943238394e+00
-1.698393943101977044e+01
-2.007955953874210220e+00
-1.993347163584892723e+00
-2.237612516622532688e+00
-3.110498814853294380e+00
-2.224827893400339818e+00
-2.029387414434748127e+00
-1.603707459931321244e+00
-1.765607147543658328e+00
-2.314472757439238304e+00
-1.280837921017371706e+01
-2.021680494440224685e+00
-1.049579665196552325e+00
-1.628260564407421640e+01
-1.609084648142641738e+00
-4.535805074597119457e+00
-9.287800782975022429e+00
-1.247588695349260535e+00
-1.634316864054525098e+01
-3.601858596022320391e+00
-1.318915012190512437e+00
-1.207104567308435072e+01
-1.660030101560852733e+00
-2.319521982010091410e+00
-1.747939679214506992e+00
-1.082699390495581149e+01
-3.948605653629397416e+00
-1.991751523341466878e+00
-1.978134575745347679e+00
-2.284694702071171868e+00
-2.494675685128993514e+00
-2.908287534574443445e+00
-3.311617248038023043e+00
-2.289126193089801475e+00
-3.468384248379071444e+00
-2.759176416334640169e+00
-8.648724468892019956e+00
-1.741362627965479470e+00
-3.508298354498132543e+00
-2.347794921166796112e+00
-4.213961312042294516e+00
-3.010813670007919551e+00
-3.788180865915731665e+00
-2.347518908914961067e+00
-2.201525317882111921e+00
-3.135054597138193788e+00
-1.466331785663333553e+00
-2.801575937005145622e+00
-1.839544667441003201e+00
-3.904051831805388506e+00
-9.991597319693937829e-01
-4.718802948385788731e+00
-1.410544207955253482e+00
-2.688426531761464844e+00
-2.540735077447373147e+00
-3.077031130176746565e+00
-2.925937089149615034e+00
-3.675929338604392527e+00
-3.556049276438642437e+00
-2.950808731282564601e+00
-2.617023743726554663e+00
-2.325845238415630067e+00
-1.562239030240288429e+00
-2.964567525097814737e+00
-2.481787786571762133e+00
-1.810398456220584373e+00
-2.045182202898886636e+00
-1.967582738914742002e+00
-3.686121637897306513e+00
-3.548323988867621459e+00
-2.279173189436882740e+00
-4.243637032088587446e+00
-2.334766488711633503e+00
-3.566256558961296008e+00
-1.854165250782375596e+00
-1.602547339540876470e+00
-2.928309570455662758e+00
-3.184183453385816431e+00
-3.354011146582146274e+00
-2.122995261045245829e+00
-2.023426317942782937e+00
-2.618719310368987863e+00
-2.537422374898617328e+00
-3.065447117015319023e+00
-2.273896014112691599e+00
-2.075693014586828866e+00
-1.534302128194673820e+00
-1.750403571131620817e+00
-1.855799108387883312e+00
-2.111646521310805102e+00
-6.494927272526164863e+00
-2.242500479604475405e+00
-1.809523028267609801e+00
-1.986379434063030969e+00
-1.990201888685149356e+00
-2.218285514867792685e+00
-2.655294656752223315e+00
-3.155410593630316729e+00
-2.084499787815207839e+00
-3.397096898180175018e+00
-2.065632326815580289e+00
-3.864193180853883192e+00
-1.665983513429615259e+00
-1.429279498771969026e+00
-1.851548363338768821e+00
-1.987161009339963424e+00
-1.485604088849426185e+00
-1.781838931763999767e+00
-1.594422117114782766e+00
-1.401776998853108802e+00
-1.506111406020364640e+00
-1.825390440155860938e+00
-1.421938302872392645e+00
-1.246309100262161573e+00
-1.918094164489766884e+00
-5.638163459979526060e+00
-1.719362271902790562e+00
-1.554864918404131435e+00
-1.894374139679243507e+00
-1.949746712812930882e+00
-1.809286155643023308e+00
-1.637204451861604904e+00
-2.040668523011210489e+00
-1.669658584203493223e+00
-1.769444090476989473e+00
-2.345380305701349144e+00
-1.596033491600989285e+00
-2.099094607970743986e+00
-2.085410281755470052e+00
-1.685143963183392435e+00
-2.316907944364817507e+00
-1.861257523539143088e+00
-2.155546005807362775e+00
-1.848921100426521358e+00
-2.265463820334719713e+00
-1.832963113653333975e+00
-2.374809276474572073e+00
-1.576974747420760048e+00
-1.612199760953556993e+00
-3.025028161378523706e+00
-1.743553921031672171e+00
-2.327238068573002305e+00
-2.836943460927945360e+00
-1.874605265600751025e+00
-1.684705425911290577e+00
-2.412015871239060694e+00
-1.837738942452942892e+00
-2.145983676746997304e+00
-1.845847127246794006e+00
-2.529098307460465378e+00
-1.752276441839776489e+00
-1.994795547296085880e+00
-1.851372726915233580e+00
-2.053330369494638319e+00
-1.819703757660821264e+00
-2.760742558098640220e+00
-2.264121233680171486e+00
-1.710045489852844325e+00
-2.208395494255988023e+00
-1.863888045682130512e+00
-2.006605752766204898e+00
-9.310894957309020503e-01
-1.971986783880338656e+00
-2.683837204956792455e+00
-2.666864077845528591e+00
-8.259057756656714711e-01
-1.799635402551509333e+00
-1.285550470435312453e+00
-1.598147653910986232e+00
-3.301104199416826646e+00
-2.029211371462831259e+00
-1.709678629356132795e+00
-2.250027198342555934e+00
-2.376753086437918494e+00
-2.306480520478743745e+00
-1.015423941763574422e+00
-2.063154709619804628e+00
-1.936269353075239508e+00
-2.276626066316830066e+00
-1.380680488077447476e+00
-2.092074369250307431e+00
-1.587413310865600335e+00
-1.902583724058958481e+00
-2.350951957793635305e+00
-1.649350941938126702e+00
-1.623039654752429284e+00
-2.069797223892895222e+00
-2.370970198972168319e+00
-1.642415553357099212e+00
-2.057168827390967181e+00
-1.712559158294197914e+00
-1.636432612648347940e+00
-2.570356820125837327e+00
-2.217456548162257679e+00
-2.041015898773945292e+00
-4.321304829148425064e+00
-1.827783945773949092e+00
-1.943226827574860982e+00
-2.613370062974649244e+00
-2.348677166093783519e+00
-1.100499776968250965e+00
-1.010043643449832107e+00
-1.889988530340930062e+00
-2.272635728224005724e+00
-2.011947533922739506e+00
-1.302567273798013181e+00
-1.525338406034156602e+00
-2.804913240260466178e+00
-2.238537288360803679e+00
-2.362708319356227715e+00
-1.756545694919832368e+00
-1.597721526678146819e+00
-1.935642741320886984e+00
-2.223366198622086287e+00
-1.242476188376325119e+00
-2.630701139945362144e+00
-2.661268030295977471e+00
-1.431742466875232767e+00
-2.834886801180062754e+00
-2.829535475112276099e+00
-1.814235556854908671e+00
-1.819995930294498576e+00
-2.105282521194138834e+00
-1.958335681104218295e+00
-1.744519564435536907e+00
-1.822315578309780193e+00
-2.130177385171033499e+00
-1.645179551842708587e+00
-1.725126702429606640e+00
-2.013955836049905024e+00
-2.118679020226671206e+00
-2.050037136937596038e+00
-2.091413842177194837e+00
-1.443307422348562241e+00
-2.025023569004871682e+00
-1.902397858388280572e+00
-1.981098980262057774e+00
-2.045761686682753488e+00
-1.337253318146641945e+00
-2.090128755142450778e+00
-1.152535080699121472e+00
-2.187398853346171901e+00
-1.886266014779110822e+00
-1.757367414604868783e+00
-1.407733630097857125e+00
-1.845719564893067322e+00
-1.905282337705148432e+00
-1.485337154869083021e+00
-1.204782253916953705e+00
-1.845981117286447537e+00
-1.689233267203613442e+00
-1.530543051273405064e+00
-1.926959016500180422e+00
-1.915939478608874369e+00
-2.025986873477141792e+00
-2.350166195915204703e+00
-2.734369545431604820e+00
-1.725664467694026261e+00
-2.580989018249097544e+00
-1.814374606217867392e+00
-2.377240385204020257e+00
-2.200948510273494918e+00
-2.123579653654499300e+00
-2.071674547427511559e+00
-1.609431520629335033e+00
-1.952306451103852369e+00
-1.097408557483755098e+00
-1.821363690579027805e+00
-1.147668814605296017e+00
-1.751945499915148030e+00
-1.629932726477902216e+00
-1.466133035349126201e+00
-1.465978616214260288e+00
-1.645058293393189208e+00
-1.483482781912626169e+00
-1.850976133353644526e+00
-1.726035063135635816e+00
-2.361261965162834819e+00
-1.836544881367677906e+00
-1.323997402192696127e+00
-1.565496549606172350e+00
-1.762530834560642301e+00
-1.433276430217699904e+00
-2.433184653513671414e+00
-1.290501552941978769e+00
-1.843260089164618254e+00
-1.707351642628695876e+00
-2.797727917066763936e+00
-1.950332220225412749e+00
-1.931027230935681516e+00
-1.393761249619726694e+00
-1.614514521574449635e+00
-1.456739469132781295e+00
-1.690852059044685163e+00
-1.622758582941496552e+00
-1.497899646650602268e+00
-1.244095672245540296e+00
-1.721217549475454911e+00
-1.724371978494464885e+00
-1.429462292196464590e+00
-1.811683402479963734e+00
-1.808550500923289173e+00
-2.464712750144990139e+00
-1.986706472432843151e+00
-1.077745307892398863e+00
-2.879282539786053086e+00
-2.211093591860097796e+00
-2.053737068151604284e+00
-1.863693437330992131e+00
-1.485741906242911359e+00
-2.247347960745433415e+00
-1.691120187577212608e+00
-1.536803954020506069e+00
-2.093006858118451774e+00
-1.672869838169554813e+00
-1.652853990114677041e+00
-2.060024962247871905e+00
-1.369331961903786254e+00
-2.388682694260984007e+00
-2.916394611656406344e+00
-1.540824842129331795e+00
-1.959579363863813706e+00
-1.407259132724488548e+00
-2.021519292618316310e+00
-1.330499843722497078e+00
-1.865540192774767903e+00
-1.337287647169732585e+00
-2.400248323045304222e+00
-1.210873806719362511e+00
-1.148839818201303098e+00
-1.619497886734309278e+00
-1.445340536487223826e+00
-1.604253071545892917e+00
-2.027500093921308810e+00
-1.353109283933194629e+00
-2.324902049535830795e+00
-2.118551330979404845e+00
-1.776549098660226145e+00
-1.502207423198210101e+00
-1.319933400379809996e+00
-1.582414630822369439e+00
-1.504328220257831639e+00
-1.684763158072719813e+00
-2.412643665744257593e+00
-1.353337456897914626e+00
-1.441404573300009817e+00
-1.373990782063644334e+00
-1.970746914687152351e+00
-2.204048571850711902e+00
-1.465189819759881384e+00
-1.379582685284785892e+00
-1.779986136339662739e+00
-2.029936909132955769e+00
-1.434665834250373972e+00
-1.311942314084267869e+00
-1.783310350493110485e+00
-1.152874514670622963e+00
-1.531612349347613478e+00
-1.868007064302525277e+00
-1.702502563852293260e+00
-1.876992668118426799e+00
-2.510618746761092979e+00
-1.990133814539134516e+00
-1.956452299550877516e+00
-1.766774968982403715e+00
-1.851496756910748998e+00
-2.395603237980021838e+00
-2.052818284170118357e+00
-2.066352682237222016e+00
-1.517726126387162422e+00
-2.305597366616821020e+00
-2.039872137013840625e+00
-1.458424652015270606e+00
-2.557738137081083440e+00
-2.396751419705443809e+00
-2.021062004248765032e+00
-1.798549633380660095e+00
-1.563473408926391750e+00
-1.864918097938493169e+00
-1.624094249192395312e+00
-2.732658870947566765e+00
-1.387915939363967288e+00
-1.681025896725573343e+00
-1.444469726294278278e+00
-8.701487958400973000e+00
-1.677741232131587434e+00
-1.841429778101933090e+00
-1.331730471808906247e+00
-1.638523322595804688e+00
-1.918123220305359311e+00
-8.606505681430292043e-01
-1.618574086029789916e+00
-1.532286301739914647e+00
-2.567807167985405759e+00
-2.419475075457635960e+00
-2.644033579298887382e+00
-2.091359151416422257e+00
-1.836435417359613798e+00
-1.376908457041524647e+00
-1.469765402934118503e+00
-1.821488418646387109e+00
-1.870697309322985058e+00
-2.042881036574796472e+00
-1.637230112394478132e+00
-3.117187952314126598e+00
-1.278244142875376355e+00
-2.854737450298651780e+00
-1.791343902660229581e+00
-1.762940859532617477e+00
-1.495968639530830702e+00
-1.814945235379598509e+00
-3.041882518129528812e+00
-1.589120952188876945e+00
-1.712043835367195621e+00
-2.957051269760647472e+00
-1.992984337470851797e+00
-1.803096337359374912e+00
-1.612477466056191133e+00
-1.561843004066341578e+00
-1.096265042710337756e+00
-1.767264273446191414e+00
-1.916002169340565775e+00
-1.257085622348561804e+00
-2.010681242267145397e+00
-1.555905614446927876e+00
-1.808605761271186996e+00
-1.588488358367577957e+00
-3.651534039242770202e+00
-2.377632045631713709e+00
-1.628269318252654640e+00
-1.666240526470814221e+00
-1.790961088105435639e+00
-3.583122177005179321e+00
-1.402750591754212461e+00
-2.811997539433934712e+00
-2.251220282427623509e+00
-1.522774924245723582e+00
-1.067510251163532820e+00
-1.845417877524880179e+00
-3.222816563310207716e+00
-1.939120067898255195e+00
-1.480411483702079201e+00
-2.429531745648236818e+00
-2.120522698394009975e+00
-1.682149975314992441e+00
-1.346455788250857211e+00
-2.158280628622865294e+00
-1.633369694920790094e+00
-1.679650195780978184e+00
-1.511500881630043480e+00
-2.397672930890765386e+00
-1.427000100471890631e+00
-1.433047703644402704e+00
-1.494007294565905086e+00
-1.942115103835438950e+00
-1.673798578037230644e+00
-1.557362234248709232e+00
-2.174090773949652888e+00
-1.148436742326501614e+00
-1.432499030561136255e+00
-1.559766849739644634e+00
-1.717677696965222767e+00
-1.484361742003393214e+00
-1.487204992293549077e+00
-1.881088921620802878e+00
-1.299216320908954447e+00
-1.586738476794642860e+00
-2.071250269571639269e+00
-1.434096400165424168e+00
-1.678633975160152003e+00
-2.990281593375284874e+00
-1.493423336199242835e+00
-1.682974481977003389e+00
-1.373263079692284450e+00
-1.798533390515304031e+00
-1.756881538289497557e+00
-1.678275895341102109e+00
-1.328387442769304316e+00
-3.024254362011036257e+00
-1.112686678610916191e+00
-1.433761114316433494e+00
-1.609063045960317906e+00
-1.833171143715564222e+00
-2.162880896313367884e+00
-1.835246509091394529e+00
-1.553171961596686135e+00
-1.578198300714767965e+00
-2.358707978168299579e+00
-1.491030105983455201e+00
-2.379198455278088709e+00
-1.336904448352370878e+00
-1.656867430391639306e+00
-1.199755563953810666e+00
-1.496486809772940019e+00
-2.106831233753559296e+00
-1.497020857934517224e+00
-1.376144758735654561e+00
-1.293564869260018568e+00
-2.482096892738538063e+00
-1.380325466607303486e+00
-1.065750054891844600e+00
-1.513497264889325900e+00
-1.806619739448751760e+00
-1.785940267748690857e+00
-1.908506893951771088e+00
-1.250262502186117786e+00
-1.951408116845323004e+00
-1.440488071392202363e+00
-1.583554017495024002e+00
-1.571113804447385132e+00
-1.720480946879092032e+00
-1.901966755018590582e+00
-1.142979648314516261e+00
-1.497670837897965734e+00
-1.895702870062799805e+00
-1.943647112558763101e+00
-2.303534999978145148e+00
-1.164467064450132039e+00
-2.067884711327905745e+00
-1.416078016246001825e+00
-1.355099274934858489e+00
-1.985316126193234387e+00
-1.575623405696471302e+00
-1.848207248105290690e+00
-1.784574416692660259e+00
-1.713087346563334057e+00
-1.472036586870215213e+00
-1.164757977009626799e+00
-1.018450769176428405e+00
-2.047887835892125086e+00
-1.591647656392863652e+00
-1.251751412152966259e+00
-9.289519398793282257e-01
-1.311835946468373093e+00
-1.218284291781618789e+00
-1.535225484214957747e+00
-2.128314486053024979e+00
-1.441372276494051974e+00
-1.110109287350748986e+00
-1.853103197009058567e+00
-2.337040601438252541e+00
-2.139496555847844927e+00
-1.472528350126569130e+00
-1.753991504031021886e+00
-1.023529707551389167e+00
-7.789037597426572423e-01
-1.415678769864628483e+00
-1.216074705161779512e+00
-1.445823284490138416e+00
-1.720545705306264050e+00
-1.557645437867088756e+00
-1.216064197007856285e+00
-1.532178458093506501e+00
-1.630126645067862423e+00
-1.725566216373029427e+00
-2.094051918013116964e+00
-1.779947659144827998e+00
-2.077531877350503375e+00
-1.726536841652508203e+00
-1.352922095851528894e+00
-1.429042643329279993e+00
-1.247636513335153241e+00
-1.228950860920357657e+00
-2.316934676763184431e+00
-2.281978645928570693e+00
-1.202343765970524281e+00
-8.504579680844382983e-01
-1.554965898185769468e+00
-1.178663904839646115e+00
-1.858792058833243610e+00
-2.026325814681033233e+00
-2.154013275471746258e+00
-1.391085732581821111e+00
-1.736001357221815145e+00
-2.338685074890840099e+00
-2.158886478831129718e+00
-1.720297234134282149e+00
-1.610184065620639871e+00
-1.725042458198266182e+00
-1.561658872737023973e+00
-1.232046987053947884e+00
-1.825421136664608701e+00
-1.700783936984276545e+00
-1.726809248661074214e+00
-1.341857946140369906e+00
-1.352912928194489162e+00
-1.866471786230374352e+00
-1.287934335681657494e+00
-1.431556053358656211e+00
-1.573788844134871079e+00
-1.738467561642214942e+00
-1.614602276067129472e+00
-1.626465361076019356e+00
-1.424781202566024918e+00
-2.169029343321404291e+00
-2.019021255953619143e+00
-1.846924972688955835e+00
-1.484664932115191682e+00
-1.279386631949937181e+00
-1.688988492574269751e+00
-1.485521799606501769e+00
-1.588385600516154961e+00
-1.929634687868262866e+00
-2.024002983553673030e+00
-1.812238261900059211e+00
-1.873986627354641277e+00
-1.688764040824742851e+00
-1.643405112426265857e+00
-3.107235190172722650e+00
-1.447969366344520559e+00
-1.746839935540249300e+00
-1.415201895650430419e+00
-1.442471514967174517e+00
-1.894413891991330923e+00
-1.354972766497026138e+00
-1.854754100572393538e+00
-2.252064997846121575e+00
-1.847779384925727353e+00
-1.572577813293511095e+00
-1.853335244155294381e+00
-2.023129477110523045e+00
-2.755286916934925667e+00
-2.399194577966896613e+00
-1.646299965771989005e+00
-1.537833920292153156e+00
-2.013696248800944666e+00
-1.398807495720365335e+00
-1.644698913595374457e+00
-2.775412316492211762e+00
-1.542183580419186129e+00
-1.732692823216692934e+00
-1.729813174018836275e+00
-1.271784053214682020e+00
-1.513266857947314081e+00
-1.748112734973647608e+00
-1.685104728762623072e+00
-1.458260283962702131e+00
-2.014310642651585326e+00
-1.931377713430036280e+00
-1.524360833055868669e+00
-1.968736832830166206e+00
-1.789517226856071286e+00
-1.762411259192915747e+00
-1.915530837154572730e+00
-1.508442908452962028e+00
-1.411757088630889001e+00
-1.759346167344335798e+00
-1.643635914382678420e+00
-1.833154980395394595e+00
-1.798505508324836244e+00
-1.669951503743925425e+00
-2.081524009210968806e+00
-1.796441341503831390e+00
-1.646120132231585043e+00
-1.477907067721704992e+00
-1.641539211208118410e+00
-2.092088139014361303e+00
-1.679981231696844546e+00
-1.564385032009739218e+00
-1.488999841091698695e+00
-1.244094455233653029e+00
-1.724714329851161354e+00
-1.946812327369828788e+00
-1.766520076501677750e+00
-1.412136511276636863e+00
-1.842102063308900251e+00
-1.779291750667782779e+00
-2.087223482088167881e+00
-1.730973813031757125e+00
-1.679285912563740046e+00
-1.456633125570914178e+00
-1.560819135170153027e+00
-2.304266122270559602e+00
-1.541966995139453234e+00
-2.675791915107674779e+00
-1.591302806921462087e+00
-2.332915744839355376e+00
-1.552160433959243857e+00
-1.618532846821555182e+00
-1.607577218388685614e+00
-2.154929081117114009e+00
-1.519728608358160704e+00
-1.212016849180275857e+00
-1.782063471571792013e+00
-1.321979724078268692e+00
-1.775196849652606046e+00
-1.276021363093662764e+00
-1.290650521039912624e+00
-1.518592940319835272e+00
-1.964781268922008550e+00
-1.634932272855756041e+00
-1.317641869486479989e+00
-1.720067780362902310e+00
-1.146218636312410277e+00
-1.106754989423497149e+00
-1.389258106230575107e+00
-1.631245130495674101e+00
-2.096569174593072127e+00
-1.640604515432082744e+00
-2.121670832121142158e+00
-1.614755573134390332e+00
-1.965875282984198336e+00
-2.170907234751326520e+00
-3.492117683180948173e+00
-1.865004638306611007e+00
-1.584816921047059068e+00
-1.400063135004097514e+00
-1.366867233459233333e+00
-1.883147556609717999e+00
-1.344420621502820490e+00
-1.674608940322396045e+00
-1.816833804524555784e+00
-1.761345416463746316e+00
-1.062492961245684375e+00
-1.356834843653396128e+00
-1.268356252341314327e+00
-1.769414801290795092e+00
-2.016314785706688983e+00
-1.614343129971369306e+00
-2.789166007362534394e+00
-1.653352333745226055e+00
-2.064993624101771452e+00
-1.661908448871658894e+00
-1.850163617397844851e+00
-1.618153073360282912e+00
-1.402127468388105092e+00
-1.449931125112191355e+00
-1.891396410713885645e+00
-1.657305505045033822e+00
-1.888122375666240860e+00
-1.340489779373916113e+00
-1.511025322428847684e+00
-1.291196963438624445e+00
-1.150499705566735864e+00
-1.872824576286338916e+00
-2.446381969333755624e+00
-1.285617769685227119e+00
-1.292673057384838842e+00
-1.406931368866949805e+00
-1.537393099488236103e+00
-1.848885567790837126e+00
-1.413440883827334460e+00
-1.700780245276931613e+00
-1.864587517287783713e+00
-2.359007491080863161e+00
-1.513366856481482392e+00
-1.498737628312278414e+00
-1.407980738132738940e+00
-1.659003963115348812e+00
-1.444288525732301043e+00
-1.442764797855573544e+00
-1.307055641251331224e+00
-1.346562815333539831e+00
-1.406328121441966950e+00
-1.171181255655679765e+00
-1.540114327159475494e+00
-1.552179239146655565e+00
-1.901251172687693503e+00
-1.691116953006604140e+00
-1.259828434667203068e+00
-1.472697602978726650e+00
-1.873190138780516989e+00
-1.675954751695554412e+00
-2.312583741693967632e+00
-1.693672793642939656e+00
-1.969473137739174984e+00
-1.315369142184476425e+00
-1.308438782091670971e+00
-1.341444555895701995e+00
-1.578642472936181651e+00
-1.483475785172491790e+00
-1.559834312817669488e+00
-1.471725031507940873e+00
-1.818729524508337692e+00
-1.283107165511582881e+00
-1.474460866922231217e+00
-2.309654211083033815e+00
-2.003424478682979348e+00
-1.216466963036872073e+00
-1.157273185376413771e+00
-1.982128772610691980e+00
-2.701651916474967940e+00
-1.210328620148831247e+00
-1.163007435528981004e+00
-1.956846269562178442e+00
-1.064559947147893704e+00
-1.853984968853118920e+00
-1.504643563103770898e+00
-1.518904593627832700e+00
-2.199607245941551881e+00
-1.426189280028168138e+00
-1.243768336906730276e+00
-1.066333385354188312e+00
-1.588462134801690517e+00
-1.570452897339304599e+00
-1.997525100157670375e+00
-1.478934673144200573e+00
-2.104009333332081511e+00
-2.102161754181667064e+00
-1.526793562363486734e+00
-2.656376608619977375e+00
-3.828000611363442829e+00
-1.279600214616452236e+00
-1.335743182515546135e+00
-2.036817085618384482e+00
-1.242473404699648398e+00
-2.734657634462382081e+00
-1.473661202293882644e+00
-1.280371502355309277e+00
-1.757414995223279819e+00
-2.731774716738387454e+00
-1.494479186218045541e+00
-1.519329969535730296e+00
-1.909190813384208374e+00
-1.300288351544078180e+00
-1.203493912174210978e+00
-1.641534997522128725e+00
-2.438989604831027780e+00
-2.127623842086689088e+00
-1.536313104758679993e+00
-1.542955402180554270e+00
-1.220689054415324160e+00
-1.201053361831861732e+00
-1.804000047777778670e+00
-1.984480531920224333e+00
-1.731900820499344240e+00
-2.667778408932377499e+00
-1.475078057978189250e+00
-1.400344056402837989e+00
-1.582266945604027475e+00
-1.833731193294715789e+00
-2.094991343932252725e+00
-2.290259302919525730e+00
-1.628700618085277219e+00
-2.564532988179046846e+00
-1.561086926253660190e+00
-1.401225250145249346e+00
-2.323043199000434100e+00
-3.372387822955905889e+00
-1.262125575299095415e+00
-1.617214699993795746e+00
-1.213246591163918087e+00
-1.497707283922606214e+00
-2.400953226383121475e+00
-1.373646178367455173e+00
-1.070998677610467631e+00
-1.995229488575046783e+00
-9.877054403175612451e-01
-1.622388889332330608e+00
-1.792811116310875308e+00
-1.760996550961245966e+00
-1.730341067609119987e+00
-1.406629176905376477e+00
-1.343982956791755612e+00
-1.071847397385650824e+00
-1.787513737967228566e+00
-1.465102369653493719e+00
-2.119288092963576009e+00
-1.100058562774023807e+00
-1.226953553157219323e+00
-1.480368979999675316e+00
-8.899563642058042623e-01
-1.270860052521466166e+00
-1.591266045537382157e+00
-1.371567932997729944e+00
-1.924144010169752894e+00
-8.398253012453202881e-01
-1.962458768579995017e+00
-1.641478982413402399e+00
-1.414251685187944751e+00
-1.382833261434775141e+00
-2.256315825733206992e+00
-1.720661010391055123e+00
-2.522934606730543816e+00
-1.365087203294332197e+00
-1.750044235462813180e+00
-1.942844780442741115e+00
-1.528025809847447292e+00
-1.998206193772413375e+00
-1.179878976091247367e+00
-2.020613173001000185e+00
-1.042292513847587143e+00
-1.932981532377146427e+00
-1.285705581854766910e+00
-1.759566311205931877e+00
-1.025681522543622881e+00
-1.142706879390605001e+00
-1.964181343296270033e+00
-1.270005185607796960e+00
-1.479247497585503668e+00
-1.531575879677304242e+00
-1.552398152166161616e+00
-1.251913188200596050e+00
-1.338770451359941438e+00
-1.413913883358022927e+00
-1.546923575088507308e+00
-2.242592783423351221e+00
-1.682458055065331193e+00
-1.954996548136759271e+00
-1.622739812860274577e+00
-1.256699882074549190e+00
-1.941499549094127808e+00
-1.265664351943708077e+00
-1.364306577344439164e+00
-1.695379549145336062e+00
-1.096631005736794284e+00
-1.432741706385869396e+00
-1.397926236274096512e+00
-9.730241608914342866e-01
-1.502209626760236727e+00
-2.041806338782862440e+00
-1.565156556681742472e+00
-2.293326841549814255e+00
-2.370264167442738490e+00
-1.356674518685925701e+00
-1.322367776479914214e+00
-1.839782399918145517e+00
-1.101232305234580044e+00
-1.794236978464325949e+00
-1.718432764368403642e+00
-1.512193874470001198e+00
-2.302901487775375511e+00
-1.599246225196956583e+00
-1.691170828632406309e+00
-1.810219555567072813e+00
-1.880987263444324320e+00
-1.418982848645381711e+00
-2.405635570198478401e+00
-1.774410011183460867e+00
-2.047565739245341465e+00
-2.317332060889726542e+00
-1.703537920209330148e+00
-9.902103123245528105e-01
-1.418740762610114725e+00
-1.271333680195995575e+00
-2.118649688481827553e+00
-1.020892029490163555e+00
-2.032350694015250259e+00
-1.017932604740668046e+00
-1.612894591723209370e+00
-1.529552075104960274e+00
-1.450357045299835557e+00
-1.346450112576239144e+00
-1.464195519170840676e+00
-1.593478047151213550e+00
-1.461528487805147547e+00
-1.310009227511543584e+00
-1.266737942319737575e+00
-1.620314237925397860e+00
-1.993184234868860649e+00
-1.544699959798734312e+00
-1.875649215789563451e+00
-1.410062533692918674e+00
-1.521270968814493196e+00
-2.799381195507960829e+00
-1.086698846585205880e+00
-1.421947413401631222e+00
-2.879380520848293212e+00
-1.444564861387718002e+00
-1.574173231482961066e+00
-1.703675770762086650e+00
-1.941234964691507026e+00
-1.531350887668212923e+00
-1.428738682338962285e+00
-1.398137609763157041e+00
-1.369546996340613276e+00
-1.275171729736457538e+00
-1.264296157864823522e+00
-1.137319903332886462e+00
-1.285025043254874655e+00
-1.115423331141038421e+00
-1.155019103008701586e+00
-1.178505161109192345e+00
-1.996775041841083898e+00
-1.247679464023378149e+00
-8.557264867461371605e-01
-1.796903128078916945e+00
-1.382803532336496000e+00
-1.419730260712243064e+00
-1.755977654314834435e+00
-1.499962867207366157e+00
-1.288128208717636669e+00
-1.075939795471121396e+00
-1.195663375553442487e+00
-1.350693254605067395e+00
-1.404362937614241691e+00
-1.034126889583258269e+00
-9.552887580758561148e-01
-1.319900526199291102e+00
-1.595406130822463409e+00
-1.330546945767823619e+00
-1.058694285387388412e+00
-1.314519211939207732e+00
-1.268997199175830426e+00
-1.101038665963804286e+00
-8.586724383428866458e-01
-1.242126742352322788e+00
-1.714357517171247736e+00
-1.531858929527722735e+00
-1.194493096686749967e+00
-1.598753375742737237e+00
-2.139487462338878210e+00
-1.641601512451561939e+00
-1.463948649898498600e+00
-1.466396356843051141e+00
-8.899704865480601024e-01
-2.370266763987019853e+00
-1.252166177478035491e+00
-9.895088067017656641e-01
-1.882306452952541731e+00
-1.584074989767113584e+00
-1.371003415310508622e+00
-1.474150778093380021e+00
-1.661885063929547490e+00
-9.352346609007173850e-01
-2.304937035610902463e+00
-8.191708383432850793e-01
-1.263023006377753887e+00
-1.840752935988329897e+00
-2.119472225294030121e+00
-2.059996802298147411e+00
-1.777559368438182741e+00
-1.963788172836157919e+00
-1.722222853397452624e+00
-7.332309139581256741e-01
-1.796377456054089272e+00
-1.453877930472483371e+00
-9.153118545544043361e-01
-1.183223542559179275e+00
-1.157254059369194232e+00
-1.484157089384088968e+00
-1.337989194015508643e+00
-1.776026568439407649e+00
-1.944413284606145487e+00
-1.043587293590529264e+00
-1.376620470531807916e+00
-2.301804814320237647e+00
-1.077905524163327078e+00
-1.492679664612213797e+00
-1.315287057652409830e+00
-8.500008633610279807e-01
-1.128064547998428591e+00
-1.164479025978284454e+00
-1.608657706933924958e+00
-2.454799565532546080e+00
-1.135324180905926683e+00
-1.168180976967153617e+00
-1.618732850011449509e+00
-1.147458734476608289e+00
-1.201681280768759130e+00
-2.001127139430018964e+00
-1.019057911703665997e+00
-1.482593526200227441e+00
-1.028260407820845490e+00
-1.281328036037840734e+00
-1.774990111991459507e+00
-1.367033277789524659e+00
-1.513699108100911683e+00
-1.512390683498228805e+00
-2.064972824234531323e+00
-1.020982050701567223e+00
-1.262368173635183499e+00
-1.893210896507154573e+00
-1.130052850908019879e+00
-1.677914739849606818e+00
-1.828587704245015821e+00
-1.792543975860106942e+00
-1.723672665208727750e+00
-9.372319660129647678e-01
-1.947235836791032959e+00
-1.165905614121564460e+00
-1.764283413533678235e+00
-1.728443531994656501e+00
-1.264184481892260070e+00
-7.933793735277239190e-01
-1.794174428294795343e+00
-1.659693326982311090e+00
-1.698734864082348528e+00
-1.490050884289713329e+00
-1.379288969577780355e+00
-1.618382593341892495e+00
-1.413330203063565271e+00
-2.029432023535698182e+00
-1.610646619878719266e+00
-1.281673992491835889e+00
-2.131112828616132937e+00
-1.604935816961656991e+00
-2.314003240775782011e+00
-1.278479340186741142e+00
-1.716994900640421040e+00
-1.294882952012441635e+00
-1.959281410314313243e+00
-1.437011342413461401e+00
-1.687970065545392195e+00
-1.752110478003240157e+00
-1.950566944497703625e+00
-1.938993736531015255e+00
-1.722508474973128090e+00
-1.493360598969940778e+00
-1.250919072936764298e+00
-1.997880690671067327e+00
-1.149082441424465140e+00
-1.666445126548711020e+00
-2.344690412163430882e+00
-1.103859930177923054e+00
-1.513962596970578556e+00
-1.482203878410694564e+00
-1.938335663393081942e+00
-1.167351514318586858e+00
-1.677399079687731165e+00
-2.148842106283697539e+00
-1.363050840306951228e+00
-9.872092482184398055e-01
-1.332692664769922875e+00
-1.039302814198924674e+00
-1.004932298421052028e+00
-1.430479465659872051e+00
-2.014921398798739549e+00
-1.126217531446662035e+00
-1.307340160687537001e+00
-1.188801220064768627e+00
-1.105934199365008030e+00
-9.365475509304461710e-01
-1.021737213362881702e+00
-1.303988326414663224e+00
-1.343602197208115578e+00
-1.180973126713141808e+00
-1.575825791947021326e+00
-1.242815705221598677e+00
-7.239255845458505423e-01
-1.669334342449218411e+00
-1.400139767000768920e+00
-1.224411768530049294e+00
-1.391328388578141562e+00
-2.209033294191083296e+00
-1.887799433231770463e+00
-1.513457130850123677e+00
-1.396603392661222243e+00
-1.164722464799218260e+00
-1.174761520395147363e+00
-1.048731724719830005e+00
-1.126023189732195506e+00
-1.307074833043178064e+00
-1.035324407934963942e+00
-1.347294537305988360e+00
-1.177394301859284953e+00
-1.349057154461993147e+00
-1.096814304214684288e+00
-1.726648124333308942e+00
-1.357384272919675450e+00
-1.282816786970483180e+00
-1.400559206244818000e+00
-1.670421768342295277e+00
-1.384075840045116967e+00
-1.340427249133356202e+00
-1.176669458975115656e+00
-1.432955419341173320e+00
-1.354435685674805656e+00
-1.235850629348391960e+00
-1.269495596416679639e+00
-1.085883003295440741e+00
-1.233811866856892037e+00
-1.199777492406172819e+00
-1.640798078711326546e+00
-9.594573505884013143e-01
-1.355863624350774455e+00
-1.977456244977627176e+00
-1.843105607629289322e+00
-1.473685723857068419e+00
-1.125123401680705904e+00
-1.809471654273915986e+00
-1.244560363772504452e+00
-1.618814277871046370e+00
-1.809081620387220202e+00
-1.099169106679452224e+00
-1.171197637138460701e+00
-1.521909577996269469e+00
-1.006978315299366100e+00
-1.663532278485511995e+00
-2.206815921959415672e+00
-1.053781362390398657e+00
-1.318623654328147321e+00
-1.124437282936511240e+00
-1.589516885523740486e+00
-1.780137248049985743e+00
-1.696886802982894071e+00
-1.465512417487099928e+00
-1.423494552842096361e+00
-1.267857717738554824e+00
-1.908300645119036965e+00
-1.228149416820383033e+00
-1.299311295330573657e+00
-1.063268448998498705e+00
-1.456237795198061402e+00
-1.440966871405495286e+00
-1.222377175951343986e+00
-1.395976656237325697e+00
-1.094418780443336736e+00
-1.046168940086164234e+00
-1.330044348141533161e+00
-1.155394092203021694e+00
-1.283971577904864381e+00
-1.338561599331658636e+00
-1.096408102743960944e+00
-1.641933525030772945e+00
-1.394827265934632132e+00
-1.271906375659053401e+00
-1.312049558740015831e+00
-1.479941223334418243e+00
-9.744233061147415942e-01
-1.085283486374015949e+00
-1.514603790828545904e+00
-1.299303452338739895e+00
-1.378926225109295078e+00
-9.221816632680066572e-01
-1.750197674200973275e+00
-1.131616277982889995e+00
-1.094923476310130539e+00
-1.094892656865494418e+00
-1.056431042729175207e+00
-1.328971988154544537e+00
-1.596623010911545348e+00
-1.791815360492839515e+00
-1.374888483460068755e+00
-1.595391182080768466e+00
-1.788603790732024912e+00
-1.236822843175121811e+00
-8.778658331130867465e-01
-8.691046326987883486e-01
-1.150200815463009896e+00
-9.438157744300198493e-01
-1.339049961291903346e+00
-1.717383219270824490e+00
-1.337811998340370456e+00
-1.023153439503034612e+00
-1.509472482294814011e+00
-1.074413729488107094e+00
-1.274927502352162900e+00
-9.460369161038406638e-01
-1.066555807916536036e+00
-1.282354372462271019e+00
-1.263020123252754923e+00
-1.740215093090138110e+00
-1.407288639647626960e+00
-1.108906988037138053e+00
-1.032854371353671308e+00
-2.007364358163591156e+00
-1.226694762878949740e+00
-1.081898611799644305e+00
-1.243966354022688625e+00
-1.525442456243117695e+00
-1.185547190328233080e+00
-1.683216697644426052e+00
-1.322386899550143102e+00
-1.693098166351831413e+00
-2.199196855040236098e+00
-1.508834397868450194e+00
-1.256902404776541582e+00
-1.189112648454482724e+00
-9.107553481148189523e-01
-2.217581403623740677e+00
-1.755658560880873242e+00
-9.815275246028085654e-01
-1.579802544429645073e+00
-1.394564350085746973e+00
-8.397021871693501893e-01
-2.033600459236152513e+00
-1.244866877237469582e+00
-1.376001144797864173e+00
-1.044406403042417608e+00
-1.395805744403747717e+00
-1.402718970145767630e+00
-1.200734621766069488e+00
-1.351933870994046272e+00
-9.713312395925939313e-01
-1.218023800289374625e+00
-1.265946656415322336e+00
-1.215334094166082402e+00
-1.398363041780019689e+00
-9.370299499755129213e-01
-1.335042516234894672e+00
-1.639581272041836346e+00
-1.376177763907454388e+00
-1.713125001571428330e+00
-9.470227754539621845e-01
-1.464904776462507385e+00
-1.544720573907715444e+00
-1.908425378053134835e+00
-1.209014262795762296e+00
-1.288153053845868978e+00
-1.394557049662801029e+00
-1.641816340032585364e+00
-1.770613992993423036e+00
-1.466875701224832351e+00
-1.197447587880978048e+00
-1.450566412438112129e+00
-1.022914008822345400e+00
-1.265796945012353847e+00
-1.568271619434486785e+00
-1.736726477054189255e+00
-1.198093061919512259e+00
-2.323734052478498402e+00
-1.649814683644273972e+00
-1.704872057555047116e+00
-1.513093677026632555e+00
-1.544386235111064209e+00
-1.523950136225299179e+00
-9.581792087179703543e-01
-1.953456674340679822e+00
-1.936127355747950807e+00
-1.451408898638615330e+00
-1.334601943350581577e+00
-2.043431489805222601e+00
-1.181330579752041254e+00
-1.238864981068939830e+00
-2.060291668059220260e+00
-1.592072176243880754e+00
-1.563230044310270017e+00
-1.801859806166433486e+00
-1.480610732335529978e+00
-1.040110266171778708e+00
-1.367115584320928612e+00
-1.076433908538834139e+00
-1.944732867567387169e+00
-1.185151874274146255e+00
-2.078629294820509621e+00
-1.107540270738624377e+00
-1.248566209394191162e+00
-1.288215195833116500e+00
-1.300278996692769917e+00
-1.215361937743523413e+00
-1.532448282175121301e+00
-1.396197228873162999e+00
-1.251795949185558365e+00
-9.547627994519538586e-01
-1.526295283391727819e+00
-1.476752997926403577e+00
-1.230320967851199043e+00
-2.009261655417289738e+00
-1.430774221756631048e+00
-1.040244219730492858e+00
-1.184342649277732695e+00
-1.468092327897105864e+00
-1.402768843421728473e+00
-1.645946803745812037e+00
-1.255723333199990632e+00
-1.464822769473545172e+00
-1.337775746134006516e+00
-1.178285683218072588e+00
-1.081116338225469820e+00
-1.586355115689473516e+00
-1.440747827725405106e+00
-1.333146053151864185e+00
-1.252091767089769103e+00
-1.242438560441080142e+00
-1.226215023043630170e+00
-1.147601644245740848e+00
-2.556504993935342362e+00
-1.439934980208826820e+00
-1.643072381004983651e+00
-1.019210621425551855e+00
-1.578661813215392007e+00
-1.136922927973547992e+00
-1.096357057501611720e+00
-1.436566288864282281e+00
-8.242270218258056502e-01
-2.043595270247600126e+00
-1.476063721134156737e+00
-1.229358646745400963e+00
-1.120662240598685244e+00
-1.207632916803286216e+00
-2.008960677726183697e+00
-1.421298134315532424e+00
-2.160848567265134523e+00
-1.626217789043406858e+00
-1.608895983083854953e+00
-1.950172618488930976e+00
-1.277758611662378918e+00
-1.172878320136701458e+00
-9.591879813705730395e-01
-2.105824858964262525e+00
-1.498334282593024147e+00
-1.326309126171826058e+00
-1.364683032110009187e+00
-1.146565107798484195e+00
-1.728822072168094470e+00
-1.597105398269928367e+00
-1.410297199084988629e+00
-1.066475361862524673e+00
-1.004901468322921154e+00
-1.305197977201926429e+00
-1.342644016930204520e+00
-1.410380689291300893e+00
-1.600650665884919333e+00
-1.804373429410807361e+00
-1.518313246852384557e+00
-1.268531201703912092e+00
-1.146269647343757025e+00
-1.784128591922512719e+00
-1.839371716977347804e+00
-1.270732397056490104e+00
-1.878686324966141408e+00
-1.920288329156395912e+00
-1.247183301767089247e+00
-1.285499868088330944e+00
-1.382996903340930173e+00
-2.007421007927405299e+00
-1.495273486186699863e+00
-1.087948396704143228e+00
-1.874921188922184623e+00
-1.628708047241026247e+00
-1.409385367386818189e+00
-1.624808413426749754e+00
-1.334170266844170838e+00
-1.528110281070166776e+00
-1.320372923324807157e+00
-2.113819566705471775e+00
-1.233453751320735758e+00
-1.650418126529946239e+00
-8.549272679992094837e-01
-1.194717217522261121e+00
-1.493029456230402063e+00
-1.674274947271946923e+00
-1.945514080145937852e+00
-1.814404122118965068e+00
-1.305117849479117131e+00
-1.461281603246561422e+00
-1.283344155748023852e+00
-1.277313085240163959e+00
-1.049543375558441127e+00
-1.753173576854018423e+00
-1.231335092126293551e+00
-1.165886578507543847e+00
-1.496029810071168198e+00
-1.058357233713168144e+00
-1.538344778131354396e+00
-1.465115523926413310e+00
-1.849027623217311511e+00
-1.681943662539049367e+00
-1.004912879543093496e+00
-1.038326243195167198e+00
-1.146612382023347809e+00
-1.598020959038313871e+00
-1.313782368575081128e+00
-1.129477159564064692e+00
-1.355823589577785926e+00
-1.475619901223986341e+00
-1.771101565059022720e+00
-1.413239466041773085e+00
-2.747527620941026427e+00
-3.192914838138466660e+00
-1.424013465904882869e+00
-2.353583151220975722e+00
-1.064915255959492546e+00
-1.510943277916122929e+00
-1.642176344277140210e+00
-1.783468569048356267e+00
-2.113338397397231727e+00
-1.195817270490705297e+00
-1.012751031643165378e+00
-1.540234124133262661e+00
-1.167407184912150564e+00
-1.096075175627597931e+00
-1.055490402119215299e+00
-1.363858655467980796e+00
-1.138461850293585709e+00
-1.831702906190827873e+00
-1.450818001993008810e+00
-1.540647338103678488e+00
-1.703216535038633461e+00
-1.506938381153564155e+00
-1.164548971767557450e+00
-1.280932066580981799e+00
-1.697165754103939550e+00
-1.129127841054055725e+00
-2.961390759976005427e+00
-1.017576663373371826e+00
-1.382451687258775319e+00
-1.993820471419854190e+00
-1.754350505828686346e+00
-1.970327461955165838e+00
-1.776472566301702916e+00
-2.209542230986056843e+00
-1.634465493852260920e+00
-1.309702576551727615e+00
-1.534148213634399349e+00
-1.689296567109524361e+00
-9.502800847060649536e-01
-1.226658339391676567e+00
-1.436087689277526058e+00
-1.104173007368387749e+00
-1.761491032023580816e+00
-1.181128729064915950e+00
-2.047713283366941361e+00
-1.495318530852919769e+00
-1.258595117589180967e+00
-1.286219128122768840e+00
-1.742092701737798066e+00
-1.609794461650073227e+00
-1.839204849197638936e+00
-1.498209358058379959e+00
-1.292308615712111752e+00
-1.553266170556378079e+01
-3.473488445490184873e+00
-1.565514280192992436e+00
-1.436501941014599604e+00
-1.285037454867226092e+00
-1.674365265390852286e+00
-1.602913237989345374e+00
-1.516026049412009691e+00
-1.414724568321250153e+00
-9.024257090995675412e-01
-2.062078049275561042e+00
-6.295166289487716949e-01
-1.421285236666627982e+00
-1.359234929712082707e+00
-2.118470080911610598e+00
-1.290405111685605455e+00
-1.386673451116471334e+00
-1.272715756690873334e+00
-1.302471641120128032e+00
-1.662819553363537262e+00
-1.769061430892021836e+00
-8.653555954740069778e-01
-1.317908939498289689e+00
-2.260369542428004586e+00
-1.236364621560273713e+00
-1.035460444913110400e+00
-1.195110199474193280e+00
-1.855496575139216509e+00
-2.428937973876664547e+00
-1.508248712167189254e+00
-2.148512621934968170e+00
-2.402829601790073877e+00
-9.067691919208863416e-01
-1.899234866220858908e+00
-2.070913565349802088e+00
-2.058639520948899904e+00
-1.857025562091555893e+00
-1.494775521415140140e+00
-1.318288432285063871e+00
-1.102010506516655219e+00
-9.767938999588964277e-01
-1.575024451718626928e+00
-1.339821492886477339e+00
-1.393285364037088581e+00
-1.664453986732893132e+00
-1.820575847836335415e+00
-2.138563612329805075e+00
-2.146948476419372032e+00
-1.692909792956677206e+00
-1.503462887838887818e+00
-1.389981070128293750e+00
-1.741766052051606728e+00
-1.903612170594918274e+00
-1.792301329010961508e+00
-1.838451539446115390e+00
-1.395911387314336949e+00
-1.538523376815160937e+00
-1.800708457636864823e+00
-1.427052474577482633e+00
-1.091969595410408944e+00
-1.139938018810227938e+00
-1.080614547997765351e+00
-9.814766981139180224e-01
-2.253286061906986326e+00
-1.075305635142894456e+00
-1.118081143630417662e+00
-1.334669661231703275e+00
-1.944783842846542266e+00
-1.321132760426672714e+00
-2.802324300615147035e+00
-2.054353852464791075e+00
-1.816057361655229352e+00
-1.815631973157586287e+00
-1.962605225039173007e+00
-1.355570506024659450e+00
-1.211809558408208032e+00
-1.900600550923629450e+00
-9.960970990914979062e-01
-1.251652630604533911e+00
-7.712352061197115249e-01
-1.582982975404691350e+00
-1.879969704670949149e+00
-8.321880870131073138e-01
-1.046745989468593541e+00
-1.684801677772382877e+00
-9.294195334049653034e-01
-1.766624548388351368e+00
-1.595998513952154196e+00
-2.122111675533606689e+00
-1.918577087231504663e+00
-1.582053740192220781e+00
-1.867763324545183901e+00
-2.271782479859278503e+00
-3.071225100439867184e+00
-1.800097828048516035e+00
-1.029184745323830308e+00
-1.255873832422648384e+00
-1.199909951296216803e+00
-1.517080095147648855e+00
-1.499094627670770841e+00
-1.026061025274835448e+00
-9.595995051800707554e-01
-1.974988087745366716e+00
-1.769989232380616562e+00
-1.259694204212622681e+00
-1.646329623575972123e+00
-1.406278506030105513e+00
-1.231097969849688445e+00
-1.165418065555104965e+00
-1.216467196004249240e+00
-1.692106063653551873e+00
-1.039531888356461931e+00
-2.078004683134386354e+00
-1.552847634596313364e+00
-1.828278988992227072e+00
-2.455494690768799781e+00
-1.293100524617754488e+00
-1.352971797675627474e+00
-1.491964038974272100e+00
-1.451773570073737751e+00
-1.222437412653970101e+00
-1.668890737783686129e+00
-1.840186983519638275e+00
-1.582176693928945443e+00
-1.632302891267362721e+00
-1.029273853942669348e+00
-1.924725267897789749e+00
-1.218717078602355564e+00
-1.859597486555279122e+00
-2.478947622375820004e+00
-3.232113352000346662e+00
-1.275937295060554755e+00
-1.520105093949196018e+00
-1.891699862534714560e+00
-1.933935829258053074e+00
-1.716397831872020108e+00
-1.270248817041645495e+00
-2.367753222883815845e+00
-2.312853054525889629e+00
-9.175947642435063889e-01
-1.434607657088369681e+00
-1.111940322706431283e+00
-1.201804684835863890e+00
-1.112017743890753030e+00
-1.147211247848243243e+00
-1.384181208152455822e+00
-1.380527002602736086e+00
-1.612060911385063910e+00
-1.165284692879518635e+00
-9.316148378728088542e-01
-1.421663144481490226e+00
-1.551173061623821070e+00
-1.647826551987011001e+00
-1.518828496875746614e+00
-1.179285080331461399e+00
-1.197467451812552541e+00
-1.702512997080466439e+00
-2.025165313779498710e+00
-2.187630104757544824e+00
-1.429847555735620501e+00
-1.052145194106093751e+00
-1.579768741754830064e+00
-1.617459286505399829e+00
-1.530530544745197341e+00
-1.217522958112708498e+00
-1.102182548315222999e+00
-1.269895543999467469e+00
-2.501396183074985125e+00
-1.145702228200441652e+00
-1.943311196296521492e+00
-1.679053217640249063e+00
-1.100192723186858013e+00
-1.701704526029833353e+00
-2.133241752067021491e+00
-1.810338254778866007e+00
-1.434894799615595851e+00
-1.393051453652250027e+00
-2.016590356711862597e+00
-1.379899058573737181e+00
-1.284635277315159474e+00
-1.495763910589881229e+00
-1.676568653968129263e+00
-1.421931798343585518e+00
-1.792324040331289892e+00
-1.651420838292476878e+00
-1.203626385013945699e+00
-1.835670812012565101e+00
-1.254812030896076180e+00
-1.052732507250929261e+00
-1.829575854729003304e+00
-1.603095042759480116e+00
-1.136762768930480449e+00
-1.413609657597984626e+00
-1.547672456327313206e+00
-1.327572285682585340e+00
-1.451656628771672786e+00
-7.757571111730111602e-01
-1.595930317351912375e+00
-2.247505850266497074e+00
-1.913077830337626573e+00
-1.532564190269722015e+00
-1.866094193438956106e+00
-1.131718273391210339e+00
-1.286511219956794294e+00
-1.105389102951520597e+00
-1.678921561903542692e+00
-1.368339070690927306e+00
-1.534588747568023548e+00
-1.307902454109919788e+00
-1.394353141419431452e+00
-1.950562579056539292e+00
-1.338243344018138936e+00
-1.005975514654613212e+00
-9.239771904868352426e-01
-1.101003013934142238e+00
-1.271127528468268153e+00
-1.527416955365147100e+00
-9.749583369413857836e-01
-1.785647145665649971e+00
-1.486496322484390342e+00
-1.401906006393987880e+00
-9.844667131999480514e-01
-2.447612476283000937e+00
-8.603255743012396817e-01
-1.169482313963842612e+00
-1.331993411250860238e+00
-1.328680223929102899e+00
-2.056075904939811405e+00
-2.043819673057963637e+00
-1.438921379046265381e+00
-1.189715885360821401e+00
-1.876069074366709888e+00
-2.985372813756030475e+00
-1.824162779965035064e+00
-2.456120407681408935e+00
-1.248403629523097358e+00
-1.309533373998716943e+00
-1.347996040981971788e+00
-1.315141548699664709e+00
-1.254657138080136569e+00
-1.279584984397285963e+00
-1.986894604808832288e+00
-1.251976512920091933e+00
-1.011830499287881491e+00
-2.073526208679628891e+00
-1.308791411817879169e+00
-1.224763388458232294e+00
-1.746351587153611273e+00
-2.914150229596317310e+00
-1.895917151010130475e+00
-2.012894533437763034e+00
-1.295732307670101058e+00
-1.304715874049357183e+00
-1.257589964592698006e+00
-1.079317627251798362e+00
-1.123274294675133511e+00
-1.485657631358919595e+00
-1.369902972821945841e+00
-1.928755200473762033e+00
-1.236205834902801337e+00
-1.259437063591903216e+00
-1.858576911595228198e+00
-1.354496722768982142e+00
-1.536903841615718580e+00
-1.133542861152737391e+00
-1.565877673235855028e+00
-1.863331853331410937e+00
-1.448252533080266691e+00
-2.453959603696966418e+00
-2.351774547528267423e+00
-1.515448978199491092e+00
-1.111480131040834207e+00
-9.573229450974578558e-01
-1.285157308773224205e+00
-1.618213511643095348e+00
-1.242025104224747656e+00
-1.978906656636608918e+00
-1.634794550719199435e+00
-2.673260036188344735e+00
-1.544580186988000037e+00
-2.018254144531145933e+00
-1.432203524033509368e+00
-2.683332324025498483e+00
-9.285704133381723624e-01
-8.847879964573498457e-01
-2.689061857477146766e+00
-1.615372860693283563e+00
-1.482844059343967125e+00
-1.463061429788719225e+00
-1.711416793827212679e+00
-1.520532232727508148e+00
-1.909169066349595267e+00
-1.741026374134533761e+00
-1.548910187611870715e+00
-1.629748630535715392e+00
-1.368931576111251935e+00
-2.287896185619124889e+00
-2.672835943881004095e+00
-1.156338629970312670e+00
-2.068076773122819567e+00
-1.805784936888954251e+00
-1.646837069687148158e+00
-1.967792509495982500e+00
-2.491474257116627289e+00
-1.646977189149125165e+00
-1.598491205819282168e+00
-1.035667588594741950e+00
-2.196642836006678312e+00
-1.453861713280448553e+00
-1.193561967338264029e+00
-1.125703256387132978e+00
-1.005011365795691614e+00
-1.049346103402914343e+00
-1.392585502921145801e+00
-1.818016194500479799e+00
-1.318296235782492332e+00
-2.300462706794561552e+00
-1.272725960744119256e+00
-1.484395848595152279e+00
-1.406416517309187375e+00
-1.970958034459753483e+00
-1.660364424181676624e+00
-8.994062064422918557e-01
-2.290435776655495470e+00
-1.572109552399563848e+00
-1.860987706196526759e+00
-1.212366391349699812e+00
-1.447725770497588771e+00
-3.115220520185306263e+00
-1.256139671817765535e+00
-1.725864239346684759e+00
-9.152289462657077213e-01
-1.469018432932527540e+00
-1.699928588030105825e+00
-1.130186570106560318e+00
-2.413438093560556830e+00
-1.736394156596367422e+00
-1.061680211837843224e+00
-1.715061519712149041e+00
-1.367245804288513389e+00
-1.174615403167037719e+00
-1.975493575378456157e+00
-2.578434518127802555e+00
-1.503611242003012549e+00
-1.418327553990579970e+00
-1.546525616927228119e+00
-1.526318370859609974e+00
-1.486474975670172283e+00
-1.348682207873151739e+00
-1.626807277041788513e+00
-1.475958297321996016e+00
-1.609433888991196104e+00
-8.620384900603902389e-01
-1.785803426596678456e+00
-1.350513099873920320e+00
-1.648234517463922133e+00
-1.145530347616628086e+00
-1.546445919382004597e+00
-1.479239225898884902e+00
-2.340367454441247830e+00
-1.069270210251537012e+00
-1.435994049929155247e+00
-1.149412164954770166e+00
-1.508010387446921952e+00
-1.751617772680426288e+00
-1.592452472284535903e+00
-1.692761174597673168e+00
-1.968586923826553425e+00
-1.765514290364373462e+00
-1.508231303122715028e+00
-1.921849980368693700e+00
-8.586510817453996136e-01
-1.386968359154807651e+00
-1.997569034015165723e+00
-2.236146562704907748e+00
-1.234971289480422119e+00
-1.297765412624433123e+00
-1.462698655571727180e+00
-1.477358483170492898e+00
-2.298183475289269140e+00
-1.836361215598912633e+00
-1.699739014934790626e+00
-1.769682777039724320e+00
-1.142491544224722100e+00
-1.222796362388244740e+00
-1.904488497083157261e+00
-1.892637002002902635e+00
-1.503981645316183391e+00
-1.517251958817323221e+00
-1.744985126302041722e+00
-1.850773906638593536e+00
-3.332062231664720819e+00
-1.469320469615950087e+00
-1.894011083589703937e+00
-1.248578852581081922e+00
-1.416469714037692951e+00
-3.510018576724152517e+00
-1.713382638993405704e+00
-1.860065046066094574e+00
-1.885662944807099839e+00
-4.904795676845806085e+00
-1.882666796182240310e+00
-1.716138182780780008e+00
-1.154770718995635548e+00
-2.945435562975717847e+00
-9.738786962428800376e-01
-2.136940025419121980e+00
-2.347224609453730793e+00
-2.538744915610523734e+00
-3.297245267096224008e+00
-1.464600793245640187e+00
-1.132232813834137097e+00
-1.397450254228032263e+00
-1.641572348394024106e+00
-1.225507829367936452e+00
-1.901750201285495212e+00
-2.393949860926347650e+00
-9.393099335391585925e-01
-9.530092476409057767e-01
-8.020133880917311719e-01
-1.269120478858280832e+00
-1.577841275195782655e+00
-1.367779651179311440e+00
-1.177867007510604358e+00
-1.591612490813205216e+00
-1.477303130107077811e+00
-1.249793712039745763e+00
-2.097474693093755782e+00
-1.577318621950616562e+00
-1.397329630964113223e+00
-1.564601881646472181e+00
-1.692436016229391882e+00
-2.018318495187329198e+00
-1.545906576174504554e+00
-1.402390071495218216e+00
-1.254044851841408015e+00
-1.607523797338655136e+00
-2.162745648749453409e+00
-2.059570945550377008e+00
-1.677779400082189065e+00
-2.278901295226380519e+00
-1.247459192431618957e+00
-1.483658031222195639e+00
-1.184306452212810390e+00
-2.173938892595166816e+00
-5.515730184692503535e+00
-5.008683759874184460e+00
-1.353956428051868111e+00
-3.352376390203311463e+00
-2.436099971644110074e+00
-2.275339857415735967e+00
-1.391051804708612671e+00
-9.165348188263836571e-01
-1.873817947622090196e+00
-7.604966262308561209e-01
-1.833761473571133171e+00
-1.493032956370117015e+00
-1.893712316695195019e+00
-1.909327253517967948e+00
-1.494881608072713863e+00
-2.768348906642267959e+00
-1.756352401406684249e+00
-1.040804238802097714e+00
-1.689111807612663885e+00
-1.477713091417375724e+00
-1.904515757119704222e+00
-1.991591211773445780e+00
-1.681578346553059822e+00
-2.191877255736544683e+00
-2.923798096473249952e+00
-1.551936105419776668e+00
-1.630743238776967807e+00
-1.166733739962494854e+00
-1.562061934613861558e+00
-1.257877259321820596e+00
-1.102494731685869533e+00
-1.277988295064749424e+00
-1.477542199984732463e+00
-2.448899712123380201e+00
-2.671027724375316659e+00
-1.134319889333038844e+00
-1.126671183983644964e+00
-7.516803474526206896e-01
-1.232469296207789222e+00
-1.697865984106453618e+00
-1.769431755761716074e+00
-1.036643954666652601e+00
-1.792799014807595848e+00
-1.035275632621232456e+00
-2.581833725635267474e+00
-1.772051424352553806e+00
-1.916012778999578003e+00
-7.527302182899152649e-01
-1.688749353450086366e+00
-1.441484792500852263e+00
-2.039975392015847433e+00
-2.255910325738946565e+00
-2.509025569302306469e+00
-2.409398754209075122e+00
-1.353842342685094957e+00
-8.090987396499561557e-01
-1.806262497635087838e+00
-1.120630912473241869e+00
-1.709986949481869800e+00
-1.276535489040196536e+00
-1.372818573122040586e+00
-1.912445322533274705e+00
-1.333366757885079190e+00
-2.402814324904125609e+00
-1.960439242738871712e+00
-1.580559177228227918e+00
-2.113319317913842976e+00
-1.703357434610857979e+00
-1.596911839127256538e+00
-1.112921084724677545e+00
-1.524592490996094396e+00
-1.371916367368505973e+00
-1.770848075509769082e+00
-2.501491566023779978e+00
-1.209744084255086172e+00
-1.444504514197727740e+00
-1.460557188383747818e+00
-1.781075789331077130e+00
-1.199462426290166084e+00
-1.491770030591025531e+00
-8.914778948494274102e-01
-1.732223714015137084e+00
-1.332531785000883984e+00
-1.749447710719288951e+00
-1.480957294167103866e+00
-3.274530926980284029e+00
-1.736340868145993532e+00
-1.482224497917225881e+00
-1.567044915481119238e+00
-1.597243322414698241e+00
-1.028041932175530304e+00
-1.282910623626603241e+00
-1.172098143296636863e+00
-1.734455445114001293e+00
-1.217908609224924721e+00
-1.119622018404972552e+00
-1.214331180797579623e+00
-1.724483434057013653e+00
-2.141279122847802530e+00
-1.144789879061867799e+00
-1.136084672408643748e+00
-1.700030910644495297e+00
-1.158466037248050862e+00
-1.369306263516049560e+00
-9.775302358514826873e-01
-1.198370896439131972e+00
-2.299991940689066539e+00
-2.644769938339590620e+00
-8.681802238129535665e-01
-2.072650962695125720e+00
-1.466846389461830436e+00
-7.723388749286188570e-01
-1.275062478592551063e+00
-1.327274544720752125e+00
-1.488560570116162607e+00
-7.271732618043418306e-01
-2.004365955983944847e+00
-1.909005414962744229e+00
-8.084830280379583511e-01
-1.451760170777172343e+00
-1.717411125603842015e+00
-1.171810212572232723e+00
-2.047126671436366951e+00
-1.358229873962208512e+00
-1.867951085050180371e+00
-1.156425747083053901e+00
-1.829125141298415747e+00
-1.502533680859835075e+00
-1.783732880674929300e+00
-2.538077952766645495e+00
-1.464688760690363134e+00
-1.040020005863729891e+00
-1.431905980670993506e+00
-8.951311821005000224e-01
-1.035893269623587409e+00
-1.890148983769978530e+00
-1.619730318946519976e+00
-1.648013736538149976e+00
-2.144383036842886003e+00
-3.328245960639975021e+00
-1.281095773459576703e+00
-1.281343313168169740e+00
-3.118939943786478874e+00
-1.347703905620846632e+00
-1.052480620423661639e+00
-8.380118891230661227e-01
-1.589979758826655987e+00
-1.597394178137637732e+00
-1.252074649438720266e+00
-1.280786769392815883e+00
-1.820618372982949484e+00
-1.335930115190874234e+00
-2.507171330592529834e+00
-8.878083058949843842e-01
-2.070084437475172123e+00
-9.878528621841508039e-01
-1.171006515094715539e+00
-1.389180515330102006e+00
-1.166562214743032566e+00
-1.158293624510623010e+00
-1.401531823778906727e+00
-6.750057668383635523e-01
-8.608730906002936001e-01
-1.548238986686639951e+00
-1.557753557856671467e+00
-1.339494382656369442e+00
-1.248697028353377592e+00
-2.288472278416306072e+00
-1.457127267927074366e+00
-1.099248060954118200e+00
-1.216106051356571127e+00
-1.828028885964698258e+00
-1.732668489564932912e+00
-1.462903469881495333e+00
-2.897951390078694622e+00
-1.717343760266293540e+00
-1.090335630922876220e+00
-1.821518151703856558e+00
-1.175767151222968820e+00
-1.375085209508986495e+00
-1.533461299348827245e+00
-1.607946706680923876e+00
-2.424116514472404393e+00
-1.642885037228772882e+00
-1.390920481082256188e+00
-1.058417017357897283e+00
-2.859698857182345400e+00
-1.659861715625038148e+00
-2.179391975536852044e+00
-2.364403451437716797e+00
-1.156191005695629936e+00
-1.729592465554308900e+00
-1.021323332169018938e+00
-1.064257744845799492e+00
-1.105324130430160645e+00
-1.698518112130104951e+00
-9.588651468797536603e-01
-1.664304445739706262e+00
-1.074540355281214055e+00
-1.599529269202138781e+00
-1.709069334990493294e+00
-1.778798812634876381e+00
-1.933303747506896153e+00
-2.763439867570544717e+00
-1.763748756965971332e+00
-2.889984959745384163e+00
-1.719188625857781760e+00
-1.218942759012288990e+00
-1.337003966629949803e+00
-1.536797051713061357e+00
-1.478477665337391667e+00
-2.018232560268384823e+00
-1.348868658412995192e+00
-1.678086437446030921e+00
-9.759704315488311188e-01
-1.440391994935305009e+00
-1.499547498813114554e+00
-1.230144062609292099e+00
-1.513006353319307662e+00
-2.877853328609196737e+00
-1.125060433587518283e+00
-1.137382744091712361e+00
-1.739868697620528870e+00
-1.732738629826006127e+00
-1.537692961490437327e+00
-1.882643019730287248e+00
-1.771976315091205789e+00
-1.542416564627311804e+00
-8.866269553411119109e-01
-2.545239021921331446e+00
-1.409653639959523197e+00
-2.620190358367825656e+00
-3.252618334667768174e+00
-1.989146565609926975e+00
-1.844884062454152707e+00
-1.067683586809482277e+00
-1.394826900717035301e+00
-1.413783617424098749e+00
-2.367504551778664812e+00
-1.919354334093107628e+00
-1.637819131605116496e+00
-1.258027141105210855e+00
-1.851067773766247759e+00
-1.015424892569491311e+00
-1.159145538031619793e+00
-1.256164622039662948e+00
-1.212167522285612087e+00
-2.081506696856700422e+00
-2.128195970537543058e+00
-1.514520555321501094e+00
-1.407834918715723527e+00
-1.672037796302869639e+00
-1.388656140186929511e+00
-1.561101415459935637e+00
-1.126314449736739443e+00
-1.456596501963169032e+00
-1.717761989593423300e+00
-1.250008970039425682e+00
-1.291777550537301256e+00
-1.868451633774131038e+00
-1.276664748904777547e+00
-1.680049175740283118e+00
-1.610476705913448381e+00
-1.251202373331746331e+00
-2.955322834741159976e+00
-2.182567596325270198e+00
-1.470726003759381229e+00
-1.079288321324147981e+00
-1.893918661812421300e+00
-1.600990327934422419e+00
-9.710029423032484619e-01
-1.268314391185472845e+00
-1.973165279319914589e+00
-1.667129214489887046e+00
-1.819545989785964935e+00
-9.226849083174342159e-01
-2.482955560293053754e+00
-1.995181547512211662e+00
-1.546585133897559583e+00
-1.600002989019671640e+00
-1.906671221588146281e+00
-2.511052683377020145e+00
-1.782632668830727241e+00
-1.838775247280390879e+00
-1.547723299544542908e+00
-2.849717656160744017e+00
-1.460628874849640990e+00
-1.326339437273372335e+00
-1.881017440447029454e+00
-1.676860746026475502e+00
-2.136306876248301290e+00
-1.098113099328179798e+00
-1.493382154860191990e+00
-1.120201278317118243e+00
-1.655698964769262371e+00
-1.161092937340356235e+00
-1.937047316372976224e+00
-1.207317330647493803e+00
-1.781645954123697306e+00
-2.356517068132056192e+00
-3.056663770590490437e+00
-1.595708354087538305e+00
-1.741386333951650212e+00
-1.094612261970494549e+00
-9.852156319821259167e-01
-1.512637763908538435e+00
-1.382456527416452641e+00
-1.296708263916999115e+00
-1.133840702751720553e+00
-2.343353384880395129e+00
-1.159006227571488523e+00
-2.036997404893869490e+00
-1.662931808381993726e+00
-1.074781087102525401e+00
-1.300913872018962358e+00
-1.784583286045362760e+00
-1.876543105780255516e+00
-1.551314941614422294e+00
-1.427296050408824568e+00
-2.404820755056548354e+00
-1.416216175971609870e+00
-1.389919083630699825e+00
-1.867014924658075836e+00
-1.317799841121105375e+00
-2.022717578683563833e+00
-2.456121378165234681e+00
-2.167516978090365143e+00
-2.946637369148203067e+00
-3.206583034291425438e+00
-1.520279792199226598e+00
-1.537889717161496028e+00
-1.401203455422823874e+00
-2.117609863106080681e+00
-2.885783082203123406e+00
-2.024215831005761412e+00
-2.109920875369400317e+00
-1.766864154984874480e+00
-2.534172163124059018e+00
-2.223725843391850088e+00
-2.239182766063941177e+00
-1.754919962970628022e+00
-1.461907527876183943e+00
-1.472429346360549784e+00
-1.565642551290267637e+00
-1.611916873406761930e+00
-1.561930938411935088e+00
-1.627093759902203951e+00
-2.325158355506612207e+00
-1.629955042720708569e+00
-1.597420655109575760e+00
-1.981210508861949604e+00
-1.485281748764644139e+00
-1.710301417674688240e+00
-1.457873907563381533e+00
-1.595796370071922432e+00
-1.450864817741871482e+00
-1.533040001840995314e+00
-1.465655772083781949e+00
-2.108674337413229072e+00
-2.623241093823473147e+00
-2.346140058075321555e+00
-2.180084045056317699e+00
-1.461840363044417668e+00
-2.919854807240795491e+00
-8.766394048781612769e-01
-2.621683876248515066e+00
-2.675839400767267229e+00
-1.089846991930746967e+00
-1.557202474146377913e+00
-1.313910078854010122e+00
-2.057301564575182429e+00
-2.330423434089586188e+00
-9.106466066743060805e-01
-1.948191680996269159e+00
-1.693590132968955997e+00
-1.053444527468798464e+00
-2.442297720219921864e+00
-1.777154766412455844e+00
-1.945287083439602771e+00
-1.480228038544212366e+00
-1.799242969581519747e+00
-1.437265002737442954e+00
-1.066259763139895345e+00
-2.379344509455883383e+00
-7.339195208358032518e-01
-1.902550677466239515e+00
-2.064683309418870572e+00
-1.946174193727107538e+00
-1.681219069116745679e+00
-9.091897873624166238e-01
-2.207231011530314202e+00
-1.339542939015117451e+00
-1.802034056790920102e+00
-3.003745970968033419e+00
-3.249356607013540899e+00
-1.071874977589439615e+00
-1.561075721287568996e+00
-2.474558496758637371e+00
-2.174575528537753044e+00
-1.932038424077093808e+00
-1.176268672544332983e+00
-1.292007193045465963e+00
-2.973504089814322349e+00
-1.835481726496573041e+00
-2.145570836097680179e+00
-1.547394985508432574e+00
-1.820429064440180378e+00
-1.707941903599347055e+00
-1.586112537117392307e+00
-1.369448558492361689e+00
-1.778014114266314394e+00
-1.126450178896851062e+00
-2.351893056336577637e+00
-1.491842526451645279e+00
-1.655259596115360221e+00
-1.078649951038180399e+00
-1.454424033863209509e+00
-2.242338012419064608e+00
-2.287413041526485280e+00
-3.170790654281267162e+00
-1.514712935827410289e+00
-1.307160277666982173e+00
-1.382274896442827528e+00
-1.669721179508817244e+01
-3.662935158209189357e+00
-1.669672048880457282e+00
-1.655067041918503179e+00
-1.859834527684484318e+00
-1.300067725694197485e+00
-1.409253259945809189e+00
-9.444433755326339108e-01
-1.402877662775532164e+00
-1.214608263693826240e+00
-1.835769914466244712e+00
-1.784832734945165811e+00
-1.639950080170981872e+00
-1.380418644153688756e+00
-1.139873344833485014e+00
-1.130175841149026583e+00
-1.624314646969269305e+00
-1.909243952919690290e+00
-1.138140756437361567e+00
-2.272316667412079827e+00
-1.560745765883312597e+00
-1.678146123265286338e+00
-1.561489995127606001e+00
-1.398094105275560661e+00
-1.152614954577951156e+00
-2.879092195850997626e+00
-1.460134752480970910e+00
-1.417107315049999094e+00
-1.654756749604854082e+00
-1.814830005220420928e+00
-1.135951236972671419e+00
-1.507639364815841931e+00
-2.004844491320061817e+00
-1.281076189583791436e+00
-1.581382120508751044e+00
-1.491958237346504790e+00
-1.506912874196034258e+00
-1.335887498193164991e+00
-1.600949095296049673e+00
-1.471239975025510960e+00
-2.016352580110102988e+00
-1.393243186748270634e+00
-1.165341404730007246e+00
-1.514790465797882124e+00
-1.267498878988009059e+00
-9.962219369808795744e-01
-1.988123350543211876e+00
-1.730488680248966515e+00
-1.645437859461774455e+00
-1.083316222417616714e+00
-1.536437501414771090e+00
-1.625472732685470545e+00
-1.206796877713538496e+00
-2.140930221640851894e+00
-1.401262513495869833e+00
-1.270813886287886385e+00
-1.158244801383643718e+00
-1.154343931625993802e+00
-1.578176371692190161e+00
-1.944685272201159165e+00
-1.552908527437650177e+00
-1.783991305574603947e+00
-1.031189420289609249e+00
-1.957821904035618621e+00
-1.639903169056240451e+00
-1.523216541542523617e+00
-1.086373938161229402e+00
-1.338985725847624542e+00
-1.237701014601624516e+00
-1.472481220988676620e+00
-1.976694439202872244e+00
-1.675305358080396267e+00
-1.845947572276890991e+00
-1.624708789242567564e+00
-2.365365000339487267e+00
-1.136048976713043723e+00
-8.520187589853954746e-01
-1.446341111048349726e+00
-1.020319141014983444e+00
-9.116976632051333462e-01
-9.289041339921746410e-01
-1.072373399576722841e+00
-1.499085526976449145e+00
-1.430392833440660372e+00
-1.680440218743701752e+00
-1.326492038602117285e+00
-1.870480234505949912e+00
-2.275580689132811862e+00
-1.221506948337238496e+00
-2.243382512426449260e+00
-1.897663276810924282e+00
-2.003192135276195440e+00
-1.227912697427703703e+00
-2.156493933392811257e+00
-1.675423379770221155e+00
-1.361273444894373075e+00
-1.949023444653902981e+00
-1.612036418788675318e+00
-2.057095249607901355e+00
-1.840401780918281993e+00
-1.486862925861115015e+00
-1.594834616823448181e+00
-2.379025187865008384e+00
-1.375268195772180624e+00
-1.362737094696984119e+00
-1.623578058557448189e+00
-1.603948694609454995e+00
-1.557979346114495955e+00
-1.674492839987700155e+00
-1.160259706741567864e+00
-1.447339982706989714e+00
-1.503807701270265973e+00
-2.268540220231491045e+00
-1.295666422598678924e+00
-1.975313421760667154e+00
-2.216237871209401078e+00
-1.611489251649032894e+00
-9.726162435726198874e-01
-9.656895597060906056e-01
-6.241915434647526961e-01
-1.442716557348703965e+00
-1.260954857689507991e+00
-1.083893162788627684e+00
-1.272427436123991118e+00
