-3.407811132780822390e+03
-3.499605448831611739e+03
-3.659390247997399911e+03
-3.906382200688772627e+03
-3.920439248452208631e+03
-3.839482291772075769e+03
-3.791967505342299773e+03
-3.704856472187221698e+03
-3.544114141597458456e+03
-2.872848114098590031e+03
-4.090201209702877350e+03
-4.113610243923397320e+03
-3.307696962414988320e+03
-3.922685515690939155e+03
-4.144552619961375058e+03
-3.563588526990504761e+03
-3.347910653649520555e+03
-3.234263587740554158e+03
-3.598120963178534566e+03
-3.996656695819886863e+03
-3.766207860519059523e+03
-3.983040174689139349e+03
-3.612679751595201196e+03
-3.448007620514797054e+03
-3.925244639397102219e+03
-3.913993314127576923e+03
-3.764234269019357271e+03
-3.879904707730368045e+03
-3.770737250253810998e+03
-3.548710688379727799e+03
-4.098291503470321913e+03
-3.980490384050538523e+03
-3.378161317175954991e+03
-3.786057047463872550e+03
-3.461666376573525213e+03
-3.728980994730575731e+03
-3.662740610688384095e+03
-3.562479965521752547e+03
-3.745733119645331499e+03
-3.783214770783702079e+03
-3.770933263837433060e+03
-3.781654252851689762e+03
-4.095992595042251651e+03
-3.950455907271609703e+03
-4.086616904290276125e+03
-3.804510838232185051e+03
-3.505865898288011067e+03
-3.775025610056896312e+03
-3.590192771432659356e+03
-4.079214896297727591e+03
