-2.068173159784538839e+01
-3.081439712217133575e+01
-3.082888912212923671e+01
-1.786794536208483919e+01
-3.601349309187611425e+01
-4.301525503984702681e+01
-3.775521942978800638e+01
-3.191726161751449808e+01
-3.719850845404126716e+01
-4.150172639909314398e+01
-4.657049356533912743e+01
-5.590231535491076187e+01
-5.349734794276145777e+01
-5.008283375387978253e+01
-4.689581650942545821e+01
-3.957232981016001361e+01
-4.338093781142347183e+01
-3.578482073199886315e+01
-3.071034265926093454e+01
-3.916168781575518665e+01
-3.794373699612154383e+01
-3.209548329328407590e+01
-4.020608822359668721e+01
-5.262709826653330936e+01
-4.551061323085978927e+01
-4.208290565796580296e+01
-4.747298337159638493e+01
-4.392498381347536451e+01
-4.660019048391639274e+01
-3.930425990409234061e+01
-3.988294125762988074e+01
-3.658564609653125643e+01
-4.271090373150367725e+01
-4.060580370137924433e+01
-3.610721147687279853e+01
-3.335394058432054010e+01
-4.062802532489654084e+01
-5.114067395391350601e+01
-4.019981550136436965e+01
-4.101741693037222802e+01
-4.676810807859855856e+01
-3.808897890521622998e+01
-5.324008950851115429e+01
-4.311999898441769119e+01
-3.445319090295792819e+01
-3.811291810129358737e+01
-3.998499267290546300e+01
-3.835199879769092490e+01
-3.852142031999838423e+01
-3.185419557127619683e+01
-2.833248070998224932e+01
-3.130771947260464927e+01
-2.663361562867482490e+01
-2.095155045864009935e+01
-2.542888822059322962e+01
-1.843316006129803242e+01
-1.987165617637079507e+01
-2.271917089220853114e+01
-3.475983922483868582e+01
-3.141133155376898500e+01
-3.574223577365739857e+01
-3.149141450173453904e+01
-2.968494212936014165e+01
-2.840649221758748766e+01
-2.504743931606789076e+01
-2.072210567073160803e+01
-2.469582357740615564e+01
-5.712037075723305435e+00
-1.133555435631310360e+01
-2.848470307972771209e+01
-2.462350296336703082e+01
-3.069135916241210538e+01
-2.968589870489806870e+01
-2.214105076854173859e+01
-2.354866017210314411e+01
-1.887913866943594243e+01
-2.788192096482623228e+01
-1.897220480469916382e+01
-2.233260126735176598e+01
-2.445756029759840189e+01
-2.003376359471456070e+01
-2.420055294626148168e+01
-1.983977657147224960e+01
-3.914815239186291596e+00
-2.542644683111219805e+01
-2.540592307831063579e+01
-1.738311800937152896e+01
-2.057619568174020586e+01
-2.254498107562888265e+01
-4.018770040009179922e+00
-1.486186526642107530e+01
-1.948585373212452865e+01
-2.099741749912773869e+01
-9.351254606681397519e+00
-1.659462397135949274e+01
-1.463298133205918106e+01
-9.423654655726668494e+00
-2.088940023029174853e+01
-4.090896590300054037e+00
-1.690183091675903304e+00
-1.828478545019856227e+01
-1.360511774786895245e+01
-1.922382009558667804e+01
-1.165407270244140925e+01
-1.377488132524360331e+01
-1.797626340906138154e+01
-2.109418027829725517e+01
-2.182345067277429607e+01
-1.823593701794261435e+01
-2.083958276450746538e+01
-2.177984333243512083e+01
-1.666619406719636842e+01
-2.415951029074604151e+01
-1.861604591348900328e+01
-2.149662551716804515e+01
-2.554654630910152946e+01
-2.154442965395302778e+01
-1.909010573066669281e+01
-2.149159202548795378e+01
-2.308683898080371577e+01
-2.277667324746487765e+01
-2.781367220832541776e+01
-2.306788911252384366e+01
-2.374261146297367020e+01
-2.652954939218451713e+01
-1.789838334541979492e+01
-1.494276180211043759e+01
-1.632451973884017349e+01
-1.715609600341290530e+01
-3.342680347247430905e+00
-2.859269770029113644e+00
-2.051609530072095566e+00
-3.292091360705466485e+00
-1.151716026196447018e+01
-2.367111095740642046e+00
-2.681269037035500791e+00
-1.972537565063256171e+00
-2.661400692624839692e+00
-2.905125826888673934e+00
-2.405120621649989854e+00
-2.475223571573086812e+00
-1.934523268102652072e+00
-2.523944731552399734e+00
-2.449786316112439799e+00
-2.573267406666713608e+00
-2.222072251104390883e+00
-2.596523771086855614e+00
-1.334108805862520786e+00
-2.013860416919548868e+00
-1.258228380486380082e+01
-2.822013094586939719e+00
-1.233382758944636892e+00
-1.845517180980433825e+00
-1.234215033591279820e+00
-2.588731199632950730e+00
-1.106356248930882247e+00
-3.238281705956171930e+00
-1.390348116763542752e+00
-1.832647059633094822e+00
-8.206689124016006698e-01
-2.358740578077172412e+00
-1.031035661402584580e+01
-2.288588368930588857e+01
-2.438162717279090330e+01
-2.375924510566535730e+01
-2.634096008038840608e+01
-2.610683103191195897e+01
-2.491638614871014923e+01
-2.310011787653017379e+01
-1.933742753588423113e+01
-1.899088332616289776e+01
-1.869587062912446029e+01
-1.609067755491726359e+01
-1.762297756049468234e+01
-1.949518887196883909e+01
-1.975336512773992936e+01
-1.547330415403878767e+01
-4.051230369365728556e+00
-1.813620693939201800e+01
-2.053043156794410962e+01
-1.866870252195140267e+01
-1.850406356099492911e+01
-4.720661860987151570e+00
-3.533889666552428643e+00
-1.902419882732431944e+01
-1.862335436228006458e+01
-1.702909822063420719e+01
-3.478104365881940385e+00
-1.579562884511317300e+01
-8.946290073143497779e+00
-3.001306177239476458e+00
-3.611618414269495592e+00
-1.882612213663938716e+00
-2.590223045303995608e+00
-2.468228196939250108e+00
-6.022806291923426869e+00
-1.554193972928369050e+01
-2.043901361459110078e+01
-7.943071392113546736e+00
-2.020585973197427609e+00
-1.678115246404707150e+01
-1.259858605784631003e+01
-3.047047272442747978e+00
-1.787692910040895367e+00
-1.486280815729788207e+00
-1.519644612273119755e+00
-2.120600620368922939e+00
-2.219917340026646979e+00
-2.972977153555345975e+00
-3.805410583450355766e+00
-8.438632993659357373e-01
-2.165352138192591536e+00
-1.180200301475501812e+00
-1.580737644346138948e+00
-2.066726717718299966e+00
-1.393370627067347822e+00
-1.364247575531507328e+00
-1.729775765372879803e+00
-2.232007028461863385e+00
-2.662160253536666854e+00
-2.349595205652241336e+00
-1.570184323001636129e+00
-1.623085608194410945e+00
-1.410859825441696414e+00
-1.757370501999417245e+00
-1.692298163561742230e+00
-1.773784223840319862e+00
-8.007161023110214160e-01
-1.281407773593460586e+00
-1.322142375539336001e+00
-2.619018956001086362e+00
-2.403526900502966246e+00
-1.552529456996406099e+00
-2.041725035516376519e+00
-2.220982628061336062e+00
-2.184827706342253428e+00
-2.813428318265770667e+00
-2.657569831939522231e+00
-2.481317441480531016e+00
-2.333653803973420260e+00
-2.079362988411391999e+00
-3.090098794565986129e+00
-1.643985679130123723e+00
-1.558958431467932337e+00
-1.967362595468848507e+00
-2.659290104718042169e+00
-1.861391720172471231e+00
-1.617259957241432566e+00
-1.379201035987592405e+01
-2.620484974024254843e+00
-3.703965154751828859e+00
-3.679815648173244469e+00
-2.797883449936010347e+00
-3.078024975172376276e+00
-2.646630710963441047e+00
-1.247628575254534589e+01
-3.919801533559606810e+00
-3.387104473982014419e+00
-3.220105161620324452e+00
-4.095514894530770889e+00
-1.143798448410277402e+01
-1.717275276329050637e+00
-3.606534367073397362e+00
-3.084222859881926571e+00
-3.098499250595808441e+00
-7.695846038888332963e+00
-3.843639871903845151e+00
-3.869804342785720053e+00
-3.078951794821958021e+00
-1.461836216405810518e+00
-1.096116371725432082e+01
-2.906929144633290107e+00
-3.496252962431673605e+00
-3.378457275929149350e+00
-3.746111036592883803e+00
-3.205685933515144193e+00
-1.783219704870323952e+01
-2.744460258673704356e+00
-2.230816885665786398e+00
-1.411293190547808152e+01
-3.095299927968829135e+00
-4.536926567363879670e+00
-3.013255177933399143e+00
-3.309136591694282536e+00
-3.573123574977481010e+00
-4.406812261638061834e+00
-3.095044336653999917e+00
-3.747465330917585380e+00
-6.824571878851053874e+00
-1.439831582029667523e+01
-4.349776733405162688e+00
-6.179048772273115553e+00
-1.897238915370762724e+00
-2.019500536006753055e+00
-1.818548577672931765e+00
-1.736482465247270346e+00
-1.575139724989609746e+00
-2.536398839133737315e+00
-2.032173265893199243e+00
-1.675185454694324561e+00
-1.840689131457228012e+00
-3.086617296838892521e+00
-2.482764015763518906e+00
-2.412460178545989375e+00
-3.650078144696836890e+00
-1.567495358027743757e+00
-2.355458463898806976e+00
-1.739728719866766804e+00
-2.996182854985149913e+00
-2.924977857048492336e+00
-3.025990725040653029e+00
-2.478871964863196276e+00
-2.557548376781795252e+00
-1.830028099447045919e+00
-2.416526835376154203e+00
-3.340163142335662805e+00
-3.277980985906228106e+00
-1.870579469009942208e+00
-2.041585151800359821e+00
-2.003549410550033993e+00
-2.312779126294886023e+00
-2.230933895002500389e+00
-2.856316684566202024e+00
-3.098187016273100003e+00
-2.331505375797249258e+00
-2.559071090167333473e+00
-1.642690051435290233e+00
-2.229625031717974437e+00
-2.032093102095763104e+00
-5.294123879346556372e+00
-3.030101690493776534e+00
-2.527089829943637511e+00
-1.505175253087261966e+00
-3.039152744249181026e+00
-2.409225228184906697e+00
-2.582393035377462454e+00
-2.340314999159114340e+00
-1.967105243851456242e+00
-1.696874206350679204e+00
-3.432594319589054255e+00
-6.480952842391311641e+00
-2.286454046957156816e+00
-2.831155164513159406e+00
-1.905412062700854836e+00
-3.124407906443333438e+00
-2.642666126040799757e+00
-1.686855605027401728e+00
-1.613289392234264374e+00
-1.745954594705572127e+00
-2.099561145387434991e+00
-2.654252383047079888e+00
-9.012717167756042258e+00
-1.884241091858747996e+00
-2.524992554531883648e+00
-2.233270966995474005e+00
-1.953818214370467432e+00
-1.505657788736788794e+00
-3.415963083019257329e+00
-1.334837116481689012e+00
-2.227560473977336031e+00
-2.458361515041536549e+00
-2.246299962149605367e+00
-2.731220562131737584e+00
-1.408304853641686893e+00
-2.137382693900365283e+00
-2.053624413529169246e+00
-1.757940418329946297e+00
-2.680756189657866884e+00
-2.245973128910854211e+00
-1.547065268358856382e+00
-2.517976161994142537e+00
-2.124248899876800323e+00
-1.863790376691649708e+00
-1.142137674779135637e+01
-1.966670941304802156e+01
-2.496071112867760178e+00
-2.027207190338728093e+00
-1.170250107777920601e+00
-1.645764011663953807e+00
-2.249977803359009432e+00
-1.946939110209296109e+00
-1.878402369700557406e+00
-2.151773040288040395e+00
-1.568515211252939068e+01
-2.200195537029230408e+01
-2.052112414822492426e+01
-4.760542582412958801e+00
-7.716585421322334604e+00
-5.270576693799253754e+00
-3.142640985527118680e+00
-1.085244145337126120e+01
-2.652726285015805985e+00
-3.045105055158530138e+00
-2.798758085155902631e+00
-3.183447315392792465e+00
-3.370408318987439866e+00
-1.275929160002490903e+01
-1.725176113317469628e+01
-3.048766420405078392e+00
-1.839767466750199087e+00
-1.997835215707792100e+00
-2.585918188126478334e+00
-2.733982418102559819e+00
-2.151378650389676572e+00
-1.699152225711872077e+00
-1.514559088970197198e+00
-2.762491468483143642e+00
-2.765782655131550083e+00
-2.297168903677181184e+00
-2.600118161381797410e+00
-1.467786489833024399e+00
-2.517650560339235177e+00
-1.653592059292634087e+00
-3.054919434393639666e+00
-6.237010828815447994e+00
-1.931816744549175624e+00
-1.026557612519812146e+00
-2.030444214883150522e+00
-1.538383271097314653e+00
-2.601263187620164175e+00
-3.712476789035293212e+00
-9.610746589518564420e+00
-8.172932642241043766e+00
-1.162546970745168196e+01
-4.466165347209583913e+00
-2.928152794209069043e+00
-3.014505960358100367e+00
-3.287071339349732835e+00
-2.979539346385373655e+00
-3.016049663395665270e+00
-3.081888548242607051e+00
-1.834486223676280048e+01
-1.097869358431137954e+01
-2.507834790024029648e+00
-2.324163801619095526e+00
-2.328030349263880971e+00
-2.105341150650310578e+00
-1.746480058045766892e+00
-1.692033073778565821e+00
-3.840711990046301150e+00
-1.294831578061110156e+00
-2.684105949339305575e+00
-1.641490633100085139e+00
-1.925999011170325792e+00
-1.292335129981255193e+01
-2.064539651892217620e+01
-7.447165448659962550e+00
-1.822646740762419171e+01
-5.163067729198307809e+00
-5.000271158177291397e+00
-3.144868067668630474e+00
-2.362288589245212567e+00
-8.128303543331570680e+00
-4.536581650326993120e+00
-3.764328115493822402e+00
-3.154213768250974326e+00
-2.188167164100728979e+00
-2.899351364033177170e+00
-2.171278975533837752e+00
-1.696277157863700591e+00
-2.459119552466326297e+00
-2.362383656402537113e+00
-1.381062361785042159e+00
-1.698771914447318121e+00
-9.612050851772592219e-01
-2.520417947245170431e+00
-1.162814044773140321e+00
-1.752601248705337955e+00
-3.198034607836452103e+00
-1.710626488182283467e+01
-4.428620085186895317e+00
-2.750055498321284819e+00
-1.868665550733973113e+00
-2.944716509529085258e+00
-1.425079590453973477e+00
-2.320134308657109123e+00
-4.056749866649998815e+00
-2.265389131528600775e+00
-1.648250673079942441e+00
-1.834759016841482682e+00
-1.868818331274576749e+00
-1.826178731556363122e+00
-3.071477813242693866e+00
-2.653571414074279655e+00
-2.616703149035506382e+00
-3.123095008047066745e+00
-2.601941733019115244e+00
-3.166366638763059793e+00
-8.864974796705773485e+00
-3.872645077448900519e+00
-4.155217205005921066e+00
-5.360960884788051217e+00
-8.527660350814631585e+00
-2.045292297008253879e+00
-2.170552765954025354e+00
-1.412578857684321010e+00
-2.344140630866565544e+00
-2.387851362759719542e+00
-1.795967319180314936e+00
-1.638569556957192974e+00
-1.638853168919120362e+00
-2.415919324671071511e+00
-1.917220227942536104e+00
-1.950624490148537893e+00
-1.823168564452460005e+00
-2.655322235645819262e+00
-1.926186568891370410e+00
-2.329123965908131755e+00
-1.830730996958111811e+00
-1.615298960487058011e+00
-9.108370733204068870e+00
-2.235493517951951059e+00
-2.911782236000885149e+00
-2.721986065303495739e+00
-1.682201716464865937e+00
-1.968651767915739370e+00
-1.971990798601196415e+00
-1.493605349271098115e+00
-2.020409755194028101e+00
-2.534512941976525102e+00
-2.288709504763430047e+00
-1.989114122375367666e+00
-1.018148653095724665e+00
-2.040503095158249014e+00
-2.264530349705932810e+00
-4.635882392759156367e+00
-2.335284081044337601e+00
-2.194339987749414966e+00
-1.886918088072545130e+00
-1.803029675672565668e+00
-2.204189517495421580e+00
-2.122266967135086890e+00
-1.618665295021636696e+00
-2.349395216200005798e+00
-1.568516563328992586e+00
-1.672761807604054685e+00
-1.746120100524907848e+00
-2.945343488973770185e+00
-2.136890199522115452e+00
-1.870591204259678397e+00
-1.107313251223151163e+00
-2.267478811582335219e+00
-2.156344395792906710e+00
-1.358386804225237610e+00
-1.987392207124772270e+00
-2.386386388566673844e+00
-1.802508068671369479e+00
-2.284120334942735031e+00
-2.955500612509933678e+00
-3.099950201640408576e+00
-2.687112944901261624e+00
-1.679089790464942000e+00
-1.992829358234326609e+00
-2.546621273539654062e+00
-2.570406108745876939e+00
-1.300471942612622778e+00
-1.411700309018739885e+00
-1.419955964836817186e+00
-2.728692332650993091e+00
-1.679678831394013416e+00
-1.709708119901634849e+00
-1.757239770429421366e+00
-2.281071908352026778e+00
-1.733559566186818612e+00
-2.203600259892998015e+00
-1.964284125516926549e+00
-1.164051637544063933e+00
-1.107188155436210408e+00
-1.970432217741360903e+00
-1.394812260080479094e+00
-2.228329689560061055e+00
-2.341938378677823174e+00
-1.462762363667845289e+00
-1.458390841070597466e+00
-2.353043909772063902e+00
-2.702040854551372995e+00
-2.213473658808707611e+00
-2.057233406700847311e+00
-1.899683697308949482e+00
-2.057743705713369842e+00
-1.895754663904155590e+00
-1.789245385311324599e+00
-1.471988191532467294e+00
-2.512897643362740130e+00
-1.606460010946363148e+00
-1.575944376684675019e+00
-1.704081703152116933e+00
-2.770251963787343286e+00
-1.152241825600928360e+00
-1.103367506604747472e+00
-1.737577247506167710e+00
-1.195363735568933938e+00
-2.222514908826668911e+00
-1.528074129366892908e+00
-1.912695649603269654e+00
-2.176436305659257719e+00
-2.310193125020672422e+00
-1.359298880740000603e+00
-1.600449806334917291e+00
-1.269898582764127815e+00
-1.990485637090837256e+00
-1.608512949846982343e+00
-1.604319428744118481e+00
-1.675984589919360834e+00
-1.350551450968680456e+00
-2.100384998300765638e+00
-2.132375430602131861e+00
-1.523371024293250331e+00
-2.049685153234297896e+00
-1.710613678890017475e+00
-1.726705098682681516e+00
-1.711257739216271778e+00
-1.820857851556020757e+00
-1.907152039737624483e+00
-1.611650071499812542e+00
-1.908216939646119270e+00
-1.608811820919296753e+00
-2.156378784165345674e+00
-1.855180900620027273e+00
-2.042312819144114222e+00
-1.544294508395601451e+00
-1.476476638046745338e+00
-1.249869965848334319e+00
-2.214988415815513090e+00
-2.226114538435981061e+00
-2.639609826732901787e+00
-2.839574926858073223e+00
-1.401069443307630280e+00
-1.370085453493761207e+00
-1.713000705472845331e+00
-1.348572092523456778e+00
-1.402708592334144688e+00
-2.421513865477570526e+00
-1.987892504719115827e+00
-2.085319716815592805e+00
-1.639870577373604421e+00
-1.531650925562884513e+00
-1.109310066074768120e+00
-2.443462247402448106e+00
-2.233697366125210415e+00
-9.854269356025757709e-01
-9.823822239365284759e+00
-5.906140214387308518e+00
-5.458930633031267909e+00
-3.668333788912188975e+00
-1.535654521232289049e+01
-2.298431335932903163e+00
-1.921864876322156412e+00
-7.718349729321936081e+00
-1.771943459343538141e+00
-1.876722364145786415e+00
-7.045451580325221563e+00
-3.962119988292761352e+00
-3.256956994885551460e+00
-1.700280171228494197e+01
-8.312897523448485870e+00
-3.097052851664667372e+00
-6.652239706117902607e+00
-2.105011668950804715e+00
-2.486646699416003248e+00
-3.206916378650262800e+00
-4.083909067086591627e+00
-1.451090826956826341e+01
-4.547535334596987333e+00
-3.621860208990300478e+00
-3.534680934968890575e+00
-3.044370705769014585e+00
-8.662024724431937273e+00
-3.044402443409890857e+00
-3.858654283772796845e+00
-4.294837802585520947e+00
-4.025012271469943670e+00
-2.793869267212679475e+00
-2.665007738480188682e+00
-2.421299176418507670e+00
-1.474976335352931267e+00
-1.049356906755186003e+00
-2.571928141094712128e+00
-1.914619524072455503e+00
-3.965933108465442114e+00
-2.165860465715192529e+00
-3.201075356750267886e+00
-3.488822254433286307e+00
-2.050102500184332044e+00
-2.261400425048367691e+00
-6.048599438206004208e+00
-4.126781834271866956e+00
-3.719000623664233895e+00
-7.057548041209212641e+00
-9.928170158710718951e+00
-2.781483546293169962e+00
-1.791940708374280433e+00
-1.633287811614662299e+00
-1.970590346654665037e+00
-1.175177770768542684e+00
-2.242658255412353085e+00
-1.877728083294075034e+00
-1.434402792647538449e+00
-2.214710767590233331e+00
-2.379131542648553754e+00
-1.932913593028704025e+00
-2.468571716037822217e+00
-2.053236239179150324e+00
-1.646654865929592315e+00
-1.469600049608138947e+00
-2.031116137518142128e+00
-3.820280504433923863e+00
-2.479440173498426603e+00
-2.916048282543326042e+00
-3.259563409749155483e+00
-8.631004178632462054e-01
-3.148203236406212024e+00
-2.364772390087674925e+00
-1.584488436025457858e+00
-1.622489545175308079e+00
-3.641877966829467628e+00
-4.492469480382496272e+00
-4.251507718853936524e+00
-2.770483423311287829e+00
-3.808190579561499867e+00
-1.998905084121740172e+00
-2.341862336177358284e+00
-1.537844340115507302e+00
-1.243269657857462684e+00
-2.155479483899666704e+00
-1.616630855275176915e+00
-1.885507049272945101e+00
-2.419075121248620341e+00
-1.991590497769101020e+00
-2.241132072069596415e+00
-1.453767722436836829e+00
-1.995673859269784911e+00
-2.184942322991032082e+00
-1.538639458180781405e+00
-2.315292960969930203e+00
-2.602784271653565185e+00
-1.474301019716723671e+00
-1.543053111862711546e+00
-2.307633305800824708e+00
-7.838779778613998994e-01
-1.797676125204776154e+00
-1.045028091265531645e+00
-1.437591220790530144e+00
-1.326611893645530227e+00
-3.167469442240277377e+00
-2.761741979730868213e+00
-3.296049528109044502e+00
-1.440361732239650472e+00
-3.286274246669696364e+00
-3.532352207947283329e+00
-1.588542629459795963e+00
-2.635201797684070701e+00
-1.772179874027142610e+00
-1.945903939790826875e+00
-2.702464796271283554e+00
-2.994031539868088121e+00
-1.864291535908694453e+00
-1.041841257909910112e+00
-1.218964252786720381e+00
-2.117218490969669187e+00
-1.409134157277512678e+00
-1.874767463313889992e+00
-1.736499316087086298e+00
-1.707001968202031872e+00
-2.541739236186568718e+00
-2.332973933567437097e+00
-2.454814242297616467e+00
-1.459721643360033738e+00
-1.741846517566601138e+00
-2.097563584988036300e+00
-1.455324451040358680e+00
-1.625580815261080669e+00
-2.046356260638460878e+00
-1.750721851223351999e+00
-1.325294256976070395e+00
-1.489243184340639292e+00
-1.326662995036955506e+00
-1.645148551836992601e+00
-1.828153863926821554e+00
-2.628079938166441476e+00
-1.500135143825877648e+00
-1.438763570836175454e+00
-2.229902192852153409e+00
-1.783345697507377592e+00
-1.910630884160440468e+00
-1.681630806455282734e+00
-1.686165357810879728e+00
-1.066966532464169282e+00
-1.542620864563072347e+00
-2.802579892286714447e+00
-2.546599145848541745e+00
-1.774832900003882497e+00
-2.524992487613671344e+00
-1.994871324418283187e+00
-1.321645906406867743e+00
-1.344622884192827605e+00
-1.230354742236479781e+00
-2.285704886618677101e+00
-1.603603560935815464e+00
-1.161987086783790479e+00
-1.258938462019362881e+00
-1.568355534143496266e+00
-2.336480590054163198e+00
-1.556821449188643625e+00
-2.186470602497354587e+00
-1.647930791039424303e+00
-1.797120009882978708e+00
-2.659748310424517204e+00
-2.854874375570340739e+00
-1.677474329215072002e+00
-1.500927852977987031e+00
-2.509625425305615387e+00
-1.851199234599778087e+00
-2.597673695288506668e+00
-2.259945047222304826e+00
-2.064864955558159743e+00
-1.558408139246364232e+00
-1.274744969760994717e+00
-2.314616271862769192e+00
-1.473302488191437387e+00
-1.213575187378950870e+00
-9.079202228276941344e-01
-2.662681336497033868e+00
-1.395408059327259753e+00
-1.245167250689454441e+00
-2.279899596922395855e+00
-9.191451399889292162e-01
-1.840098481285904697e+00
-1.712215087608970121e+00
-1.689636661047608124e+00
-7.440300331421901836e-01
-1.026888511092418410e+00
-3.575576801309927166e+00
-2.593071892167679415e+00
-2.192249367667421733e+00
-1.668735232320767370e+00
-1.624425462841833756e+00
-1.456467040933515866e+00
-1.489947809742143470e+00
-1.786139102848987692e+00
-3.033215748046278026e+00
-2.925316863935455203e+00
-2.359603163094440514e+00
-2.340505762245665533e+00
-1.212931770733349124e+00
-1.705640078436067464e+00
-1.307745043221450132e+00
-1.958604909145339468e+00
-1.105690493750025372e+00
-1.865196138738117293e+00
-2.690985515846468168e+00
-3.123157993788445275e+00
-1.632882057195483183e+00
-1.161015816392915179e+00
-1.124039868781054885e+00
-2.079619287367691527e+00
-1.287008746539150206e+00
-2.620899381389040883e+00
-1.383913010700495771e+00
-1.885685846568913693e+00
-2.425255384046357765e+00
-1.107842317158326928e+00
-2.490326607767435974e+00
-1.801118809781711461e+00
-2.417503158870083713e+00
-2.903118279186518880e+00
-2.323972800883078893e+00
-2.022572081545857436e+00
-2.738778909663577288e+00
-2.990070148978031028e+00
-3.125593654303263413e+00
-2.789597953627763971e+00
-2.462456567339014857e+00
-2.366131767643609773e+00
-3.014278864398931113e+00
-1.888370516861037851e+00
-3.190698272103511091e+00
-2.433945281219688894e+00
-1.943934635770307118e+00
-2.867838920415226589e+00
-1.815576897284652658e+00
-2.171368338404041864e+00
-2.242581622728063717e+00
-1.895257545579301039e+00
-1.577147720135015918e+00
-1.382616938175437182e+00
-1.119853149129359071e+00
-1.183306916248144214e+00
-3.273821684497273399e+00
-3.326325280563893205e+00
-1.826415970834886382e+00
-1.570510689895767475e+00
-2.148271446652048944e+00
-1.810809350170277998e+00
-1.589336735803257517e+00
-1.488729580413109987e+00
-2.152927140437222775e+00
-1.200570172928030699e+00
-2.539672147559560056e+00
-3.464523280810699823e+00
-3.225091113698153933e+00
-2.646250080656794790e+00
-8.651041335276129507e-01
-1.285005084679073262e+00
-1.162260163815445502e+00
-9.328023858254971268e-01
-1.080358571282834967e+00
-1.972475454703858766e+00
-1.561336098422963170e+00
-1.343755980352045132e+00
-1.973198738056023860e+00
-1.556933075462884064e+00
-1.897873155244948817e+00
-1.464429698412557768e+00
-2.467857833386762234e+00
-2.148048673858601099e+00
-2.476803553342311393e+00
-2.309408369809383910e+00
-9.158194877042160620e-01
-1.102234103575975510e+00
-9.897564190288277164e-01
-8.361187805756169489e-01
-1.679788023850876000e+00
-1.311018908906998348e+00
-1.317851395221651511e+00
-1.482563542454579331e+00
-1.542274369368187292e+00
-1.120105944087258054e+00
-1.318784577847244011e+00
-2.152702818515348060e+00
-1.787328891325807856e+00
-1.420948118770331003e+00
-2.627590279652978200e+00
-1.209241290357967014e+00
-1.605012219657570904e+00
-1.431932842854118926e+00
-3.028699947313915342e+00
-1.479671707228821464e+00
-1.427193397854370716e+00
-1.340254569400774365e+00
-3.156885221315229195e+00
-2.202754474612540925e+00
-1.110098436617862117e+00
-2.387310856267848891e+00
-3.183230348376672847e+00
-2.309738164949088013e+00
-1.319589606465753295e+00
-1.244481083495379226e+00
-1.247123336388156645e+00
-3.196583987410475114e+00
-3.817187325838712120e+00
-3.307424372642152832e+00
-3.468651916109743993e+00
-3.425755710788263464e+00
-2.550152560724446626e+00
-3.676316469272948861e+00
-2.755412327406633111e+00
-2.607545100005460359e+00
-3.550324419579630408e+00
-5.268055037118477557e+00
-2.670844864644674743e+00
-2.147858988724985707e+00
-1.125872487919569842e+00
-1.769552695819616828e+00
-3.004930588664080915e+00
-2.581391703884457822e+00
-1.730012657171834389e+00
-2.285846915431239523e+00
-1.532731484688129697e+00
-1.346700015032719744e+00
-2.150592448433108927e+00
-1.238146481043564506e+00
-1.556866485095471431e+00
-2.671173387823816636e+00
-4.834517532960616037e+00
-2.946432153503976803e+00
-1.755118047007620419e+00
-1.311853128586067063e+00
-3.273799617186132327e+00
-2.168278763205304216e+00
-2.631430115589846963e+00
-2.287613606443118286e+00
-3.425887118685108312e+00
-2.804467972619939520e+00
-1.546310043871504059e+00
-1.919228754169008067e+00
-2.382818976648184428e+00
-2.768635350225195690e+00
-2.879843729991950152e+00
-3.028013845639246693e+00
-1.030846584463957161e+00
-2.740784964322495743e+00
-2.576551388855274904e+00
-2.301900996595052096e+00
-2.754885140318821701e+00
-3.023042407806270315e+00
-2.011455061437807945e+00
-1.345575897339093441e+00
-1.933651178501147871e+00
-1.991031288202459004e+00
