-1.545991128982399232e+01
-2.570268077999099887e+01
-2.863673731310521475e+01
-3.403309779505140398e+01
-2.921533892926808207e+01
-2.652063094505664864e+01
-3.888740058362355256e+01
-3.760290633864867971e+01
-4.429198548870087393e+01
-2.782219911231188902e+01
-4.102391614816566801e+01
-2.692955193537427760e+01
-2.608574327722376296e+01
-2.464485023028649735e+01
-2.171640266785131956e+01
-2.057414106114011432e+01
-2.087939022716023985e+01
-2.604235807947369707e+01
-2.378234508499603805e+01
-2.526079026573529873e+01
-2.915661574137949330e+01
-3.477669529886470201e+01
-3.582674751679717673e+01
-3.301958909782919704e+01
-4.024311103945498047e+01
-3.187474168124314033e+01
-3.009675435040503544e+01
-3.553237764314796010e+01
-3.072122853448822610e+01
-3.350740419706924911e+01
-3.933488080660982433e+01
-3.066590136282381707e+01
-3.292230185126420849e+01
-3.460474482850688815e+01
-4.191294756811648625e+01
-3.750858223801943581e+01
-3.305180729330259481e+01
-3.245072014056351861e+01
-3.211374616604764753e+01
-3.874648134548678513e+01
-3.958724999729577831e+01
-3.377214684207378070e+01
-3.571406665367965871e+01
-4.635850812892671513e+01
-4.150227247770185812e+01
-4.211276246116420907e+01
-4.182830028334170436e+01
-3.652526419190337492e+01
-4.045390910008278240e+01
-3.162094615140118137e+01
-4.084733890896960418e+01
-3.841174624081538269e+01
-4.052242934345583336e+01
-2.858885946975345149e+01
-3.497069376740111579e+01
-3.118479916030075927e+01
-3.156107704272569947e+01
-2.741536610855442646e+01
-3.235792327860442441e+01
-3.410187527928160733e+01
-2.908838818805390503e+01
-3.831733149232972124e+01
-2.226410060968345661e+01
-3.344384333372514106e+01
-3.567554081244045960e+01
-4.007394177395688217e+01
-2.684655418575124131e+01
-3.527808885189183741e+01
-3.724419788095451622e+01
-3.664646791383815128e+01
-3.116065088880515077e+01
-3.670946717754608812e+01
-2.685364912547665384e+01
-2.756677151295664174e+01
-2.844146331834476982e+01
-3.150923143582189923e+01
-3.074181464911302442e+01
-4.130460520312751527e+01
-3.695577991057380984e+01
-3.292890521290780725e+01
-4.027375821153586344e+01
-4.300635792327916818e+01
-3.526810039340698921e+01
-3.320502704758695955e+01
-3.924960574476573782e+01
-4.112187759323836644e+01
-3.122370519591231641e+01
-3.928057865854810160e+01
-2.892250402433379364e+01
-3.814223202865593976e+01
-3.791678108307137762e+01
-3.357849682961639104e+01
-3.346818258945403812e+01
-3.757418961686341419e+01
-3.709721685884449016e+01
-3.399083844613581107e+01
-2.950125217474594308e+01
-3.267159248688800943e+01
-3.146906292013686368e+01
-3.951548519319231900e+01
-3.293799488596914671e+01
-3.838747518647417678e+01
-3.404577838524206612e+01
-3.906592855849618928e+01
-3.314087456126468823e+01
-3.098329254728503912e+01
-3.996690921869348756e+01
-3.870741221118733932e+01
-3.397123054102178230e+01
-3.977266342048960013e+01
-3.282526219736390516e+01
-4.043879972884428042e+01
-3.989069450745996903e+01
-3.499207377554843390e+01
-3.540023459777114567e+01
-4.002047813490261774e+01
-4.039825837329689762e+01
-4.036494804771513856e+01
-4.673507827003665227e+01
-4.333127806283855676e+01
-4.329893966029948871e+01
-4.099479547539162638e+01
-3.732859815177447160e+01
-3.370663678494733517e+01
-4.695388863168529525e+01
-4.086440091804541908e+01
-3.913450037536717474e+01
-3.307177042928165633e+01
-3.502128303110939100e+01
-3.248748723086426082e+01
-3.235412237323551210e+01
-4.096269011087237999e+01
-3.589739934466314963e+01
-3.825852790203737186e+01
-4.022468081168385368e+01
-3.027323670389578325e+01
-3.426644650475327580e+01
-3.630802052607571540e+01
-3.074210111240975252e+01
-2.847272593112766614e+01
-3.645922392596203565e+01
-3.306340212503761222e+01
-3.111363062061616702e+01
-2.699842144878921246e+01
-2.985814118192907785e+01
-3.562606020102752069e+01
-4.106431711905860027e+01
-4.154533567224839175e+01
-3.242676790664004471e+01
-3.799389188106565030e+01
-3.649982090161140036e+01
-3.027498781132478456e+01
-3.368012221431715858e+01
-3.549141524979773976e+01
-3.460478299024470061e+01
-3.136236017562996281e+01
-3.393338029964512970e+01
-3.599602940668820139e+01
-4.026482739971854130e+01
-2.963308863426289363e+01
-3.948129131874064512e+01
-4.155104272276488331e+01
-3.442964906144611348e+01
-3.848401161102794532e+01
-2.612417821364275028e+01
-4.210788300825176123e+01
-3.743210768349848649e+01
-3.524019680311282343e+01
-2.881149081478793406e+01
-2.524306940363665319e+01
-3.307833078105674929e+01
-3.278772753575822918e+01
-3.959086619379721839e+01
-3.455034681829338439e+01
-2.813431417435775828e+01
-2.577928142850645798e+01
-3.774975710086424385e+01
-3.029800080401905404e+01
-3.111578627824338028e+01
-3.332739610633120719e+01
-3.424647727674322795e+01
-2.994921367735427964e+01
-3.609872635644455130e+01
-3.379266149044783418e+01
-3.618965977253199640e+01
-2.983514754346350628e+01
-3.684524209731777233e+01
-2.912854070145360197e+01
-3.986763204550495487e+01
-3.778413935431031945e+01
-3.094393318085410272e+01
-3.885778889252213730e+01
-3.062906970838083254e+01
-3.837115370579454066e+01
-3.684796307675114235e+01
-3.395817055515285432e+01
-3.168991909025740839e+01
-3.238848942449864410e+01
-2.657719055782999362e+01
-2.935651811622147633e+01
-4.354381563879631045e+01
-3.835714395721610259e+01
-3.045660963463658177e+01
-4.295824938076361121e+01
-4.272234168383175046e+01
-4.156706680180816704e+01
-3.611229577571583604e+01
-3.532991175083546409e+01
-4.456969973457585610e+01
-4.065724483437832504e+01
-4.532907212386736973e+01
-4.015528642747094779e+01
-2.928114551527699660e+01
-4.170499657592949205e+01
-3.335661626358510290e+01
-3.684339445864954854e+01
-3.071659771671772532e+01
-4.213448843553626233e+01
-3.398403671339958265e+01
-2.745518520190480416e+01
-3.215775236573355755e+01
-3.295580109431929117e+01
-2.882505691322283781e+01
-3.815716115914455031e+01
-2.980343184431883330e+01
-3.933021232059413563e+01
-4.387212274915017929e+01
-4.405876934530056133e+01
-3.622393796712736957e+01
-3.602064169047492470e+01
-3.158403643409995354e+01
-3.201272593161183977e+01
-3.129627810938218957e+01
-2.736000110214198244e+01
-3.095424489316541283e+01
-3.772625817737600329e+01
-3.153915352808598627e+01
-3.178414433292800467e+01
-3.450337453627219730e+01
-4.003227308426128417e+01
-2.832538520094478685e+01
-2.978722209113234953e+01
-4.047924162890076616e+01
-3.702178872856937630e+01
-4.265623790893612011e+01
-3.025063749615783237e+01
-3.906932760827159257e+01
-3.257086200265029419e+01
-2.874112071230261733e+01
-3.950220837510078553e+01
-3.953097165484332720e+01
-2.677480717956206746e+01
-3.475693328029153406e+01
-2.817831888403814133e+01
-4.534359646280420719e+01
-3.379474172454865055e+01
-3.422216473221062216e+01
-3.872942789176561718e+01
-2.787771303470282902e+01
-4.186344462890262719e+01
-3.085197029065036034e+01
-3.636396253538127610e+01
-3.244888826399633075e+01
-3.505182249040112197e+01
-3.016150600540007432e+01
-3.976589297796784450e+01
-3.121513662751378249e+01
-3.432964243485081113e+01
-3.182654638911542122e+01
-3.787706859097838219e+01
-3.286925651999650455e+01
-3.404588281055355026e+01
-3.016084939613488558e+01
-3.207993029459057510e+01
-3.429173544994148415e+01
-4.196226329070540118e+01
-2.960144474864682707e+01
-3.658217084268336805e+01
-4.000482572593481478e+01
-4.063076723634924292e+01
-3.700957576590586484e+01
-3.584753643073452167e+01
-4.154141889137071075e+01
-2.763210493064764250e+01
-2.984691279674560960e+01
-3.065332836910391023e+01
-3.479290298423641303e+01
-2.731411830733726021e+01
-3.410407728133769467e+01
-2.701520085142247751e+01
-3.745476905205241991e+01
-3.166653436581946934e+01
-4.447126420901379618e+01
-4.214272643877541213e+01
-2.930442920451901756e+01
-3.565120147434497966e+01
-3.936793876928974356e+01
-3.738933001011634616e+01
-3.332047311884786467e+01
-3.702934460118512305e+01
-2.776963096284263344e+01
-3.495869295717470493e+01
-3.994646751359591974e+01
-2.823721738496234224e+01
-4.392932704235722241e+01
-3.546165172079059147e+01
-3.982598585840547400e+01
-3.369556787797159814e+01
-3.192650317212855882e+01
-4.218379963288350609e+01
-3.452142019188833899e+01
-3.617903263867270880e+01
-3.620978435736137868e+01
-3.326185555790554815e+01
-3.696594897594708584e+01
-3.409861652558238632e+01
-2.793003771192509532e+01
-3.471298813929730898e+01
-2.966548025005913658e+01
-3.800534543818764632e+01
-2.625161437199822956e+01
-4.156714579071283566e+01
-3.421772452849999979e+01
-4.239220442604081995e+01
-2.924694998033116633e+01
-3.353867772294582750e+01
-3.559320886920649230e+01
-2.383205003191945792e+01
-5.067311942647015144e+01
-4.244428755382782015e+01
-4.740273675737769565e+01
-5.392694470989228250e+01
-5.420342412391035225e+01
-4.884257315437093894e+01
-4.143563665793054440e+01
-4.688283688343371125e+01
-5.102854538363473580e+01
-5.109739144353861917e+01
-4.721257417620337549e+01
-4.283719022596708470e+01
-4.297212819087333457e+01
-4.094762199968619854e+01
-4.614116760412748874e+01
-4.500293962569177353e+01
-5.316415773539752365e+01
-4.753953296219444269e+01
-4.769502787084548601e+01
-4.877562537431617784e+01
-5.584429780686505751e+01
-4.051476671183591094e+01
-4.708705969752671905e+01
-2.703403181272797795e+01
-4.940150272258772901e+01
-4.858739134499294465e+01
-4.002458571073886873e+01
-4.871379154749043749e+01
-4.159461167060435116e+01
-5.167120229509758644e+01
-3.193187492922187332e+01
-4.440992639696455058e+01
-4.301440050189810194e+01
-4.308124996386010253e+01
-4.530093846938104463e+01
-3.862483790340739631e+01
-3.643208330139395912e+01
-3.287236462529762093e+01
-3.743605092733596962e+01
-4.459849780059877133e+01
-4.740819169579324210e+01
-5.069781242154224543e+01
-4.960424542716272356e+01
-5.296411931869431555e+01
-4.853575782249667725e+01
-2.675070119733341656e+01
-3.193558205063999011e+01
-3.158269836527388463e+01
-3.034746248616638553e+01
-3.341287054972675463e+01
-2.707728244921347738e+01
-3.634626838465420917e+01
-3.722367631305368008e+01
-2.884755308754250080e+01
-3.638772057651971181e+01
-3.347828050043321468e+01
-3.212088110608756608e+01
-2.819919195682413360e+01
-3.711944722980416600e+01
-3.925992310643270145e+01
-3.316039800517285130e+01
-2.177205696955010694e+01
-3.697191124773296167e+01
-2.483228275539089935e+01
-4.076904172979450891e+01
-3.945865805579146723e+01
-3.452655201573323751e+01
-3.550750426309363661e+01
-2.475926471315885635e+01
-2.595788968371581618e+01
-2.987263275925902306e+01
-2.537168764024241341e+01
-3.238407937739541609e+01
-3.256813519869303519e+01
-3.072779328994991133e+01
-2.910793168807166964e+01
-3.502873746522489995e+01
-3.954864239479773147e+01
-3.225641816066482903e+01
-3.671010026122562664e+01
-3.992325798076781496e+01
-3.951998161891394545e+01
-4.646393708215029505e+01
-3.157599077663331499e+01
-3.229634494738886730e+01
-4.158911894273821019e+01
-2.569864881097734255e+01
-4.160598862824426902e+01
-4.043723219689285031e+01
-3.975888487360602852e+01
-3.853242404472388927e+01
-2.712771994628379701e+01
-2.222289365791331761e+01
-1.524864180924023316e+01
-1.181089239266432322e+01
-1.604661793453076868e+01
-2.085901254841965624e+01
-2.000600386711862910e+01
-2.266778218232635211e+01
-7.797382349515039834e+00
-2.765555969110787871e+01
-1.947955221778017432e+01
-2.175364318335547154e+01
-1.684129240485316714e+01
-1.637045628060356961e+01
-1.963505778835239113e+01
-1.851925879316024393e+01
-1.787813808604867205e+01
-9.356419622953602300e+00
-1.922606836929161034e+01
-1.701897334659195238e+01
-2.076364256492450266e+01
-2.304059905785766027e+00
-1.027755225615363699e+01
-1.904122179016878746e+01
-1.144420485865753534e+01
-1.980475606188953108e+01
-1.153915957658323777e+01
-2.093971009552128137e+01
-2.571544677734118878e+00
-2.965447994234537532e+00
-2.281822514146593317e+00
-3.928475678394678372e+00
-2.556671304811013457e+00
-1.609594667783820299e+01
-2.157942644849959635e+01
-1.576869977324600214e+01
-2.007860979373202071e+01
-3.462660172623514221e+00
-3.355150561561995204e+00
-8.922200042382266716e+00
-2.346035232048046382e+01
-3.795595764420291118e+00
-3.194532158475028805e+00
-1.895571424889564582e+01
-1.645930092789690846e+01
-2.030445105195838096e+01
-4.764022375082475058e+00
-6.653571315005143205e+00
-1.604441378902803095e+01
-1.945618066714657246e+01
-1.816661123857686277e+01
-7.667921109590376538e+00
-1.451420290663078738e+01
-2.764433616392086890e+01
-2.342381036384518467e+01
-2.724881357460425590e+01
-2.325396271708151019e+01
-1.585423565232363785e+01
-1.967652063854886535e+01
-1.900390916077562053e+01
-5.531077506692823498e+00
-2.084783133216419770e+01
-1.862523328199978678e+01
-2.202122989338233694e+01
-2.117987331984142685e+01
-9.777673139785191481e+00
-1.528273938682289135e+01
-1.895068762322117450e+01
-1.854018441350696378e+01
-1.363650923084179567e+01
-2.110334188107079001e+01
-2.151105569425820008e+01
-1.855877860547323266e+01
-1.974774534602575216e+01
-2.024925360461822521e+01
-1.899428386735136343e+01
-2.485219362662575193e+01
-2.521043818991180530e+01
-1.957603840879446011e+01
-2.029199513414553735e+01
-2.193366517695223550e+01
-2.108110853945596119e+01
-2.035105364795288452e+01
-2.195558092374890080e+01
-2.292961939754102474e+01
-2.046960765874265320e+01
-2.215117850305366431e+01
-2.245624555917079945e+01
-2.222718347329187694e+01
-2.600929385229354196e+01
-2.459217342168901510e+01
-2.159001599667737281e+01
-2.571049121930374426e+01
-2.617557871265840674e+01
-2.591003657727732445e+01
-2.576803979559540991e+01
-2.850969818718643722e+01
-2.754503504020283344e+01
-2.603901438868603790e+01
-2.367092238565527396e+01
-2.113411359419395552e+01
-2.259033906745633047e+01
-3.127166277235964387e+01
-2.997373353419020248e+01
-2.890627964946154194e+01
-3.146808174314465134e+01
-2.353511735418970829e+01
-2.151080690711430421e+01
-2.758535724490399588e+01
-3.168112374033181666e+01
-3.268011908289556544e+01
-2.478071572641866993e+01
-2.814200667040971027e+01
-2.428491958703331122e+01
-3.552457350970174588e+01
-2.258566184219204231e+01
-3.214175088065645980e+01
-2.587323187017358350e+01
-2.323231009156565463e+01
-3.115489901190954569e+01
-2.866817372206591230e+01
-2.894765893982558680e+01
-3.266672832062179310e+01
-2.180825836389159988e+01
-3.400068121531902676e+01
-4.225491552841499043e+01
-2.631136338405088182e+01
-3.143621712415433933e+01
-3.075775451228653523e+01
-2.641808681375457013e+01
-2.248823256466440768e+01
-3.248847149012773627e+01
-1.385901636776884338e+01
-3.496861383685417479e+01
-3.164957539771724626e+01
-3.862421037860862327e+01
-2.398237170380306083e+01
-2.342842686002859054e+01
-3.853146617435887578e+01
-3.522016102442763241e+01
-3.037366993164006601e+01
-2.536409839836618474e+01
-2.934071689406338024e+01
-3.995810071262297924e+01
-3.681001016075619958e+01
-3.120306784006988465e+01
-2.572527753905734471e+01
-3.142912980602043405e+01
-2.128576681890172750e+01
-3.042074359105870940e+01
-2.827134635053559109e+01
-4.050599836308080626e+01
-3.356644371366315482e+01
-3.918054808173354786e+01
-1.869569765533129768e+01
-2.982331798482127994e+01
-3.119003542634588655e+01
-2.733945372497257509e+01
-3.543269168377989331e+01
-3.404345668305632699e+01
-2.232261712842604240e+01
-2.982409922148374548e+01
-2.900813884225717487e+01
-4.169704997070607533e+01
-2.624825156474926047e+01
-2.109546825727016284e+01
-1.879154751010852920e+01
-1.912075054249396189e+01
-3.271138470490422634e+01
-2.524227814681349358e+01
-3.807615279285969478e+01
-3.031355735712842758e+01
-3.580531434773812549e+01
-4.251548255581718649e+01
-4.149179440254929574e+01
-2.486793295694612738e+01
-3.547121833932521184e+01
-2.228014464143950946e+01
-2.676821979139760188e+01
-2.974072022133945836e+01
-2.488026208124033190e+01
-3.286830513441950075e+01
-3.020489937530972924e+01
-4.367327601804362303e+01
-3.113006305250859995e+01
-2.741232631295619981e+01
-2.537390310527588611e+01
-2.251186110650816374e+01
-4.335221497703086158e+01
-2.736140023439245894e+01
-4.156131630870022775e+01
-3.535032651587110308e+01
-3.678723076129868730e+01
-2.336076768272596738e+01
-3.971681166912502192e+01
-1.808032296493524882e+01
-2.759422764051469557e+01
-2.938374415022882857e+01
-3.541876804473312035e+01
-2.767432557432776719e+01
-2.106625683964466944e+01
-2.352668135263829186e+01
-3.341198583553798329e+01
-3.559412941488466231e+01
-4.644048376210547957e+01
-3.536592231668159769e+01
-2.031161773058829567e+01
-3.028858438438217249e+01
-3.124443214319207129e+01
-2.460688346969747542e+01
-3.915390345676223660e+01
-2.230318009905668575e+01
-2.428825966851229623e+01
-3.209595331521137496e+01
-3.207014265443599754e+01
-3.034467136257058684e+01
-3.617023976973000288e+01
-3.236897727415467330e+01
-3.266583552486383724e+01
-2.931296481684826105e+01
-2.627852639524956757e+01
-3.396645172142390834e+01
-2.964596684034706087e+01
-2.446468453638052765e+01
-3.362626747045024445e+01
-2.989453755512072064e+01
-2.730185777430451921e+01
-3.381592128639820771e+01
-1.975820710669723823e+01
-3.390854212504690679e+01
-2.784498610150243891e+01
-3.991190764040216266e+01
-3.111131460216564193e+01
-2.801280108150759318e+01
-3.445744996509689884e+01
-2.313389186730744740e+01
-3.476575816030319288e+01
-3.662396390406136959e+01
-1.684427529508233690e+01
-3.469139929508096287e+01
-2.944146644823559811e+01
-3.054774364407765574e+01
-3.073299229315632886e+01
-2.696630352584557500e+01
-2.135254792435506843e+01
-3.149871679215846143e+01
-2.047387836376863035e+01
-2.251893029538132751e+01
-4.408082068178028834e+01
-2.396755149613806779e+01
-2.969086643733620789e+01
-3.361996356757904891e+01
-2.952270868286976935e+01
-3.378440886838747303e+01
-2.809234293719325493e+01
-3.236240194980069873e+01
-4.038808118804473679e+01
-2.718936642555270922e+01
-2.084633333541788858e+01
-3.265819269176583362e+01
-2.146872985612297313e+01
-2.989809375067794406e+01
-2.916960987446799436e+01
-3.200669871977009251e+01
-3.161715884255388787e+01
-1.989902258045298566e+01
-4.309423043876827819e+01
-3.254513604493438805e+01
-2.026783590349812059e+01
-3.130754733598941186e+01
-3.702794413537525031e+01
-3.777093028832047139e+01
-3.299255892581473404e+01
-3.976984219213209570e+01
-2.669872823332364220e+01
-3.584577132849533143e+01
-2.890047049985528460e+01
-3.506500481371381994e+01
-3.380381258275716760e+01
-2.987687871545634266e+01
-3.923754038759486207e+01
-2.996228963697122794e+01
-2.451334305500561683e+01
-3.196324491496070763e+01
-2.164865363024853906e+01
-2.396616919183962224e+01
-3.165831655228353725e+01
-3.522275296192815830e+01
-3.628419440048576661e+01
-2.953663221421702190e+01
-2.672552958404854806e+01
-2.162740183270728878e+01
-1.920015433057580978e+01
-2.265253740906278779e+01
-2.440676879169311775e+01
-2.968289051334195960e+01
-2.340391732642006772e+01
-2.981161572879828370e+01
-3.734345438838790443e+01
-3.359641549809071392e+01
-2.803494707045097911e+01
-3.071413826142411452e+01
-2.418196496431522746e+01
-3.146467713772923602e+01
-2.144075948176207191e+01
-2.873377821132255860e+01
-1.949111474441055591e+01
-3.442112163256644664e+01
-3.438353785925666273e+01
-3.216124574858977780e+01
-2.921621266952220353e+01
-3.162420611511177526e+01
-2.383732269633177481e+01
-4.349254219691780321e+01
-3.344829306450388628e+01
-1.948380068064800241e+01
-2.465509585599539832e+01
-4.092884626180903496e+01
-2.356208247763424879e+01
-1.765270167523388878e+01
-3.841042236522572750e+01
-4.441949471530190863e+01
-2.498846871641679002e+01
-1.162559536680181438e+01
-3.252978322708173664e+01
-2.683579835725469209e+01
-3.915664974966146872e+01
-3.175815406952128939e+01
-3.056574932954795187e+01
-2.246790092511538006e+01
-3.651322316278871938e+01
-2.760313133267698404e+01
-3.638322847051689735e+01
-3.368518384992986370e+01
-2.080331500260260214e+01
-2.159832272861510560e+01
-2.796460131853199016e+01
-3.048871544624676844e+01
-2.200612604230181191e+01
-2.681651640679635307e+01
-3.404214884192693091e+01
-4.135624986580398854e+01
-3.212674462818033305e+01
-1.787628117084740609e+01
-2.188372434559016710e+01
-2.488472275502592979e+01
-2.410702810919513439e+01
-3.347749718921830464e+01
-4.775830770778012635e+01
-3.717801366435657684e+01
-1.016158715362230502e+01
-3.010607283173089499e+01
-2.955742986177248710e+01
-2.820334068549952988e+01
-2.871532084722069911e+01
-3.453940458903703359e+01
-2.341657704432793707e+01
-3.722655847735797607e+01
-4.062147811635842487e+01
-3.357160709791823905e+01
-4.808927695416736725e+01
-3.040252620830570152e+01
-4.331624415304354159e+01
-4.835593315710741535e+01
-1.901770868359347233e+01
-2.555564439500373197e+01
-2.503368117067107335e+01
-2.172116214512473675e+01
-2.655249763849435496e+01
-4.224480908772709853e+01
-3.998561783874001208e+01
-2.241561567087674334e+01
-1.992342634692877468e+01
-2.675634190572070992e+01
-2.160523455800795745e+01
-1.806307923270104965e+01
-2.617913428336855119e+01
-1.434113013180898299e+01
-2.841281313305998779e+01
-5.542271796236426518e+00
-3.036665078918908733e+01
-2.053830055797945064e+01
-3.429291198811331753e+01
-3.012283023207081811e+01
-2.277427230461599095e+01
-3.329105767493313106e+00
-4.134861625444916200e+01
-1.014083424294086910e+01
-2.838498715339725464e+01
-2.238652969175251783e+01
-7.278555304001326220e+00
-4.582904161267610732e+01
-4.405291835338573492e+00
-1.632220931482534354e+01
-3.315920115950716252e+01
-3.225188022026073753e+01
-2.022936222094477898e+01
-2.208910359566350223e+01
-3.222729021430064478e+01
-2.894906128371680865e+01
-2.506663471881021721e+01
-3.526795526739842312e+00
-2.943274666922914307e+01
-4.048178275791327252e+01
-1.868688692081304836e+01
-3.363395424747038476e+01
-3.151541095774316403e+01
-2.442471143050384796e+01
-9.755627942120487006e+00
-2.671713314945617412e+01
-3.833392313938695395e+01
-1.556347312666719240e+01
-3.735661492615400903e+01
-3.695026757202474954e+01
-2.358236070607700086e+01
-3.057143766811037722e+01
-4.048976202532089985e+01
-2.859790018425915648e+01
-2.080360178374110447e+01
-3.562440818841306367e+01
-3.210997112486199967e+01
-2.014527186745084109e+01
-2.313533935031547983e+01
-1.859787218738146919e+01
-2.715028810798473202e+01
-2.867837995320994793e+01
-3.982234189045106376e+01
-3.271619495348242879e+01
-2.698901792168179625e+01
-2.795300367465000591e+01
-3.323841277180883935e+01
-1.971347921412576554e+01
-4.147720963501412683e+01
-2.561055451069312028e+01
-2.136234127591528420e+01
-1.526653316435370122e+01
-1.997439740836152922e+01
-2.866081527544475804e+01
-3.086817994426277423e+01
-2.606025094842253864e+01
-3.476006741179374160e+01
-3.470642996069298647e+01
-1.826536983864473740e+01
-2.836091072634248889e+01
-1.847334159237574269e+01
-1.918311545239611959e+01
-4.227470040523107997e+01
-2.767262024061374248e+01
-3.225498488558875465e+01
-2.811685155739643349e+01
-3.189036078288638620e+01
-1.850777251251528099e+01
-1.749300119523386599e+01
-2.543886192039607508e+01
-1.820397680167364740e+01
-2.480527947453585824e+01
-3.318952577091674527e+01
-3.399169911638284702e+01
-2.689654177117316181e+01
-2.935308869062574644e+01
-2.828260050263486391e+01
-4.233581669012862392e+01
-2.410382261733039755e+01
-1.601772871860269376e+01
-3.663693010798343153e+01
-2.232390414031522141e+01
-3.687109084449276253e+01
-2.632433421056248335e+01
-2.447977703533569027e+01
-2.505589345016826641e+01
-3.668493708317812718e+01
-1.938962502455854420e+01
-4.086912006514263851e+01
-2.823475346237326988e+01
-4.148728075244060420e+01
-2.261196765748321624e+01
-2.886232184728637762e+01
-2.729009777561028116e+01
-1.732776313922328271e+01
-2.286606586771973326e+01
-2.732509589115273485e+01
-2.079124339352424400e+01
-2.401368880893383206e+01
-2.195976181476121525e+01
-2.724729211463336043e+01
-2.735482399168817125e+01
-4.021331627064668623e+01
-2.665383500426919738e+01
-2.239166475193783157e+01
-2.746180557573738312e+01
-1.569073564485326067e+01
-3.406928002705023317e+01
-1.727892273320887639e+01
-1.707646320286857033e+01
-2.309865877070729567e+01
-1.935479832283739654e+01
-2.264507120650174699e+01
-3.941317303005200756e+01
-2.236924771365577058e+01
-2.678900724057992733e+01
-2.338707961020976711e+01
-1.860509370891508496e+01
-1.480347511990033027e+01
-1.455863034536722367e+01
-3.459528535375287817e+01
-2.491070210056757617e+01
-3.189242146293357649e+01
-2.406609371029370337e+01
-4.252924160304851142e+01
-2.512677380059626486e+01
-2.573377748980557556e+01
-1.693946236954690931e+01
-2.948507876579312281e+01
-2.936514191915795635e+01
-2.654880610402627994e+01
-4.263762948038822032e+01
-3.826265905781821886e+01
-4.036660618148542312e+01
-3.702071246403299654e+01
-3.002835275900981316e+01
-3.044587969918104875e+01
-3.307109826510900064e+01
-2.303509244895584018e+01
-3.015493247065037252e+01
-3.301591183624501014e+01
-1.889013964352637132e+01
-3.819091486472589025e+01
-2.008406929381908057e+01
-1.777576699196643517e+01
-2.368822671793765977e+01
-2.582717261376312479e+01
-1.613717546291998772e+01
-2.432374126942786319e+01
-4.725977272818916930e+01
-3.541851249389916489e+01
-2.558907048942781159e+01
-3.903563002801390525e+01
-1.892531151365231423e+01
-3.487872924413364473e+01
-2.367052045439439212e+01
-3.234551767308929726e+01
-2.291110645566657666e+01
-2.715279342190779843e+01
-1.995844040094683791e+01
-2.405464995115127280e+01
-2.666991616978836532e+01
-3.336735370456810301e+01
-2.198287441633628347e+01
-4.537816780031389641e+01
-2.903844274351873622e+01
-3.002289092737365550e+01
-4.008130028560242408e+01
-2.702780268090696225e+01
-3.337581170759889204e+01
-1.773233675961189348e+01
-2.681168721327777149e+01
-2.969408969072690141e+01
-2.359287532750745342e+01
-4.289226441510454180e+01
-3.203125531830716000e+01
-3.377210828553811695e+01
-3.355757257989044007e+01
-3.605187531393525546e+01
-3.772232170794167416e+01
-2.208488264088800435e+01
-3.637933398253181849e+01
-2.819917657162651281e+01
-2.899259063104512890e+01
-2.185728501194249773e+01
-4.753336237743566528e+01
-3.105006476536774329e+01
-3.146261414152619906e+01
-2.989415533045207596e+01
-1.069494164398810909e+01
-3.377044539281774860e+01
-3.059486205325281105e+01
-2.627309936378355104e+01
-2.128929287152922001e+01
-2.194314744274140239e+01
-1.759431803623641954e+01
-1.570837548095846259e+01
