-1.948025300383777747e+01
-3.334568986005613311e+01
-2.392981754597889932e+01
-3.556487219935578992e+01
-2.562023074616175222e+01
-3.455426978380806702e+01
-4.703104112232935563e+01
-5.520371726320228589e+01
-5.349393696406985299e+01
-3.921439699012223912e+01
-3.692064384495616025e+01
-4.654999695590853293e+01
-3.259928143325943495e+01
-4.159778915887352468e+01
-5.149186741599407213e+01
-4.117541265223552926e+01
-5.016513951380698444e+01
-4.667390027127365215e+01
-5.347379275168390222e+01
-5.117559461927190512e+01
-5.579564216870122095e+01
-4.499200522461804752e+01
-4.744623791167701654e+01
-5.332932552226122169e+01
-5.396323502335591371e+01
-5.344051089266474719e+01
-4.739026795157931105e+01
-5.026243276464548870e+01
-4.886326173836092579e+01
-5.417733255298137607e+01
-4.907698041511473974e+01
-5.530811523329571600e+01
-4.932800984461405847e+01
-4.859883759505487433e+01
-4.947021125242874007e+01
-4.634452888166734397e+01
-5.032440935049220343e+01
-4.685241930431475055e+01
-4.340385316351631673e+01
-3.004251007790086092e+01
-4.391642749622079123e+01
-3.745673158834188854e+01
-4.337651748276898900e+01
-4.003453282578333017e+01
-3.186907055337893979e+01
-3.680992264739642650e+01
-3.903591649484430093e+01
-4.196718769708162000e+01
-3.311173328913388048e+01
-3.731835556874271731e+01
-4.165678485012674770e+01
-3.978789048702464726e+01
-3.033153243653755027e+01
-3.274722586366544874e+01
-2.734180619528332201e+01
-2.914020749179362113e+01
-3.213120714578634107e+01
-3.894795119696710373e+01
-4.027765012167361647e+01
-3.439137751233131723e+01
-4.023471031022878464e+01
-4.202764350674016214e+01
-3.734266055241569404e+01
-3.355231947231997225e+01
-3.809672797853585280e+01
-3.844599772027886075e+01
-3.333923339355459348e+01
-4.109250438323844179e+01
-3.156999169919181725e+01
-4.135245992761528555e+01
-3.335098203654170135e+01
-3.741186527837263043e+01
-3.200565128185602504e+01
-3.815953800979877997e+01
-3.461857273063319695e+01
-3.280347088426724156e+01
-3.481817644378292442e+01
-3.875025196834712204e+01
-4.093505245186637609e+01
-3.781929688789664112e+01
-3.566440920556139105e+01
-2.899870504577698327e+01
-2.739852686860346864e+01
-4.007578922150081269e+01
-3.145723854889021354e+01
-3.861214237857927145e+01
-3.709272799288456923e+01
-2.924173884521113465e+01
-2.889308964606953367e+01
-3.423854553257169897e+01
-3.789210246374062763e+01
-4.511679742944220806e+01
-3.858603954046999718e+01
-4.021379957921153903e+01
-3.495992980575189790e+01
-3.781793584036058320e+01
-3.180563180123241906e+01
-3.760490992076705652e+01
-3.954348241914208018e+01
-3.586852309239942826e+01
-2.928878283972854391e+01
-3.629380617935908049e+01
-4.021978884230700402e+01
-3.227012942588066835e+01
-2.820992564653347046e+01
-3.554503986809599780e+01
-3.578600920030690702e+01
-3.638858911957636622e+01
-2.831279437355743056e+01
-2.885538849877361400e+01
-2.588037632822307188e+01
-2.127583436306934672e+01
-2.161375538288861264e+01
-2.367106132444596511e+01
-2.337936726514907804e+01
-1.760082988529084602e+01
-2.260218853134124473e+01
-2.862443278777357136e+01
-3.151038055920069425e+01
-3.405324980308426319e+01
-2.912419104012224480e+01
-2.737160894995528793e+01
-3.708479421527532338e+01
-2.477654592727008520e+01
-3.189174090037672471e+01
-1.819687803000588389e+01
-2.775164470643562709e+01
-2.104051842965138164e+01
-2.529695549014878253e+01
-1.712549979794682287e+01
-1.533071601283621810e+01
-2.107368863574113860e+01
-1.910753136483201331e+01
-1.962816376397784168e+01
-1.780468190943695816e+01
-1.580702238946329885e+01
-1.602132082954780046e+01
-1.957546143483565615e+01
-2.547751740485117367e+01
-2.177542519004852650e+01
-1.938439392546231232e+01
-2.562033585028417093e+01
-2.361789955793078377e+01
-2.153742407554594251e+01
-2.472555006375863940e+01
-2.849128857141513649e+01
-1.855284373416030519e+01
-1.797913595789908214e+01
-2.246204623232396358e+01
-2.185242745896381678e+01
-1.978122492141291744e+01
-2.644002875490621207e+01
-2.593495269381681467e+01
-1.940366825729577371e+01
-2.858905500057857552e+01
-2.706091818482879319e+01
-2.301334066800676936e+01
-2.047299341557362951e+01
-2.295404605297856548e+01
-2.231688126477778766e+01
-2.369307021063532304e+01
-2.415207556656136489e+01
-2.120046189540032344e+01
-2.272075684314218691e+01
-1.939344205478813521e+01
-1.894523542100747093e+01
-2.258587780676708689e+01
-1.939734297583535749e+01
-1.998956670047820339e+01
-2.209771375227913737e+01
-2.587771826680397780e+01
-2.528369104385061661e+01
-2.361183362025527188e+01
-1.992359395333851779e+01
-2.586320623889637815e+01
-1.659442977941646191e+01
-2.326440406104174485e+01
-1.995030855241475720e+01
-1.514276098031481155e+01
-2.502533771274686103e+01
-1.813463715471727511e+01
-4.459983740206704184e+00
-1.980037252711789364e+01
-2.130667701281403836e+01
-4.019707545783066216e+00
-2.012436641768248791e+01
-1.641804730115830324e+01
-1.728765571270879420e+01
-2.114852096011063409e+01
-2.724007134048820689e+01
-1.880394794494716493e+01
-3.628048229813404646e+01
-3.405533622683630313e+01
-4.034086429185576606e+01
-4.336547437719208631e+01
-3.619567897696905590e+01
-3.819348276232609152e+01
-2.702872431237774364e+01
-2.941758387072718506e+01
-2.344886154991736760e+01
-3.734944404119520556e+01
-3.867261420130048322e+01
-3.754458980604724161e+01
-3.926656988926556124e+01
-4.107649699410220734e+01
-4.292181839110187980e+01
-2.595029422369447758e+01
-3.899797952699773163e+01
-4.900157433702734266e+01
-2.440373932192171935e+01
-3.324779779094306775e+01
-4.388496772665164514e+01
-3.118800789280559016e+01
-2.713150395528513670e+01
-3.465501974367651172e+01
-4.449442995595151018e+01
-1.255033020438598079e+01
-1.690150043744863950e+01
-4.518228441059027034e+01
-4.342125647002963973e+01
-2.282009248538533086e+01
-1.928950611071408261e+01
-2.589156605743164263e+01
-2.644223926779781664e+01
-2.703271504466721353e+01
-4.271941014403574322e+00
-1.988216799996555295e+01
-3.770119650774667264e+00
-2.118679615705617181e+01
-1.523671205899250225e+01
-1.800548426650273726e+01
-3.935506241575275510e+00
-1.572840786592921880e+01
-1.731027199526820581e+01
-2.528265759693436721e+01
-2.425275251797598841e+01
-2.143013775801704668e+01
-2.391972193152171400e+01
-1.653822501054031235e+01
-1.647437680375953306e+01
-6.028749405529206129e+00
-1.731051864979145449e+01
-1.038863665977156892e+01
-2.138900495127220580e+01
-2.927339229322851466e+01
-1.878644923242285003e+01
-6.450453966500330871e+00
-2.522354504383036300e+01
-1.851186043242203993e+01
-2.419501195330860277e+00
-1.543761966582713185e+01
-2.609639639130224609e+01
-1.651392758614215950e+01
-1.637671285882817429e+01
-2.432679461770540730e+00
-2.008521924980795959e+01
-5.087429955253512937e+00
-1.853022046531835443e+01
-3.397536444961434920e+00
-2.686722695792741433e+01
-1.982586231604548388e+01
-1.283595633688915072e+01
-1.715060501960001460e+01
-1.269992826654535989e+01
-2.246163450756669278e+01
-5.392474342752008987e+00
-2.900207363763232493e+01
-2.305751965982667073e+01
-2.947764814045861925e+01
-2.065619887847218195e+01
-1.357576843143892020e+01
-2.439908318933517606e+01
-2.767829882821847320e+01
-3.107347378785689074e+01
-2.729407072891892838e+01
-4.083275354006103441e+01
-4.736132822216033134e+01
-4.803508560453475695e+01
-5.203042946259807167e+01
-4.539155405712734392e+01
-5.595852798917792370e+01
-4.909466814239816301e+01
-4.827362666399636026e+01
-5.448956881225225857e+01
-5.143176459399768419e+01
-5.140202940987430935e+01
-4.120878676193637347e+01
-5.174394484855564258e+01
-5.552140925412874140e+01
-4.231279691814000188e+01
-5.316126543907903113e+01
-4.615765405368144769e+01
-4.963895520449355558e+01
-4.529860363256155154e+01
-4.484435864269677552e+01
-4.169696289514536147e+01
-4.515227080895593303e+01
-4.452916763167059599e+01
-4.543641791952687470e+01
-4.114426137075539458e+01
-4.838212259777962743e+01
-4.756555522327050767e+01
-3.777274564835054349e+01
-4.487691215753107343e+01
-3.813891996924763106e+01
-4.707293955047795464e+01
-4.165510345532224790e+01
-3.567185327722807386e+01
-4.709284446277357006e+01
-4.069075424090728177e+01
-4.730599560955734972e+01
-4.268811726967161491e+01
-5.374194245893464483e+01
-3.354633949773023716e+01
-5.108723315542907528e+01
-3.814966206062093335e+01
-4.895609347718077942e+01
-5.005145698582715141e+01
-4.694539031126299022e+01
-5.216980858576166469e+01
-4.166504931713376436e+01
-4.762833751690712347e+01
-5.139887099555997452e+01
-4.026351127662340446e+01
-4.919592288160610138e+01
-3.448564274926664552e+01
-3.109608220960381431e+01
-4.519409866173885604e+01
-4.206966492934954260e+01
-4.325748420344704925e+01
-4.263291533156726842e+01
-4.045602001252555624e+01
-4.709909930864691319e+01
-4.573260752869799717e+01
-4.228761533940059536e+01
-4.136252087299203595e+01
-3.734097239356254505e+01
-4.728175137469586531e+01
-4.299245472596389561e+01
-4.302773593553406783e+01
-3.767648169843076289e+01
-4.564904934563656980e+01
-3.801667516386524426e+01
-4.489771161343414008e+01
-4.726949903503431472e+01
-4.301874762670978214e+01
-2.802996329657574393e+01
-3.686591178575032757e+01
-4.023340773919730395e+01
-3.082230053047886997e+01
-5.188927098015705042e+01
-4.262319908960547110e+01
-4.492886872976931301e+01
-3.675547351483255909e+01
-3.487320745363823704e+01
-3.468025456798716988e+01
-3.622311291933689859e+01
-2.781212878018837031e+01
-4.013452275423522764e+01
-3.628808309453970082e+01
-3.097425177885725844e+01
-3.823333177778008007e+01
-4.712842116239755086e+01
-3.150434673688555876e+01
-4.561146971820692642e+01
-3.867303539965875814e+01
-4.441726735621579536e+01
-4.225432660926613693e+01
-4.311581234000599494e+01
-4.721572580016640330e+01
-3.879231225437936104e+01
-4.262173285758646557e+01
-3.932789036984588193e+01
-4.360681391625735159e+01
-4.187181304326100673e+01
-4.823808319675973877e+01
-3.691917908191941677e+01
-4.247118528490304357e+01
-3.868294641753499974e+01
-4.817781219134933224e+01
-4.815008327754907924e+01
-4.054415730592579337e+01
-4.491540050927592631e+01
-3.611453219307156814e+01
-4.659525672952379693e+01
-4.158771501852955055e+01
-4.422845502753433067e+01
-4.518051881895281241e+01
-3.659075528233962871e+01
-3.037031659106483872e+01
-3.457423307094509113e+01
-4.376371814815187378e+01
-3.258376112313789008e+01
-4.198577154107690035e+01
-4.278748544829362288e+01
-4.354691992605199857e+01
-4.173955067325488244e+01
-3.648827694417990841e+01
-4.562715415342568548e+01
-3.745009641439906289e+01
-4.301465029841968857e+01
-4.655211794979444306e+01
-4.546820915438372879e+01
-4.293036786491861534e+01
-2.772824209751907887e+01
-4.628444284204721271e+01
-4.352545618848068187e+01
-4.561599669111058120e+01
-4.391393415213136819e+01
-3.754849127979049683e+01
-3.601700063407104579e+01
-4.751388446066486182e+01
-4.327447027509899158e+01
-4.118751774418210232e+01
-4.840104434538908151e+01
-3.972629855947023714e+01
-4.915847320656971675e+01
-3.321020065149142653e+01
-3.278389732174478866e+01
-3.523350327595310461e+01
-3.291031874235573440e+01
-3.815510676574270832e+01
-4.816714126929256423e+01
-3.364758454634369400e+01
-4.599234821610630064e+01
-3.663284522064493132e+01
-2.646399003430599350e+01
-4.438932275854642029e+01
-4.288979684603514642e+01
-4.532230993594546931e+01
-4.562449421861824561e+01
-3.841358614886954115e+01
-3.303970987792683900e+01
-4.075437492458274136e+01
-4.369585291912868996e+01
-4.713194964089202443e+01
-4.594672799582703959e+01
-3.624538981717144281e+01
-3.568626840720040860e+01
-4.248718829325267166e+01
-3.981187590470550930e+01
-4.266336878905952545e+01
-3.581348319770782496e+01
-3.990145316690397692e+01
-4.197574892298873550e+01
-4.497935018167134302e+01
-3.447403675281169200e+01
-4.282248913735369911e+01
-3.339918012573306783e+01
-3.235800342800928320e+01
-4.232575095820316591e+01
-4.993780224988292105e+01
-3.141319722603476805e+01
-5.562132078440670568e+01
-3.153297543316418938e+01
-4.255629726959219283e+01
-5.602530644815882965e+01
-4.362128470775679290e+01
-4.858065936401980167e+01
-4.128639527622845407e+01
-4.810231413819384017e+01
-4.678535288642076750e+01
-3.885270078622533418e+01
-5.011530357286108739e+01
-3.683022473996358315e+01
-4.656022061826807601e+01
-4.405703857744839524e+01
-3.523707857802958188e+01
-4.276886193028940397e+01
-4.825542210700751866e+01
-3.878897466417360818e+01
-4.152847751856033653e+01
-4.034700865335615561e+01
-4.093899134521208794e+01
-3.067899167936924698e+01
-3.337613169177791406e+01
-3.467426763822642499e+01
-3.665630260281236019e+01
-4.813195158046937649e+01
-3.849603067849739091e+01
-4.954147246386455095e+01
-3.766068711686412485e+01
-4.212429172538183764e+01
-3.352413983668097330e+01
-4.712662001687384361e+01
-3.567475257500533559e+01
-3.772281648347660621e+01
-3.874050108617986155e+01
-4.054059185582310221e+01
-3.288375252553730377e+01
-3.386495159107001029e+01
-3.570570049077116437e+01
-4.087069983730381040e+01
-3.839830173357047727e+01
-3.471641395248433781e+01
-4.621529527925578407e+01
-3.715313260736567003e+01
-3.959166781051442996e+01
-4.350518533511773711e+01
-5.288874007476909611e+01
-5.126893300437093615e+01
-3.530806904648936495e+01
-3.583846809285475388e+01
-3.213025595922096755e+01
-5.178425115167512871e+01
-4.548891291780052626e+01
-3.614937620102087124e+01
-3.780102607883523547e+01
-2.756292313739056254e+01
-4.276631892149793401e+01
-5.200819828399485800e+01
-5.493445591073124490e+01
-4.907474347951514204e+01
-3.360567455072763465e+01
-5.029142432621345904e+01
-3.033296989586020587e+01
-3.220388313669936053e+01
-3.609204133488778155e+01
-3.189888784049269432e+01
-3.257520912083309383e+01
-3.779042145599520097e+01
-4.868180142161831725e+01
-4.008962447931651241e+01
-4.790541523789971023e+01
-5.196865223935470368e+01
-4.365946260709706195e+01
-3.385767850051014705e+01
-5.120943723997364572e+01
-3.864786320937202646e+01
-3.374165543920594956e+01
-4.630004481878030020e+01
-3.818465214739457991e+01
-3.955537794894779324e+01
-3.619397659280257784e+01
-5.192773826136627946e+01
-5.103970751664105165e+01
-4.124606416425051947e+01
-4.537616931377871055e+01
-4.120554024100659518e+01
-3.840521050576344209e+01
-4.374588547530002813e+01
-5.630081931804333806e+01
-4.298380391596874261e+01
-5.040094250813304910e+01
-4.400945983297292230e+01
-2.494514664071574117e+01
-5.391574724511325201e+01
-5.485279807724481316e+01
-5.185330236361165390e+01
-5.121918873892969515e+01
-5.031419115037665790e+01
-4.319543565399960272e+01
-4.368003501890770934e+01
-3.841397783008360989e+01
-5.666239761844515499e+01
-3.240443315941821112e+01
-5.497718143587567852e+01
-3.677367585151432650e+01
-5.092559953772241954e+01
-3.795058760301934342e+01
-2.955570174572061504e+01
-4.280149666075711679e+01
-3.830983899603756981e+01
-4.738130880714813031e+01
-4.502471116102063320e+01
-5.215993723326785414e+01
-4.969253079601095635e+01
-4.685259444082499414e+01
-4.618797150569270116e+01
-5.347236687874637795e+01
-4.698811575026252285e+01
-5.095724823268697889e+01
-3.693096322035353296e+01
-5.274158237249989156e+01
-4.584375720520532127e+01
-5.474610774824069637e+01
-5.568080884432993827e+01
-5.398128869894289039e+01
-4.398592017839059309e+01
-5.043866958346647777e+01
-4.636973971376437476e+01
-4.800162817365316670e+01
-4.158862634556265192e+01
-5.613481452359460633e+01
-3.348724067910097801e+01
-4.523530614915946302e+01
-4.391591175380998635e+01
-4.916804963101843384e+01
-4.927439716540183667e+01
-4.747523388895027807e+01
-5.033933540796439843e+01
-5.027155702979087692e+01
-5.004758348848746863e+01
-5.026479539774855709e+01
-5.351429758668152914e+01
-4.024941810339298343e+01
-5.438366685444688642e+01
-5.035160519472052698e+01
-4.694155462180193439e+01
-4.308752998186422900e+01
-4.404848641050465119e+01
-4.168866422656102344e+01
-4.387701991900506471e+01
-5.028626835444736543e+01
-4.838356127865629475e+01
-4.911473881858454860e+01
-4.253100181959081283e+01
-4.026725168041034664e+01
-3.684218395897075027e+01
-4.544014948805531162e+01
-3.971777569893875892e+01
-4.519561216869865206e+01
-4.186186845769660181e+01
-4.637046633361575942e+01
-4.356429738807135266e+01
-4.228643443957849257e+01
-4.007783150971605579e+01
-3.382969684056180171e+01
-3.597605056318413119e+01
-2.791421676968830212e+01
-3.327603667201698556e+01
-2.273982296954393334e+01
-8.863565831789609106e+00
-2.865597252158259067e+01
-5.409077168017276449e+00
-1.713499799989703476e+01
-2.642921014948025515e+01
-2.591729381943148880e+01
-3.018998324368480723e+01
-2.764654835633663055e+01
-2.612111991341041417e+01
-2.556696043896265991e+01
-2.368740375738805071e+01
-1.802061133119904213e+01
-1.875144269082056070e+01
-1.830096783549414141e+01
-1.844348567879413281e+01
-1.622346989280827501e+01
-2.107021713365995197e+01
-2.097268919481785687e+01
-2.476268073179487317e+01
-1.883585635464178765e+01
-1.932207372588220906e+01
-2.218100827389613272e+01
-1.998744101901567305e+01
-2.139225819160303388e+01
-1.997846013822945110e+01
-2.364506374328550464e+01
-1.958834293039588559e+01
-2.213906552382966098e+01
-1.696311513856189990e+01
-1.885550832895761886e+01
-1.886502410784124706e+01
-2.966767140702052163e+00
-1.898208043613166751e+01
-2.962489644668321098e+00
-1.960423487073563820e+01
-1.789523182626764708e+01
-2.237527116155986917e+01
-2.066523632124064846e+01
-2.251325484399636068e+01
-3.007303935799486627e+00
-2.611275403543076479e+01
-2.097865536767270456e+01
-2.570480177564394708e+01
-1.676162372001811462e+01
-2.558649422758858094e+01
-2.569814377949966655e+01
-5.275928724687808824e+00
-9.198087432259736573e+00
-1.628295728354544281e+01
-2.388740347134838871e+01
-1.739851324400870070e+01
-2.377726211568377579e+01
-2.550710186601993446e+00
-2.477057266563421223e+01
-2.292361171556895627e+01
-2.573120932718838105e+01
-2.356443654940423826e+01
-3.425433390926142518e+00
-3.168152205682936984e+00
-1.350534101300891443e+01
-1.888861398958373883e+01
-2.211951130061261850e+01
-1.855455171190900643e+01
-2.210562218392820810e+01
-1.921207017933657824e+01
-1.778370073288361652e+01
-1.417502427929949071e+01
-1.698652203498432911e+01
-1.816980206525618513e+01
-2.502279333390367455e+00
-2.425531067146659581e+01
-3.642961949374401431e+00
-1.597877961805483515e+01
-2.246288303942900555e+01
-3.038840015131906380e+00
-1.361536329616837016e+01
-2.020517896958790871e+01
-2.478762761784265134e+00
-2.662642572622782033e+00
-1.763102828000186051e+01
-1.740284875338935677e+01
-2.541062394308226668e+00
-1.805667454597301713e+01
-2.233603812430773328e+00
-2.657393761707643876e+01
-2.572317933995166950e+00
-3.432190363962810853e+00
-1.349061933179777917e+01
-7.877114720563844763e+00
-1.408261433781671457e+01
-3.352494680661941562e+00
-2.280945136731969924e+01
-2.079527320597217610e+01
-2.004714397427488848e+01
-2.518772896454581911e+01
-1.591970660678218685e+01
-4.340077182126307775e+00
-3.890112838318327437e+00
-1.889028681449206459e+01
-2.192031921398880456e+01
-2.612932396962700921e+01
-1.485319754126400404e+01
-4.200593623376099650e+00
-1.686676059940974071e+01
-1.792894127771061363e+01
-1.345054143821173831e+01
-2.786291933881865646e+01
-3.032889691574751190e+00
-4.217585959579998267e+00
-2.352896729266275955e+01
-2.781915444240381508e+00
-1.695849500933219645e+01
-2.407285892082840562e+01
-1.736259553230695474e+01
-1.850649584402140224e+00
-1.493116039814045948e+01
-2.389372170147120666e+00
-2.902877039878663368e+01
-2.345150544456133446e+01
-2.324405050310569720e+01
-1.869268088745804191e+00
-4.019974648316952504e+00
-1.637029321078844291e+01
-2.089771713767438754e+01
-1.275761645068708638e+01
-1.735786431020002141e+01
-2.084042419415188263e+01
-2.088948848300077898e+01
-2.553142102745499642e+01
-1.919653228434201964e+01
-1.884676616985335329e+01
-3.703464409764531062e+00
-5.695328532816517075e+00
-1.993351316551710184e+01
-2.318493869932275242e+00
-2.527861550612733410e+01
-4.066269274969958047e+00
-2.138020043656415936e+01
-2.178756340069083919e+01
-1.725545895005078023e+01
-2.539572564960052503e+01
-2.365611549132129454e+01
-1.362506966043565981e+01
-2.373423703228743165e+01
-1.751268245544910229e+01
-1.734880412550256068e+01
-2.302383532599269245e+01
-2.107712543440971231e+01
-3.514093105881639367e+00
-2.529377641607414517e+01
-1.713872635346444184e+01
-6.025999220284583124e+00
-2.241596308067098420e+01
-1.373060586956104423e+01
-2.526237136771135994e+01
-2.543130431278404657e+00
-3.730478118508051555e+00
-3.032859908478831912e+00
-2.407020458915697958e+01
-3.195116081294418819e+01
-2.750293260809673157e+01
-1.887877821223841224e+01
-1.724130059374538604e+01
-2.858334153726784876e+01
-2.129799185574781006e+01
-2.192885436771889829e+01
-2.554196565230938276e+01
-2.470686278258017765e+01
-2.155932170606411447e+01
-3.263133515648315885e+00
-2.329580596943955584e+00
-2.270919199819167744e+01
-2.747710106534004382e+00
-2.965088273090635340e+01
-2.434906506648683688e+01
-2.645475956530301076e+01
-1.091291043668746319e+01
-2.608012267774386217e+01
-4.479132322541727440e+00
-1.685186164119461694e+01
-2.541258139661454152e+01
-6.065420855496706842e+00
-2.441581352726525367e+01
-3.277224502493795377e+00
-1.556113747086211063e+01
-2.618044978275183343e+00
-2.858324234135470476e+01
-2.490425662974071841e+01
-2.653709149414735080e+01
-2.407223579807839897e+01
-5.491905221183222885e+00
-1.728986697714220711e+01
-2.413010824196811654e+01
-1.188279307900318571e+01
-2.808604842397389501e+00
-2.847788333591308785e+01
-2.472602278099952855e+01
-2.502056742453224558e+01
-3.177472515415943377e+01
-8.869479216144123157e+00
-5.519446107331152263e+00
-7.288725399215030265e+00
-2.277772114559353867e+01
-8.997803525797552382e+00
-1.949321632598072185e+01
-2.119452248196251531e+01
-1.511819948276089232e+00
-2.481948212259110065e+01
-3.868832335406034417e+01
-2.119945449746253985e+01
-3.449412032506056214e+00
-2.400900054925905636e+01
-9.049762839742701459e+00
-1.938536796164502718e+01
-7.634339728903229094e+00
-2.386260488602909291e+01
-3.306885313063832488e+00
-1.926817072608001613e+00
-2.264805234596708061e+01
-3.608423585459472616e+00
-1.693037226004768314e+01
-1.515161688044813637e+01
-3.078455535373146645e+01
-1.492279471927581591e+00
-3.427019074426839751e+01
-2.515693944331376386e+01
-2.471557825835902733e+01
-1.633796995823823650e+01
-6.235850064332910669e+00
-2.020329277374229093e+01
-1.886819543531311183e+01
-1.459803324081607734e+01
-3.527304353623775146e+00
-1.272673929548668781e+01
-1.164798229037792687e+01
-3.522922274411642629e+00
-2.715460635408979329e+01
-2.397116136489015403e+01
-3.415234354732839250e+01
-2.379119384857782649e+01
-1.911114477386828980e+01
-2.258826131824979910e+01
-3.626525376296093128e+01
-2.872646431300661973e+01
-1.240940617940725943e+01
-3.930403964362862546e+00
-1.880578397112819289e+01
-4.615311148859017720e+00
-1.034878837372053972e+01
-1.510008926194762680e+01
-1.194853052468093857e+01
-5.044859993649785324e+00
-3.578987474589508722e+00
-3.189986930009657051e+00
-2.840799423867933982e+01
-2.874371271813137341e+01
-1.578121650907120532e+01
-1.321518164150661256e+01
-2.017137006112543318e+01
-1.596037715222473530e+01
-3.047778258714151534e+01
-3.041488883255924236e+01
-2.162210994048040646e+01
-2.732949269373388557e+00
-1.496189920853948152e+01
-3.146264561765088175e+00
-1.741376683167313288e+01
-1.834364572614446942e+01
-8.210452189674331436e+00
-7.173704964684197272e+00
-9.284754649341806498e+00
-1.231811340253386611e+01
-1.413580673014493172e+01
-8.744890625288013197e+00
-1.087553689877368157e+01
-6.412550436671008214e+00
-4.084172150981581595e+00
-1.929685795137723758e+01
-4.108857163901003418e+00
-9.400551889520251336e+00
-4.937995477130062483e+00
-3.622409403368884284e+00
-3.485037500128252752e+00
-1.080065708280446302e+01
-3.649419335235349671e+00
-2.448813947916552713e+00
-3.594324565266733718e+00
-1.944450964445142427e+00
-3.105432778425099016e+00
-1.520646372944827629e+00
-3.464598075641293295e+00
-2.011095553549118620e+00
-2.436276508966209065e+00
-3.968235277076433309e+00
-2.521792548811133461e+00
-1.543537322058583738e+00
-1.759142464002858341e+00
-2.437824143094732054e+00
-2.971349415534261240e+00
-1.373694025069319036e+00
-1.468765356345725026e+00
-2.574905629658844397e+00
-4.050086128003744790e+00
-1.954387998383502634e+00
-2.880604802503381023e+00
-2.414830082032966008e+00
-2.149016558291126255e+00
-1.980588372163178956e+00
-1.524285954240523111e+01
-2.553910964328101230e+01
-2.278481243217275320e+01
-2.478423339408693238e+01
-1.136906082586651934e+01
-5.123942981980342815e+00
-4.524473535808354541e+00
-2.589102917070044807e+00
-1.415768994098064226e+00
-1.482234641674970987e+00
-1.691244247534213097e+00
-1.511542715254804881e+00
-2.088279669663876792e+00
-9.804401224925399783e-01
-1.723013346637308540e+00
-2.198917553086001675e+00
-2.587492110697596104e+00
-2.076484161068480105e+00
-2.252479184231892972e+00
-1.837544926151378100e+00
-2.608274147131838028e+00
-1.818279983961459845e+00
-5.748204560656816398e+00
-1.968657570584759764e+00
-3.080928639556467896e+00
-1.853820203508070863e+00
-1.465855909460846318e+00
-2.630016973849895745e+00
-1.915749405760281743e+00
-2.381082836085472998e+00
-1.458072315117591167e+00
-2.074465348549809907e+00
-2.073807990956590075e+00
-1.349296317220474162e+00
-1.262219164619660772e+00
-1.400011838036817835e+00
-2.234713354572503086e+00
-3.141089248456012228e+00
-2.816300112022603219e+00
-1.997794546358915957e+00
-1.892241655517805210e+00
-1.732896670283150975e+00
-1.272085673680071860e+00
-1.768091231248685613e+00
-1.776370159423767969e+00
-1.606725928825660343e+00
-1.865963127673438970e+00
-2.427665984880616357e+00
-2.293269774492425750e+00
-1.144714167776457625e+00
-1.507403290814838481e+00
-2.409460276183401639e+00
-2.478852023790477865e+00
-2.459230717149385459e+00
-1.957992860849935512e+00
-2.450502154888608786e+00
-1.859179953557939857e+00
-7.068675122896482810e-01
-4.475311750927883914e+00
-1.747344520859851613e+01
-3.667471628439203712e+00
-2.508028418243685831e+00
-2.118801113046157258e+00
-1.892981465601737634e+00
-1.465551972524125279e+00
-1.860346944053514529e+00
-1.468718088515227560e+00
-2.509111505147702648e+00
-1.742469928313079341e+00
-2.976707902852659515e+00
