-4.313900191019769181e+01
-2.711865939329151587e+01
-5.143869882991837983e+01
-4.364666107504218218e+01
-4.169071871049619205e+01
-4.158342947197954231e+01
-3.522823914185622840e+01
-3.794012082914434814e+01
-4.531650941666232058e+01
-3.951624533766826630e+01
-4.434799841112925378e+01
-4.270281394542140418e+01
-3.425669954230103542e+01
-3.735914170863976125e+01
-2.973919638040860747e+01
-3.921951595739115248e+01
-3.629798804538219770e+01
-3.673450755439432669e+01
-2.864876889215630129e+01
-4.397394242132713771e+01
-4.958429555976056946e+01
-5.370666221775597649e+01
-3.672391229502601817e+01
-4.131190666190428828e+01
-3.875250703268699226e+01
-2.848649494008862249e+01
-4.771998222405871815e+01
-3.653362228769325526e+01
-3.770162937339445364e+01
-4.118605079474708219e+01
-3.731399872099586190e+01
-4.438066122839288141e+01
-5.323668054226774160e+01
-3.638960643690877106e+01
-5.210270283815347625e+01
-4.977731181109408709e+01
-4.367313211086545266e+01
-4.747211043858498414e+01
-4.245765493870467822e+01
-4.817237540836171661e+01
-3.810797255532013139e+01
-4.580970163542654916e+01
-2.911142482677897547e+01
-2.928898363088195111e+01
-2.353385925596358774e+01
-2.535397021866289791e+01
-1.886921712525440498e+01
-2.875102674781072665e+01
-2.290203034082622935e+01
-2.859194218909077279e+01
-2.087120117528456475e+01
-2.685443833421486204e+01
-1.744321927609776424e+01
-2.564558991181862524e+01
-2.375917640550585119e+01
-2.092584356177036753e+01
-2.403002432063708227e+01
-2.986670093431532891e+01
-2.753505812065006353e+01
-2.963168446673913081e+01
-2.703987412256081058e+01
-2.219910390721771520e+01
-2.519062314345383768e+01
-2.942968988699929866e+01
-2.653705350372424121e+01
-2.004145244330969433e+01
-3.492398219209224663e+01
-3.799537149071433362e+01
-4.325912725615709320e+01
-3.007097526334579385e+01
-3.716652208949727765e+01
-2.922166450319163999e+01
-2.158600483272546100e+01
-2.093512300601703657e+01
-2.673399724739623906e+01
-1.338791312932102606e+01
-1.957235288122788575e+01
-1.214352791518152941e+01
-2.814767851111130170e+01
-1.930105778684887241e+01
-3.187268732750323963e+00
-1.916362414544080650e+01
-2.701612605934849398e+01
-1.853495221764047685e+01
-2.076545149867650508e+01
-2.220481987376273736e+01
-2.186576824875997715e+01
-1.931450572387463893e+01
-2.760993176880723610e+01
-2.085212016672357294e+01
-2.292724430969679261e+01
-6.983383208716372970e+00
-2.427864366702782206e+01
-1.721302425032679295e+01
-1.959067003591711753e+01
-1.693010036635067195e+01
-2.586438228389658889e+01
-2.163043490132219304e+01
-2.157402101901477920e+01
-2.871894081452236236e+00
-1.974340337037485327e+01
-2.326068095429491933e+01
-2.822380634341990913e+01
-2.447839020992526926e+01
-2.534288675122376944e+01
-2.183609319391399595e+01
-1.528380016408735820e+01
-2.409123617384357985e+01
-1.008686317548638733e+01
-4.502254573508698066e+00
-2.122406238334044204e+01
-1.868045767971421256e+01
-1.982168094835549965e+01
-3.892520878237947013e+00
-5.719601263998042917e+00
-2.080550250717326577e+01
-2.199861008935699402e+01
-1.761056899621956262e+01
-2.422600440482948514e+01
-2.278060787740079718e+01
-3.931245206816244231e+00
-3.692765806196600220e+00
-1.302532487650950088e+01
-1.490544062477236409e+01
-1.696674205017755099e+01
-3.954200967290645519e+00
-7.476251223112029720e+00
-2.302616742250305037e+01
-1.246282929892688784e+01
-3.327460762020570506e+00
-3.539437075825319301e+00
-3.150450509806011379e+00
-1.199472370380587627e+01
-3.986108275927672917e+00
-1.959249936684688009e+01
-1.320564622029410451e+01
-2.095648614760918704e+01
-2.289974721516599132e+01
-2.407799054112814474e+01
-1.401210532181038992e+01
-2.453856658824493309e+01
-1.248940763703596524e+01
-3.289309717707140202e+00
-1.336294562341975301e+01
-8.868730384691646762e+00
-1.847631916344852598e+01
-1.362028868515770696e+01
-1.473648845341014102e+01
-2.454698332678088946e+01
-1.635836627410479593e+01
-5.270347078664492813e+00
-3.562721575365201065e+00
-2.469674035483208385e+01
-2.587168451118369816e+01
-6.069479753804507993e+00
-2.264063161568367022e+01
-2.752987467602415528e+00
-3.700312581171392612e+00
-4.379888582901485528e+00
-1.453879901054288482e+01
-1.805857955640839307e+01
-2.993499349156104827e+01
-1.774608413499022674e+01
-2.154837796920245907e+01
-2.525180008923926067e+01
-2.440645141935901918e+01
-2.444059978228494501e+01
-2.421483749712638911e+01
-2.224822943752839421e+01
-2.124661520804284720e+01
-2.336523700894394295e+01
-2.035228951895830463e+01
-2.655476573230887993e+01
-1.980582602056300345e+01
-2.157528694273376857e+01
-1.979656773297204708e+01
-2.279807522848521728e+01
-2.001668613246799211e+01
-2.202599856472848217e+01
-2.203088034082005464e+01
-2.451620098756331600e+01
-2.400290024489936158e+01
-2.401222313769923389e+01
-2.341530061975414156e+01
-2.509173096253722335e+01
-2.262557965461705578e+01
-2.474427289244889749e+01
-2.848004638548639988e+01
-2.284170592317079596e+01
-2.602717213088639170e+01
-2.037684484411865071e+01
-2.262942155995210314e+01
-1.624915857204932479e+01
-2.169928481299401568e+01
-1.947120984353109918e+01
-8.537759836826420923e+00
-1.571592924008102576e+00
-2.643879020831208404e+00
-2.218009075921554274e+00
-1.262650971923633314e+01
-2.626505034538290762e+00
-9.540068381299073863e+00
-1.550262320864584531e+01
-7.937573204577707209e+00
-2.550926588324247035e+01
-3.808387946764806742e+00
-2.084597394381077606e+01
-9.881516610162652370e+00
-1.988788476207830414e+01
-2.370395953576771220e+01
-1.162868727144949332e+01
-1.218530206683811556e+01
-1.910169905092532616e+01
-1.677766314325220876e+01
-1.644176344853130800e+01
-2.451916066627788027e+01
-4.143361076549432198e+00
-2.416166476555878262e+01
-2.312060112524064337e+01
-2.147334190106384000e+01
-2.271397285905216989e+01
-2.999130523041827256e+00
-2.327268088168218085e+01
-1.968913976009324784e+01
-2.265793626808569883e+01
-1.508510479322128228e+00
-2.059711035419771363e+01
-1.998930552634445235e+01
-2.246225877300132368e+01
-2.117693227192357952e+01
-1.962509757081028638e+01
-1.895990197601482308e+01
-2.116643149636091081e+01
-5.858714818958571158e+00
-1.837871194209456149e+01
-7.834488449393710141e+00
-1.094373971250553090e+01
-2.096096932478630137e+01
-1.286817721817371662e+01
-2.335186631245647959e+01
-1.984185553690425508e+01
-1.128563587953101433e+01
-1.554141089593066383e+01
-3.626613706195621845e+00
-1.725282851273122020e+01
-2.197136819286949461e+01
-1.650069537556554877e+01
-2.135144681576153758e+01
-1.981335206011334549e+01
-1.837352509281430812e+01
-2.568627059904027377e+01
-2.010232638021721030e+01
-1.627138619426297339e+01
-2.699899076264235731e+01
-2.145951043332075159e+01
-2.946255497915119648e+01
-2.187425499758494496e+01
-1.990415075962943448e+01
-2.243152437064805227e+01
-3.089503713063021806e+01
-1.876191417064718436e+01
-2.596955695079543247e+01
-2.015079325842777536e+01
-1.525491731949630747e+01
-3.072480866479616068e+01
-2.696199422462366257e+01
-2.174563645548964175e+01
-2.653403646036634100e+01
-2.079302315530497225e+01
-1.605729517665719897e+01
-1.787543575510526495e+01
-2.854123374226370302e+01
-2.247613903833429916e+01
-2.717977246894408694e+01
-2.379448527436171190e+01
-2.572113523632096843e+01
-2.331785057502525405e+01
-2.407368382436687781e+01
-2.502442357171106835e+01
-2.690324442728217491e+01
-1.866783542550476938e+01
-2.139842051735602624e+01
-2.343542413325630136e+01
-2.404657616932144037e+01
-2.599700939406949018e+01
-3.164807367861624243e+01
-2.089939720641189780e+01
-2.839022264326428768e+01
-2.265348657411754729e+01
-3.028141266238253948e+01
-2.429756482733796119e+01
-2.206010354140753194e+01
-3.293242159089857068e+01
-3.120239859880639344e+01
-2.372731872526949815e+01
-1.926644206063547671e+01
-2.244978811714870304e+01
-2.083143686011554863e+01
-2.631825119762255838e+01
-3.122054748177344763e+01
-1.559728352620116532e+01
-3.122133762849123073e+01
-2.946015959813741603e+01
-2.932385280540913186e+01
-2.958250180704319732e+01
-1.939778265341876562e+01
-1.566998370489337233e+01
-2.243560935665400535e+01
-2.839621279861196967e+01
-2.059635993958135458e+01
-2.201649844834251013e+01
-2.256194868318593905e+01
-4.621897055347630179e+00
-1.900067658801236803e+01
-1.599972465313433645e+01
-1.431130383845762033e+01
-5.191712943041675743e+00
-3.225334050460032742e+00
-1.927629004137170554e+01
-1.034949867713915772e+01
-1.005725483343505289e+01
-1.797165506221650277e+00
-1.751077578668872592e+00
-1.285837858612173434e+01
-2.414804485261151434e+00
-2.053263629735962770e+00
-6.007181135994978050e+00
-1.358347885708562464e+00
-3.811727524903187447e+00
-2.509932604583533511e+00
-8.654505880038000143e+00
-2.237918703529543585e+00
-3.227529870637402265e+00
-3.170822104052510859e+00
-2.850599859217431309e+00
-3.050507653794038099e+00
-2.632885155381353037e+00
-1.262233493780621529e+01
-3.467875954151060647e+00
-1.390812641611961276e+01
-3.410018852504487885e+00
-2.544622979992323231e+00
-3.042355679826625359e+00
-1.672753809466483332e+01
-1.595119361968980520e+01
-1.102354930113944498e+01
-3.589107148031880357e+00
-2.922759486777511295e+00
-2.205093477502285015e+00
-5.813792786994969930e+00
-5.473058823784786142e+00
-2.033375619995857164e+01
-1.818848771042791412e+01
-4.271893224932010291e+00
-1.785788094177320318e+01
-2.300553594184254536e+00
-3.199732867444270212e+00
-1.669352324021023648e+01
-1.895915339588863091e+01
-3.139351955939135852e+00
-2.281489189997454048e+01
-2.292514783112391896e+01
-4.008712438756623087e+00
-2.020044680542109816e+01
-8.077989047853888493e+00
-1.811195633182379794e+01
-1.962993061998697186e+01
-2.613635748190672459e+01
-2.041090053822254546e+01
-2.223662228959127418e+01
-2.373467353628883103e+01
-2.555030748718639089e+01
-4.296524748188610410e+00
-2.358952970417249162e+01
-1.411224044298486113e+01
-2.337752897841188826e+01
-1.753462067829156368e+01
-3.300235003154895264e+00
-3.777628097265811391e+00
-2.606340486063111683e+01
-2.439565993761763352e+01
-1.805721647867693491e+01
-1.303852224638511181e+01
-1.701162549206118157e+01
-2.614076384680543086e+01
-1.965876608983811025e+01
-2.187234149302327779e+01
-3.441891196295137068e+00
-1.552558410875957762e+01
-2.384786830056817664e+01
-4.357128560968830833e+00
-3.118270030374332702e+00
-1.941468943893360333e+01
-2.490373478284457676e+01
-2.407598754769629323e+01
-2.024610043832508666e+01
-1.971279758557295203e+00
-1.670880003656243673e+01
-1.917882370296599248e+01
-2.357240193217422330e+01
-2.171860494618003301e+01
-9.343844458981205747e+00
-2.463030208441287172e+00
-1.640957727101311825e+00
-2.274486801338941433e+00
-1.847622262154175132e+01
-3.625742631340305611e+00
-1.875858193876817381e+01
-1.842931892310157593e+01
-2.281622905199804485e+00
-2.140980916480906160e+00
-2.109124774856696138e+00
-1.556246359520102551e+01
-1.822223590131335724e+00
-3.980809896864979880e+00
-2.454309421427578020e+00
-2.069177394171151541e+00
-1.702625378589337046e+00
-2.354761212084304667e+00
-2.149316970155804363e+00
-2.578538762352743152e+00
-3.168102362777236003e+00
-3.132476390357991303e+00
-2.141156214312250672e+00
-2.867631834963983550e+00
-2.886842274683218967e+00
-2.597542436177175951e+00
-2.046528788380582053e+00
-7.367399799061580268e+00
-2.374781792898793764e+00
-2.794330248674405492e+00
-4.079470841055176322e+00
-2.642281500883785217e+00
-1.659140556697107138e+00
-2.616622176184045578e+00
-1.885980406704987455e+00
-1.413310505875732259e+00
-1.773271318726961754e+00
-1.679620703989729513e+00
-1.546561321445177217e+00
-1.896653322252517038e+00
-3.819872326496244419e+00
-2.272137384124440995e+00
-2.292474133977732365e+00
-2.602535783888262344e+00
-3.356093430567182345e+00
-2.030059213400068785e+00
-3.262158273827450827e+00
-2.358067489671376027e+00
-2.099682575962538156e+00
-1.732190540730337291e+00
-1.973241645333285499e+00
-2.312435384349251333e+00
-1.528718237124273793e+00
-2.063390330202533818e+00
-2.231009317082521370e+00
-2.490566907183656031e+00
-1.951549666302315522e+00
-2.087268139455958682e+00
-7.231374934510137464e+00
-3.301600316622134823e+00
-1.861298631615983856e+00
-1.978777579778011830e+00
-2.371456980587330676e+00
-2.291795631043520576e+00
-2.051107415183723859e+00
-2.560308251248898159e+00
-2.421152630331165678e+00
-2.859524360000921916e+00
-2.200327188675398560e+00
-3.344233345107203714e+00
-2.291339056214764192e+00
-1.319928265445198701e+00
-3.598493619214233163e+00
-2.827760116012988156e+00
-1.840027413766404552e+00
-3.147688131631817043e+00
-2.289075544945250673e+00
-3.788607606616472889e+00
-2.735941490178535052e+00
-4.209398676108332182e+00
-2.247695516578336772e+00
-2.182080773007767149e+00
-3.937587348474159921e+00
-1.636148817188115112e+00
-2.605883412666045285e+00
-2.884814154160882271e+00
-2.418300844872004252e+00
-1.894326646658330171e+00
-2.824220119108884042e+00
-2.358104794136195448e+00
-2.067486194774617925e+00
-1.543693924284786689e+00
-2.256804848792560048e+00
-2.358140052358324024e+00
-2.083305593788951082e+00
-2.310952396290999467e+00
-1.938093190044747560e+00
-2.251271385681608450e+00
-2.395680318137725973e+00
-2.520630659162178766e+00
-2.420726241899610720e+00
-1.673548392931212270e+00
-1.766701252159749380e+00
-2.864433550910189030e+00
-2.122619363153599004e+00
-2.142525171084117996e+00
-1.899022955074798347e+00
-1.756788126713074272e+00
-2.690050249225608869e+00
-2.182259130372200762e+00
-2.461988129102496536e+00
-1.069622384856975916e+00
-1.984428317039361511e+00
-2.586801353624234689e+00
-1.554792096020796599e+00
-1.378750778937997357e+00
-2.907501795232978470e+00
-1.727443051933273299e+00
-1.391954264024378940e+00
-2.019439285448428656e+00
-1.332430935881078859e+00
-1.288403897188673097e+00
-1.335964653940542979e+00
-1.358005542276631727e+00
-1.780686102923598080e+00
-2.157312893940953380e+00
-1.845023408643802432e+00
-1.303233670449227555e+00
-8.588777595780785479e-01
-1.711213335323878537e+00
-1.584377708220605641e+00
-1.366492902444305324e+00
-1.170934289344246482e+00
-1.839513531787462908e+00
-1.853331979150360409e+00
-1.404777492245844250e+00
-1.725013724699569817e+00
-1.438388185014111365e+00
-2.225727638773312478e+00
-1.557904551475109534e+00
-1.579883610024177987e+00
-1.673395087000385972e+00
-1.240888646267052975e+00
-2.386836481021354928e+00
-2.596013183689608983e+00
-2.200884842658385132e+00
-1.749835643777222449e+00
-1.580933605655860719e+00
-1.182750491770041545e+00
-9.516402310905276440e-01
-1.670461198550761583e+00
-1.445170929515606106e+00
-1.535103702640522760e+00
-1.826012340668063061e+00
-9.070071776460303381e-01
-2.142392067996157667e+00
-1.444423229022018917e+00
-1.117155253994298159e+00
-1.507320855329563170e+00
-1.271926131613725586e+00
-1.185400105240246083e+00
-1.730707829660734998e+00
-1.063565355497176901e+00
-1.235302153782112500e+00
-1.907738782356333873e+00
-1.020527723031817269e+00
-1.189423203314117883e+00
-1.734180384179446310e+00
-1.657734049398765341e+00
-1.873745104339722856e+00
-1.704972605466638536e+00
-1.589621203224204526e+00
-1.702575549051392745e+00
-1.921352904751952417e+00
-1.925967593741082506e+00
-2.054789724613005131e+00
-2.134971733110310854e+00
-2.165221856054468930e+00
-2.039201448217933699e+00
-2.782023074381477556e+00
-1.946471334399907382e+00
-2.310586585711007057e+00
-2.227863757421790769e+00
-1.933203475337805788e+00
-2.139783674924552237e+00
-2.179429506963345808e+00
-1.686837290046256710e+00
-1.750501971473630958e+00
-1.683382880389114877e+00
-1.742283728226530659e+00
-1.753468593567176770e+00
-1.736182321190918643e+00
-1.823833368466881488e+00
-1.263826049213951030e+00
-1.844412610721977153e+00
-1.574449402004665099e+00
-1.515633376186493519e+00
-2.540776492791226193e+00
-2.413982521458857278e+00
-2.704511571172914852e+00
-1.521885903015889552e+00
-1.122915600968793504e+00
-2.341989342960586917e+00
-1.134176615058268833e+00
-1.107427277486753781e+01
-2.040205935574142515e+01
-1.776736493102486847e+01
-1.882469508264711777e+01
-1.972747280423569904e+01
-1.812080093207633880e+01
-1.846165480608960863e+01
-1.768230380984782713e+01
-1.223836711986646364e+01
-1.340918573340071340e+01
-2.381942398744559597e+01
-2.342876008136851951e+01
-3.749776343051214766e+00
-2.946900227992180543e+00
-3.582017622471207918e+00
-2.495004964584736307e+00
-3.053134702771468145e+00
-2.611955403687591826e+00
-2.626692744440312310e+00
-3.060784881865469931e+00
-3.025672914432759431e+00
-2.852931144191924506e+00
-1.500527822044638304e+00
-1.429059869376491543e+00
-1.925398082910281694e+00
-1.536167366664289879e+00
-2.281476055731930686e+00
-2.346655710858861266e+00
-1.496788920880744111e+00
-2.699260992665756032e+00
-2.135891905100798294e+00
-2.400230925430039353e+00
-1.235734540463733655e+00
-2.710304090105490893e+00
-1.205071728229651251e+00
-1.379033718000475472e+00
-3.313279423088447917e+00
-1.328880332239178896e+00
-1.655728926069021334e+00
-1.514726103454934636e+00
-1.759696322825551107e+00
-2.047053809249693934e+00
-3.305925709042207838e+00
-2.238774728741468767e+00
-2.749403671129526661e+00
-3.539990724820976542e+00
-1.630094111925599831e+00
-1.944045809299163263e+00
-1.371421499459483551e+00
-2.064751425831326426e+00
-3.419597925071361288e+00
-1.356228307528843713e+00
-2.498092306968318965e+00
-1.880823079636363415e+00
-2.376363221169324191e+00
-1.711478772225019984e+00
-1.530931922258371491e+00
-1.903244522160127516e+00
-1.647139814216900033e+00
-1.887997543269571032e+00
-1.618611186809171931e+00
-1.555103818176101882e+00
-1.497011089927585248e+00
-3.506527352292566846e+00
-3.202618111597203665e+00
-1.719256610336336033e+00
-3.202522705629955446e+00
-1.997148876026427988e+00
-1.918064302588259107e+00
-2.440439977527902649e+00
-3.338267270719935009e+00
-7.969894409974397576e+00
-4.880080395163775897e+00
-3.800094792092434837e+00
-3.485174353960714289e+00
-7.098071767910787422e+00
-1.332456946591785751e+01
-3.714122976717295632e+00
-2.588570609106831011e+00
-2.085440675991224513e+00
-9.260423695313711789e+00
-2.501017099806456478e+00
-5.885794214938223412e+00
-8.447953565413506283e+00
-9.759999503990623992e+00
-2.626176789466508676e+00
-2.684738131910589409e+00
-4.024791540237697696e+00
-2.982972693249450913e+00
-2.560711308670415853e+00
-2.076850415187808441e+00
-2.149480642662794150e+00
-4.029810294014676941e+00
-1.771971420010386211e+00
-2.307423898065980250e+00
-5.844106797236265471e+00
-2.227477389996760149e+00
-1.638475104921398584e+00
-2.411198112945490468e+00
-1.655037283743100218e+00
-1.249296982573280701e+00
-2.554458778718220469e+00
-2.056312746250782197e+00
-1.639397058566462340e+00
-2.417061517354782474e+00
-2.585385866645456332e+00
-2.915385153726469003e+00
-1.661032510659471439e+00
-2.826172841620879339e+00
-3.566694917493351547e+00
-2.942620141222433983e+00
-2.595499841847644706e+00
-2.884208514020192293e+00
-2.482999666344392065e+00
-1.926816417600342612e+00
-1.524123655416628420e+00
-6.073113232153227514e+00
-6.018990494822000770e+00
-5.550359689459697599e+00
-3.446743511243159475e+00
-3.050449254950659217e+00
-3.818220925287033829e+00
-3.517400270650099081e+00
-3.481982776887574182e+00
-2.348632590407814025e+00
-1.684910139373344151e+01
-1.477358253585001790e+01
-1.645921720858550330e+01
-4.599627336687875712e+00
-2.318006823351234758e+00
-2.998959253640727241e+00
-3.407187609718163035e+00
-2.496337459297455208e+00
-1.915147331984446977e+00
-3.165623897316097946e+00
-2.200650467667224497e+00
-1.461476228655066123e+01
-3.169269278999379491e+00
-5.322765940327761847e+00
-2.906623479375136210e+00
-2.402493139128424104e+00
-1.754786497374115850e+00
-2.200362220439749272e+00
-1.745396479187513394e+00
-6.812045350770516983e+00
-1.998652011697330311e+00
-2.046497847859847230e+00
-2.354563500230286710e+00
-2.350117385068374976e+00
-2.708635089613257829e+00
-1.802063642141154221e+00
-2.977452851626074537e+00
-4.195348895019339608e+00
-3.145947147371903174e+00
-1.163789680029523055e+01
-3.138518809181493285e+00
-3.533561821295645000e+00
-3.189363808120003529e+00
-1.815791495737977357e+01
-1.549315147133269299e+01
-6.763107928030806626e+00
-3.053603595371539026e+00
-2.388776412431335316e+00
-9.072694968387510883e+00
-7.994023543264924037e+00
-2.857700630354992999e+00
-6.742304372126393552e+00
-1.085076495413310305e+01
-2.518234106836397146e+00
-1.450180609971120127e+01
-5.919764534823022117e+00
-3.231771372844987944e+00
-8.242012024156611716e+00
-2.927641219305454623e+00
-2.006475218911453862e+00
-3.588704745166118926e+00
-1.139546690924371930e+01
-1.007873763613344664e+01
-6.699494016445051159e+00
-3.162080333397499832e+00
-2.295562242330990266e+00
-6.275486692558854607e+00
-5.931101780360525488e+00
-1.709094873260316616e+00
-4.151586755226340131e+00
-2.432166067315628677e+00
-2.218753457297077070e+00
-4.544519605578154042e+00
-2.521173805466126794e+00
-2.029922431251392823e+01
-2.409133247323651972e+00
-3.320137348418125800e+00
-1.193743010760222045e+00
-2.598912433851905845e+00
-1.214275593111143969e+00
-1.028959536356064852e+01
-1.687545962438594005e+00
-1.860957902929293084e+00
-1.898646729610149242e+00
-2.123429723432558980e+00
-1.226738121781818069e+00
-1.743655788396350381e+00
-8.640692879204233678e-01
-2.899591569857698836e+00
-1.482606861216921645e+00
-1.609374668091269944e+00
-1.589671048302782497e+00
-1.855803159769061406e+00
-1.509032700598879506e+00
-2.130942283828464845e+00
-5.017771262462908943e+00
-3.506297049588774861e+00
-7.920182796258322000e+00
-3.142255231423252582e+00
-1.687839396563981742e+00
-8.541972742220915293e+00
-8.833619887071103349e+00
-4.355335284957284614e+00
-2.020620272290994723e+00
-1.937472181920633307e+00
-1.850928345932160157e+00
-1.238352644921689505e+00
-1.264158514143167711e+00
-3.114079076725679407e+00
-1.532664233613498350e+00
-2.804706604432525729e+00
-2.003476757840014777e+00
-1.939839034231159776e+00
-2.133601527224779471e+00
-2.558354022828344565e+00
-1.082450393102587283e+00
-1.231979823871706570e+00
-1.227021240785426626e+00
-8.895987372441487295e-01
-1.294681116344048588e+00
-1.340978198305219138e+00
-1.074046654206584739e+00
-1.972085934205791924e+00
-1.335089125558549084e+00
-1.722091413292701434e+00
-8.709106587823934875e-01
-1.989687808630061783e+00
-1.664140048794067628e+00
-1.462208809521854835e+00
-1.526641394859096668e+00
-1.045271109166949319e+00
-1.766906714066677431e+00
-1.321994724322957948e+00
-1.116770661374351326e+00
-1.530295034214105732e+00
-1.964829997511683635e+00
-1.506110484288395002e+00
-2.010381229870211950e+00
-1.622562916635771790e+00
-1.087620993123377566e+00
-8.993764038646214765e-01
-1.526775483230193631e+00
-2.542448468363086356e+00
-2.406361142335135650e+00
-9.564241014714022882e+00
-2.386288429138133438e+00
-1.660435491748531556e+00
-1.622625280140830073e+00
-1.434391304462994787e+00
-1.760699853667419212e+00
-1.091037166401403358e+00
-1.003789427826690117e+00
-1.483568947854375208e+00
-2.239041918709292034e+00
-2.423230988064481561e+00
-3.854308033530911892e+00
-4.076162817163396568e+00
-1.105104134378384551e+01
-1.751723224751742913e+00
-2.467684137666787958e+00
-2.397658206329921882e+00
-1.331732763738742387e+00
-1.202587557649843264e+00
-2.283660486437917747e+00
-1.422413870387666091e+00
-2.906479106434114890e+00
-2.264422873462869745e+00
-1.902116293140862391e+00
-2.297225154167237715e+00
-1.979943730868320539e+00
-1.517180837880864219e+00
-1.524719537754273491e+00
-2.142727927581124181e+00
-1.832588689620210376e+00
-1.582139140077904349e+00
-3.004882107902910438e+00
-1.780664848306201309e+00
-2.728717073491109701e+00
-9.667103563625687457e+00
-1.027629301030894915e+01
-1.169694804596776194e+01
-2.450612911510938297e+00
-1.753713229645755689e+01
-1.781218188198247887e+01
-6.719045556182447143e+00
-7.528080455438990626e+00
-1.538307639502620727e+00
-1.676730049713347492e+00
-2.639165832966971603e+00
-1.287800458070427423e+00
-1.642524310456577430e+00
-1.363205727761248154e+00
-1.302457856527082569e+00
-1.418578417178040452e+00
-1.801151602440515864e+00
-1.285282378102015066e+00
-1.022944693443494479e+00
-1.205595752512197194e+00
-1.510010870295859009e+00
-1.140500988452985531e+00
-1.081053757602021381e+00
-1.562215626163325544e+00
-1.767156436571573064e+00
-2.573677225392020596e+00
-1.425959664726532461e+00
-1.695560262966790077e+00
-1.517639699964584032e+00
-1.712027881708659161e+00
-1.373532599969523149e+00
-1.535452513660737317e+00
-1.552253468896160005e+00
-1.350326037565428017e+00
-1.388190857045084936e+00
-1.095452758013675476e+00
-1.350286944136225742e+00
-1.325847429926318544e+00
-1.317033342364496207e+00
-1.305489590296019076e+00
-9.074203476110670463e-01
-1.171463990276127465e+00
-1.446483317782331524e+00
-1.458949857759687774e+00
-1.816574719296780493e+00
-1.019864466380695944e+00
-8.761705706758158296e-01
-1.526310630366490395e+00
-8.914600278662152544e-01
-1.314765009400157059e+00
-1.237482441579073500e+00
-1.172904492937915544e+00
-1.328686103702511501e+00
-1.632388736269574814e+00
-1.711524265795374866e+00
-1.556502781085826292e+00
-1.720975819432332798e+00
-1.306894191217607304e+00
-2.004852052760304648e+00
-1.324045815080580946e+00
-1.078515010232858673e+00
-7.742543851214639394e-01
-7.152810713899754314e-01
-1.028599903877394972e+00
-1.281832154566730830e+00
-9.488621387880308289e-01
-1.185008056280162148e+00
-1.262365613191878788e+00
-9.592002210809505991e-01
-1.451341363312940613e+00
-1.455635059494396311e+00
-1.089828115746571680e+00
-1.708396466827863280e+00
-1.171660570712151239e+00
-2.039578587248076058e+00
-1.074142013288070352e+00
-1.124097285571938443e+00
-1.016137077954316181e+00
-1.256266122059790158e+00
-1.901253433552863248e+00
-1.582754086108784763e+00
-8.937562292864065228e-01
-1.586675804994859940e+00
-8.079112902726207635e-01
-9.370387106397762844e-01
-9.750439809263463653e-01
-9.559840598700718450e-01
-8.914636196507756960e-01
-1.166702589813844115e+00
-1.698070018201921272e+00
-2.412523041276261715e+00
-1.054215903362390128e+00
-1.265852959549003343e+00
-1.956273848300808860e+00
-9.511725188375387274e-01
-1.085056934379345250e+00
-1.513225480159519742e+00
-1.226458782924529256e+00
-1.269883570982512255e+00
-2.168663811901504257e+00
-1.726549777435820943e+00
-1.229752429898285815e+00
