-1.460036627964614731e+01
-2.418885626868540228e+01
-1.481599365731605644e+01
-2.488644060595103014e+01
-2.502995307250714774e+01
-2.698624144014705095e+01
-2.624762936243773126e+01
-2.380400263659067051e+01
-2.155216034056319430e+01
-2.854705555721384869e+01
-2.726587864816878692e+01
-2.729670106096807913e+01
-2.354446055159653639e+01
-2.792597164551872879e+01
-2.830148451928848274e+01
-2.136307464469059880e+01
-2.980037932618296637e+01
-3.458171701319292168e+01
-3.282536650420246360e+01
-2.038608508298430166e+01
-2.774198061442102059e+01
-3.057150423964322528e+01
-2.922556464571137980e+01
-2.668125164644870040e+01
-3.547959248251321895e+01
-3.186696330462685012e+01
-2.907293920528982767e+01
-2.835680986383798086e+01
-3.054047352519723546e+01
-3.156779414871444089e+01
-2.906859818761051528e+01
-3.453808701287375982e+01
-2.609130874194513439e+01
-2.992308651943979214e+01
-3.730435067575483288e+01
-2.930105114832139179e+01
-2.715269899096483286e+01
-3.342475127818807579e+01
-3.077261091237748758e+01
-4.111173284229722924e+01
-3.714751471625473300e+01
-4.260615639976137459e+01
-3.411779827237173635e+01
-3.681305903550752134e+01
-3.969069347626059141e+01
-3.682644602258041999e+01
-3.154307413743395472e+01
-3.860629633954414430e+01
-3.585119729839218650e+01
-3.791904044414862796e+01
-4.342321341096985066e+01
-3.094307464508047900e+01
-3.446557559014366490e+01
-3.592177911513302746e+01
-3.675960583806833171e+01
-3.544054070229577036e+01
-3.084338931776784420e+01
-4.024070529451461198e+01
-2.760319036532816028e+01
-4.054506826310706202e+01
-3.604001346358574409e+01
-3.605376146429498618e+01
-2.768520315144627730e+01
-3.931724627028651753e+01
-3.606727631914024812e+01
-3.637736196735535543e+01
-3.502669580685897444e+01
-3.267177269448858112e+01
-3.121160144842632889e+01
-3.089860826676272865e+01
-2.859538741800320594e+01
-3.379254894643157314e+01
-2.906867830084306448e+01
-2.659804081120304886e+01
-2.407743191441918640e+01
-2.571371470890645128e+01
-2.739999226377475949e+01
-2.817413040073306973e+01
-3.359450306994244073e+01
-2.052713084925526132e+01
-2.345020748914649289e+01
-3.157524338158694022e+01
-2.772021605744618000e+01
-3.190795640115427645e+01
-2.258957985595520768e+01
-2.339858781119273345e+01
-2.453626275866766449e+01
-1.655311393256172181e+01
-2.162138149003926912e+01
-2.848396475757772350e+01
-2.264475484395069316e+01
-2.587728729197366917e+01
-1.848033671318305693e+01
-2.588231199391668724e+01
-1.974076648220159669e+01
-2.965932384342276862e+01
-1.912176802967282896e+01
-2.362902622368513761e+01
-2.270263041021070549e+01
-2.396470600834924625e+01
-2.394242078267951968e+01
-2.894032243044419417e+01
-2.194790830653174396e+01
-2.625393129710983686e+01
-3.222175163326703284e+01
-2.595493682128507373e+01
-2.569512189189751439e+01
-2.856539002108659986e+01
-1.975558749395453617e+01
-2.088136766552711876e+01
-3.310422457264331086e+01
-3.422904295063190716e+01
-2.578393938107463512e+01
-3.575076791129176712e+01
-3.190609051022865117e+01
-2.580743738302200185e+01
-3.187022228320232387e+01
-2.964044872470426384e+01
-3.707854291815540648e+01
-3.214172944269052579e+01
-3.479622504303278419e+01
-3.218946556659050628e+01
-2.945243546903386900e+01
-3.040700142358135238e+01
-3.263093176013002505e+01
-2.776843326128588529e+01
-3.291298271165857159e+01
-3.355288663990432951e+01
-2.895344270025164235e+01
-3.713799286352188744e+01
-3.801347226256564227e+01
-3.402701590866327308e+01
-3.147618770012743283e+01
-3.589768172136281521e+01
-2.746385436044853279e+01
-3.707224952818624786e+01
-3.685781802912487848e+01
-2.553435179174277891e+01
-2.825808804240901750e+01
-3.114551155807890837e+01
-2.813514103756094542e+01
-3.486895864297027003e+01
-3.228612628720783562e+01
-3.684479968065531352e+01
-3.113243818154450793e+01
-3.621342427815175569e+01
-3.436000392078128840e+01
-3.752063821429587875e+01
-3.418416182900406142e+01
-2.731084360622133289e+01
-3.766524681424221654e+01
-3.352863076246634222e+01
-2.371591903579717453e+01
-3.708552336758469181e+01
-3.070398943696757854e+01
-3.187828397735787789e+01
-2.769851360932118212e+01
-2.722278705134917587e+01
-3.096626609788093276e+01
-3.886421620530166621e+01
-3.187689508892994539e+01
-3.206576414351383164e+01
-3.257289020888183728e+01
-3.625561218047052847e+01
-3.078413085897844326e+01
-3.136088584852650030e+01
-3.337289637037925871e+01
-3.340592189059660200e+01
-3.263273402539061863e+01
-3.036828380928750803e+01
-3.462967787886621807e+01
-3.730785301957870104e+01
-2.957888678164115603e+01
-2.855752878878830714e+01
-2.879565698090219072e+01
-3.426055770893191266e+01
-3.657690439034696084e+01
-3.568425814582140276e+01
-2.878074122501432797e+01
-2.849554440243463205e+01
-2.734495274707073875e+01
-2.568791172597267192e+01
-3.367918113957932036e+01
-2.826459309738251946e+01
-3.749666251581216159e+01
-2.876309546055938426e+01
-3.033545708397901208e+01
-3.432902033560111477e+01
-2.720146353105452164e+01
-2.531876612233793722e+01
-3.446193436276795552e+01
-3.142415817370678610e+01
-2.702760839532815140e+01
-3.342341837210575051e+01
-2.766995162424051813e+01
-3.140582725033805644e+01
-2.567391317132464224e+01
-3.485389803753230353e+01
-3.366766672636255464e+01
-3.342823809220124787e+01
-3.911670301519206561e+01
-3.142128541385381979e+01
-2.700412667676677358e+01
-3.508865185859934854e+01
-2.809983795375464410e+01
-3.641322698538563429e+01
-3.810329039933704820e+01
-2.979404703149790024e+01
-3.494939365085346594e+01
-3.050188344730027623e+01
-3.277618824064177261e+01
-3.716021207958824135e+01
-2.929750124514730913e+01
-2.951838108183578413e+01
-2.838165762262632796e+01
-3.474026093415229610e+01
-2.524711610282263408e+01
-3.332518039959011702e+01
-2.751333380037226206e+01
-3.712261071913715682e+01
-2.899170978425669176e+01
-3.161460410322352033e+01
-3.039178618665086518e+01
-3.758384210102997969e+01
-3.712408366695697737e+01
-3.300918376370125884e+01
-3.210222172811300112e+01
-3.539107290367126524e+01
-3.035791835105050041e+01
-3.289350977145465293e+01
-3.030410030618345729e+01
-3.106031551888669284e+01
-3.509191096149039168e+01
-3.066154989373260165e+01
-3.631350960805040984e+01
-3.275393029297998737e+01
-3.191346921766998079e+01
-4.019755129473804800e+01
-3.543228474145512052e+01
-3.526587863134583500e+01
-3.312708243900070926e+01
-2.810114282697714216e+01
-2.897761177953965017e+01
-3.555424842047251843e+01
-3.822261847431548887e+01
-3.358030476853056001e+01
-3.989603762134642295e+01
-3.193607734756653826e+01
-3.177837396802268088e+01
-3.733724006177477861e+01
-3.924445542796227926e+01
-3.373298256553043473e+01
-4.039821470115592206e+01
-3.128662467337952080e+01
-2.996474701199990776e+01
-3.705145638942079245e+01
-3.124725680066773847e+01
-3.442010637108015203e+01
-2.808052662647607178e+01
-3.726807586816651252e+01
-3.389288385551154192e+01
-3.499203834915968514e+01
-3.758599612916857780e+01
-4.041593800793327773e+01
-3.514048630967420905e+01
-3.335220895889332837e+01
-3.739192916205612249e+01
-4.232073389318470902e+01
-3.916314905161211612e+01
-3.593817715588139805e+01
-4.265503462330211448e+01
-3.160088820821183475e+01
-3.737311886606676126e+01
-4.173797020988537554e+01
-2.980514783409208945e+01
-3.730016933881203300e+01
-3.420049245536039706e+01
-4.532901718569788585e+01
-4.586222096778599422e+01
-3.665103271470581348e+01
-3.237647732098040620e+01
-3.664505900354720325e+01
-3.900716104584682142e+01
-3.932412826253123939e+01
-4.947836384675152033e+01
-4.427247332963128912e+01
-3.989704814841322644e+01
-3.457356936381723500e+01
-3.319981039053007521e+01
-4.089722134147613986e+01
-4.249406812499041308e+01
-3.839020538068555055e+01
-3.894167396048100471e+01
-4.269453059372916925e+01
-4.142983519221636612e+01
-3.854782410614406274e+01
-3.635434145392986238e+01
-4.129851778303250853e+01
-4.299744507057140908e+01
-3.980818456367185831e+01
-4.062340005301976475e+01
-4.236418274775304837e+01
-5.098097009776218869e+01
-3.816870747544494691e+01
-4.386680345210012177e+01
-4.177797473904459480e+01
-3.735339606036227877e+01
-3.805702213585603033e+01
-4.574355842278918516e+01
-4.587202923456596437e+01
-4.274377727769678614e+01
-4.524724780691961712e+01
-3.634844414456682671e+01
-4.889294293083827370e+01
-4.083465492129939634e+01
-4.417317854231418295e+01
-4.194318056068478739e+01
-3.891930997814401394e+01
-3.785778160741205056e+01
-3.830602041758700693e+01
-4.354742436788305326e+01
-4.384281918686937018e+01
-3.760148313592717528e+01
-4.294999484954276170e+01
-3.671525609701002679e+01
-4.814502875468413379e+01
-3.007208949941438902e+01
-3.945552852384989251e+01
-4.010238209179438229e+01
-3.726191127862631447e+01
-4.403096301323127904e+01
-4.016991507803641781e+01
-4.169612115575650080e+01
-3.380997473312355339e+01
-4.022991334810134845e+01
-3.970247726888340623e+01
-3.606258575995629201e+01
-3.727844081281002531e+01
-3.080351454909392217e+01
-3.657445363186907628e+01
-3.724405177035973935e+01
-4.305237793190353557e+01
-3.067441597258353880e+01
-4.295868590402731257e+01
-3.300981589071702160e+01
-3.820941067621600240e+01
-3.770102484409949994e+01
-4.046113741032235112e+01
-3.169002138951478997e+01
-3.437055384651742429e+01
-2.590623640934548888e+01
-3.016185842808627271e+01
-2.803220848437043600e+01
-2.688586054634224354e+01
-3.033582681359778732e+01
-2.938506410849261030e+01
-2.891655187935105786e+01
-3.415754798027462869e+01
-3.095797598528745098e+01
-2.077082463334956941e+01
-2.514381783800809345e+01
-2.497544579623795968e+01
-2.216471765352854462e+01
-2.976718659810534717e+01
-2.404890197498478699e+01
-2.427623422501834582e+01
-2.363909659100353267e+01
-2.326017800777801980e+01
-2.712345522690203126e+01
-2.864637217823056403e+01
-2.334580829501861032e+01
-3.167680155074282666e+01
-3.169619081560056983e+01
-1.831195825953302858e+01
-2.730414246088358254e+01
-3.118487663286048317e+01
-3.338649913672666258e+01
-2.108783805942691458e+01
-3.052257786916177196e+01
-3.105466777516652854e+01
-1.773163317325923671e+01
-2.139107834821886556e+01
-2.631999721817673432e+01
-2.557498798086813352e+01
-1.972111708534375651e+01
-2.932808233971915612e+01
-2.876769998269010742e+01
-2.773154448066440025e+01
-2.342304501419567231e+01
-2.385919843154616160e+01
-2.966882140402015366e+01
-2.400753700379566880e+01
-2.203562825091706756e+01
-2.441697825302537694e+01
-2.316491790175117771e+01
-1.687707333354531158e+01
-2.227024129367406502e+01
-2.727299007385875740e+01
-2.720986139405481197e+01
-3.226585458951171859e+01
-2.286212339125795268e+01
-1.403732077849844373e+01
-2.614975067256145635e+01
-2.511562557977852705e+01
-2.351967622053382811e+01
-1.955143632637774331e+01
-2.281374547961411636e+01
-2.685820139138373719e+01
-2.299247610500180627e+01
-1.574982000217657863e+01
-2.579198576042241342e+01
-2.733421848391936493e+01
-2.400312252020174952e+01
-2.596290054515578660e+01
-2.508122559892751369e+01
-1.813333481046920426e+01
-1.306793007295260267e+01
-9.185161404092793802e+00
-2.554197118146009515e+01
-8.516080248615956805e+00
-1.238894001363261665e+01
-2.953560600068341557e+01
-2.101118679546271650e+01
-2.383252753001500679e+01
-2.848954837807866625e+01
-2.453198905739250790e+01
-2.179614011342999547e+01
-2.408772735705672474e+01
-2.012864985823366837e+01
-4.981196596142186017e+00
-2.036582634406770609e+01
-2.627303581735630544e+01
-2.646122904339285853e+01
-2.328956004833960236e+01
-2.143701896001330454e+01
-2.800603183468951229e+01
-1.896797155498449428e+01
-1.020594979090260779e+01
-2.551539689860977589e+01
-2.799568651197282776e+01
-2.330402270696530564e+01
-2.304363591215539131e+01
-2.139471266775442970e+01
-2.438583405276731142e+01
-2.587351762428574276e+01
-1.936369317957398195e+01
-1.945072227274140175e+01
-2.411398434644842581e+01
-2.621095648678072365e+01
-2.793590320137965932e+01
-2.325007310104776082e+01
-3.002529355484564988e+01
-2.534997462975678673e+01
-2.607853289098903460e+01
-2.791212188081036771e+01
-4.273277915281201267e+00
-2.274967369545167628e+01
-2.241557728443495279e+01
-2.822765459549729883e+01
-2.221272785682869255e+01
-2.631506716676168267e+01
-2.702432867850087206e+01
-2.496168439724889510e+01
-2.466870263924044693e+01
-2.449608998217562217e+01
-2.222917077604900626e+01
-2.227361874160083133e+01
-1.969153622677350768e+01
-1.655903826208204777e+01
-6.076935394847396310e+00
-2.552526976692332639e+01
-1.551702661267985661e+01
-2.608444857857060128e+01
-2.042018354626534204e+01
-2.391615448182647796e+01
-4.162240849168081347e+00
-2.870466133702733202e+01
-2.225781505114097669e+01
-2.402967332521182087e+01
-2.334725536649144928e+01
-2.639653014394499664e+01
-2.298381203106142934e+01
-2.467932332639409054e+01
-2.330417608402670027e+01
-2.444322010100634657e+01
-2.045925177557362318e+01
-2.405376885137409104e+01
-1.682096240662646380e+01
-1.925063034170431209e+01
-2.336831275851516665e+01
-2.457806736722425001e+01
-2.469955017080201287e+01
-7.826719668232986926e+00
-2.114160599733718371e+01
-2.519967084537174884e+01
-1.965857587798275219e+01
-2.372367726167329138e+01
-2.409507986750773867e+01
-1.870543391621182749e+01
-2.264988393036803060e+01
-2.058693981271404638e+01
-3.685147604139175304e+00
-2.008753670290080962e+01
-2.011369459970328322e+01
-1.839528322330709287e+01
-1.421125374195819369e+01
-2.480192257040619808e+01
-4.313296623054816870e+00
-2.354555168187270908e+01
-2.045758309573828981e+01
-7.970807288168937355e+00
-2.626234667831190084e+00
-1.884155000381020528e+01
-2.015551625723324136e+01
-2.032264653000812515e+01
-1.945759744284560711e+01
-2.610726020302823613e+01
-2.358559505730167771e+01
-1.896371445596737981e+00
-1.850564647925995487e+01
-2.130049525092907814e+01
-2.708152335807390898e+01
-2.667153931751570184e+01
-2.188261404340429905e+01
-2.547063998454958877e+01
-2.464769080614085084e+01
-4.235895767909243936e+00
-2.511413105995111472e+00
-2.633596654517706526e+01
-2.488662981553396847e+01
-2.065667033899167393e+01
-2.054605947975055358e+01
-2.719270430946872352e+01
-1.916543251388553770e+01
-1.963375472431961910e+01
-4.037602310522546034e+00
-1.925141797988568015e+01
-2.181808713576030456e+01
-2.514324912063223394e+01
-1.160932533494724339e+01
-2.337160255943932441e+01
-1.792020978457007274e+01
-2.623192213953328888e+01
-2.063326494041808701e+01
-2.390139565457628379e+01
-2.101636117109135427e+01
-1.429621508183071477e+01
-6.404192230876972758e+00
-2.703597381742331507e+01
-2.233229124733713888e+01
-2.131653491010827750e+01
-2.393939757119196798e+01
-2.387056666481492684e+01
-2.065774273373655845e+01
-2.506246538493493148e+01
-2.201606328909571886e+01
-2.562341450331820525e+01
-3.732134827231201157e+00
-1.960067679997548140e+01
-2.188080939847710571e+00
-2.347167659983740862e+01
-2.387528770973851167e+01
-2.739537086618420858e+01
-1.789684472511004287e+01
-2.345488638153794270e+01
-1.925608289667981410e+01
-2.677179093684656408e+01
-1.962841076600494716e+01
-1.268097759514295042e+01
-2.039668425218306780e+01
-4.705497496075751407e+00
-2.252138235767300500e+01
-1.746998810372412336e+01
-2.170745534383691933e+01
-2.544338365012624692e+01
-2.571468526513893593e+01
-2.386216735927119714e+01
-2.051170096974088608e+01
-2.580475566302609280e+01
-1.990725044825757095e+01
-1.951143332340636860e+01
-2.440602374102066818e+01
-2.620616170810140133e+01
-2.173856432401931471e+01
-2.228058813736888766e+01
-1.951382899598915799e+01
-5.175696238496663604e+00
-2.735401042985314746e+01
-2.225376502422495406e+01
-1.767233117559622357e+01
-2.257434559767378701e+01
-1.501910369254193611e+01
-2.680292147276625059e+01
-2.627521022574169152e+01
-2.106883464062769917e+01
-2.470597490567449483e+01
-2.893187768023870632e+01
-2.483765107968508090e+01
-2.700166180919227799e+01
-1.896357519050672025e+01
-1.776310258159001165e+01
-2.321951491689103619e+01
-1.920478608343089988e+01
-2.294891534868169103e+01
-3.064770570095948887e+00
-2.419806617489835432e+01
-2.062536161896372988e+01
-2.316281680972503310e+01
-2.264859496370590364e+01
-1.285028560725251090e+01
-2.546012236386126304e+01
-1.890217973715745003e+01
-2.516873047845548683e+01
-3.036408387233994421e+00
-2.958925207627064324e+01
-2.578702262524327438e+01
-2.898983689765789862e+01
-2.372869595453020253e+01
-2.454112433908251489e+01
-6.000052331423406216e+00
-2.297740738210168843e+01
-2.017149673222337825e+01
-1.315528274859554969e+01
-2.144987810722458477e+01
-2.418174079280116118e+01
-2.059696515601876854e+01
-1.809517396616780616e+01
-2.575465312830327491e+01
-2.354986564819528638e+01
-2.785245113264868522e+01
-2.149398576643471515e+01
-2.280320263146472115e+01
-1.078691928940924072e+01
-2.282620807941816565e+01
-2.343215491806684270e+01
-2.858836991634483127e+01
-2.731830930847294070e+01
-1.902372384522805149e+01
-2.898065224700161835e+01
-1.932282392273359051e+01
-2.381783193666365861e+01
-2.336525357008303416e+01
-2.587260687318797636e+01
-2.482666995431886292e+01
-2.373183420958028478e+01
-2.728056955821491414e+01
-1.979852357218550196e+01
-1.361562254503385283e+01
-2.009311293621874128e+01
-2.387489114124054268e+01
-1.904121748451876783e+01
-2.797185095334031502e+01
-2.762623820291985766e+01
-2.315918368782578440e+01
-1.988654346004315698e+01
-2.954468345740641055e+01
-2.588234589587681711e+01
-2.420473721543437762e+01
-2.484539893871123084e+01
-2.761954398573013592e+01
-2.612086707919364414e+01
-1.991637003631383251e+01
-2.303956327878445620e+01
-2.243689827170713258e+01
-2.679870872248924840e+01
-2.066524475029601859e+01
-2.299631312925020410e+01
-2.430812754017055966e+01
-2.841644448585796567e+01
-2.241254605081445916e+01
-2.366881457885286721e+01
-2.589730430988571896e+01
-1.846151019882174538e+01
-2.437566565905870064e+01
-1.776192319600897207e+01
-2.107985819425973162e+01
-5.398879143968288830e+00
-2.711542308222604447e+01
-2.428895498517211138e+01
-2.559689558237043627e+01
-2.588165110244811373e+01
-2.169127229771237353e+01
-2.903251035312402450e+01
-2.674158059223735151e+01
-2.358109584231641520e+01
-2.305154656163729854e+01
-2.712928480410808518e+01
-2.296882453513876143e+01
-2.782265446704144196e+01
-1.993724860840620394e+01
-2.085239692859740757e+01
-2.286388032587855434e+01
-2.419734922747366923e+01
-2.441761042423147288e+01
-2.643077362696610066e+01
-3.417124066160923235e+00
-2.251223656438714471e+01
-2.576703767380266896e+01
-2.591438707239399619e+01
-2.600830550077813186e+01
-2.199697615274248363e+01
-2.724438761327171932e+01
-3.460845317198680160e+00
-1.845807991018288519e+01
-2.550516323340054115e+01
-2.275284505401224067e+01
-2.811337176831458251e+01
-2.759594977106178959e+01
-2.277634592467256525e+01
-6.684162854251717967e+00
-2.548429595259062097e+01
-2.398198078844382408e+01
-2.825259738071187243e+01
-2.573198096306739657e+01
-3.255496507011366702e+01
-2.066926356230626993e+01
-2.344384523110295504e+01
-2.773068896737944300e+01
-2.474263254968691683e+01
-4.708329836180034533e+00
-2.069116617133940039e+01
-2.138634360398588541e+01
-2.294323731010613443e+01
-2.890161239855540032e+01
-1.857469672625079227e+01
-2.295330875665984749e+01
-2.622140620321644278e+01
-2.128706665142791721e+01
-2.282850655486980074e+01
-2.286757106516896343e+01
-2.404740945701216859e+01
-2.400565742246147494e+01
-2.649932750852747887e+01
-2.661976619307626635e+01
-2.491965205035997855e+01
-2.312882181798303804e+01
-1.970570648959085247e+01
-2.021475927092858882e+01
-2.440313742706517175e+01
-2.447039799020387107e+01
-2.181113937311913631e+01
-2.518553253186676955e+01
-2.317237427725620691e+01
-2.120265235374576918e+01
-2.400868895916914525e+01
-2.461522760256171338e+01
-2.795025855784852098e+01
-2.713185649423119372e+01
-2.862828160591246984e+01
-9.313493071260483092e+00
-2.826013164518363752e+01
-2.590678383306019938e+01
-2.451487602574346170e+01
-1.550580565686161805e+01
-2.662643811063626131e+01
-3.060762381080914096e+01
-2.995988414648501674e+01
-2.805802180719089023e+01
-2.482922752514770437e+01
-2.268794502702257176e+01
-2.625651455331408002e+01
-2.074773854400836015e+01
-2.428546928166735341e+01
-2.363669927461398501e+01
-2.290650865467845421e+01
-2.861012421311325937e+01
-3.043847441016542632e+01
-2.687093256048927969e+01
-2.610245148507749136e+01
-2.530978947143867686e+01
-1.868505380776284497e+01
-1.923492585783268183e+01
-2.517178855225627387e+01
-2.521670334182408268e+01
-1.574985187283439281e+01
-2.273826208116967962e+01
-2.940916453091379168e+01
-2.236044605334739543e+01
-2.313719736181610998e+01
-1.945732365044203860e+01
-2.709840946889928404e+01
-2.450510842497765651e+01
-2.359057310042155819e+01
-2.978364193155186967e+01
-2.160443617073166322e+01
-1.877351339798932983e+01
-1.522440583907866340e+01
-2.415157657490025400e+01
-2.651644454992933220e+01
-1.646510236891923995e+01
-2.994700973222817098e+01
-2.178072379379981172e+01
-2.845112651324559039e+01
-3.125117608748571740e+01
-2.815893275292462761e+01
-2.613337450640590021e+01
-2.650093785235098665e+01
-2.681272914168447841e+01
-2.597251297977049944e+01
-2.050569631995261943e+01
-2.086803720448260080e+01
-2.686337746198524812e+01
-1.690437233838753883e+01
-2.981045730671877436e+01
-2.331853747722150771e+01
-2.181346917094685267e+01
-2.788164023086647347e+01
-1.575657873555096167e+01
-2.147869896252686317e+01
-3.002038147498870657e+01
-2.651053795745792030e+01
-2.479555313406692818e+01
-8.036591467647362208e+00
-2.006994475972069125e+01
-2.404721475683917475e+01
-2.771083259158908874e+01
-2.936784083095133013e+01
-2.585850706058512571e+01
-2.286513963957153450e+01
-2.001986338442010549e+01
-2.855565341072872343e+01
-2.483647121513399725e+01
-3.028196776838903403e+01
-2.493252415357752483e+01
-2.737734568161952353e+01
-2.807562629125909837e+01
-2.420837620483955277e+01
-2.740826723749957594e+01
-2.597095475335154191e+01
-1.909717736118069809e+01
-3.336084424618742617e+01
-3.129554147007456066e+01
-2.734244459805291427e+01
-1.908391172280173009e+01
-2.604584212496958529e+01
-2.447638991306136091e+01
-1.935563557871719809e+01
-2.280591794591375887e+01
-1.327487819857636886e+01
-2.975900978450834700e+01
-2.539472319240310227e+01
-2.994682983620058891e+01
-2.566270566125920993e+01
-2.481405640374044808e+01
-2.540543130107549175e+01
-1.280376160081134174e+01
-2.590958664974455772e+01
-3.060820503028535455e+01
-1.424536768649788243e+01
-3.007597255771866429e+01
-2.128279900761071630e+01
-2.272188963603481682e+01
-2.456275806790694105e+01
-2.570312720308314880e+01
-2.474875716704437068e+01
-2.492934370560780266e+01
-2.433431977980668037e+01
-2.506901722179085112e+01
-2.769323148293447545e+01
-2.198787190290275362e+01
-2.052955406657488524e+01
-2.394344680940965020e+01
-2.214250517588551403e+01
-3.212780744013956280e+01
-2.931893278253506097e+01
-2.480936287227275727e+01
-3.091270928115053351e+01
-3.077918542569240401e+01
-2.423132647498841052e+01
-2.472480548583729032e+01
-2.268706333215025239e+01
-2.660724557945202307e+01
-2.593904077102080308e+01
-2.229818324075513303e+01
-1.756620398343837763e+01
-2.514014464607429744e+01
-2.730428235296234618e+01
-2.289950115774079720e+01
-2.635454580175564132e+01
-1.920931453705934899e+01
-2.513145276857678567e+01
-1.976838562318590320e+01
-2.042063024476752275e+01
-2.199977668512436324e+01
-3.125040953958985313e+01
-2.318999999205342633e+01
-4.215627628363433743e+00
-2.176014057257993528e+01
-2.442224327089063252e+01
-2.796418728274013077e+01
-2.068220944463301691e+01
-2.215731740308727282e+01
-2.792343299468842943e+01
-2.646549385733484883e+01
-1.973086108463646227e+01
-2.380108769057233076e+01
-2.873013814973400315e+01
-2.442144626312347100e+01
-2.526345715532482572e+01
-2.022886067372352414e+01
-1.759465521394326615e+01
-2.605215018111643133e+01
-3.029589460931423162e+01
-3.233243877073946493e+01
-2.882938193235079893e+01
-3.145080842789833397e+01
-2.014741115612735101e+01
-2.565242079055198943e+01
-1.936417622603164190e+01
-2.304946830538363400e+01
-2.312648927736159976e+01
-1.924089538166852620e+01
-2.906326435826747812e+01
-1.859166484185255541e+01
-2.169570581662966902e+01
-2.664797238698215054e+01
-2.158963047271917191e+01
-2.489766479065957228e+01
-1.996700539257938445e+01
-3.112490955873185428e+01
-3.170310322230573874e+01
-2.698629683056794448e+01
-1.425852691138168105e+01
-2.179591510257693443e+01
-2.526965474418197388e+01
-2.378855100590834937e+01
-2.416081480771083889e+01
-3.160902951536641226e+01
-2.882495104487628623e+01
-2.162870691112546950e+01
-2.270260793466662008e+01
-2.534448772138546602e+01
-2.527200935625923961e+01
-2.591186323441687378e+01
-2.901091346539955396e+01
-1.512501275639613674e+01
-2.262220271798429039e+01
-2.182388848770111522e+01
-2.320120218386906785e+01
-3.862006068798748082e+00
-1.835202119693239098e+01
-2.516369379849549759e+01
-2.652159542829473793e+01
-1.815880509023843459e+01
-2.336709960641053030e+01
-2.341993458588692079e+01
-2.574235198230359600e+01
-2.627827746460052083e+01
-2.371860174853852499e+01
-2.339662003153540937e+01
-2.856514613190993401e+01
-2.714969548256961929e+01
-2.414048776447997469e+01
-2.501290544975094932e+01
-2.129663526867782153e+01
-2.051931422199954724e+01
-2.664131826610310583e+01
-2.502775343774502304e+01
-2.602733775693103624e+01
-1.466221304302255390e+01
-3.077845826314957378e+01
-2.504098471160747863e+01
-2.337708998998739673e+01
-2.756092196408680550e+01
-2.761751330859523890e+01
-2.409532827260295917e+01
-2.329977892021910080e+01
-2.744693730057016268e+01
-3.117932887479594939e+01
-2.545698653208663131e+01
-2.900316988321258549e+01
-2.786050737023098023e+01
-2.750524074666898144e+01
-2.470454683532319606e+01
-1.884235997019954567e+01
-2.266369374593701380e+01
-2.166460600453516250e+01
-2.651220075619672301e+01
-2.551712694740931653e+01
-2.036068324684177711e+01
-2.167989944447082706e+01
-2.366159915030575078e+01
-3.358676544601479463e+00
-2.459605600398720071e+01
-1.676240838532912747e+01
-2.626624381743376802e+01
-2.365320139418603418e+01
-2.240262352872363039e+01
-2.440876891413125804e+01
-1.392534565490030118e+01
-2.985450029345675915e+01
-2.671582173623884415e+01
-2.350652330694279968e+01
-2.609177930467604867e+01
-2.488074844084317050e+01
-3.314275009441787034e+01
-2.111619487122305117e+01
-2.588193095850585124e+01
-2.711478546847578031e+01
-2.236824322579199276e+01
-2.390031336969215658e+01
-2.792742356409885218e+01
-2.618577400991588533e+01
-2.371439864631594574e+01
-2.490086718091875184e+01
-3.153747768202119417e+01
-2.538186229448570685e+01
-2.568721910276933329e+01
-2.996438034050499866e+01
-2.887949717355201429e+01
-1.180162679927343916e+01
-3.110773510726235358e+01
-2.720772724982828805e+01
-2.840811638436192510e+01
-2.368219616095034041e+01
-2.629701015354113736e+01
-2.095849340334740063e+01
-2.297791170427884921e+01
-2.788054810454588761e+01
-2.043802735120423364e+01
-2.100683452208165747e+01
-2.214086866540700882e+01
-2.660315964196420069e+01
-3.023478278743565184e+01
-2.552318311392519234e+01
-2.587251911166688245e+01
-2.705023062961497615e+01
-2.578971486336644148e+01
-2.295091593172860200e+01
-2.015540275510758050e+01
-1.930509717710857132e+01
-2.009703611677851498e+01
-2.312513069332405280e+01
-2.518776274603350274e+01
-2.810304643416688819e+01
-2.104332990577825768e+01
-2.163646881123792554e+01
-2.889432647621234551e+01
-2.028235844121512343e+01
-2.924323026191886044e+01
-1.920024907278965287e+01
-2.792899446947661346e+01
-2.604534656636613121e+01
-2.552238628657471509e+01
-2.989464219713081050e+01
-2.357717456260762745e+01
-2.585030841228366683e+01
-2.739665958041054949e+01
-2.568963743204785644e+01
-2.427295412435485389e+01
-2.279804528941191677e+01
-2.717557563659016040e+01
-2.438735836753945918e+01
-2.504602732904081108e+01
-1.967045550939003462e+01
-1.927932960076924473e+01
-2.327392521475045939e+01
-1.937428807568263167e+01
-1.534383263120677121e+01
-2.222913518220215678e+01
-1.860708513084400550e+01
-3.015077339989824523e+01
-2.549067609128528034e+01
-1.302161249726350611e+01
-2.503239261429977702e+01
-2.655060379978652207e+01
-3.219594392484125223e+01
-1.997183078544897583e+01
-2.515200619739733412e+01
-1.278007675982040858e+01
-2.618727591515719055e+01
-2.883021697559822982e+01
-2.155807877532429373e+01
-2.185020758563939580e+01
-2.325055981135060534e+01
-1.830519635907649700e+01
-2.250777165015426462e+01
-2.472431452246729577e+01
-2.817465470631892899e+01
-2.184323908275702308e+01
-1.656179231948555497e+01
-2.815750633332263675e+01
-3.030852515950181569e+01
-1.952722114134024878e+01
-2.858580085342769905e+01
-2.493770363897251841e+01
-2.747706332847191746e+01
-1.406601495732322782e+01
-2.129774785388580938e+01
-2.823273236255253238e+01
-2.598992115639328304e+01
-2.642382751887222270e+01
-2.738132635676618776e+01
-2.515341321222611626e+01
-2.320528650621613664e+01
-2.356686561282553782e+01
-1.409932785139688960e+01
-2.601357864626845995e+01
-2.424632366435058728e+01
-2.592462427337046904e+01
-2.297337578717026929e+01
-1.956760782938674836e+01
-2.282737886740015298e+01
-2.418378405356074268e+01
-2.730319602325365125e+01
-1.776477695699794168e+01
-2.748330594383027758e+01
-2.533479213234633676e+01
-2.319689743217616851e+01
-2.492341432450274397e+01
-2.459611518402827812e+01
-2.277946449099732362e+01
-2.259362200731476378e+01
-2.370660159653003163e+01
-2.273231985869914595e+01
-2.713587157094892888e+01
-2.350516250603016388e+01
-2.564449250174575923e+01
-3.039802081703540537e+01
-3.189600036435216168e+01
-2.538823209793837776e+01
-3.076355552900180257e+01
-1.908248549776993741e+01
-1.977780540329125714e+01
-2.299790534061540725e+01
-2.817198702451422321e+01
-2.881266686402461019e+01
-2.209882051434997408e+01
-2.381389847622237355e+01
-3.107247699964204202e+01
-2.745701070439130831e+01
-1.895715942092945383e+01
-2.532926948841057069e+01
-2.034091516836079450e+01
-2.951743321970854694e+01
-2.649209834882093872e+01
-3.097371565470179533e+01
-1.945430579304170138e+01
-2.408487269808400910e+01
-2.888792920489054694e+01
-1.955832796018487230e+01
-1.897767419430948266e+01
-2.070130346606481098e+01
-2.311059363046570425e+01
-4.711262613085970052e+00
-2.554784170793005771e+01
-2.494349382000612536e+01
-2.142078328195795578e+01
-2.443119591113645939e+01
-2.490561431314287333e+01
-1.393388818143116481e+01
-1.799698040878452687e+01
-2.780573505195181383e+01
-2.897027137549060782e+01
-2.047382273854150370e+01
-2.649812205797045195e+01
-2.351260248026130384e+01
-9.836121264562406097e+00
-2.890789767227190055e+01
-2.315330721785948853e+01
-1.409342749635352376e+01
-2.056510006633334697e+01
-2.247362189464438487e+01
-2.350254642638489599e+01
-2.166020208514926537e+01
-2.536603035849614685e+01
-2.573987350240305361e+01
-1.884764300656475911e+01
-2.647312141861032586e+01
-3.060034095158002287e+01
-1.723965639119738213e+01
-2.116545471757773456e+01
-2.379749481189672977e+01
-2.521401535042473796e+01
-2.658916504829852911e+01
-2.700016253951828560e+01
-2.237239346982909183e+01
-3.010390880699804583e+01
-2.438043342256440127e+01
-2.579233250783696363e+01
-2.603954988292545991e+01
-2.325017385860590124e+01
-2.215088644726865041e+01
-2.302234253849342949e+01
-1.828475177184881773e+01
-2.901329223940970081e+01
-1.962255469407605091e+01
-2.748651772838172391e+01
-3.316074520679391124e+00
-2.504455575142843671e+01
-2.578366709775130872e+01
-1.624081599459953651e+01
-2.330685570279198160e+01
-2.849679600151084813e+01
-2.930834773187884323e+01
-1.977536104309626097e+01
-1.821440245732357965e+01
-2.272445057458255135e+01
-2.248312420765040187e+01
-3.094530713907216679e+01
-2.535432467971394033e+01
-2.095416616826187450e+01
-1.176178866513912524e+01
-2.862393611172668884e+01
-3.763236546904340063e+00
-2.191218613814225336e+01
-2.091512340078710963e+01
-2.265099327171457588e+01
-2.638846224579091881e+01
-2.264752792738621423e+01
-2.867567927129204364e+01
-1.759356686657894286e+01
-2.232656237440236069e+01
-2.244109890591896317e+01
-2.205538641132979905e+01
-2.751503526759982421e+01
-2.027433723331748538e+01
-3.004845148595326876e+01
-2.622604634472030938e+01
-2.789757911666359647e+01
-2.271091054588527314e+01
-2.237195738028492897e+01
-2.935419519968259294e+01
-2.062802449314472852e+01
-2.610336066753224316e+01
-2.651172543663203385e+01
-2.750722044143607192e+01
-3.117044797142510504e+01
-2.206421392341298926e+01
-2.404595768228486108e+01
-2.319017789557807419e+01
-2.459114626491719235e+01
-2.934278152641209303e+01
-2.396077847826873608e+01
-2.720631379440412090e+01
-2.729337694697328942e+01
-2.474145242358200036e+01
-2.548508842296797638e+01
-2.589188411693891823e+01
-2.248158867185027532e+01
-2.440029984892677106e+01
-2.192845077149684485e+01
-1.969603146085065148e+01
-2.891030540645467539e+01
-2.028405628791775683e+01
-2.511508710732299221e+01
-2.852377700193228449e+01
-2.229468531659626507e+01
-2.204303452611478420e+01
-2.555204159310158829e+01
-3.764663247364646192e+00
-2.649185337505183924e+01
-1.613551623827541803e+01
-2.648700354569510296e+01
-3.033818068693867787e+01
-3.169348751189549418e+01
-2.409906237441740018e+01
-1.548724811784398625e+01
-2.743006307952253309e+01
-2.486604618132912137e+01
-2.287384915452598833e+01
-3.079386975477737920e+01
-2.914077992077842083e+01
-2.479927002210663645e+01
-2.002250790596790964e+01
-2.458510938540034374e+01
-2.245371676347073375e+01
-2.974018451174197253e+01
-2.444351511817330902e+01
-2.237688294141035428e+01
-2.408393164923900187e+01
-2.294166434840021296e+01
-2.158021163761340944e+01
-2.371695859973108611e+01
-2.442881800836457984e+01
-2.283558508607772097e+01
-2.856860990523137644e+01
-1.976860514558324056e+01
-1.548579454663293831e+01
-2.392744155690969166e+01
-2.602848738906618209e+01
-1.917692307336078983e+01
-2.345419907300954776e+01
-2.372691736598103418e+01
-2.563007019918875784e+01
-2.165635721729829655e+01
-3.208658000552860301e+01
-2.331341774088105012e+01
-2.702658330978135481e+01
-3.871626727045756944e+00
-2.044045679965669748e+01
-2.490352154473094259e+01
-2.338262125644157763e+01
-3.821833807597805333e+00
-2.115227766937954357e+01
-2.809165695592488632e+01
-2.993329701109277963e+01
-2.458788289047324582e+01
-2.844150267360317841e+01
-1.671018834080965476e+01
-2.760605782244826756e+01
-2.750360206497277815e+01
-2.791788561763587495e+01
-2.067056647933472391e+01
-2.866007181398504855e+01
-2.792623493690983949e+01
-2.657718326416507182e+01
-2.550596230177815471e+01
-2.576696870896317648e+01
-2.708197703173673432e+01
-2.943471589310935244e+01
-2.113601322901267565e+01
-2.652168307823965421e+01
-2.485225189131707424e+01
-2.765297545281702796e+01
-2.638773825542756413e+01
-2.581615620153829482e+01
-2.558243556337887981e+01
-2.716573553005348884e+01
-2.184897330617351940e+01
-2.486698922394557343e+01
-1.500548847582650325e+01
-2.624480975112664183e+01
-2.939004069404807140e+01
-2.639693765418024540e+01
-3.057613037630638075e+01
-3.057107782539199548e+01
-2.678486515058867568e+01
-2.402981259090757149e+01
-2.548676407425173451e+01
-2.786041226191103348e+01
-2.474250188675729234e+01
-2.256783567697135950e+01
-2.412891883787057523e+01
-2.748173886519547793e+01
-1.844427647107181301e+01
-2.033902381333871290e+01
-3.016347130321682712e+01
-2.018158832580490625e+01
-4.037186823370646493e+00
-2.806987842975561520e+01
-2.346469847442952172e+01
-2.813297488354320919e+01
-2.786808782988534006e+01
-2.412897249834596636e+01
-3.224832545980353871e+01
-2.642789118537220716e+01
-2.864604839789970470e+01
-3.061882849078158131e+01
-2.450232088989109158e+01
-2.215680789454727417e+01
-2.601949826414516309e+01
-1.915215736460061891e+01
-1.817351955149386811e+01
-2.595878261721415825e+01
-2.164718112493872582e+01
-2.731492753326354617e+01
-2.217284276650239505e+01
-2.859163129600257136e+01
-2.285238212534444813e+01
-2.484309763387159009e+01
-2.438605882435294347e+01
-2.343516820172755288e+01
-2.335205399261892723e+01
-1.807056862967566246e+01
-2.337042865300846017e+01
-2.022951757486255531e+01
-2.654680583214431167e+01
-2.466372978231116164e+01
-3.009462586670219864e+01
-2.627727688430329422e+01
-2.615605953537849260e+01
-1.845375999992056393e+01
-2.511015992752446024e+01
-2.644849598098521781e+01
-2.722384875275945149e+01
-2.600248134727713989e+01
-1.951648507528980048e+01
-2.149960385794198459e+01
-4.116331352608985306e+00
-2.424966721293766270e+01
-2.635989745932745620e+01
-2.643914598597204346e+01
-2.129968253345709073e+01
-2.248807426084690064e+01
-2.870830144333205425e+01
-1.641801754876752284e+01
-2.405156089443480738e+01
-1.826628372623837393e+01
-2.106279875401187240e+01
-2.476544556270524211e+01
-1.997839824407761711e+01
-2.441897265071288459e+01
-2.548680237588262187e+01
-2.108808233765553197e+01
-1.882887335306629595e+01
-2.042841830417095395e+01
-2.740175469057921731e+01
-2.091812879944741965e+01
-2.182252411186498264e+01
-3.271533376340396160e+01
-2.412586958557520234e+01
-2.223897248432258422e+01
-2.478767978007988404e+01
-3.141798407382837155e+01
-2.713144678972254198e+01
-2.585723746000465439e+01
-1.905836076806640378e+01
-2.430702583894547075e+01
-2.302560701189275605e+01
-2.801029177792471714e+01
-2.794453572587229928e+01
-2.707079409887732879e+01
-2.743141582113980093e+01
-1.627188878711002218e+01
-2.650739924998473285e+01
-2.585686367198974622e+01
-2.792333848776024752e+01
-2.326212866136517476e+01
-2.618228801819005724e+01
-2.637471490345629022e+01
-1.793096133112940649e+01
-2.310961367193434768e+01
-2.524219500991100773e+01
-2.114273769888663779e+01
-2.592378837574859318e+01
-2.535012890850751077e+01
-1.720540373381628285e+01
-3.074834648131694337e+01
-3.180830946685788518e+01
-1.964733070248108859e+01
-2.754529666410841315e+01
-3.005585901745182298e+01
-2.358745121472409423e+01
-5.038050920529794752e+00
-2.903694986328999761e+01
-2.348130581408638307e+01
-2.459066945685107441e+01
-2.158903661110473138e+01
-2.826330280571255571e+01
-2.869333560121088667e+01
-2.763468412562266252e+01
-2.516822719077239157e+01
-2.033350708739459023e+01
-2.734308667432216566e+01
-2.185336965780916074e+01
-2.685907628196648034e+01
-2.991435098699218287e+01
-3.202871623361455988e+01
-1.952071608614197729e+01
-8.375476224603923825e+00
-2.275367825787774834e+01
-2.771499374741870625e+01
-3.111623471462698376e+01
-2.255505363830139842e+01
-2.892234541847399498e+01
-2.760180422164197367e+01
-2.540945257284919023e+01
-7.293126768175322461e+00
-2.938156368342009017e+01
-2.039496007790933163e+01
-2.129876075471420904e+01
-2.231199776172197247e+01
-2.879282640400457893e+01
-2.702994731850150956e+01
-2.099072225735015707e+01
-2.775104740638922962e+01
-2.922740629172283278e+01
-2.445328344759251138e+01
-2.039955076789912880e+01
-1.267110091202937916e+01
-2.990172996273946993e+01
-2.038692826138648684e+01
-2.053761224693658605e+01
-1.260378348003787430e+01
-2.576163685563700056e+01
-2.466314818368820028e+01
-2.032467812398386187e+01
-2.815171642923433737e+01
-2.475644924422693549e+01
-2.270629088669008411e+01
-3.041344659131249628e+01
-2.869943368862483979e+01
-2.280790147219642350e+01
-3.296040817177394189e+01
-2.571690744903935055e+01
-2.598882557311518937e+01
-2.467800357636481579e+01
-3.034510260838760587e+01
-2.204471778860755649e+01
-2.357714883362963576e+01
-2.165898018073307085e+01
-2.551248129067672821e+01
-2.663599681268265229e+01
-2.450528345183967005e+01
-2.466423404204144987e+01
-2.195286445442471290e+01
-1.941031328278782198e+01
-1.934311515280252536e+01
-2.070086030281601808e+01
-2.445599647909135044e+01
-2.772949489735243134e+01
-2.864872454427248627e+01
-1.977480847078800608e+01
-1.483858205052269597e+01
-1.938885795420691238e+01
-1.951518311184164034e+01
-2.100211454812016498e+01
-2.754444364117049560e+01
-2.589448629866864238e+01
-2.800936020960864425e+01
-2.762310726602875022e+01
-2.131955055837125457e+01
-2.317097662649283052e+01
-2.181246602927177491e+01
-2.058097358414405775e+01
-2.589532671659299012e+01
-2.619180361644273702e+01
-3.249611767266219253e+00
-2.046776193308265235e+01
-1.961306827116009543e+01
-2.376121126503767655e+01
-2.270848116676742023e+01
-2.337900718693792612e+01
-2.766940621498843100e+01
-2.669382168499094021e+01
-2.971239095869223590e+01
-2.811440675611295603e+01
-2.759378623988857626e+01
-2.808578570686646714e+01
-3.066603099419554823e+01
-2.196609980840248966e+01
-2.833791046014741255e+01
-2.488158359478449455e+01
-2.507647142271492413e+01
-2.033919816337171582e+01
-2.701443798513605543e+01
-2.673237350809748492e+01
-2.778789608731873884e+01
-2.691083758310405472e+01
-2.222844480105331755e+01
-2.087194186939500540e+01
-3.002664472575830601e+01
-2.644520287612471776e+01
-2.879242558278307129e+01
-2.342628632009023448e+01
-2.227352487632370881e+01
-2.916992749412135311e+01
-2.758634869870537898e+01
-3.126326958545614332e+01
-2.412487772959818955e+01
-2.634552263806594041e+01
-1.686991399502481670e+01
-2.106072299651153656e+01
-1.371672321505562664e+01
-2.228172631383514357e+01
-2.344095094069873397e+01
-2.901389663037501521e+01
-2.781082846731069580e+01
-3.007294858614216082e+01
-3.479390552162031724e+01
-2.342052227024581157e+01
-3.035806226752387715e+01
-2.041983758572949981e+01
-1.830139353376902989e+01
-2.548439330624398735e+01
-3.123178517492914708e+01
-3.164119547677188038e+01
-2.014722228708783547e+01
-2.354407998633808319e+01
-2.369778073848889477e+01
-3.127392317267668531e+01
-3.015061367281108318e+01
-2.283944009332062208e+01
-2.951978345961382644e+01
-3.059013587880428986e+01
-2.749347995374371578e+01
-2.813479255685614788e+01
-2.746204156895533188e+01
-2.997357546838528464e+01
-3.207315195737449187e+01
-3.289821445314612447e+01
-2.549217443359878388e+01
-2.561385374527539227e+01
-2.949594298550680804e+01
-2.850921171825797984e+01
-2.747214973075963940e+01
-2.926019943240039112e+01
-3.007938966228504540e+01
-2.347536787137244829e+01
-2.318306237002756376e+01
-2.685363643474164519e+01
-2.457099418424306592e+01
-3.244537647871845110e+01
-3.221016001498482240e+01
-2.193619769695947497e+01
-2.797164030366847953e+01
-2.135524174529370001e+01
-2.913962466282267272e+01
-2.701468464839275185e+01
-2.327949061814548770e+01
-2.838191198822138617e+01
-2.957222244164001168e+01
-3.492337238316146397e+01
-2.953127982389143824e+01
-2.460194369911332046e+01
-2.985117605439004151e+01
-2.266444496281857113e+01
-3.175815258766855109e+01
-2.773099139194714624e+01
-2.646100806484366430e+01
-2.904541806432503392e+01
-2.546956037020895280e+01
-2.369329185344713196e+01
-2.940542487861937815e+01
-3.375745836484592388e+01
-3.001141685735139575e+01
-2.164885790753188388e+01
-3.508968309812097175e+01
-3.142178691238279953e+01
-2.661781706199274211e+01
-3.611640583955181683e+01
-3.139347483669471472e+01
-2.649993456175873874e+01
-2.559130668302481126e+01
-2.842301061505897053e+01
-2.339638677279047485e+01
-3.084265308674230965e+01
-3.050442651156747687e+01
-3.438400276979032810e+01
-2.328149510605559769e+01
-2.630434340902748147e+01
-2.817692001414538794e+01
-3.443864170432819805e+01
-3.329097534120195689e+01
-2.961026379933089814e+01
-2.918420588003093386e+01
-2.914341939722847741e+01
-3.234931885948677888e+01
-2.886488611227934342e+01
-2.944075755921382154e+01
-3.692889072869037648e+01
-2.813503041400328897e+01
-2.851384587757859634e+01
-3.202286336438794478e+01
-3.280667355872213875e+01
-2.765970356046853240e+01
-3.039675882928898787e+01
-2.815325194471597214e+01
-2.821278932547681251e+01
-3.548151558770444325e+01
-3.137809665262436454e+01
-3.316833115145396960e+01
-2.259728399088968587e+01
-3.679445568608382899e+01
-2.307248690600508212e+01
-2.612968355979900181e+01
-2.372151529964012084e+01
-2.461966356526305333e+01
-3.059023974254408174e+01
-2.670181730685586530e+01
-2.990118199240825447e+01
-3.812586593398842183e+01
-3.540124443793521181e+01
-2.440626097905657232e+01
-2.812062339946588452e+01
-3.712339018237074839e+01
-2.626244564673407211e+01
-3.503619296598363064e+01
-2.938795700399561994e+01
-2.618724770936962187e+01
-2.418181021755320970e+01
-2.986953918946948505e+01
-3.016825791991737304e+01
-2.574863831127397162e+01
-2.518882543621472436e+01
-2.908998118946276534e+01
-3.223072438222759928e+01
-3.140891543818314702e+01
-2.931425952244948974e+01
-3.490487532717940411e+01
-3.262773446372301578e+01
-2.963310058426087323e+01
-2.626035657074263696e+01
-2.486467937786332882e+01
-2.905426510546564245e+01
-3.003629380938213345e+01
-2.440450831853694424e+01
-1.972818461351850416e+01
-3.302786348687130413e+01
-2.492097583344810019e+01
-3.033314414607354692e+01
-3.359107436633008348e+01
-3.130936809715244351e+01
-3.672304095921727196e+01
-2.893014786130290972e+01
-2.718101239347076259e+01
-2.546856160248354328e+01
-2.719321668248857549e+01
-3.041769794575987618e+01
-3.038710303287892245e+01
-3.852002346744397698e+01
-3.055876914379221887e+01
-2.888941938358280481e+01
-3.087543754525646023e+01
-2.457195724362929923e+01
-3.696067098523632666e+01
-3.030869192768879117e+01
-3.116930520038118146e+01
-3.315291146657610710e+01
-2.259892473570370086e+01
-3.046346864892711537e+01
-3.144783728752577900e+01
-3.495775894474961376e+01
-3.574039333190050627e+01
-2.956936968347526928e+01
-3.355821930589834068e+01
-3.059534761893259613e+01
-3.567277537363003859e+01
-3.185840327957649620e+01
-3.266281484509224242e+01
-2.797703820387538087e+01
-2.898853960277027753e+01
-3.231938573651914481e+01
-3.237547136154889671e+01
-3.199232777996810029e+01
-2.300718577751305460e+01
-2.875474121231847846e+01
-3.638896993671265534e+01
-3.240900813511838408e+01
-2.570468550197884028e+01
-3.275362320159496932e+01
-3.831707700160631447e+01
-2.150680922448534105e+01
-3.216215505760621340e+01
-3.021059952808967353e+01
-2.442083969500108509e+01
-3.357257231813557752e+01
-2.598937709410896346e+01
-3.435958704319536849e+01
-2.620229496310452433e+01
-2.666989421340150557e+01
-2.585730941521300252e+01
-2.804950517032021295e+01
-2.837885933908260228e+01
-3.728831385639530538e+01
-3.004762366011461694e+01
-3.157242767685816176e+01
-3.131345700960153522e+01
-2.627945614186982937e+01
-3.021415865582363125e+01
-3.125550672425911003e+01
-3.630679198557763243e+01
-3.414471666294739549e+01
-3.553314743439747048e+01
-2.315855242676424552e+01
-2.731555259022760040e+01
-3.239609524960741282e+01
-2.668370515038153457e+01
-3.207679434005788721e+01
-3.051247106283695132e+01
-2.772408169181787585e+01
-3.146656595605234585e+01
-3.409510943736743371e+01
-2.928609627610869381e+01
-2.367474236640541108e+01
-3.321108412259808063e+01
-3.065704720729760169e+01
-2.546840026208805696e+01
-2.255081775410188527e+01
-2.540739397834591529e+01
-2.823064844884596525e+01
-3.116120968407965464e+01
-2.686834508325524595e+01
-3.258756412917100675e+01
-2.585460251368527196e+01
-3.423384167291503388e+01
-3.577893649654938457e+01
-2.637555979388606886e+01
-3.357173065944500223e+01
-3.290691853966236380e+01
-2.577240628034487813e+01
-3.432424052920140412e+01
-2.584938846342482321e+01
-3.092615230470151033e+01
-2.452101861501182256e+01
-2.656912241847497214e+01
-2.250190701987877517e+01
-3.459254602807994416e+01
-2.939231351387272184e+01
-3.025436855206499231e+01
-3.485354057997377453e+01
-3.004104938813527426e+01
-2.365038471325807024e+01
-3.527723204498886389e+01
-3.391356300044140681e+01
-3.349640008882401077e+01
-3.406219177456961944e+01
-3.074054947772384949e+01
-2.768181491975431641e+01
-3.751868418353923573e+01
-3.878435794950451765e+01
-2.641483373310961014e+01
-3.491928213049030916e+01
-2.359471361114342969e+01
-2.651269812601892895e+01
-3.350863794411494467e+01
-2.642755671605955214e+01
-3.100074495919191619e+01
-3.280476129573820288e+01
-3.691981658761061169e+01
-3.096326855879785711e+01
-3.717890276613518807e+01
-3.041244835377301925e+01
-2.434985760798915067e+01
-3.213695495627408150e+01
-2.599398322866630195e+01
-3.638978328178005484e+01
-2.702405204568256281e+01
-2.658051206068191163e+01
-3.129036528644035187e+01
-3.728312390698621925e+01
-3.438752819494145996e+01
-2.825048620314792913e+01
-3.278984999067692740e+01
-3.304196200801286665e+01
-3.102997095740543543e+01
-2.702675624055639503e+01
-3.652453685886403889e+01
-3.260154688659302735e+01
-3.385276975892688966e+01
-3.625810155992174089e+01
-3.295142985214586417e+01
-3.533857845410917520e+01
-3.098613429794016128e+01
-3.225303130331420221e+01
-3.618718999587882479e+01
-3.057883147830607129e+01
-3.341307217846306088e+01
-3.144336694306472779e+01
-3.452280335094667407e+01
-3.777274435163711530e+01
-3.803962765043209515e+01
-3.172058263832003178e+01
-3.741014537999704714e+01
-3.687332684363659752e+01
-3.760088757794193270e+01
-2.734399347364248811e+01
-2.876819562362673466e+01
-3.372698203664502614e+01
-3.761981962711851679e+01
-3.360523795592392560e+01
-3.306516819688042830e+01
-2.664463883496790331e+01
-3.525028386468828501e+01
-2.901278634313440463e+01
-3.190470467536312071e+01
-3.083885800196492610e+01
-2.681727105481698814e+01
-3.134642906620901570e+01
-2.756995703953338506e+01
-2.822752922563564226e+01
-2.709337049062380487e+01
-3.471477157958683790e+01
-3.500297194924451105e+01
-2.884496923548865510e+01
-2.892247735773790396e+01
-3.008539613033359572e+01
-2.372776809796032893e+01
-3.360182432006198638e+01
-3.302846071498102987e+01
-2.919878302526640468e+01
-3.263885798129037141e+01
-3.029312859985273576e+01
-3.876704987433264193e+01
-3.701885997777185366e+01
-3.073003865400159995e+01
-2.981212337103725218e+01
-2.392922775356017695e+01
-3.207102685198192660e+01
-3.055638004279684239e+01
-3.224949442072025363e+01
-2.851317683684131765e+01
-3.608569855455161957e+01
-3.172508330893521133e+01
-3.491098462945222280e+01
-3.160676048162003937e+01
-3.344005174444761508e+01
-2.452880361142698007e+01
-3.092356063342352712e+01
-2.386448629303052016e+01
-2.982410920060009829e+01
-3.373487061428609479e+01
-2.937943776245734284e+01
-2.333750475617102893e+01
-3.368717942345826089e+01
-3.069492071016192725e+01
-2.787154211647536073e+01
-3.370719766278129015e+01
-3.017879186451082063e+01
-3.228763103468844520e+01
-2.720723662350054894e+01
-3.378943512520351788e+01
-3.495757596506627607e+01
-3.048487377837154000e+01
-2.641010934408204491e+01
-3.454401514541235230e+01
-2.239601766528430105e+01
-2.889982627883147970e+01
-3.294713883267640853e+01
-2.887608709116747008e+01
-2.676412965825167589e+01
-2.875198304240463543e+01
-3.005970843715117624e+01
-2.919858711943568252e+01
-2.799016559698699425e+01
-2.413386526460084980e+01
-2.952599797227509271e+01
-3.561333256888472221e+01
-2.944682415696300026e+01
-2.987655093833796371e+01
-2.917290335447090754e+01
-3.674072029422269026e+01
-2.804983395443817429e+01
-2.835022119810475871e+01
-2.540737388147399756e+01
-2.817922266139346732e+01
-2.733506810015153121e+01
-3.186018258415917259e+01
-3.657139022150033725e+01
-3.296078974848616383e+01
-3.273921243985686402e+01
-2.960888856966500526e+01
-3.542820365865550514e+01
-3.687722267424381783e+01
-3.244487291886406410e+01
-2.739814263563452101e+01
-3.000653268947103669e+01
-2.888034973763608093e+01
-3.300696335263436509e+01
-2.839593230638990207e+01
-3.250058869002129569e+01
-2.575833160003599076e+01
-2.880562792437470065e+01
-2.885879025402201847e+01
-2.971474343301952459e+01
-3.100250862746483094e+01
-3.487251352134228455e+01
-3.476975627398612545e+01
-2.365551225450709438e+01
-2.309917215378646915e+01
-3.129916464638602491e+01
-2.437048984949207764e+01
-3.144526607639096127e+01
-2.921968302051264033e+01
-2.833487214203956128e+01
-3.158800522169062219e+01
-2.596393330818981582e+01
-2.722243673515733065e+01
-3.181724995680108492e+01
-3.367842734837780228e+01
-3.356070077816633557e+01
-3.057584937072531162e+01
-2.463647745096169928e+01
-2.433531348606727462e+01
-2.841230352105411683e+01
-3.208849576844813356e+01
-2.955731331019899244e+01
-2.397803222941578127e+01
-2.637153736133129911e+01
-2.568906367021460468e+01
-2.285072128112063439e+01
-2.710752548341405443e+01
-2.997567701389306549e+01
-2.768288235465157143e+01
-2.253941383381107144e+01
-2.610810360554049225e+01
-3.207466710508813890e+01
-2.772688092489211797e+01
-2.614885855658306824e+01
-3.342780988022681754e+01
-3.238557783552028013e+01
-2.346575589248348237e+01
-2.729099696453325308e+01
-2.417538938547696148e+01
-2.829344873003451966e+01
-2.689354242187116029e+01
-2.636776477878838421e+01
-2.428644774141100271e+01
-2.085136893871610653e+01
-2.811813247432116114e+01
-3.150683533852441798e+01
-3.296753899806022048e+01
-2.621568394946849878e+01
-2.404126783420844049e+01
-3.108807981532766362e+01
-2.526316493264058494e+01
-2.605061530564188743e+01
-2.537847103348648403e+01
-2.636546082000765168e+01
-2.790236891692216048e+01
-2.759989035913561040e+01
-2.646674976269084922e+01
-2.517006573843976014e+01
-2.550338918685407208e+01
-2.733026531475694298e+01
-1.913263772972177890e+01
-1.928331219025464804e+01
-2.578484558818360028e+01
-2.281765084377207842e+01
-2.199857880086443629e+01
-3.300075694635746260e+01
-2.081838600296325126e+01
-2.675130608152684886e+01
-2.620604871441784667e+01
-2.873044633750618715e+01
-2.632699924969261929e+01
-2.408220546325295786e+01
-2.852281968502828491e+01
-2.736159646125531708e+01
-2.692100986955389530e+01
-2.720913831769065183e+01
-2.910729730347100030e+01
-2.009800582020782045e+01
-2.190346078976720179e+01
-2.951264740993151392e+01
-2.543395906054884392e+01
-2.126598050959268704e+01
-2.452078456172019827e+01
-2.359677940092132431e+01
-2.886311405534269880e+01
-3.030761043764589147e+01
-2.497241468322609492e+01
-1.963307647718969662e+01
-2.249913086786997241e+01
-3.036110373117507066e+01
-2.169010533615243475e+01
-2.335152842778822446e+01
-2.529940236865723335e+01
-2.808056715892939792e+01
-2.546236424266329124e+01
-2.380622584029118016e+01
-1.544813086632439081e+01
-2.726310994579394631e+01
-2.049786755751939893e+01
-2.988467756564631372e+01
-2.030811880492015575e+01
-2.159692700847726954e+01
-2.447841005738158060e+01
-1.834300307309967337e+01
-1.805490676838814679e+01
-2.030650593543934690e+01
-1.898126067922106230e+01
-2.062367688960263834e+01
-2.933314988190976180e+01
-2.802461991809169106e+01
-2.843826245355198878e+01
-1.872070497069525530e+01
-2.597180988008219771e+01
-2.026792031407198280e+01
-1.886130999952251130e+01
-2.285744157046874392e+01
-2.311427183734515722e+01
-2.031154772192204661e+01
-1.881413427125884397e+01
-2.063006741276238643e+01
-2.275170350196696845e+01
-2.679224001055373705e+01
-2.267494238367772397e+01
-2.385306554502432519e+01
-2.216184537947560784e+01
-2.577641189997333981e+01
-2.309709072512706385e+01
-2.582113140900109727e+01
-2.942599754364906772e+01
-6.819198553751479430e+00
-2.863185016627559776e+01
-1.936161532831059873e+01
-2.598683387390487454e+01
-3.010363423529767246e+01
-2.020248101183692313e+01
-2.301824255844336165e+01
-2.722850760698161210e+01
-2.592501547753241198e+01
-2.323572103525759758e+01
-3.041847145369331784e+01
-2.797246744745924829e+01
-2.443534879314356800e+01
-2.380184760333045091e+01
-2.593238516790839299e+01
-2.345340918324899349e+01
-2.234327879794825833e+01
-2.117234949232101116e+01
-2.528926931577990089e+01
-2.405219981368875182e+01
-2.082509673030348551e+01
-2.332394429452240558e+01
-2.152545348464847308e+01
-2.323640018901166471e+01
-2.392745977316628014e+01
-2.396972309335723850e+01
-2.378165671623600375e+01
-2.757124135254073138e+01
-2.752341099874394814e+01
-1.136946568283637404e+01
-1.953432090699068624e+01
-2.121563689534045238e+01
-2.674734598860349166e+01
-2.329865508257685747e+01
-2.019121295454910481e+01
-2.045752851100170489e+01
-1.648857556396892221e+01
-2.526309800635048575e+01
-2.389700644422936904e+01
-2.860380348989964006e+01
-2.822178042545765564e+01
-2.277358876258996290e+01
-2.261701025216700245e+01
-3.053102984717594026e+01
-2.099152476764535891e+01
-1.919523964895491375e+01
-2.744433276112013687e+01
-2.715472522517762499e+01
-2.511901451791079865e+01
-1.735945179851763953e+01
-2.794571514778856169e+01
-2.554729926291959785e+01
-2.544452957958487360e+01
-2.518914732200433093e+01
-2.325524992404742619e+01
-2.022397099523801245e+01
-1.901692244342706672e+01
-2.248834892496513049e+01
-2.093703178221537797e+01
-2.879202085460701355e+01
-2.765615559203932250e+01
-2.473953755022271750e+01
-2.094470115094417650e+01
-2.952237558819414076e+01
-2.089518787901210928e+01
-2.984792680240341767e+01
-2.669586844555939109e+01
-2.003065628613415328e+01
-2.064612852271450549e+01
-4.713075000135884984e+00
-2.705338764959041598e+01
-2.185579273650957077e+01
-2.958080239257274258e+01
-2.508852137707265229e+01
-2.346932773887381884e+01
-1.866722556658777776e+01
-2.013751627937602251e+01
-2.688550155560142585e+01
-2.662912418884806343e+01
-2.317871157975753249e+01
-3.003148494627079756e+01
-2.216672300362487036e+01
-2.026665314669127582e+01
-2.602423196060229316e+01
-2.769680749435962852e+01
-2.135008058797256325e+01
-1.878635416700298322e+01
-2.034535940874326698e+01
-2.132551429008403687e+01
-2.659518246154813070e+01
-3.071002539521880337e+01
-2.132135107686217879e+01
-1.949726303650884418e+01
-2.131158319870109707e+01
-2.527405996580569791e+01
-2.208737233376156439e+01
-2.916428984429586890e+01
-2.140872994012208252e+01
-2.212663581061931239e+01
-2.193064746414000155e+01
-2.588329493745787957e+01
-2.444801707462625373e+01
-2.452948605492699485e+01
-1.817526021371866207e+01
-2.390357136659716630e+01
-2.803908955198005160e+01
-2.450261337496567648e+01
-2.834736180244936676e+01
-2.457098714485351820e+01
-1.925033575548510356e+01
-2.623163876148254658e+01
-2.117393247759337171e+01
-2.841990525495351250e+01
-3.032859357943564405e+01
-2.819789196426404487e+01
-2.608902977879969853e+01
-1.817401622322752175e+01
-2.576979430690548156e+01
-2.126822413327199968e+01
-2.978034860411774787e+01
-2.509085157074174077e+01
-2.382902873226328211e+01
-2.112423190613783319e+01
-2.029255863372161173e+01
-2.874263883450411683e+01
-1.858944458980804981e+01
-2.488759457814992970e+01
-2.024935698174157039e+01
-2.548067597390407713e+01
-2.659682275515421424e+01
-2.270771602246958665e+01
-2.357936852292895935e+01
-2.025122484958934166e+01
-2.662633160751479977e+01
-2.172476085821543279e+01
-2.044669722427579117e+01
-3.160929285747254269e+01
-3.156765166183754445e+01
-1.458336998697588172e+01
-2.786784136880574536e+01
-2.895258454701391315e+01
-2.572736581746814366e+01
-2.780653284852858675e+01
-1.830407176727574026e+01
-2.764447829972947801e+01
-1.967884052445680965e+01
-3.388165222423692668e+00
-2.669832647291092798e+01
-2.078742385917772140e+01
-1.904728531698034999e+01
-2.400828311358396050e+01
-1.983601064280352233e+01
-2.658790801353170963e+01
-2.515589412982102502e+01
-2.463961447618564549e+01
-2.306043291635198855e+01
-2.393954759771647645e+01
-4.766582143232037438e+00
-2.162899884137962303e+01
-2.440673245232608934e+01
-2.131668863322121510e+01
-2.607885089260575029e+01
-1.824966987690538289e+01
-2.693347950066266350e+01
-2.338933342086781408e+01
-2.181833011113560872e+01
-6.749488165945629170e+00
-2.303871045966807429e+01
-2.613544324945521424e+01
-2.046747824738163501e+01
-2.167439474701649615e+01
-1.847111483867798043e+01
-2.577106456482322727e+01
-2.705651447318415848e+01
-2.445033268413323668e+01
-2.281655345166754145e+01
-2.361031299467951783e+01
-2.142454387436341534e+01
-2.860217702351945945e+01
-2.401189773339294931e+01
-2.290582275843454596e+01
-1.977899969319614826e+01
-1.940472874689296034e+01
-1.796239617786281784e+01
-1.965941851150229169e+01
-2.702140744145445694e+01
-2.861388635973500527e+01
-2.779723311442396749e+01
-4.361005326991516995e+00
-3.026950975724072990e+01
-2.781472629819348086e+01
-2.865250508812947672e+01
-1.803309493938785479e+01
-2.603695592259637337e+01
-2.048673046650290530e+01
-2.500950158936173295e+01
-1.927630976766359794e+01
-2.582595315698302230e+01
-1.922151411916559027e+01
-2.013105828587502444e+01
-3.440660127396325763e+00
-2.838554059299883647e+01
-2.923525882202134696e+01
-7.114652566016997248e+00
-2.246935442458944721e+01
-2.187756542840633500e+01
-1.902359305177112958e+01
-2.849568220719027423e+01
-1.914121946877715885e+01
-2.063453556173023173e+01
-1.960938016017685115e+01
-2.546840523803870582e+01
-3.029783208464220223e+01
-2.985997101229581219e+01
-1.876538769079906288e+01
-2.005000673980102377e+01
-2.548359616446189690e+00
-2.263154526547358358e+01
-2.065448790999890605e+01
-2.444318236085037199e+01
-2.032287741728772446e+01
-3.053392404239519564e+01
-2.220829179790866448e+01
-2.494085907304307526e+01
-1.396611138400320229e+01
-2.355514106683087050e+01
-2.189076434818015571e+01
-2.801229463800567743e+01
-2.782934707729594592e+01
-2.327140036456411565e+01
-2.471140656555478543e+01
-2.760628648703543320e+01
-2.379032246614387347e+01
-1.931293980862498927e+01
-1.842536790905123922e+01
-1.884114009702479109e+01
-2.231434007939060038e+01
-1.896052715120151078e+01
-6.848438293979919322e+00
-1.858966241373635242e+01
-1.941638728188664231e+01
-2.425085266858047106e+01
-3.864075369835042295e+00
-2.753264418381457190e+01
-1.882493461929131229e+01
-2.782845670480552513e+01
-1.900630759013475668e+01
-2.705822284152905510e+01
-4.238853847212026515e+00
-2.295164484744484312e+01
-2.322867345220820212e+01
-2.511365007927516402e+01
-2.538020348984878183e+01
-1.834638357361240679e+01
-2.171278865045410456e+01
-2.084796380380772973e+01
-1.996974612341600874e+01
-2.883579054793273855e+01
-2.098431945086159800e+01
-2.325644432548896035e+01
-2.169983827235828855e+01
-2.320372597976203366e+01
-2.700015489892845011e+01
-2.351085393943550272e+01
-3.114582375503739087e+01
-2.939427123725863211e+01
-2.358088009966288823e+01
-2.461244494531348437e+01
-2.168493358787224423e+01
-2.568393908906202938e+01
-2.129879307516831943e+01
-1.906171029445618714e+01
-2.787949672990153971e+01
-2.435546309781634733e+01
-2.418080762982489063e+01
-2.630828603844434710e+01
-2.882835347326449238e+01
-2.438966589639605687e+01
-1.739070755010558145e+01
-3.946823118307320133e+00
-2.191567365122122624e+01
-2.470919900740826236e+01
-2.727382929355639263e+01
-2.049353744109345499e+01
-3.056490669108345770e+01
-1.491386182322246690e+01
-2.074566824983694957e+01
-2.132737557979849896e+01
-2.570757847688969377e+01
-3.083969523403284185e+01
-2.456414899903995774e+01
-2.713107368849484047e+01
-2.720652971130673592e+01
-1.981384218466717684e+01
-2.428980208031113719e+01
-2.812772288675386534e+01
-1.872902636346687189e+01
-2.902887085115274246e+01
-2.219111412245380777e+01
-2.710311712254462080e+01
-1.976380909305748546e+01
-1.827558965695677173e+01
-3.386636955048868192e+00
-2.036157235282757227e+01
-2.216719498518962084e+01
-2.535185421892945712e+01
-2.361257226806294796e+01
-3.000355151552320265e+01
-2.721704544628007127e+01
-1.781067861520186568e+01
-2.143070294058932390e+01
-7.708139742795291127e+00
-2.458085041202899390e+01
-2.664710369800028289e+01
-2.068793776585248168e+01
-3.009873007330246608e+01
-2.397965108613157525e+01
-2.307142137358205503e+01
-2.181291380210584663e+01
-2.024559086273407615e+01
-1.994780724735226940e+01
-2.044981941863438024e+01
-1.978287651158179372e+01
-2.492542346337477355e+01
-2.544460510601879477e+01
-1.717922331518170509e+01
-2.403339336641781898e+01
-1.848530534537307446e+01
-2.283406973822209451e+01
-2.886214295689573817e+01
-2.547240935662760108e+01
-2.628624265315229280e+01
-2.164093183912723717e+01
-2.437679581839084264e+01
-2.116319808414408143e+01
-2.537769214057856715e+01
-2.706801713443756796e+01
-2.059546665457367354e+01
-1.889600826069043649e+01
-2.215747661759415976e+01
-2.644100246276434873e+01
-2.207249428051832041e+01
-2.245371233314482140e+01
-1.816263077487458943e+01
-2.746432321362658158e+01
-2.762463134851680735e+01
-2.729338034386463718e+01
-2.740872051411195542e+01
-2.736774551590165672e+01
-2.888749718491799001e+01
-1.813350142699559342e+01
-2.581116933259179547e+01
-2.678949423835834409e+01
-4.288440583125041172e+00
-2.421095720720401445e+01
-2.181850836745703504e+01
-2.246902401779537684e+01
-2.444211924380253720e+01
-1.977058026515073053e+01
-2.779404236656333538e+01
-2.042689637168968986e+01
-2.743324287374958459e+01
-2.852899447230693042e+01
-2.567889551111881019e+01
-2.164125144436552972e+01
-2.960716499851726979e+01
-2.568267771155258572e+01
-3.062783480113919055e+01
-2.172988769342171977e+01
-2.393825612358675770e+01
-2.695568980941845894e+01
-2.797650830803725341e+01
-1.910577218250615417e+01
-3.107941798822515977e+01
-1.991185451383147864e+01
-2.640402095038102814e+01
-2.193897657076810148e+01
-4.110006574852346439e+00
-2.566145110000838514e+01
-2.942455730415247928e+01
-3.033788790168367200e+01
-1.781456934740057108e+01
-2.108959674136621132e+01
-2.542780578222869892e+01
-2.501226259411036423e+01
-1.919876878958151778e+01
-1.966011514873478561e+01
-2.170582909471485067e+01
-2.349871862536990719e+01
-4.149930673257991032e+00
-1.929485552866140097e+01
-2.729970948459859414e+01
-2.555160153969085712e+01
-2.761244490403591811e+01
-2.766778861659780020e+01
-2.800274633350007036e+01
-3.115832134762894867e+01
-1.937818083880172182e+01
-2.594530474580720991e+01
-2.769387010509954550e+01
-1.962665199895272039e+01
-1.767856911408442144e+01
-2.259074352862687718e+01
-1.996378657900067921e+01
-2.863804846434098650e+01
-2.529225105343589419e+01
-2.406075043657382295e+01
-2.954774855613532836e+01
-2.002896011290412304e+01
-2.781143746625130575e+01
-2.477233054405003898e+01
-2.984056682942533811e+01
-2.278576710942549965e+01
-2.193841489039243697e+01
-2.620237271406752200e+01
-3.053016232229305160e+01
-3.103935932902014017e+01
-2.049997026966520508e+01
-2.307294194234876628e+01
-2.001388838495006439e+01
-2.666963870840760720e+01
-2.102978710992126210e+01
-1.997988905809828353e+01
-2.563862892905414981e+01
-8.431174073804305280e+00
-2.440374081154965680e+01
-2.829759152325663152e+01
-1.535899453180127949e+01
-2.711412641198901952e+01
-2.567523501522003571e+01
-3.795479987694338142e+00
-2.624454571209747300e+01
-2.003945909552738058e+01
-2.252064532836743282e+01
-1.789469723905121512e+01
-2.854236798819670540e+01
-2.683516847528649407e+01
-1.973009145039847212e+01
-2.059929748222084100e+01
-3.123053209178059220e+01
-2.070834752825837555e+01
-2.534323294626981493e+01
-2.180011035135518682e+01
-2.463633649607343656e+01
-2.633282166154101489e+01
-2.082100871385909358e+01
-2.479573199926891647e+01
-2.117368537431466180e+01
-2.187992321150616704e+01
-2.347664618168595041e+01
-3.086214951969308373e+01
-2.060720239187174130e+01
-2.302865983269807515e+01
-2.385885523067427272e+01
-2.477933647123133909e+01
-2.188788895567829229e+01
-2.484143097782212806e+01
-2.792363044462346622e+01
-3.071006845767422533e+01
-2.922898043761027864e+01
-2.689167764875048050e+01
-1.916969562406439564e+01
-2.350953560890994254e+01
-2.549097947029438060e+01
-1.945335078298775500e+01
-2.530941044729181399e+01
-2.939675042704426389e+01
-2.593364292017720985e+01
-2.291723296185040226e+01
-2.714941672710019560e+01
-2.745101780864326102e+01
-2.061072065285575405e+01
-2.584920693375763889e+01
-2.714508056731293095e+01
-2.643452601042595518e+01
-2.333570306034116726e+01
-2.849362636792567116e+01
-2.955547658746947448e+01
-2.469221639090465459e+01
-2.427827853623255905e+01
-2.389195823803534324e+01
-2.197437816584461956e+01
-2.121818494989858905e+01
-3.065897215279985133e+01
-2.478478036779598170e+01
-2.326985812479324522e+01
-2.624122508549524113e+01
-2.344723836108333259e+01
-2.730310043332961101e+01
-2.873002662903115123e+01
-2.468805468722155183e+01
-2.538538784528374137e+01
-2.147404876528542061e+01
-2.491004060589679625e+01
-3.476134235509816595e+00
-2.675086103811431926e+01
-1.970086682582467930e+01
-2.223741080663145553e+01
-2.218979687787732757e+01
-2.818071101814719270e+01
-2.549233426345710996e+01
-2.717424909902317154e+01
-2.044849600697007830e+01
-2.596484589667648635e+01
-2.275259838941817492e+01
-2.819566269518561086e+01
-2.407394099109157182e+01
-2.492942994723692962e+01
-2.431885523775181568e+01
-1.836961371756807182e+01
-2.036520537174759227e+01
-2.030327264343975457e+01
-2.450026226199741686e+01
-5.234677362099609432e+00
-2.784044702499804202e+01
-2.101285784171135873e+01
-2.948324916778940974e+01
-2.765105218235602180e+01
-2.347695321649081990e+01
-5.687293731315884671e+00
-2.944755272396191970e+01
-2.162853192013929871e+01
-3.128616077342050872e+01
-1.697610781561258975e+01
-1.990799196531491688e+01
-2.812809809704311093e+01
-2.396254842447620703e+01
-2.147043393573942538e+01
-2.660680187020601295e+01
-2.851376890380860729e+01
-2.514449140356081713e+01
-2.286860104193715415e+01
-2.864414916690643054e+01
-1.858234132546875372e+01
-2.835404949542756370e+01
-2.280198887736006697e+01
-2.312201692143129250e+01
-3.102088548900282561e+01
-2.449119706843471178e+01
-2.618281288673037466e+01
-2.950702572375183053e+01
-4.228400017550754342e+00
-2.839754191077521028e+01
-1.783585232258956665e+01
-3.058343863355756298e+01
-2.022316058240646086e+01
-2.357751249831278884e+01
-3.034428271548592448e+01
-1.893156979625039682e+01
-2.375630896162596883e+01
-1.825643732965306043e+01
-2.801206888362381520e+01
-2.556711693024850618e+01
-2.264656053638500666e+01
-1.874883250169526505e+01
-2.515568480929484352e+01
-2.806587980385692305e+01
-1.879926527906405198e+01
-2.431431149791974633e+01
-1.831527098041213009e+01
-2.334910049554621736e+01
-2.410530942803884358e+01
-2.645789391339103602e+01
-2.176163580696091415e+01
-2.285001431897553203e+01
-2.881264553802333239e+01
-2.981901367454551988e+01
-2.661312756854463402e+01
-3.836092685026895044e+00
-2.527107680467534578e+01
-1.988170785964443255e+01
-2.741801626940900860e+01
-1.880194631686986995e+01
-2.796104046215405958e+01
-2.743619014742504092e+01
-2.259130050955440794e+01
-2.222611010379409890e+01
-2.474618304690930870e+01
-2.271794709549968161e+01
-2.420194786845227597e+01
-2.729714912012147821e+01
-7.634892319099109592e+00
-3.005551609674865432e+01
-2.818664350244826977e+01
-2.805396132283223309e+01
-2.278878391345697096e+01
-1.701701209044508190e+01
-2.660706751540020676e+01
-2.512421369077668842e+01
-2.105205573518341566e+01
-1.844114701422413205e+01
-2.075918360281780650e+01
-2.185791992739243383e+01
-2.629776399710566182e+01
-2.406184356633128374e+01
-2.771922254488536552e+01
-2.769913198986952096e+01
-3.020287584567093120e+01
-2.581794279596538644e+01
-2.845075436838792982e+01
-2.141814567973957750e+01
-3.091304543506845093e+01
-2.646512024533706864e+01
-2.355546701720923508e+01
-2.107745172746914619e+01
-2.712416694188586064e+01
-2.834681794746374450e+01
-1.914740994215743086e+01
-1.841786289940320032e+01
-2.438290226738481792e+01
-2.319852268224326508e+01
-3.980233475706501434e+00
-2.147271950833175680e+01
-1.524718768425975668e+01
-2.683859619395623497e+01
-2.400699585665140035e+01
-2.556001175936595260e+01
-2.643841085788118050e+01
-2.732536791660071174e+01
-2.600876617322430207e+01
-2.353436338697533969e+01
-2.681200796940821363e+01
-2.224291643464636792e+01
-2.677716721247740139e+01
-2.662548138709219714e+01
-2.587756520064848331e+01
-2.855752928047952111e+01
-2.298538451667905491e+01
-2.080189574493767068e+01
-2.556490050064115493e+01
-3.100538201020563989e+01
-2.463785883969568857e+01
-1.945135808727915006e+01
-2.122896705482169466e+01
-2.601258551214635872e+01
-2.175894936263237511e+01
-2.404358395594352515e+01
-2.842973074995706284e+01
-2.698497743287950001e+01
-2.290203407797361734e+01
-2.277607115481943367e+01
-2.572321071378667767e+01
-2.480413448733677484e+01
-2.927804294062696044e+01
-2.938848104834184838e+01
-1.849175386459061698e+01
-2.226065849155748566e+01
-1.844975371261145725e+01
-2.340348256137558991e+01
-2.628133796888761964e+01
-2.750578247868006088e+01
-1.888885764805338496e+01
-2.775493736450782123e+01
-2.468873470064636066e+01
-2.070272550815009893e+01
-2.295174026685816315e+01
-1.817959626706781862e+01
-2.514935880690474690e+01
-1.809655708890856474e+01
-1.893194053659589571e+01
-2.145184447946180484e+01
-2.681265352071067198e+01
-2.071069449774200066e+01
-2.727739667548478408e+01
-2.377987732419192923e+01
-2.213566263753450869e+01
-2.627763759450568770e+01
-2.652857228915090460e+01
-2.213402815200067764e+01
-2.630840520401894622e+01
-2.541541106979808262e+01
-2.387050346960547031e+01
-2.522278961140079900e+01
-2.337005274135306365e+01
-2.600298691113382787e+01
-2.654497819813736825e+01
-2.220029457740974621e+01
-2.479385368823268720e+01
-2.000916677061188764e+01
-2.898270254163352178e+01
-2.247311427995594357e+01
-2.594521983025391521e+01
-2.497751729948130262e+01
-2.659069522990213841e+01
-2.260386099083385503e+01
-2.506558920951307456e+01
-2.169714260266854566e+01
-2.117620596184015014e+01
-2.780778592855373077e+01
-2.112691270168463831e+01
-2.070853825284635263e+01
-1.720616505328704449e+01
-2.638314504079678002e+01
-2.709661998468638799e+01
-1.249651763885267108e+01
-1.756262077016353729e+01
-4.152389100863458360e+00
-2.855932281074844781e+01
-2.588220663397453691e+01
-2.814696975447455074e+01
-2.841773655816092514e+01
-1.529087928158732623e+01
-2.651138642578476379e+01
-2.479371889505562621e+01
-2.708817136024646288e+01
-2.337402937658467650e+01
-1.924269245321457333e+01
-2.303665933244527508e+01
-2.509438641690304195e+01
-1.868055155578189641e+01
-4.646618152559384818e+00
-2.415498651918225193e+01
-2.022120391303435483e+01
-3.387824499302823256e+00
-2.626246732854976429e+01
-1.792584605320580948e+01
-2.112795452069709512e+01
-4.049767049304584532e+00
-2.078999530708026455e+01
-2.526940152583165400e+01
-2.563406205226306156e+01
-2.914696303093846197e+01
-3.775940633686508452e+00
-2.453297153008166731e+01
-2.013350748296087644e+01
-2.261847718499526749e+01
-2.465262749286245025e+01
-2.917261111405962737e+01
-2.241518610125958944e+01
-2.882723313381560715e+01
-2.920840674047435925e+01
-3.131463482223584904e+01
-1.818929233552634983e+01
-1.903891666633655433e+01
-2.866361284881734761e+01
-4.231853878195743768e+00
-2.160081712553870048e+01
-2.513056797588571811e+01
-2.554539458997471968e+01
-2.395388793212699241e+01
-2.786140703813482844e+01
-2.016607983984364694e+01
-2.358310577596641977e+01
-1.802686629719421063e+01
-2.869937500541771414e+01
-1.909008158038675163e+01
-2.149678572702585200e+01
-2.861389476949459265e+01
-1.001222873369139243e+01
-2.564649755557211463e+01
-2.714477185653070634e+01
-2.500372953659532982e+01
-2.405185867561847601e+01
-2.550260869047337309e+01
-1.988498412962923112e+01
-2.047172205497098929e+01
-2.026077054475207007e+01
-2.331132238390657108e+01
-2.952493988748506837e+01
-2.466056630490109569e+01
-2.066660825177093130e+01
-1.936380717486630232e+01
-2.778241520430145606e+00
-2.611701860307883649e+01
-1.915141696368081625e+01
-9.167204583544696916e+00
-1.887065134237725417e+01
-2.919539602556594815e+01
-2.404537477283736280e+01
-2.548863992082350549e+01
-2.354743050105315660e+01
-2.653431431511513239e+01
-2.534276633403109713e+01
-2.709703750417619972e+01
-2.654064900418013195e+01
-1.873887699574444454e+01
-2.142061264537312582e+01
-2.789537806907080508e+01
-2.871646184659453382e+01
-2.116423239190768157e+01
-2.843631767075018146e+01
-2.424610536857663945e+01
-3.023955360488510280e+01
-2.842934101343690045e+01
-2.337831898372721895e+01
-2.553619032024379365e+01
-2.138112166858931573e+01
-1.829992966129454146e+01
-2.218048965759707869e+01
-2.624834547010827990e+01
-2.189032447088384004e+01
-2.159264582279596567e+01
-1.988488773068571547e+01
-3.566335452576647302e+00
-2.483693447251738817e+01
-2.649623801755637942e+01
-1.434759835671200534e+01
-2.152182131544082822e+01
-2.300903788331593347e+01
-1.922400567111144554e+01
-2.835191120323264258e+01
-2.554510784167696258e+01
-4.219101362918780573e+00
-2.723900818755912923e+01
-2.246866677607154017e+01
-2.113582749044562803e+01
-2.290166562671624817e+01
-2.051937213554841222e+01
-2.741499475592117108e+01
-2.713528825899128805e+01
-2.616844809633235514e+01
-2.544169034474442270e+01
-2.578897314656010309e+01
-2.993793348177332092e+01
-1.775969570008160403e+01
-2.215245092598956234e+01
-2.053646390958651935e+01
-2.392107536380632027e+01
-2.330613870705336055e+01
-1.724689016270573205e+01
-2.261042923815547567e+01
-2.279992414751070129e+01
-1.768977632057242388e+01
-2.259172194817235635e+01
-2.790986661761101928e+01
-2.243901666718028665e+01
-1.939659214658073338e+01
-2.179545751183727731e+01
-2.477447778039325144e+01
-6.665109998538031988e+00
-2.539657900771496202e+01
-2.333446945569501096e+01
-2.624382391708846640e+01
-3.966746988794773277e+00
-2.356913640241976182e+01
-2.623901237273420861e+01
-3.951320514578139154e+00
-2.386807987174515233e+01
-2.619358943969509568e+01
-2.811471023072597930e+01
-2.527665911589370396e+01
-1.934797072987268152e+01
-2.191063670511405448e+01
-2.057395737524662138e+01
-2.094252279922372750e+01
-2.187131681987444409e+01
-2.876664043360697676e+01
-2.384300852446762775e+01
-2.535690742763302907e+01
-2.010832752915717947e+01
-2.254587107473223639e+01
-2.844342432765404283e+01
-2.077750846513964689e+01
-3.953125355304670574e+00
-2.736084330083362914e+01
-2.687627173396299796e+01
-2.748679662505640664e+01
-2.697088161035252440e+01
-2.804382722702883157e+01
-2.586225823339188779e+01
-2.193233532821123788e+01
-2.508387669466112868e+01
-2.399363859265931964e+01
-1.688479387639619134e+01
-2.475622094651346927e+01
-2.404121613796531420e+01
-2.523777799188014725e+01
-2.187678800211400798e+01
-5.329066409973236773e+00
-2.892766877028201478e+01
-2.887060457091826038e+01
-2.500684106998634348e+01
-1.698862312251400652e+01
-2.096004853931180634e+01
-2.526884004603302358e+01
-1.851328907118901412e+01
-2.812214649502665154e+01
-2.147096824485962685e+01
-2.076035780946468634e+01
-2.343964159148254112e+01
-2.899044574970508492e+01
-1.955162401652956206e+01
-2.319261630849341671e+01
-2.345891991962197665e+01
-2.318211011545248112e+01
-2.188923188914109375e+01
-2.129444132426135283e+01
-3.170300656134829254e+01
-2.034802011715730430e+01
-2.601124539977392658e+01
-2.912334092001207253e+01
-3.981884531192041887e+00
-2.999055450833650127e+01
-2.393714415515665195e+01
-1.852213298448699419e+01
-2.232484354342178179e+01
-2.728198454556270391e+01
-2.211979870405247084e+01
-1.858115057448739194e+01
-2.706317443417630031e+01
-2.542705195954532726e+01
-2.685129151856760288e+01
-3.434585171346492327e+00
-2.028105681002864102e+01
-1.804732366072320460e+01
-2.845101718043238037e+01
-2.452374473926527187e+01
-1.922027883855526298e+01
-1.965291099689791210e+01
-2.504643881161220165e+01
-2.421748874250713612e+01
-2.241549211492275617e+01
-1.888207520904904158e+01
-2.927317739937941710e+01
-1.810734568848938864e+01
-1.944323590234352039e+01
-3.053158760436758712e+01
-2.176716388988545958e+01
-1.849773125169670251e+01
-1.969779479340372674e+01
-2.269399917975457370e+01
-2.395160409362738108e+01
-2.287747931578792659e+01
-2.033853180932079141e+01
-4.408184944462337995e+00
