-2.142106208531762945e+01
-2.074909349231167610e+01
-2.325159062194305548e+01
-2.152743457676507077e+01
-2.005935926626406030e+01
-2.099955909057575809e+01
-2.073183731451869605e+01
-2.616506668008461389e+01
-1.860837104018454013e+01
-1.508090349892054505e+01
-1.950619107393675833e+01
-2.131792281664046840e+01
-1.541967202053373676e+01
-2.295463251919350611e+01
-2.213225373448581834e+01
-1.773404099850739257e+01
-2.453759168145333902e+01
-2.136846824252368293e+01
-2.103391541692694489e+01
-2.049988199630298524e+01
-1.260727560864767050e+01
-9.360094294715546326e+00
-3.252669324388100414e+00
-2.578158730014590283e+00
-2.106420994862336116e+01
-2.202991395511489259e+01
-2.352132119550592648e+01
-2.266336914772543309e+01
-3.648647394204030725e+00
-2.163959210576857828e+01
-4.212917930566677960e+00
-2.029939066114740953e+01
-2.021074015426565751e+01
-2.238362151333346262e+01
-1.842138239170833458e+01
-2.551160715123308975e+01
-2.119133078074810683e+01
-2.468998794626341464e+01
-2.678335408112695859e+01
-8.599119369405322288e+00
-2.084617166806759059e+01
-1.636745630848962918e+01
-6.501510228934766822e+00
-2.228856387037904696e+01
-1.925489462372502203e+01
-2.503956029575140718e+01
-2.005188460940409456e+01
-1.586189264632836071e+01
-2.223403538739036378e+01
-2.598172757130895505e+01
-1.895027761628387708e+01
-2.331488499789830016e+01
-2.533682222864308997e+01
-2.768878055480818645e+01
-2.404598866415070546e+01
-2.049810384246454475e+01
-2.431013285207110641e+01
-2.375110543611318548e+01
-2.209254968207085312e+01
-2.019782483125498374e+01
-2.752361723762590273e+01
-2.276016689240329072e+01
-2.579455833517820551e+01
-2.378360429956310185e+01
-2.953938638652884663e+01
-2.969155663125570044e+01
-2.196657986519473127e+01
-1.430624755769377110e+01
-2.562298403775774958e+01
-3.065937176835143774e+01
-2.495967919617289965e+01
-2.991393070682348565e+01
-2.279933157317030989e+01
-3.016097821984078564e+01
-3.157504181881363436e+01
-2.269843017151973541e+01
-2.563278877617775819e+01
-3.213435647906916870e+01
-2.712924000160244375e+01
-2.278371387367264234e+01
-2.870356587375851731e+01
-2.939540080478805706e+01
-2.044373503679673121e+01
-2.736135287433465990e+01
-2.030046590690998087e+01
-2.500307802677413349e+01
-3.280526475245689255e+01
-2.947942723074898907e+01
-2.149721778691040086e+01
-3.181195737615844621e+01
-2.022676761260952816e+01
-2.503623945967496311e+01
-2.694660366291299169e+01
-3.542538581984307200e+01
-2.529704797092806245e+01
-2.406651583483787604e+01
-2.432984288649739213e+01
-2.228671760701038096e+01
-2.602059148410927136e+01
-2.770461762937969752e+01
-2.036584310299766898e+01
-2.182073673143394288e+01
-2.675735773902915682e+01
-2.371909597650092039e+01
-2.439531193477935034e+01
-3.071295646048359629e+01
-2.820151692771812080e+01
-3.191480819136415192e+01
-3.299531338361151001e+01
-2.497064788150427717e+01
-2.659599115792279278e+01
-3.370942137539769590e+01
-2.887744751995521142e+01
-3.304259042526915380e+01
-2.737547009372138973e+01
-2.753752729157636736e+01
-3.015883975148628338e+01
-2.498574901757507760e+01
-2.887620894046941089e+01
-2.956143829843973592e+01
-2.910091875674984863e+01
-2.511023927345944884e+01
-3.386296181049686282e+01
-2.422148480970907514e+01
-2.735831199297774674e+01
-2.469115933252370709e+01
-1.779601786092508320e+01
-3.377597201368003965e+01
-2.737983787015535952e+01
-3.410341459176813572e+01
-3.281891893078674372e+01
-2.374905937288033542e+01
-2.475447800541923016e+01
-3.147678568611100403e+01
-3.104839176277490509e+01
-3.227526073767706549e+01
-2.162260799473277828e+01
-3.552102042555551265e+01
-2.657904610019678771e+01
-3.043929308448427662e+01
-3.148794272741112721e+01
-1.747000458130437650e+01
-3.325523561717700716e+01
-2.827552191391257352e+01
-3.165623324981256914e+01
-2.608894794002765138e+01
-3.219288705035865661e+01
-2.905085626361650242e+01
-2.764024138767713623e+01
-2.905762522290009287e+01
-3.349762431028918996e+01
-2.724062122961250765e+01
-3.204546215473909143e+01
-3.454677532295754361e+01
-2.704363489176378010e+01
-2.983500046494727087e+01
-2.319651100807679711e+01
-2.963439705306702621e+01
-3.222331836775281744e+01
-3.328005648838765751e+01
-2.728981595366085600e+01
-2.424307128121587951e+01
-2.833796177645643510e+01
-2.503839313856704862e+01
-2.687528465638709108e+01
-2.377019662407807488e+01
-3.399497094566832089e+01
-2.364174443340145260e+01
-2.381399715792050031e+01
-2.355294197459891592e+01
-2.403797367805835350e+01
-3.225548898903623751e+01
-2.812273483577566680e+01
-2.286614104760571564e+01
-2.740107664023387457e+01
-2.749804392887084958e+01
-1.804768972619137912e+01
-2.550559834847976504e+01
-1.812966910556365008e+01
-3.279758757843528372e+01
-3.220556878499699138e+01
-2.592875307957386610e+01
-2.467392814465577544e+01
-2.267502012931948485e+01
-1.997952129077329886e+01
-2.204977078358338005e+01
-2.542666717859409076e+01
-2.526424187681182687e+01
-1.908836099802769226e+01
-2.537288759466925114e+01
-2.603891485286056806e+01
-2.640335941627344951e+01
-2.255433451205123774e+01
-1.867463407291057109e+01
-1.978793142619546686e+01
-2.261131699737009981e+01
-2.665549186675820792e+01
-2.388501944417733114e+01
-3.005787567954948258e+01
-2.024813470233651103e+01
-3.213706045084026641e+01
-2.690459564629504285e+01
-2.701363104005007898e+01
-2.614071883431293131e+01
-2.883663080292093994e+01
-2.475100234006404420e+01
-2.332425872789590926e+01
-2.667818676993064386e+01
-2.789075834143169885e+01
-2.533188390697710446e+01
-2.710231175183715990e+01
-2.146035552283484549e+01
-2.923219802612841178e+01
-2.597348091963118222e+01
-3.229823097615798133e+01
-3.077594949254865142e+01
-2.679490099013200677e+01
-3.475918518163440751e+01
-3.757559199165896047e+01
-2.771218314167725438e+01
-4.007008278953949798e+01
-3.593959320833020143e+01
-4.284847069823816668e+01
-3.367175977234305151e+01
-3.346945822879144572e+01
-3.972475355221615700e+01
-3.448237618476440502e+01
-3.870577935685518867e+01
-4.186757046843729313e+01
-3.962088862457177640e+01
-3.999870271421600876e+01
-3.093244702264367163e+01
-3.944434502510882368e+01
-4.502314257324731983e+01
-4.443198765626200952e+01
-4.158560186667393310e+01
-4.077958586313640410e+01
-4.386327651051933429e+01
-3.309666695488120780e+01
-4.188271980307677467e+01
-4.972385657830982808e+01
-4.503323689150038689e+01
-4.568050838306542261e+01
-3.693360799961506302e+01
-3.732094624163595853e+01
-4.567765416727288397e+01
-3.780465507390680102e+01
-4.973014330670354610e+01
-4.644272290040940021e+01
-3.459679119225751265e+01
-4.043247126061854857e+01
-4.979970691060960064e+01
-3.733960558536266916e+01
-4.773874095190069511e+01
-4.490884207624185365e+01
-4.432278916224279186e+01
-4.405722935680729790e+01
-4.867021064787073215e+01
-4.409220878374780739e+01
-4.841426780496632887e+01
-5.149443107670846587e+01
-5.178304640826900851e+01
-4.548121682028417467e+01
-3.636817392342104682e+01
-4.604678216567669580e+01
-4.924612486187401572e+01
-5.080090232292567975e+01
-4.351813623242861695e+01
-4.291848824877421009e+01
-4.703780909709220026e+01
-4.086399276409210302e+01
-4.006071225858649854e+01
-5.268831191439522144e+01
-4.728339147975323442e+01
-4.736446970551262581e+01
-4.704674866273435185e+01
-3.971079014567994392e+01
-4.778553535888832471e+01
-4.999178986022194948e+01
-4.513797321080308222e+01
-4.275220756671411237e+01
-4.968772965801245789e+01
-4.420009932974820543e+01
-4.345876792291432622e+01
-4.930882413199350367e+01
-4.967256053135296412e+01
-4.623467187461691452e+01
-4.648394860343659474e+01
-4.103468357263692923e+01
-4.344684772672944462e+01
-4.634762501911112764e+01
-5.468020035204850871e+01
-4.218754886152045458e+01
-4.028501993209715693e+01
-4.943215906837030360e+01
-4.043793724485757934e+01
-4.393544070809124946e+01
-4.184418769573110097e+01
-4.055890891104228757e+01
-5.001752356476797701e+01
-4.689256042716154127e+01
-4.334279229992279880e+01
-3.974305164923929112e+01
-4.364474304638667945e+01
-4.991282952391438243e+01
-4.093311569769629443e+01
-4.362547735089611933e+01
-4.804388657705780474e+01
-4.385384948776894021e+01
-4.581358796295455704e+01
-3.976863809212777312e+01
-4.944448736524786625e+01
-3.798829463869714118e+01
-5.147564150212720335e+01
-4.811376586952826528e+01
-5.024651670501481249e+01
-4.792807637067701165e+01
-4.080062245201165894e+01
-4.983207397021282503e+01
-4.549107265606942718e+01
-4.124954922241740718e+01
-4.852558374335383462e+01
-3.592377106293270117e+01
-3.813671559806278566e+01
-4.596885497662970010e+01
-3.869291938151921784e+01
-4.648183464364585404e+01
-4.679283118544335451e+01
-5.085396914194444662e+01
-4.510677191719111079e+01
-5.074372472677333690e+01
-4.665127132062105630e+01
-3.810210166560346323e+01
-4.603199298400205919e+01
-4.572421540486067215e+01
-3.904095390170814994e+01
-4.597120095409056262e+01
-5.142700446898619049e+01
-4.894149659833319532e+01
-3.822557766652352740e+01
-3.611188275153335070e+01
-4.214605120758992030e+01
-4.339113945114678472e+01
-4.420055263991366701e+01
-4.638896172537022267e+01
-4.459547881920873635e+01
-3.888201356437512146e+01
-4.106000092083629482e+01
-4.518343943585448130e+01
-3.864946021429811651e+01
-3.945839692761442308e+01
-3.594531279048747052e+01
-4.556237866245628254e+01
-3.906437758976439767e+01
-4.273654928128973296e+01
-4.789046484751467858e+01
-4.331702909591066231e+01
-4.230758545229367940e+01
-4.326140750653768663e+01
-4.452328578317006702e+01
-3.935000350045119433e+01
-3.783318930142990411e+01
-3.833357120826450881e+01
-4.120244453049716071e+01
-3.530314743342307793e+01
-4.417224934786144530e+01
-4.404207216658865320e+01
-3.494693982242953467e+01
-3.695156936058423014e+01
-3.185530039348437370e+01
-3.403954295819350051e+01
-3.950133429839201682e+01
-4.235794833452671071e+01
-4.732139941677753114e+01
-4.587176258308697641e+01
-3.332161263331062173e+01
-3.369758044649998396e+01
-4.459739294415551569e+01
-4.420098562481643256e+01
-4.260291379361877517e+01
-3.333743195728611397e+01
-3.492316112178408360e+01
-4.042621635753019405e+01
-3.236723244359371421e+01
-4.317306511372299127e+01
-3.568470356468669991e+01
-3.899311457186398400e+01
-3.325723982299580683e+01
-3.159495544117175569e+01
-3.809176052532506418e+01
-4.161090111728137941e+01
-3.690034451189102782e+01
-3.992954722554074465e+01
-3.788917567259618124e+01
-3.851803630171750115e+01
-4.020921837587343362e+01
-3.912887179315524122e+01
-3.496308242677388023e+01
-3.473804912584237314e+01
-3.258381898313673020e+01
-3.490432111450569153e+01
-4.286217530969183542e+01
-3.466937679741213429e+01
-3.140881807770404777e+01
-3.190851634379316337e+01
-3.299740745703194733e+01
-2.592811663195624661e+01
-3.589084754293822499e+01
-3.205644340074996279e+01
-3.344370479628456394e+01
-2.658930755334545282e+01
-2.997553814175769915e+01
-3.340242094009365559e+01
-3.713820221954151179e+01
-3.480481820598707543e+01
-2.531007722223839451e+01
-3.387323265889460799e+01
-3.799894705304463116e+01
-3.166110077904825104e+01
-3.399448623838916461e+01
-3.686708668616182649e+01
-2.528846875252337156e+01
-3.351942059901783466e+01
-3.312017796108000312e+01
-3.428135314830830538e+01
-4.084392469526384417e+01
-3.303354097376876553e+01
-3.536689354860508416e+01
-2.965386479091323935e+01
-2.932236402150445187e+01
-3.448368481567779043e+01
-3.303021694121483876e+01
-3.093866606772577299e+01
-2.614329468348469021e+01
-3.370313691857354144e+01
-2.366513748223807312e+01
-2.479074552887847815e+01
-3.303315796628942991e+01
-2.617295383247677876e+01
-3.134245554413136858e+01
-3.180932234263515213e+01
-2.648971824916537798e+01
-3.445743714129925195e+01
-2.976026787841658816e+01
-3.667104659635140251e+01
-2.795725440155464270e+01
-2.709158345773790444e+01
-2.753821844533829477e+01
-2.524837106374701179e+01
-3.507174608787468628e+01
-3.032321545971202070e+01
-2.286583140386632351e+01
-3.210608935990968149e+01
-2.589902133938537432e+01
-3.120200442603728774e+01
-3.404200836831533650e+01
-2.955371522704188791e+01
-3.207740445112137451e+01
-3.232058312639951936e+01
-2.348506008019859692e+01
-2.923939445128778658e+01
-2.315988807947728745e+01
-2.141598508758566766e+01
-2.789884286819562220e+01
-2.940308180997107357e+01
-2.932265414239514101e+01
-2.608403060344080515e+01
-2.668089784999212100e+01
-2.487029532136530463e+01
-2.870361393649081805e+01
-2.665690217492304726e+01
-2.363362198069116005e+01
-2.486091231251476330e+01
-2.672904053221515142e+01
-2.508011845168466891e+01
-3.073786601509913297e+01
-2.625070955361026037e+01
-3.091109557024060095e+01
-2.697406194847422256e+01
-3.310274908242496394e+01
-2.236183395971798404e+01
-3.038998927500672664e+01
-2.728740340484955595e+01
-2.435022087890634523e+01
-2.562998629371745807e+01
-2.587681334535529842e+01
-3.069511230737215968e+01
-2.729228998718967247e+01
-2.425808806653844485e+01
-3.114525747958366964e+01
-2.279866504102411184e+01
-2.117099590409054599e+01
-2.282280238837967090e+01
-2.227983285263749025e+01
-2.389061330312448916e+01
-2.688120927176529307e+01
-2.583659495464623035e+01
-2.844369027305756603e+01
-2.630899210914429531e+01
-2.151154099730279157e+01
-2.616739372380958883e+01
-2.673221041002053155e+01
-2.023153365501705636e+01
-2.345022506828906828e+01
-2.738425761727336294e+01
-2.736319283837297789e+01
-2.520618562228698778e+01
-2.370075957420124979e+01
-2.572940053005869743e+01
-3.017541838905108165e+01
-2.341886069319824415e+01
-3.291159908783463806e+01
-7.859631105585185296e+00
-1.947449601633974936e+01
-2.051496805292736525e+01
-1.950079379285489267e+01
-5.949445865303641057e+00
-5.464432778645604394e+00
-2.279137027290866513e+01
-2.514350895647517703e+01
-2.158980173715317008e+01
-2.385090471475544405e+01
-2.130078867813637444e+01
-2.505852821848564815e+01
-1.785074723842350508e+01
-2.913859176806337103e+01
-2.350485092101637719e+01
-2.670480601279181343e+01
-2.829521897193097146e+01
-3.088848819837466664e+01
-2.752010252346892827e+01
-2.064454996631358696e+01
-1.903812845008675936e+01
-2.643187682701420727e+01
-2.160705879007507235e+01
-2.914958803451753155e+01
-2.968500388087492681e+01
-2.953069332202773367e+01
-3.617072764526500350e+01
-2.730651921026594309e+01
-2.597879437432124305e+01
-2.720244043650630772e+01
-2.193532733865955819e+01
-2.353869952836157253e+01
-2.322084233841059842e+01
-3.146781707363696512e+01
-3.015338025443992009e+01
-2.783855540962119690e+01
-2.713469977638754926e+01
-2.793363424494373959e+01
-2.924610184041303285e+01
-2.962016281195805689e+01
-2.341965611075553610e+01
-2.032714356987604987e+01
-3.490207408213417040e+01
-2.193274687046721994e+01
-2.701628204753742679e+01
-1.729966238390428046e+01
-2.632583317096817765e+01
-2.420182409529956402e+01
-2.694952138807858688e+01
-3.256986317124520980e+01
-2.174181037688326157e+01
-3.317798324105208962e+01
-1.832403667745311182e+01
-2.377611039617379518e+01
-2.134931526117037492e+01
-2.951102223366781985e+01
-2.520920827176015422e+01
-2.874452730201919337e+01
-3.182491801689646493e+01
-2.928462735499261171e+01
-3.346637117466329414e+01
-2.846701074213698135e+01
-3.321810828654628267e+01
-3.334762736033425767e+01
-3.162315269124681194e+01
-2.409217141709054388e+01
-2.733829601493336980e+01
-3.263042475401056919e+01
-2.629583681459476807e+01
-2.750910398461627082e+01
-3.395184071083171773e+01
-2.884962921324563112e+01
-2.444722765202362780e+01
-2.903695123233216435e+01
-3.252685250075086998e+01
-2.947344265121127904e+01
-3.203133853561968181e+01
-2.251068611126412833e+01
-2.374144917306458780e+01
-2.679844601250411174e+01
-2.913254997112591838e+01
-3.325341181785664446e+01
-3.168618567536593389e+01
-2.677223476251583634e+01
-2.968787619643095610e+01
-3.205210836759986393e+01
-3.295267962694080666e+01
-3.303769229522139028e+01
-3.678846526067243161e+01
-2.547315885201699004e+01
-3.242146897190698240e+01
-3.108499573176667141e+01
-2.601931950757863987e+01
-3.461832292009091105e+01
-3.902997624245340091e+01
-2.840260145642749379e+01
-2.639721988575105627e+01
-2.728413996224280780e+01
-2.974605794334025433e+01
-3.413680953358620229e+01
-3.007233157583566552e+01
-3.088770793700664186e+01
-2.210546744648069151e+01
-3.421298126310551169e+01
-3.136345713069955110e+01
-2.629895235010257082e+01
-3.536297862286180305e+01
-3.888413280950157969e+01
-3.483208380722145137e+01
-2.878808015400840148e+01
-3.012136877634016940e+01
-2.926017983733010297e+01
-2.649833461762163722e+01
-3.752318855265790631e+01
-3.163411294609315760e+01
-3.304459874034905198e+01
-2.760982086833022464e+01
-3.144494465218106427e+01
-3.710153990205198227e+01
-2.998076618809670535e+01
-3.456224901955501849e+01
-3.674446687064267536e+01
-3.540803324715610501e+01
-3.664052629923046567e+01
-2.389000067880261469e+01
-3.024048823555930454e+01
-2.393633787499726751e+01
-2.907219683978392766e+01
-2.946218671209260975e+01
-2.592999501033257204e+01
-3.608077023477970613e+01
-3.652716826203226930e+01
-2.477825685112763310e+01
-2.908810373831062890e+01
-2.789178965902216945e+01
-3.439238729295875174e+01
-3.576584632408274445e+01
-3.044498539144347404e+01
-3.318751520158249946e+01
-3.707612036849926085e+01
-2.494566717550063473e+01
-3.585397080182573148e+01
-2.910636648755857792e+01
-2.969715227595517604e+01
-2.853988904011924532e+01
-3.044143393718992030e+01
-3.221216590564097970e+01
-2.629913715052553158e+01
-3.290860385430938351e+01
-2.772395338987741908e+01
-3.743992367594398729e+01
-3.796418632243548075e+01
-3.738071006719696499e+01
-2.862392646107783278e+01
-3.083719554096072457e+01
-3.428381702864830061e+01
-2.438748183934966107e+01
-3.267312883119799949e+01
-2.784335443305089086e+01
-2.986251535557933323e+01
-3.634723300332919393e+01
-3.259572938400275177e+01
-3.085578668641082345e+01
-3.188415693887822400e+01
-3.301887273812664603e+01
-2.502226274677009599e+01
-3.893288521190603291e+01
-2.620221552691207378e+01
-3.725957376813185817e+01
-2.363184598846713413e+01
-3.475531130710871253e+01
-3.008444231060040863e+01
-3.353229083821304357e+01
-3.473427803295018634e+01
-3.368115357110251296e+01
-3.464038813802553562e+01
-3.374723506488198410e+01
-3.529753574146620565e+01
-3.324479493486035153e+01
-3.064943551035294433e+01
-3.048832450707450548e+01
-3.185102600197631517e+01
-3.868192450265165405e+01
-3.954232307440768324e+01
-3.551586936498046043e+01
-2.551876905846771493e+01
-2.552341129131090369e+01
-3.558346937628303408e+01
-2.901395304136484299e+01
-2.798002968825738179e+01
-3.358719406958329756e+01
-3.442965742771642113e+01
-3.387221565187200412e+01
-3.187371213628480149e+01
-3.719834192555200048e+01
-3.125191843614753395e+01
-3.592501747596465833e+01
-3.450940207729543374e+01
-2.903340481378451798e+01
-3.315550970163283040e+01
-2.908064972629784251e+01
-3.210997271526971986e+01
-3.483776064007861351e+01
-3.012313240378868429e+01
-2.245093737348940977e+01
-3.176204815844672780e+01
-3.492583336480598177e+01
-3.938494064397750805e+01
-3.848416394455901468e+01
-3.382874221882102006e+01
-3.331406168103622178e+01
-3.949842927024604933e+01
-3.600946569457623525e+01
-3.429671648335647660e+01
-3.210168967696039743e+01
-3.363962787750585903e+01
-3.292344558481811845e+01
-3.018349869772981009e+01
-3.304778102362337933e+01
-3.024970649322090210e+01
-3.455234518878863526e+01
-2.911470065101953608e+01
-3.048257142851898394e+01
-2.859620720258422466e+01
-2.778325445764941293e+01
-3.016594308466526897e+01
-3.492725407841614071e+01
-3.135570284643418759e+01
-3.484309401724511446e+01
-3.276439017119018615e+01
-2.707031981142996813e+01
-3.323423466885638078e+01
-3.759659336373569261e+01
-3.644427657879777627e+01
-2.893953433199339997e+01
-2.503951252448307230e+01
-3.753835465904521129e+01
-3.291708762520188714e+01
-2.617371411492873889e+01
-3.181098790013774291e+01
-2.907989817987897041e+01
-3.381429784505873926e+01
-3.204376924426532014e+01
-3.285944352434533755e+01
-2.639537795183083446e+01
-2.570553761652109870e+01
-3.729317040278255035e+01
-4.059441433405084609e+01
-3.186946888442305692e+01
-2.884913863686003666e+01
-2.593037160708296440e+01
-3.426454206564164906e+01
-3.385539105089698353e+01
-3.204736502617110006e+01
-3.398888909797483393e+01
-3.644799140424201767e+01
-2.838233071825890264e+01
-3.097280560561990725e+01
-3.366382816635371000e+01
-3.045808156948812595e+01
-2.917002980717292715e+01
-3.828399400917658113e+01
-2.750682445258853193e+01
-2.451261386516062757e+01
-3.251299872991175732e+01
-3.683841224033764661e+01
-3.057517174325322884e+01
-3.604714833520008455e+01
-3.399963775946081768e+01
-3.442553738183404022e+01
-3.242690011330908817e+01
-3.586802051980891548e+01
-3.191501603580766044e+01
-3.962955380620270773e+01
-2.425022427403169090e+01
-3.464125221967995572e+01
-2.927737311983068125e+01
-3.218227170487786282e+01
-3.045823187518513464e+01
-3.014087339431716472e+01
-3.194832164895556659e+01
-2.959497484097595787e+01
-2.660497626221279432e+01
-3.409023205034073101e+01
-2.998824412065205536e+01
-3.557799943932595710e+01
-2.655907819325671682e+01
-3.265653118413155198e+01
-2.695802632985740388e+01
-3.261625335996031794e+01
-3.364544690063760868e+01
-2.794280668322431538e+01
-2.978385137309201625e+01
-3.246376953793309639e+01
-3.216351283620606694e+01
-3.452366683640738643e+01
-2.851944088393586085e+01
-3.208884636002527202e+01
-2.910900160055760466e+01
-2.734479582803723829e+01
-3.378204590048585487e+01
-2.835118988054521338e+01
-2.785991345805610564e+01
-3.495150050655664842e+01
-3.241176887416713726e+01
-2.503321546604291825e+01
-3.661611459927868850e+01
-2.417958070290729111e+01
-2.162494807378669748e+01
-2.405326782674276132e+01
-3.616622342940836177e+01
-3.283589616994063931e+01
-2.774711839623357434e+01
-3.491588902101741354e+01
-3.474946387929152536e+01
-2.940288722212090633e+01
-2.511909090799892041e+01
-2.617969964669413585e+01
-2.915455657909145870e+01
-2.746626309712749148e+01
-2.812895610147974779e+01
-3.660010179739447977e+01
-3.681147200531605534e+01
-2.785039700352208314e+01
-3.450490439581808744e+01
-2.930621008119596738e+01
-3.083291682222089491e+01
-3.192854895752094890e+01
-2.515851199242097636e+01
-2.768424563808254035e+01
-3.139971612688219693e+01
-3.157498969767532060e+01
-3.747928658179726114e+01
-2.750769097723793521e+01
-2.357397539802177988e+01
-2.671516801821006837e+01
-3.474710337843392693e+01
-2.595296693431668444e+01
-2.926311213579320736e+01
-2.439558423952639643e+01
-2.384059047733987313e+01
-2.447205988986833702e+01
-2.585078540025741489e+01
-2.536756257559206063e+01
-2.864110158793555527e+01
-2.620241719056587115e+01
-3.322131392638650027e+01
-2.020390574278548357e+01
-3.621429781356037125e+01
-3.357579974786685995e+01
-3.261719769485365106e+01
-2.445396733436089676e+01
-3.388714082984355969e+01
-3.644646352829765590e+01
-2.654779503193612911e+01
-2.470784771703266358e+01
-2.596175725542002510e+01
-2.997091497211939171e+01
-2.331567220916609529e+01
-3.124379669533194104e+01
-3.232380769914235685e+01
-2.588855130183216602e+01
-2.881232127813538924e+01
-3.542302229425521176e+01
-2.751064933951952085e+01
-3.813704309979781470e+01
-2.879357364947380304e+01
-3.246119329336313086e+01
-2.515727334943474247e+01
-3.408574058039010879e+01
-2.287216155432108522e+01
-3.091211963821557873e+01
-2.530193614121321488e+01
-2.525032466083301941e+01
-3.009957931938017595e+01
-2.831419939202055147e+01
-2.502143931111850961e+01
-3.144291274883762455e+01
-2.451157018681951882e+01
-2.687511687795743498e+01
-3.202194897188061162e+01
-3.267132686606097280e+01
-3.060027935331893900e+01
-3.450845955590748559e+01
-2.625623454405845791e+01
-2.741765371990382150e+01
-2.687553095943517434e+01
-2.639775524401506956e+01
-3.087566100820258086e+01
-3.445706339401029084e+01
-3.377643555709362744e+01
-2.688744269018894073e+01
-2.960362456366741668e+01
-2.872450577639785863e+01
-2.189946814957772503e+01
-2.566309318130178596e+01
-3.485313512414861492e+01
-2.413016762337107934e+01
-3.208999318333783890e+01
-3.575903617025110037e+01
-2.854416016496234221e+01
-2.625440636219826374e+01
-3.106823742380767683e+01
-2.816605085620009774e+01
-3.411576518331135333e+01
-2.308911945503253449e+01
-3.028916843791699165e+01
-3.033462527607090564e+01
-2.848372400034242702e+01
-2.892575275106847954e+01
-2.279848024599729683e+01
-2.094735117039191152e+01
-2.021504739538402617e+01
-2.043355889560984906e+01
-2.686802571543588414e+01
-2.179661887976159917e+01
-2.577308828409253749e+01
-3.043054633782751495e+01
-2.414316479772684332e+01
-2.000513507292058080e+01
-2.537713426020738083e+01
-3.260341227145104881e+01
-2.755804805081483977e+01
-3.412692271634465158e+01
-3.010439010653655245e+01
-2.637319197880645660e+01
-2.909058730952277116e+01
-3.281418990106863021e+01
-2.704633914452178090e+01
-2.860505164545145718e+01
-2.724123032651267096e+01
-2.916924275625912344e+01
-2.878655057899655390e+01
-3.081780397712758557e+01
-2.722270108603371241e+01
-2.762931329587015128e+01
-3.456435002372592891e+01
-2.317612664276313694e+01
-2.248300666888452426e+01
-2.807624712745322881e+01
-3.240028525854720698e+01
-3.021739433952015119e+01
-2.956597334834297897e+01
-2.118938423560726036e+01
-2.980664552135824152e+01
-2.558365000129135325e+01
-2.499926842816650208e+01
-2.854250186052117044e+01
-3.132147803963923849e+01
-2.580873518802668798e+01
-2.234460375653218733e+01
-3.326917473975133532e+01
-2.362540407231580986e+01
-3.245564709893407951e+01
-2.969815449437667354e+01
-2.961871010070222709e+01
-2.913937390865188704e+01
-2.273927965018752317e+01
-2.567850541932147479e+01
-3.210659934887613787e+01
-2.458009999684041702e+01
-3.187209662950798617e+01
-2.619094853290872393e+01
-3.083687952954309353e+01
-3.216944984518499950e+01
-2.259706018663999672e+01
-2.750591632722695934e+01
-2.883529291281138285e+01
-3.352189533813876210e+01
-2.309223533047452293e+01
-2.165739713449354298e+01
-1.897225557772263471e+01
-3.360646989221863379e+01
-2.387162286287987811e+01
-2.405038222772961376e+01
-3.179798280442128444e+01
-2.814764776925647638e+01
-2.086810315016761308e+01
-2.869258872484866885e+01
-2.646706520933748408e+01
-1.790643392654385480e+01
-2.850615464379645658e+01
-3.405784579243363908e+01
-2.528412700315524830e+01
-2.877966093531044223e+01
-2.994486554073916906e+01
-2.905957718126757783e+01
-2.766278528931844605e+01
-3.495660823033114895e+01
-2.147489049247921855e+01
-2.753389467793716605e+01
-2.879225615102615521e+01
-3.005725781806019725e+01
-2.586633639147652630e+01
-2.215724021501797836e+01
-2.699238843569822066e+01
-2.366346765034271726e+01
-2.285946892647769246e+01
-2.015643856270767742e+01
-2.654406337913355074e+01
-2.929391644762386804e+01
-9.061047708328715089e+00
-2.775993749750213624e+01
-2.870874510151301351e+01
-2.805279722068932102e+01
-3.049455451334306488e+01
-2.653552513423455395e+01
-2.640427665342831887e+01
-2.521490241772979601e+01
-2.724927031247954901e+01
-2.804746508755734880e+01
-3.083200447210717954e+01
-1.984638151984212584e+01
-2.774920267455740230e+01
-2.262687924296658792e+01
-2.595706259308989061e+01
-2.783511898008545415e+01
-1.868196117013654600e+01
-2.786567347645200243e+01
-2.940742892784244944e+01
-2.833372516625236059e+01
-2.982383589864623730e+01
-2.862869946587265702e+01
-3.037825886614505322e+01
-2.456000765049667223e+01
-2.854567132351725078e+01
-2.794783728286115121e+01
-2.188268548497201493e+01
-2.232991570939775627e+01
-3.019354116922059106e+01
-2.160366387040575020e+01
-2.911311672077961887e+01
-3.146692962022900986e+01
-2.759094099773957964e+01
-2.034366003706432480e+01
-2.426374824460238599e+01
-1.790813372988395358e+01
-2.098623047958456667e+01
-3.205656640710797234e+01
-2.961027982402841374e+01
-3.001267256136135231e+01
-3.192277247654082473e+01
-2.097660370149587905e+01
-2.812314675453433921e+01
-2.494792871070378482e+01
-2.293692848634575299e+01
-2.270820216022284299e+01
-2.803851092431333925e+01
-2.951194776964465660e+01
-2.834320206825670851e+01
-2.475806307813146390e+01
-2.147894430066251914e+01
-2.362327285983024083e+01
-2.894940684205278458e+01
-1.885061696160822109e+01
-2.735551190430174628e+01
-2.694526987306959853e+01
-2.320912459151810481e+01
-2.663124050902507278e+01
-2.597371715712524320e+01
-2.917535772112811543e+01
-1.875380179801494052e+01
-3.038140798056716108e+01
-2.739300438912517421e+01
-2.103054583213502582e+01
-2.612195353095215467e+01
-2.514560786246551061e+01
-3.141798202801930984e+01
-2.755178443065739202e+01
-1.991731805948486667e+01
-2.816923690482129672e+01
-2.376419179420667049e+01
-2.156801385120570203e+01
-2.249816104231446445e+01
-1.953127418908225366e+01
-2.857195246686318058e+01
-2.737965533997862622e+01
-2.562924445146258634e+01
-2.499660422577934327e+01
-2.738292813812734394e+01
-2.454115181355401631e+01
-3.238107724429612233e+01
-4.405715733623953412e+00
-2.503983379816906307e+01
-2.820579181334328922e+01
-2.621358411692420987e+01
-2.812159808772392822e+01
-2.177086848047002121e+01
-2.999632346480439082e+01
-2.668337709782062461e+01
-2.357967555050095498e+01
-2.323344936911616898e+01
-2.878932795199820305e+01
-3.185935849998601199e+01
-2.441918740335314553e+01
-2.511608411693125120e+01
-2.614299084484086677e+01
-2.455932558299898361e+01
-1.875122396225672716e+01
-2.980367302062282775e+01
-2.782016090241014439e+01
-2.610118591939886912e+01
-3.131108363396929661e+01
-2.279551753622910581e+01
-3.154578376604415269e+01
-2.191108469210262299e+01
-3.113201500644638742e+01
-2.726048931524276497e+01
-2.172238572797726874e+01
-2.261452090318858055e+01
-1.936594075102455292e+01
-2.602631897878480061e+01
-2.705755328521627234e+01
-1.910285498353104927e+01
-1.958884116210335691e+01
-1.955970280815314055e+01
-2.667484873775153886e+01
-2.740062094831646888e+01
-1.790225212855226999e+01
-3.155890170638740955e+01
-2.433666424063981282e+01
-1.928777553225634733e+01
-2.194777995997338493e+01
-2.990205584587076970e+01
-1.243303797801350008e+01
-2.992097882831844657e+01
-2.501959663404124612e+01
-1.561164590051298084e+01
-2.529229482741336454e+01
-3.090055939887067993e+01
-3.118947965572123948e+01
-2.962950984885360484e+01
-2.812625800690559075e+01
-3.165131560126683041e+01
-3.141350329653597839e+01
-2.493123987683354059e+01
-2.710409182342467460e+01
-2.803640080399620516e+01
-3.286781876890027831e+01
-2.736335107055093374e+01
-2.404345926025499836e+01
-3.426888010683206431e+01
-3.200556849255993797e+01
-2.118430419708636592e+01
-2.604137354979463481e+01
-2.956351253207206753e+01
-2.824538960538313148e+01
-2.363658452576620661e+01
-2.954809900506285558e+01
-2.456328023958408835e+01
-2.908376825480465655e+01
-3.313050197858802193e+01
-2.515979189021959783e+01
-2.865553501060339059e+01
-2.697973894180259435e+01
-2.655886774505645320e+01
-2.578490174811958369e+01
-2.724856459016287502e+01
-2.838583717641677495e+01
-3.432847209053311133e+01
-3.204413864709270143e+01
-2.263309601935415571e+01
-2.007975115116343545e+01
-2.739348824937363958e+01
-2.537263605186415560e+01
-3.060854466398575369e+01
-2.871552537568054930e+01
-2.087455320590021302e+01
-3.317338376458475580e+01
-2.782764605194811125e+01
-1.259042831611718682e+01
-2.889231920371647888e+01
-2.667193189157750055e+01
-3.323003381090263986e+01
-1.713453634678722892e+01
-2.960835799857203554e+01
-3.295019113377307463e+01
-2.577152344409078921e+01
-3.176681953180488804e+01
-2.134067023016522313e+01
-3.109326130963386348e+01
-1.924026561927436418e+01
-2.336980930588606142e+01
-2.426231518594694947e+01
-2.175158762149238001e+01
-2.565030638422732423e+01
-2.261566022418583799e+01
-2.620802559742586979e+01
-2.271154117714021581e+01
-3.001847148285477473e+01
-2.688455004229761158e+01
-2.263190537913869349e+01
-2.233834066980895017e+01
-1.984965770666368101e+01
-2.508948383096517176e+01
-3.001646935177578612e+01
-2.693483075286275863e+01
-3.125887363308559941e+01
-3.209337440792909746e+01
-3.036345599923293648e+01
-2.628092503738139740e+01
-2.764320740158334644e+01
-2.738810620849590549e+01
-2.983482970347436947e+01
-2.785987663272196002e+01
-1.356766953244870599e+01
-2.775699758100116199e+01
-2.323827677650382029e+01
-2.651827705647578526e+01
-3.408497759960695817e+01
-2.829231688885537821e+01
-2.967782320523281214e+01
-3.177405814677898732e+01
-2.981111610522290434e+01
-2.803799809524354814e+01
-3.133034405378703013e+01
-2.860618052758528762e+01
-3.159063764045335532e+01
-2.378028368750384658e+01
-3.040122086329218831e+01
-3.512887082679401374e+01
-2.415683706667667607e+01
-2.982528036026480933e+01
-2.065384397247389714e+01
-2.619157943992075843e+01
-3.100721862952804031e+01
-2.662392726909319407e+01
-3.214789545196033060e+01
-2.337394484718187471e+01
-2.343993878320797464e+01
-2.175978770343147062e+01
-2.402916359960211778e+01
-2.659995916861524634e+01
-2.123116762834610327e+01
-1.820076651197326711e+01
-1.790878893739144928e+01
-3.273530373867669141e+01
-3.166697345462495150e+01
-2.406323002623266305e+01
-2.174839792887927814e+01
-2.381519205269855988e+01
-2.709459242068883711e+01
-2.590892037922318991e+01
-2.904430420922293621e+01
-2.557770648825811932e+01
-2.471053052697299535e+01
-3.153076174759051398e+01
-2.384944645385883888e+01
-2.574024232734467077e+01
-3.185775196114130736e+01
-2.210800177398193256e+01
-2.811177042614663435e+01
-2.312400998968715626e+01
-2.796665460819807336e+01
-5.097292218570618871e+00
-2.991778247596081286e+01
-2.962568095459938178e+01
-3.141930590312686533e+01
-2.855177286565827544e+01
-3.200987703026429898e+01
-2.910927880486510588e+01
-2.343523347875693119e+01
-3.229684301435861471e+01
-2.868304247507867899e+01
-3.146730437560404425e+01
-2.120720447679825327e+01
-3.025972450013927784e+01
-3.147506809155630592e+01
-2.525379308055032368e+01
-2.559809445763021429e+01
-2.438765931556809718e+01
-9.041795458709364297e+00
-2.686198414573762960e+01
-2.704685327957036023e+01
-2.509515432139877689e+01
-2.821674718724812791e+01
-2.559588481998438780e+01
-2.838905461512078787e+01
-1.898940726030573245e+01
-2.524737902894393216e+01
-3.349721143545553304e+01
-2.308671414356743412e+01
-3.029145097845754719e+01
-2.232461036312064806e+01
-2.059427305840755551e+01
-2.417313159494658947e+01
-2.949394502815341568e+01
-2.678170302783111012e+01
-3.054401875362669827e+01
-2.546778064590188251e+01
-2.447464627277403437e+01
-1.301871118110162051e+01
-2.918727252360148938e+01
-2.324888840464526041e+01
-2.221248246961652839e+01
-2.844561882975347089e+01
-2.196371770688453751e+01
-3.192141256621299661e+01
-2.916072528043876488e+01
-2.491090701349306613e+01
-2.574370080242121261e+01
-2.590979540191356278e+01
-2.445727298615319967e+01
-2.493696871395537684e+01
-2.573896943542750648e+01
-2.914961446081878549e+01
-2.788297053909622747e+01
-3.063783024501181984e+01
-2.566615553606383671e+01
-2.980750568049148441e+01
-2.844323947203496061e+01
-2.547317350123485014e+01
-2.618389861135941032e+01
-2.941295018432306563e+01
-2.770663304570906860e+01
-2.780085124199092661e+01
-2.517234983593665731e+01
-2.554070129481137741e+01
-2.526742244028780959e+01
-1.941304771446651500e+01
-1.915780448485284637e+01
-3.090084041493533817e+01
-2.964437967501237381e+01
-1.838739023814811091e+01
-2.138163437057558980e+01
-3.038723699267791645e+01
-2.704706734023844206e+01
-2.594278802618049440e+01
-2.688350426765734369e+01
-2.712008685498394556e+01
-2.271387086389221466e+01
-2.852392825978099467e+01
-2.312775295840528145e+01
-2.871212030166529061e+01
-3.046319811871226335e+01
-2.150429307012315050e+01
-2.897587396302230545e+01
-2.950943241578210774e+01
-1.929301843030988906e+01
-3.850453298491106846e+00
-2.850846216736722383e+01
-2.982367432799902929e+01
-2.092196860684149229e+01
-2.077157026999240585e+01
-2.312156475543443790e+01
-2.628113086230619899e+01
-2.435394823908037409e+01
-2.903319879704759998e+01
-1.774125749293256504e+01
-3.419648233907371804e+01
-2.659708845225675944e+01
-2.141429931586475632e+01
-1.785678462298552560e+01
-2.383876662225188880e+01
-2.864225307537572718e+01
-2.623093395013328433e+01
-2.653468752899597760e+01
-1.810962592267266302e+01
-2.133241223238645290e+01
-2.401396876531612179e+01
-2.491478586942209361e+01
-2.253022777017631384e+01
-2.098726334681860450e+01
-2.104266218484001527e+01
-2.862200788131588070e+01
-1.927797117012221406e+01
-2.450997564397875195e+01
-2.361176030210609511e+01
-2.730016221754582872e+01
-2.432654316403356987e+01
-3.624987079250757915e+00
-2.448109796344037292e+01
-1.795347677455761470e+01
-2.005295252085831237e+01
-5.448340718998171184e+00
-3.236850522399434738e+01
-1.012693769691903789e+01
-2.541452478458314346e+01
-3.457155508060903326e+00
-2.771226555584459206e+01
-2.485799707632890687e+01
-2.588473367064446862e+01
-2.140359441711034449e+01
-2.537002116963829224e+01
-2.187899506721053200e+01
-2.637287562052405576e+01
-3.134612158923902570e+01
-2.856226586880313434e+01
-2.753346012569842216e+01
-2.963680117362881461e+01
-2.136666026174346911e+01
-1.848808245306017994e+01
-2.444229132400343474e+01
-2.324808349364244364e+01
-2.606580044547514063e+01
-2.839203415534327135e+01
-2.808508854326915838e+01
-1.918951882434796374e+01
-2.659963273613230683e+01
-3.019265950202930426e+01
-2.396810734508753882e+01
-2.856981336726123288e+01
-2.851064419471821410e+01
-2.861291760530562556e+01
-2.552730029349180185e+01
-2.199791067205885398e+01
-2.419984325470704434e+01
-3.094941318345794556e+01
-1.742462511478436937e+01
-1.939706765151275292e+01
-2.365302011427943540e+01
-2.867056608283428432e+01
-2.773823470752838460e+01
-2.356943961465715276e+01
-2.928001741931454660e+01
-2.201146063175200140e+01
-2.030653699777656129e+01
-2.079742183622251872e+01
-2.505461496476072725e+01
-1.871907723086329511e+01
-2.704140790566739838e+01
-3.009543614538213774e+01
-3.006709074430958495e+01
-1.931159727771176904e+01
-2.637299461461372729e+01
-2.469713879712799098e+01
-2.213693276587902758e+01
-2.181858219564887236e+01
-2.598662945679087244e+01
-2.564478284769245420e+01
-1.763491743130607503e+01
-1.933028978197676651e+01
-2.928847070016368903e+01
-1.314715094808108375e+01
-1.847868497132554566e+01
-2.163467095154263831e+01
-2.720849874542636471e+01
-1.650064364065196187e+01
-2.815045431495544292e+01
-1.895962941537786861e+01
-2.601860283117926542e+01
-3.031880209191963260e+01
-2.433481386566310434e+01
-6.074897117281094161e+00
-2.329912874396754674e+01
-2.883450299243407144e+01
-2.438515323511562727e+01
-1.845507166080401973e+01
-2.676721594283650418e+01
-1.813457777678231508e+01
-2.480059133626090428e+01
-6.954742629219255790e+00
-2.381959283871071520e+01
-2.183273212599851121e+01
-1.943484025007660421e+01
-2.179784691988963274e+01
-1.834602069186037099e+01
-2.129468286414162037e+01
-1.522310518173851079e+01
-2.228059904989887841e+01
-2.726807708142059639e+01
-2.449048867017000219e+01
-1.964235571643326494e+01
-2.588398605674989383e+01
-2.637412325187819917e+01
-2.512944721005801085e+01
-2.436451476698366037e+01
-1.927183242472437996e+01
-2.488387097651121138e+01
-2.146084558115673602e+01
-2.796862009462245524e+01
-2.157309092144984675e+01
-2.051211325965696375e+01
-2.464585322236323961e+01
-1.568133573234870148e+01
-2.278007848375764866e+01
-2.540166940980899568e+01
-2.544743427742412933e+01
-3.165294719355849296e+01
-2.118282258341056234e+01
-2.786492937330053365e+01
-2.492841811679026520e+01
-2.129055738210238147e+01
-2.392728463033208186e+01
-2.669585150392601847e+01
-2.328073313191162441e+01
-2.759959059774041634e+01
-3.100580611371001538e+01
-2.843897952268621054e+01
-2.541827090480183671e+01
-1.292739970361263957e+01
-2.918983768777500387e+01
-2.413868077253248856e+01
-2.212920899009780840e+01
-2.268377865498611712e+01
-2.124368166648507028e+01
-1.842194534789868854e+01
-2.635977703986588949e+01
-2.094775829140410295e+01
-2.337129253933643724e+01
-1.479983859195216489e+01
-1.994307033866246925e+01
-2.108948657267552562e+01
-2.648664825100336984e+01
-2.286279437775831269e+01
-2.266082185209834421e+01
-2.381854686289520728e+01
-2.230867803882252431e+01
-2.136537577579943203e+01
-1.712449824339434201e+01
-2.151846557725924214e+01
-2.661033181764802080e+01
-1.929747872852138357e+01
-2.346911769790053626e+01
-2.752047581345936678e+01
-2.729083377592077042e+01
-1.904366952628361886e+01
-2.582875014450379325e+01
-1.887436265712727845e+01
-2.089203074499909718e+01
-1.773173961297499801e+01
-5.151704828910612655e+00
-2.304164175665933101e+01
-2.118753461871052579e+01
-2.762539121486960170e+01
-2.401495009888258281e+01
-1.558091803087677185e+01
-2.176936072282627066e+01
-2.238853363661333518e+01
-2.681971130731621145e+01
-2.547823999917445192e+01
-1.910060844111248457e+01
-2.438168198117497099e+01
-1.837104587301167413e+01
-2.103325885327042499e+01
-2.074774237742321858e+01
-2.490032403623134627e+01
-2.288960362351433275e+01
-2.464225581140397736e+01
-4.464558700771146249e+00
-2.671334394021610592e+01
-2.229193812623024940e+01
-2.216403608643680911e+01
-1.982347697716495105e+01
-2.170014612722491520e+01
-2.124831736205358723e+01
-2.364495962585653643e+01
-2.770481606597457969e+01
-2.327852057661757357e+01
-1.993974143211906025e+01
-2.203093861226388839e+01
-2.259982357882940107e+01
-2.402673493944537952e+01
-2.494695319619049556e+01
-2.181779788589837565e+01
-2.314784327815136677e+01
-1.964967796019040946e+01
-2.146133995385107340e+01
-2.463815798886034969e+01
-2.526776320157853206e+01
-2.596867148885030119e+01
-1.868591253650713213e+01
-2.510216369576229667e+01
-2.560170913797115233e+01
-1.103706121204499802e+01
-2.014342078454023977e+01
-2.546109668611486754e+01
-2.057503871549590357e+01
-2.028793291717520475e+01
-2.319495239556118094e+01
-2.210508685285393682e+01
-2.372153791313535010e+01
-4.746237129287178114e+00
-2.457412652235427686e+01
-5.121406127817579979e+00
-2.492096469454939722e+01
-2.304315031070835218e+01
-2.029653980164562554e+01
-2.211152089095512352e+01
-6.858926206239961409e+00
-1.706980169836316819e+01
-2.133938011056117645e+01
-2.350052987032085383e+01
-1.383867199328180142e+01
-2.324444594150422461e+01
-2.243846123569861462e+01
-1.139306116608189079e+01
-6.083108502401537443e+00
-2.176775413107122503e+01
-2.129728714940643641e+01
-2.342244957981301567e+01
-1.783331659801873315e+01
-2.455813182413731610e+01
-2.317193529764479365e+01
-1.391227874883167992e+01
-2.126588308274108741e+01
-2.085442611627154363e+01
-1.251242908531916953e+01
-2.235768053426097524e+01
-2.164720587859062206e+01
-2.235421036884521229e+01
-2.047669729245293979e+01
-1.865335090278563257e+01
-2.398631290304798114e+01
-1.514128992241323957e+01
-2.041624021692159729e+01
-1.069181531556137443e+01
-2.139797541812011872e+01
-2.391350095680123644e+01
-7.989071746816974517e+00
-2.234872964648542393e+01
-4.557105731961008210e+00
-1.917674018300589012e+01
-2.336809392707310806e+01
-2.309543774950740769e+01
-3.462442168185041691e+00
-2.039442258754454684e+01
-1.977670937937835660e+01
-1.907764118924026420e+01
-4.739938347325600709e+00
-1.979312147592441207e+01
-2.613002773497541043e+01
-2.155808486380969669e+01
-1.019410760128258353e+01
-2.193675155447029113e+01
-2.511302704650519502e+01
-2.232061648206058990e+01
-1.920216838196659381e+01
-2.286613384295439033e+01
-2.586096547306684457e+01
-2.614581575906968069e+01
-1.982582774306003159e+01
-1.909201495510771096e+01
-2.126357880083914864e+01
-1.783702786344802149e+01
-2.508119742009384012e+01
-1.111054340281763864e+01
-2.459939749124956876e+01
-2.343758531804442669e+01
-1.345473372102396148e+01
-1.793994755864166279e+01
-1.987347451230329654e+01
-1.550918044924526917e+01
-2.468576445499503436e+01
-1.989179936954362304e+01
-2.543002415295823582e+01
-8.629399829860579629e+00
-2.200356990778680455e+01
-2.229413101573522837e+01
-1.886727177303564673e+01
-2.228571965278188571e+01
-2.465564023079787859e+01
-2.463220213722907914e+01
-1.921918632308279129e+01
-2.013310901338754277e+01
-2.316302190522522864e+01
-4.915468048163359249e+00
-2.211378317403010030e+01
-2.136786844065753144e+01
-1.144525564384031036e+01
-2.062516618968390958e+01
-2.376456084986673645e+01
-2.374623237884475913e+01
-2.523212261291446268e+01
-2.195710253270959456e+01
-1.989577376908297168e+01
-1.633116702784268881e+01
-1.830065251502447410e+01
-1.662593168752584916e+01
-2.537925173012167335e+01
-2.229663346812583669e+01
-2.489392733360345034e+01
-1.869570516475296174e+01
-2.163972582389969190e+01
-2.108290354318850035e+01
-1.542375766383280222e+01
-1.868250435461608205e+01
-2.215844313409790800e+01
-2.594544275076850326e+01
-2.193235998174460377e+01
-1.247463339060234766e+01
-1.931194842923995481e+01
-2.180448882826940959e+01
-2.029514661647074192e+01
-2.340565343631934780e+01
-2.206495725574372813e+01
-2.056912125689986581e+01
-2.101558062234756008e+01
-2.011731918440611366e+01
-2.663755027402378417e+01
-2.130792837388962013e+01
-2.284142595837331058e+01
-2.453967388072333122e+01
-1.672250971338191050e+01
-1.532930005189594702e+01
-2.003188542014798657e+01
-2.605423031163705971e+01
-2.489987571367829133e+01
-2.290989952681671937e+01
-2.328954030406218934e+01
-2.401833845900548070e+01
-2.228720962914617587e+01
-2.472037999873950653e+01
-2.371050383173329479e+01
-1.710523720166138872e+01
-1.993601737698100251e+01
-3.044159388083700790e+01
-2.358906625190136808e+01
-2.354000982026924760e+01
-2.354555344048589660e+01
-2.571320903542691738e+01
-1.855792912323668986e+01
-2.732200998602318620e+01
-1.778945327695230461e+01
-1.359487312452995056e+01
-2.465321079292513673e+01
-2.685379631304354575e+01
-2.130965870372276783e+01
-2.493885034765831321e+01
-2.403215170344723006e+01
-1.291886407452202867e+01
-2.147582424141997492e+01
-2.492145984710150231e+01
-2.626162098327559846e+01
-2.477348459357047972e+01
-2.887034580816667173e+01
-2.907995898945568669e+01
-2.353513520131861370e+01
-2.543050339709305163e+01
-2.472429052106117098e+01
-2.515786062724263417e+01
-2.065500862851842001e+01
-2.467392195604302785e+01
-1.383157302935316935e+01
-2.336449240420886753e+01
-2.387490860779463731e+01
-2.778999353840467990e+01
-1.397303397517130819e+01
-2.416111989032049578e+01
-2.039424279602047463e+01
-2.199377626295791543e+01
-2.140937371386861088e+01
-2.175533372256078835e+01
-2.541061186935158389e+01
-1.361983135092306085e+01
-2.252123472838053786e+01
-2.716664091789493796e+01
-2.972755592597477659e+01
-2.613348082999099375e+01
-1.944899062702094028e+01
-1.533461577561408795e+01
-2.961159441046464735e+01
-2.323733959047164532e+01
-2.855396199726371265e+01
-1.969333769978383586e+01
-2.233130810160533386e+01
-2.098500971859100872e+01
-2.654321233731433693e+01
-2.656015982124060315e+01
-2.379995368850909188e+01
-2.637459331090673587e+01
-1.552079815199777713e+01
-1.688615935683067448e+01
-2.091133192526885409e+01
-2.652033336206973857e+01
-2.006775741377890299e+01
-2.243950538190536292e+01
-2.710823668673398501e+01
-2.048877473988641995e+01
-2.597728445689469012e+01
-2.174197975192001664e+01
-2.347217395514129024e+01
-2.910875226482954758e+01
-1.625965271580084703e+01
-2.647852840249393935e+01
-2.723584261924713346e+01
-2.217296386683916865e+01
-2.072390931658274837e+01
-1.326522483960731691e+01
-1.819198667872017694e+01
-2.676397377439236891e+01
-2.713159817404065421e+01
-2.963097479901304609e+01
-2.669773767359317063e+01
-2.475490677217266011e+01
-2.419933202133973538e+01
-1.761396996513648006e+01
-2.238849064398806021e+01
-2.609143634528932765e+01
-2.648954900150412684e+01
-2.685338201610401754e+01
-2.034354676683392782e+01
-2.333502507386257108e+01
-2.389351494620055050e+01
-2.922226626231650570e+01
-2.993669978418061106e+01
-2.689242057884158754e+01
-2.693598842223807566e+01
-2.720438127190763922e+01
-2.202163600592089310e+01
-1.968936420542825161e+01
-2.380672143297742949e+01
-2.303001083730516285e+01
-2.550102457571688319e+01
-2.144179170550656366e+01
-2.611460743723536382e+01
-2.449753757443375335e+01
-2.127032004322269998e+01
-2.835082503669265819e+01
-2.537812967731677460e+01
-2.111058290141115634e+01
-2.751167271340924003e+01
-2.436395777565402554e+01
-2.481816364508720696e+01
-2.248056589377440417e+01
-2.358509927749776480e+01
-2.871929802205659854e+01
-2.660576104935225317e+01
-1.293737081154429802e+01
-1.465030477425922939e+01
-2.543973158342184604e+01
-2.759421369576701721e+01
-2.661057428449942464e+01
-2.568743830945703266e+01
-1.828798199355856369e+01
-2.757898004382710155e+01
-2.189189877881918633e+01
-3.036110357489703659e+01
-2.617095622690795764e+01
-2.506563445355392616e+01
-2.300514799782970243e+01
-1.550682075905608137e+01
-2.345334563940853911e+01
-2.945152542285526920e+01
-2.481368918434081294e+01
-2.670384568072941889e+01
-2.499722957901327902e+01
-2.636789697777259889e+01
-1.745376384398076652e+01
-2.786306002453617836e+01
-2.348642270765484952e+01
-2.467314469585830849e+01
-2.189675210800556826e+01
-2.160145675947445554e+01
-2.553171756422994321e+01
-1.471759993155826507e+01
-2.732627502326040059e+01
-2.351448766836097803e+01
-2.311892794999247158e+01
-2.386326581762539689e+01
-2.735237000775921956e+01
-2.229294322516809146e+01
-2.336234332630200683e+01
-1.990264185097067440e+01
-3.060572631651964315e+01
-2.360237886364532400e+01
-1.586804729191742958e+01
-2.587421165946656743e+01
-2.248353473239406597e+01
-2.827044661923655156e+01
-2.364538963364837443e+01
-1.619183251802945733e+01
-1.336899797455851058e+01
-2.130394202997270980e+01
-1.857062378722734763e+01
-2.369537080311921073e+01
-2.242503240105626006e+01
-1.889777909211171902e+01
-2.633093448051303653e+01
-2.315918429270513101e+01
-2.187919223734384744e+01
-2.060662744769555133e+01
-1.259709810010914310e+01
-1.665785740852744112e+01
-2.659353196437122335e+01
-3.184765069529393244e+01
-2.458590023187981544e+01
-2.520144700385466408e+01
-2.830205872947501078e+01
-2.049958239522591441e+01
-2.676936772208758342e+01
-2.273433902225986714e+01
-2.290313420641550479e+01
-2.821316753325546145e+01
-1.690762564684052904e+01
-2.315864197634629207e+01
-2.140815036537369664e+01
-2.330843386543323348e+01
-2.738538894914859512e+01
-2.426665211301806124e+01
-1.637432411983516189e+01
-2.402614028103429789e+01
-2.668089082633825981e+01
-2.519792828404040463e+01
-2.083077314776459943e+01
-2.041475509543922229e+01
-1.836289287528875036e+01
-2.434343709268920719e+01
-2.436559453043339829e+01
-2.329523781902264901e+01
-2.507169918035737055e+01
-2.627857353893731940e+01
-2.629832041358504569e+01
-1.874841690130018534e+01
-2.751259611982631270e+01
-2.280670017339581790e+01
-2.497112393523194385e+01
-2.241268196626629106e+01
-2.926481292005459878e+01
-2.114929931871364133e+01
-2.181396562266332850e+01
-1.903990428234194709e+01
-2.411060055609437569e+01
-3.027280133899103376e+01
-1.715831603792140214e+01
-2.516959874933735364e+01
-2.626906119159870556e+01
-2.685010406218888335e+01
-1.611724710900319124e+01
-2.675704271061919215e+01
-2.193473497622950674e+01
-1.570772793750445295e+01
-2.157138167365700454e+01
-2.006422717970078295e+01
-2.570874497427620042e+01
-2.166344954804381118e+01
-2.396780466338813653e+01
-2.441080331515781765e+01
-2.836681125388235714e+01
-1.807465276132748144e+01
-1.355374933851482844e+01
-1.520949593338159467e+01
-2.421929815393114183e+01
-2.301165762617478450e+01
-1.971099182384218551e+01
-1.703862576654030292e+01
-2.185581095041953859e+01
-2.453784793134201436e+01
-2.253303573982946517e+01
-1.820604449054488683e+01
-2.469487218875338641e+01
-2.246727447057008220e+01
-2.847203214872281762e+01
-2.563053624750200754e+01
-2.764710494587915690e+01
-1.779096973103068180e+01
-2.734843577274718740e+01
-2.202531919146594319e+01
-2.712890555253844838e+01
-1.941527062904888012e+01
-1.749464639863433391e+01
-2.175943304387517685e+01
-2.138286576238245829e+01
-2.476092809789067317e+01
-2.318498420350444178e+01
-2.143615615651345152e+01
-2.017548084254439900e+01
-1.879798902488915857e+01
-2.034854417986170816e+01
-1.788961480450184993e+01
-2.235970023096986736e+01
-2.171570182309315200e+01
-2.325786137270966591e+01
-1.894464606855617461e+01
-2.513027754291383431e+01
-2.440201025510396704e+01
-2.402132282171474031e+01
-1.921493932821895712e+01
-1.867638965170103660e+01
-1.800417138651194904e+01
-1.904671102665338722e+01
-2.033797633924767112e+01
-2.737361321187596275e+01
-2.443172568669081102e+01
-2.752263754059042711e+01
-1.216799278159958320e+01
-1.851832327319314331e+01
-2.415546876073834426e+01
-2.144788385592332958e+01
-1.832508233551937593e+01
-2.069929688868415596e+01
-2.025433022524507720e+01
-2.202893013879318218e+01
-2.130731657653732469e+01
-1.679552932014657074e+01
-2.298214971303963949e+01
-1.987012295791844352e+01
-1.931869836458258760e+01
-2.320129510677842788e+01
-1.986150831795936611e+01
-2.275315060990651972e+01
-1.574406506083725965e+01
-2.250619203599760354e+01
-1.902183714108236501e+01
-1.409357255198427694e+01
-2.177384404298754816e+01
-2.544225436729263734e+01
-2.423318728657197241e+01
-2.063312794879506029e+01
-2.500182491220713743e+01
-1.928342345732756513e+01
-2.671084074704943490e+01
-2.638371360202348370e+01
-2.258466926730163848e+01
-2.345145037550122424e+01
-2.350655830000579272e+01
-8.880313774415887096e+00
-1.336434885216350388e+01
-1.950689244008520262e+01
-1.590935778307144766e+01
-1.980138333400496364e+01
-2.691399177907611318e+01
-2.467084126885582052e+01
-2.225291586764786445e+01
-1.884580013483417105e+01
-2.315279797024586017e+01
-1.785030639426230792e+01
-2.225155023239262064e+01
-2.000446744429338608e+01
-2.525869495150187305e+01
-2.058177781741488133e+01
-2.429210596129387056e+01
-2.174928806067489973e+01
-2.279478805307143219e+01
-2.304094734748941775e+01
-1.915384377624715739e+01
-1.341697961436407560e+01
-1.917823452424533670e+01
-1.996596112477948992e+01
-1.900877978481693731e+01
-2.130184194889276839e+01
-1.991779994589291647e+01
-2.272879026227994004e+01
-1.710202903498054283e+01
-2.096785339957889960e+01
-1.821387769040319782e+01
-2.517596198191755974e+01
-2.026990838527997596e+01
-1.554452957930036128e+01
-2.467907775032734108e+01
-1.963601739684991188e+01
-1.986594174706596760e+01
-3.595030718020028715e+00
-1.980949691417985292e+01
-2.489066918461205802e+01
-2.136265449607911293e+01
-2.315310920954011920e+01
-4.522207807263434631e+00
-1.216321853061805847e+01
-1.900400134021294818e+01
-2.016486841048299539e+01
-2.361970709428339177e+01
-2.087776824240985007e+01
-2.313102460161442409e+01
-2.325734123571142220e+01
-1.722154882957820732e+01
-1.114070301392757401e+01
-1.915831935172139211e+01
-9.541925057981632818e+00
-1.930673796110699314e+01
-2.160490602603963239e+01
-2.298596839644334366e+01
-2.057702734572812275e+01
-2.087338556219411956e+01
-2.359757292274019846e+01
-5.009994411106641898e+00
-1.951564227132141482e+01
-2.368055131751686915e+01
-1.949873239279115111e+01
-7.258768217667469713e+00
-3.230293367770175283e+00
-2.471388406144741090e+00
-1.621142120996650249e+01
-1.913380887170952249e+01
-1.862825305308925650e+01
-1.941299803451726547e+01
-1.719381057164600080e+01
-2.052989116873388298e+01
-2.112439930937884824e+01
-2.214389285367533944e+01
-2.145234970120945306e+01
-2.010518671641817789e+01
-2.099706810835754922e+01
-7.875933982651612375e+00
-1.892969318263450518e+01
-1.875522656907214625e+01
-2.023637187275764404e+01
-1.881501942349448342e+01
-1.803718335852940768e+01
-2.080321694458013582e+01
-2.195892955240507050e+01
-1.978927111198172284e+01
-2.188448092335756456e+01
-2.523843995576959287e+01
-1.938396988317847658e+01
-1.425174813900865090e+01
-1.877595175968239261e+01
-2.135216764709295134e+01
-4.448451735902676063e+00
-1.513582722663900526e+01
-2.309827593615992214e+01
-1.843290629551517412e+01
-1.990136632124643157e+01
-2.829293062163950268e+00
-2.424355432168734481e+01
-2.253585855407987637e+01
-2.008304635814732819e+01
-1.621249767488617266e+01
-2.412394841658925770e+01
-1.788882291207517028e+01
-1.833762212185312634e+01
-1.989021006704523487e+01
-2.037021262376086028e+01
-4.119404881019971931e+00
-7.262766276044896330e+00
-2.233180605736905022e+01
-1.293287786373241310e+01
-1.908438355057114322e+01
-2.063473505873383473e+01
-1.816191323045145367e+01
-1.959807737860565169e+01
-2.027034537626507671e+01
-1.891886290599918041e+01
-3.092869572656764543e+00
-1.083780505736984878e+01
-2.054879248312322915e+01
-1.963805573068339783e+01
-2.184301118175833167e+01
-2.135559535832353717e+01
-1.777847551662730652e+01
-2.219391478690602071e+01
-1.763785686232167293e+01
-1.976163381262463403e+01
-2.145133817795244369e+01
-1.791777946223444928e+01
-1.917741299173479064e+01
-2.063610579862244165e+01
-1.805472061003850826e+01
-2.213791640295679741e+01
-2.130754005915184734e+01
-1.994521913956016590e+01
-2.090006844183197288e+01
-1.555267835861872072e+01
-1.940462601456148661e+01
-2.118127332017734687e+01
-1.929568320358810496e+01
-2.532878661395794317e+00
-1.906695990361132687e+01
-1.829665487837249671e+01
-2.084361818671941435e+01
-2.014360118950417444e+01
-4.541487587668846970e+00
-2.107338541512153895e+01
-2.311882266366710326e+01
-1.838036540660663221e+01
-1.813760308211990591e+01
-4.549615297560288596e+00
-1.605850653287411944e+01
-1.899930629053187303e+01
-2.037979627709804120e+01
-1.376851458741012557e+01
-1.783242517767918045e+01
-1.151725504470090478e+01
-1.801670989230057529e+01
-4.308049901039617602e+00
-4.647994499034990845e+00
-1.818849781361533502e+01
-2.124255679214088133e+01
-1.991300437031463133e+01
-3.163005081051200928e+00
-1.870778264085807052e+01
-2.135703292803415110e+01
-1.731589785359826550e+01
-1.803648359691943881e+01
-3.314745897909510575e+00
-1.995489245547391022e+01
-2.036794796611089353e+01
-2.221958710546357452e+01
-2.652504942291632695e+00
-2.083425063334345495e+01
-2.012838077244634505e+01
-2.042037142722066889e+01
-1.775186140060527862e+01
-3.873198920670494871e+00
-1.850526823037884228e+01
-1.814508032946823235e+01
-1.996413268439439648e+01
-2.086104185997846017e+01
-2.109556536399264814e+01
-1.786819382055762873e+01
-1.683589276080437180e+00
-4.819557095084641141e+00
-1.948282519619289133e+01
-2.012518256735257438e+01
-2.365429098439054023e+00
-1.010845990479158374e+01
-2.193908390454364365e+01
-2.147516395711830484e+01
-1.918912720181432974e+01
-2.017351313372101629e+01
-1.864309935540147123e+01
-2.007213861297523039e+01
-2.063310587804310714e+01
-6.339258979626184676e+00
-3.529630200498844683e+00
-2.065206571665629198e+01
-8.442953576057384169e+00
-1.885641899047462289e+01
-2.316775835740099865e+01
-2.007997869046668526e+01
-5.476289378018035947e+00
-1.877066434149200091e+01
-1.830156662246704258e+01
-1.932608066511247813e+01
-2.062360808939286017e+01
-2.100885727818188897e+01
-1.768760539349027638e+01
-1.954301867472491949e+01
-1.992041604067993177e+01
-2.004795416882656767e+01
-1.804410671170914782e+01
-1.821127864449050549e+01
-7.159031275511451575e+00
-1.961769702202170151e+01
-2.889698928808411615e+00
-2.027321575643536278e+01
-1.985652462043230315e+01
-2.054806931191494002e+01
-1.779904209101490409e+01
-3.445244431075119795e+00
-1.205732696097111223e+01
-6.126671698851047232e+00
-2.108061609620250820e+01
-2.156584642335098323e+01
-4.734367372787369632e+00
-3.724194325888002588e+00
-1.880383091986449173e+01
-1.885882958788779007e+01
-1.832929536916912028e+01
-1.958069829803932294e+01
-2.051934981296395222e+01
-7.575943984230070427e+00
-2.031443124490893126e+01
-1.913576501805637520e+01
-1.436413549375264687e+01
-1.955886592649743960e+01
-1.880164521211352024e+01
-7.252256203995742112e+00
-1.912449956683475705e+01
-1.600401685698065890e+01
-2.012132379052710718e+01
-2.070790038028068381e+01
-1.809920901193384424e+01
-2.145895972504791871e+01
-2.050614601135386650e+01
-2.179220608504485313e+01
-1.783164908967760454e+01
-3.379226865821226777e+00
-2.305745994976055258e+01
-2.197954994212075874e+01
-3.456246573015362866e+00
-1.917368087345702676e+01
-2.112987114607558325e+01
-2.004361533540561879e+01
-1.825041047661957805e+01
-2.035775991312420885e+01
-1.895827542349236694e+01
-1.852332353973344325e+01
-3.524003513144587263e+00
-2.187873527588092770e+01
-1.945833600412861841e+01
-1.422541691126421526e+01
-2.157921810308496546e+01
-3.374119625963652780e+00
-4.643004153267284551e+00
-1.913040442665513652e+01
-3.176625607110570293e+00
-2.014717587322747505e+01
-4.224397407581074404e+00
-1.913117881024905031e+01
-5.226566749621198937e+00
-1.740268052550573330e+01
-3.511726382340805142e+00
-2.162802631117546426e+01
-1.857627979758268433e+00
-7.747126817953182254e+00
-1.220493970023469288e+01
-1.970540298772628063e+01
-2.093836771712564726e+01
-1.939965447434462931e+01
-1.819072985028225986e+01
-2.018492125106684654e+01
-2.198265715371741180e+01
-2.269018439964433043e+01
-1.864870508108811009e+01
-1.849152336737563118e+01
-2.595991683160851604e+00
-2.663257393585186428e+00
-2.031290107426368508e+01
-1.807205617165264400e+01
-9.427167167751253629e+00
-1.968077095544302324e+01
-2.053960551727345774e+01
-1.397662388318067528e+01
-1.880755934294767329e+01
-3.861108897738957157e+00
-1.941498911032060803e+01
-4.086377275949443444e+00
-5.498376924759418749e+00
-2.054419887315710724e+01
-2.282215990372852499e+00
-2.162935058255441945e+01
-1.832540405827477414e+01
-1.783243146975304683e+01
-1.973915139630626925e+01
-1.920672726981577227e+01
-6.372582294352550747e+00
-8.664230654205692161e+00
-2.020789604199610068e+01
-2.012410567056162236e+01
-2.942152740092516261e+00
-4.289892172387217428e+00
-1.936132800775008533e+01
-2.165395103755743733e+01
-1.021115165117677037e+01
-4.709524316154132251e+00
-3.870696085973947209e+00
-1.467298300653894394e+01
-1.434125805812848142e+01
-3.747453094572835930e+00
-2.013548765374374483e+01
-1.152556978304093072e+01
-2.054084634114861174e+01
-2.091192084276587337e+01
-1.783873598018852391e+01
-1.436598628857045590e+01
-1.495668768614494049e+01
-6.044733720309332092e+00
-1.836497768234843875e+01
-1.967450468373152361e+01
-5.501649883059237744e+00
-1.920089233919901517e+01
-3.057045307599229211e+00
-2.227558382985843721e+01
-1.867328317553178607e+01
-2.063648110934095925e+01
-2.003547189256777372e+01
-3.549362372867307158e+00
-1.169227447515809892e+01
-1.912152906072704184e+01
-1.886882765316717681e+01
-2.213419689107807287e+01
-3.113374819059988585e+00
-1.992227997950474716e+01
-4.012707273106832950e+00
-2.001204787851008149e+01
-1.962987494803887145e+01
-1.862686664221867616e+01
-1.820753472912242543e+01
-2.083857625089348531e+01
-1.991101420687431300e+01
-1.771041602352510225e+01
-1.874696411584307754e+01
-2.088736195196083045e+01
-3.499286426725751298e+00
-2.871142408712704874e+00
-1.990340045005683578e+01
-1.792695825573670376e+01
-4.134317730380257849e+00
-1.982926137789520382e+01
-2.190060994337205358e+01
-1.959828163805028467e+01
-2.102938728465762352e+01
-1.869464770448179536e+01
-4.020531732193561858e+00
-1.872443948631196520e+01
-1.827502083032182512e+01
-2.128140999229656316e+01
-5.353922826019867465e+00
-1.758067131707544917e+01
-1.897310466876551160e+01
-4.510290753386915874e+00
-1.882226216377283379e+01
-2.434683209109727464e+00
-4.368841031977018119e+00
-3.608819104736713523e+00
-1.083733981387710088e+01
-4.793947108531092738e+00
-2.017362071640066290e+01
-2.006720159682698323e+01
-1.112240091558273924e+01
-1.789366300913518515e+01
-1.936910112094469127e+01
-1.796747812463549820e+01
-2.055127841817371603e+01
-1.942526250893720530e+01
-1.934134395109868976e+01
-2.093785389827856491e+01
-1.763802855450948925e+01
-1.932642804945659520e+01
-4.469468944835493396e+00
-1.850573133692870798e+01
-4.177295309767655951e+00
-4.230364781371493521e+00
-8.071453756374410204e+00
-1.832228509307222453e+01
-2.131684532650673702e+01
-2.124189950918676217e+01
-4.059509425620062117e+00
-2.097261650236455210e+01
-2.126414347995868326e+01
-5.607817857696488772e+00
-1.820381232641066305e+01
-1.434823248160718911e+01
-2.093049977242582571e+01
-3.735426036658750171e+00
-1.906860699626084710e+01
-2.274388357250549220e+01
-3.151117400539213520e+00
-2.114947054223566880e+01
-1.828005235791277627e+01
-1.650533722947382032e+01
-1.908032508130586535e+01
-2.300444423871159216e+01
-1.969572384069937243e+01
-2.064526961423632301e+01
-6.264477055496326940e+00
-2.264032799496067838e+01
-3.648280838307129237e+00
-1.868652965477331662e+01
-2.152209837747684062e+01
-3.808874231086831319e+00
-1.963811400981927946e+01
-1.939287502183181644e+01
-1.681012885668148371e+01
-6.953717040303218688e+00
-2.235433802046892637e+01
-3.291351143815751445e+00
-1.837601975952383526e+01
-5.707666588662003271e+00
-2.137181918258635704e+01
-2.144623473530658231e+01
-5.493531522242437681e+00
-1.919153873354933282e+01
-1.904159376897830924e+01
-1.807358704305540087e+01
-9.370100315436184601e+00
-1.082931421148945139e+00
-1.880182944480576879e+01
-1.849687056300457044e+01
-1.994941244351639043e+01
-4.107305275582389115e+00
-1.780715691600632411e+01
-1.885796404382719871e+01
-1.193883155381554140e+01
-2.265492449225490290e+01
-3.991582913973473534e+00
-7.541388485052972435e+00
-6.285434638108066352e+00
-1.929371968311775021e+01
-5.705246389914828242e+00
-2.115620922906637347e+01
-2.092976376599501620e+01
-2.105711907238194769e+01
-1.227323178388706282e+01
-3.567663167215927356e+00
-1.941881327192437467e+01
-2.209021200584783529e+01
-1.831826706133882965e+01
-2.084873654683431710e+01
-2.111517430462021139e+01
-3.737929825746143297e+00
-1.966592388552324522e+01
-1.151191749245619533e+01
-1.834527079779784842e+01
-1.840387541371790903e+01
-7.514003253148214156e+00
-1.960137083951742554e+01
-2.266513244107837011e+01
-4.849440287706405783e+00
-1.921305457579379095e+01
-1.975409896631924411e+01
-1.800212164357974842e+01
-4.965956849685441377e+00
-1.425102395459497684e+00
-2.049153742858471716e+01
-1.743973135989953605e+01
-7.751532382757111428e+00
-7.121314821651131055e+00
-2.087289654681035245e+01
-4.103329976602859475e+00
-2.595939837284596763e+00
-3.647295889554781123e+00
-1.821428698283878589e+01
-1.879933528597662828e+01
-2.002455076926706568e+01
-1.520283336306213684e+01
-2.140309857274215233e+01
-1.229028441012538764e+01
-2.216979160192264686e+01
-1.918906517023231473e+01
-1.923961210916028364e+01
-1.860207567339456602e+01
-3.434393657791811716e+00
-2.124886056299021320e+01
-1.896935017926680178e+00
-3.910210569284887860e+00
-2.126335560753207332e+01
-4.164925820087997721e+00
-1.148112093643705034e+00
-2.543989175039321982e+00
-8.743812687298722963e+00
-4.322991608569321187e+00
-2.212379219416474285e+01
-2.090210916659938434e+01
-4.556042466143855663e+00
-1.911709511627080360e+01
-4.222046767000166234e+00
-1.949885987862576542e+01
-3.763769415207367075e+00
-4.748766747529959531e+00
-2.094802351711259547e+01
-1.654260326511430623e+00
-1.783224197484536688e+01
-1.802147350084764810e+01
-5.150327772754997646e+00
-4.499489279506662776e+00
-7.206941488639739823e+00
-1.841922377188007331e+01
-2.111697191847014565e+01
-7.309821346940567288e+00
-4.495516595012294836e+00
-2.014682870375642665e+01
-1.950627164281751647e+01
-1.823432841858409859e+01
-1.849501268652602448e+01
-1.861601535453067058e+01
-3.944823879300036751e+00
-2.049611546004045692e+01
-5.025063226456045307e+00
-3.565446855815915139e+00
-1.039414684098736963e+01
-4.265902065102780583e+00
-1.842250204852506457e+01
-8.582612021831186766e+00
-1.223114226164508089e+01
-2.769164575826029928e+00
-4.000506888625024793e+00
-7.554481490039309577e+00
-6.546652990845583275e+00
-1.801735101102657666e+01
-3.363534430820866561e+00
-1.814956889391884687e+01
-4.638058992849193984e+00
-2.157881861302246662e+01
-2.005265297632751498e+01
-3.047762960172522906e+00
-3.793277929062758957e+00
-2.188833575422992794e+01
-4.808970782123617838e+00
-1.852263087289732102e+00
-2.083126248266622227e+01
-2.288140120578807668e+01
-6.891268490057529394e-01
-1.793372117071817229e+01
-4.113182886785585524e+00
-1.862236248661001525e+01
-1.907619259800149436e+01
-1.900891796046516191e+01
-1.217253192468836609e+01
-4.608867895907309276e+00
-2.038299379502935693e+01
-7.636587978964643142e+00
-2.011501925772854094e+01
-2.016008575111799317e+01
-1.944567694317130346e+01
-8.239112702378045938e+00
-3.968318168685557090e+00
-1.985645949275386357e+01
-1.358290740011096709e+01
-2.247342459482351273e+01
-2.129221812539767100e+01
-2.053404511031466484e+01
-2.093533627457269830e+01
-1.886340982449479853e+01
-5.725937777223267133e+00
-1.901958589890334839e+00
-8.310091893566951882e+00
-2.146756066875605740e+01
-2.151924237377181370e+01
-4.604765240544477223e+00
-1.808351316123052754e+01
-1.861403967196924114e+01
-2.001620677874606358e+01
-2.209189881083802831e+01
-2.168432125276690670e+01
-2.234027366599198317e+01
-2.149183822532986810e+01
-1.889328968480323567e+01
-1.344930529011599063e+01
-1.800734698931320921e+01
-4.249713258292512563e+00
-2.221843712219563116e+01
-2.135967266960382460e+01
-1.910466571678231773e+01
-1.934053279775145029e+01
-1.890133480582917613e+01
-2.732894415957590972e+00
-3.006216733553192189e+00
-1.954281123771101392e+01
-7.182641907456275732e+00
-2.961579204793563846e+00
-5.147433903209283734e+00
-1.841040509052084673e+01
-7.641077205588191035e+00
-2.058770419168239840e+01
-1.007568296950356590e+01
-1.954063294116723526e+01
-7.635768092194947343e+00
-1.870445552366386721e+01
-4.029264235672488148e+00
-2.006084265755819374e+01
-1.854242206230927437e+01
-6.303495710129812579e+00
-1.248787081788592879e+01
-9.454480978794656210e+00
-1.801814340417691440e+01
-1.800887833400439320e+01
-4.443668929152890357e+00
-1.778116596765220692e+01
-1.797475824344175521e+01
-4.919790373142948425e+00
-2.058630798226611347e+01
-1.915245244735928409e+01
-2.006015733906780696e+01
-1.628524727988238396e+01
-1.785429141581369095e+01
-8.487752414526269717e+00
-3.114400590594836427e+00
-4.694895586155626965e+00
-2.013234307189982886e+01
-2.925112990238316613e+00
-1.777751742650809064e+01
-3.027047895499206387e+00
-5.754312726623278529e+00
-4.069155164196036623e+00
-1.892831807452303394e+01
-1.862804307964024275e+01
-3.474114528017078651e+00
-2.122539150233131977e+01
-2.231611262901799009e+01
-4.629611900079050102e+00
-1.774603750725385609e+01
-8.196384799947644240e+00
-2.014632317627436819e+01
-9.981768942204448436e+00
-3.718467725241428212e+00
-9.935155180719780432e+00
-2.301730762482664971e+01
-2.045991093749990242e+01
-4.235698117212292502e+00
-2.021689638062413863e+01
-6.792802752924713694e+00
-3.999632477003534081e+00
-1.856852143023439439e+01
-1.841818995211757226e+01
-1.612294697919973530e+01
-3.437685094340645620e+00
-1.937025823999940499e+01
-3.699819166704821249e+00
-2.114459296308537972e+01
-1.864673970676739856e+01
-1.994087137704196167e+01
-2.248410708582454731e+01
-1.982940165240133723e+01
-5.754584780498150920e+00
-1.961137365221573248e+01
-6.657103860671207407e+00
-1.827076568283534996e+01
-9.621307866807413234e+00
-3.377761145025229617e+00
-1.823280114183187450e+01
-5.350546410083328652e+00
-1.867068005877671055e+01
-1.901338422933122985e+01
-5.851156854641206273e+00
-1.885120906737412838e+01
-2.145631441127458316e+01
-5.205332139078037379e+00
-2.167553645358243486e+01
-1.859790799133803318e+01
-3.972340832300136348e+00
-2.602315449256252577e+00
-2.045611045503337166e+01
-1.937550943714457574e+01
-1.946739549304742667e+01
-1.901185435649427191e+01
-9.506600670561594635e-01
-2.590848029277612596e+00
-3.134708592093733426e+00
-7.740312910440295902e+00
-3.530731882169161118e+00
-9.549366142493399323e+00
-1.468199367746994177e+01
-6.842565244568065808e+00
-6.148145770467939641e+00
-2.036378949929225612e+01
-4.304609999695959033e+00
-3.045632942449219893e+00
-1.924418305913126304e+01
-6.939416379955508418e+00
-1.871631226420324978e+01
-2.375298971869877818e+01
-2.298595399238815062e+01
-1.407673058800094967e+00
-5.344733766370117323e+00
-4.893216239681015267e+00
-4.423510437523272110e+00
-2.024409112638817021e+01
-2.013591403227355414e+01
-2.114188595007567173e+01
-1.425030576889014178e+01
-2.046933420185675345e+01
-8.361522520644403045e+00
-1.850623134791113955e+01
-1.774864244741540276e+01
-2.004758073259999307e+01
-1.937866292829247072e+01
-1.798775120263812610e+01
-1.522871419663899273e+00
-1.783471022838622844e+01
-2.128553729640990966e+01
-4.732664516848989145e+00
-1.427791679819369053e+00
-3.150741717661555974e+00
-1.073565465450405121e+01
-3.798971226501467235e+00
-1.883278644464777329e+01
-1.943234371449358022e+01
-1.835765721515000592e+01
-3.911412348004631667e+00
-2.014197817504154742e+01
-3.677513467461392516e+00
-2.291791952329882420e+00
-1.926867691314228992e+01
-4.702219326952272738e+00
-2.000148465608662818e+01
-2.014368130223624576e+01
-3.248005486313664480e+00
-2.264956212760442966e+01
-2.122354960014332548e+01
-2.171465077796454679e+01
-1.892772018694417824e+01
-1.764611386565866624e+01
-3.636389418422577791e+00
-1.829958250392739316e+01
-8.956327583203098186e+00
-4.228931254427814146e+00
-1.975501630631905670e+01
-2.258426385153212834e+01
-2.145664442419626283e+01
-2.253916273017082261e+01
-1.054104901471997024e+01
-1.052626143571043649e+01
-1.894368685331118130e+01
-2.708353090942089203e+00
-2.081076167206745708e+01
-1.891842423105385507e+01
-1.927019274275079397e+01
-2.105811342325531399e+01
-1.791519325962723386e+01
-2.114207384396957679e+01
-2.127702380942148253e+01
-2.181786245718410555e+01
-3.536805674565827839e+00
-3.271129997787859622e+00
-1.958537070000228653e+01
-1.931532303440795184e+00
-1.863967115823003340e+01
-2.280064830146081789e+01
-3.328541119924844249e+00
-3.118515212210945631e+00
-1.782774601307567153e+01
-1.968529118789219368e+01
-1.881484386972874034e+01
-1.924231481335062455e+01
-2.173158361526295579e+01
-1.981385233811885982e+01
-1.534637105748161146e+00
-2.215061748368839289e+00
-2.048953344473450855e+01
-1.350953323005839923e+00
-1.846727204692193069e+01
-2.731320333591124694e+00
-8.402047553605868302e+00
-1.934186620586604377e+01
-4.827985021235068785e+00
-1.976535318276134845e+01
-1.985024614642230389e+01
-2.043985189923051138e+01
-1.890687063762952747e+01
-7.611467624856739889e+00
-4.942849731822126280e+00
-1.925378842907302257e+01
-1.825532477021270239e+01
-1.866574799397847073e+01
-1.958928493920529235e+01
-3.222978898977895579e+00
-1.127822484847303386e+01
-1.987174074568879334e+01
-1.037973126453181116e+01
-2.172811411969862050e+01
-5.459466425325752326e+00
-2.146947973449077196e+01
-5.359125499192860076e+00
-1.746968229011981677e+01
-1.080651376148416709e+01
-3.121915872589065888e+00
-3.238214838311275212e+00
-1.838122810593332801e+01
-1.829855272734559080e+01
-2.495295658869378652e+00
-6.376454662786971817e+00
-5.595074414257134698e+00
-1.900145975233586171e+01
-2.208466118847660198e+01
-1.947621790137841202e+01
-1.245304811178011661e+01
-1.776776691083620463e+01
-2.023752143646025559e+01
-1.758122351211029510e+01
-1.812714026612520257e+01
-1.761450563399001723e+01
-2.702759636634296747e+00
-3.160376923250910686e+00
-1.843665274387984709e+01
-1.931442282074752015e+01
-3.338570217019379616e+00
-2.151601628605116900e+01
-1.758894413444359728e+01
-2.209149574452437292e+01
-2.157065676435568946e+01
-3.049045769875270206e+00
-2.325980193951910735e+01
-2.332951749280442044e+01
-1.942819959939286889e+01
-1.888623603530459505e+01
-6.908274176517323895e+00
-1.891014401607345619e+01
-1.882042823253379993e+01
-3.410548165664523346e+00
-2.150905539198839378e+01
-4.257711787816543136e+00
-2.098054046050005184e+01
-1.884922637606976537e+01
-1.940903516504329218e+01
-6.102200116495328786e+00
-2.074587155192385879e+01
-2.084742541761425372e+01
-2.194739603890246826e+01
-2.000610761817346628e+01
-4.071875352738173248e+00
-1.851310621457054140e+01
-1.853135455067933890e+01
-2.277962797778045001e+01
-1.491793152496262564e+01
-4.875328493713399602e+00
-1.146383631337711151e+01
-2.052190778230638557e+01
-2.126693792704201513e+01
-3.326099503240345534e+00
-1.175985612975857819e+01
-1.984947683057628254e+01
-2.253086807326863283e+00
-2.137639583397761456e+01
-1.768193422871880571e+01
-5.813274033414923991e+00
-3.812612203347832907e+00
-2.066311991597001096e+01
-4.777412224112899786e+00
-1.720439933854078518e+01
-1.287287389611798361e+01
-4.195037659948841480e+00
-1.898576192943110286e+01
-7.340666447848062326e+00
-1.982295682941917292e+01
-2.020294119800874100e+01
-1.885911891932821760e+01
-7.033666308038466042e+00
-1.996274652348128242e+01
-3.404804807225832342e+00
-1.691078413392199220e+00
-2.131545017765479955e+01
-1.878465643196618728e+01
-2.226185605533538237e+01
-2.003166586328843124e+01
-5.821456606024233871e+00
-3.469040059513878838e+00
-2.331529806452383369e+01
-2.241802652064351165e+01
-2.089457427618292940e+01
-2.068634922494354811e+01
-3.228251702466155670e+00
-1.013815223745401362e+01
-2.393565212188084956e+01
-2.262719447814628282e+01
-3.518860035493415417e+00
-1.848623001473120553e+01
-8.544555151752401656e+00
-1.984052105746705408e+01
-2.180583202075518301e+01
-1.438324511801927486e+01
-3.118144545502929521e+00
-2.222381396476887971e+01
-1.839436540737032644e+01
-2.010297798533243707e+01
-2.249763616637545027e+01
-1.298849139672488207e+01
-5.405620897286468107e+00
-4.348859172265153283e+00
-1.902118122840299463e+01
-2.032109770204841226e+01
-3.129980184431722989e+00
-9.066803671980194324e+00
-1.925278770259185279e+01
-1.773561044274786269e+01
-6.312987353654314404e+00
-1.632890280276145845e+01
-2.156018006021143663e+01
-1.810118737337064942e+01
-2.272213841612789054e+01
-5.930212366312193950e+00
-2.165002603648769153e+01
-2.300566930897243267e+01
-7.248258539408575452e+00
-1.981143954129911577e+01
-3.958466138526636868e+00
-1.789495872932333143e+01
-1.974507237782942326e+01
-2.058763547069764499e+01
-2.189719478791847251e+01
-5.485230860724292334e+00
-2.696870546650206091e+00
-1.937287303727388021e+01
-2.319556070124984615e+01
-3.325429636716912718e+00
-2.878837507951338637e+00
-1.208932092311134454e+01
-8.745898711435811990e+00
-1.875692309904890109e+01
-1.954126000351119785e+01
-1.851068497496746801e+01
-2.177982136716498118e+01
-5.750108892728222898e+00
-2.105934298190501153e+01
-1.894010805866604130e+01
-4.572814414448190590e+00
-2.125298899337498071e+01
-6.621197666854920172e+00
-2.053167728194089037e+01
-1.695085559603395353e+01
-4.526377932170541740e+00
-2.306414889036132720e+01
-5.349026673776712926e+00
-1.849847073067224201e+01
-1.857400768943333702e+01
-4.341213194377671059e+00
-1.857220467100394501e+01
-1.983768227725025568e+01
-1.997411304430385215e+01
-2.097662185234688792e+01
-2.447555425034386900e+01
-2.042407945720147211e+01
-9.083586756426891284e+00
-1.993353137771791950e+01
-4.003624840471886159e+00
-1.978138551372409282e+01
-2.892175193748607320e+00
-1.911649399736996813e+01
-2.308285818205613538e+01
-2.002876776830970584e+01
-1.915981953590776499e+01
-2.441063190973223662e+00
-1.882744001782356946e+01
-1.850365051908766034e+01
-1.962645233108995058e+01
-1.886920649016040841e+01
-1.934416248696514273e+01
