-2.739613339971675998e+01
-2.081162132355125749e+01
-2.693033679344769027e+01
-3.682939172841357589e+01
-3.877887978508888267e+01
-3.219596270660886006e+01
-3.177077883904763667e+01
-2.738884486528931461e+01
-2.907934300937258953e+01
-3.333507097391057528e+01
-2.508227045771598540e+01
-1.728453300305895368e+01
-2.223480696290232572e+01
-1.786347428318191533e+01
-1.930002558387961287e+01
-2.798717324466665701e+01
-3.718429743115041219e+01
-2.446440065809512276e+01
-1.006717298403520111e+01
-2.919385446640239934e+01
-2.188938301313092438e+01
-2.023431628905727209e+01
-2.104476234581735028e+01
-1.980695272363549719e+01
-1.969324753034748454e+01
-2.143572833814355150e+01
-2.229969163914341124e+01
-2.518931113367773378e+01
-3.285574207313614892e+01
-3.045102625905777316e+01
-2.777396581615141002e+01
-2.030693389330469500e+01
-1.838484065988732041e+01
-1.972520976124652137e+01
-2.068252257109181613e+01
-2.054072402099970773e+01
-5.301225013875741077e+00
-2.181385738529709784e+01
-2.315278469888939483e+01
-2.044915134412680757e+01
-2.109221255696222386e+01
-2.214815091557489168e+01
-2.085840254621615486e+01
-2.243010822445865315e+01
-2.064098441247273641e+01
-2.000694240503177568e+01
-2.214841739395598808e+01
-2.068562702673615306e+01
-1.770728607167369262e+01
-1.865122625178521076e+01
-4.597583902311006554e+00
-2.271937151691614787e+01
-2.129197489712822033e+01
-2.034875361527327087e+01
-8.270833142769586033e+00
-2.423485410281249841e+01
-4.306250702557977483e+00
-2.284932791217608283e+01
-1.818873176276761328e+01
-1.878731238809973192e+01
-2.208249893943453657e+01
-1.787885967868006887e+01
-2.434413591006971345e+01
-2.243945439661677810e+01
-4.249429520110102665e+00
-6.139754367079042652e+00
-1.942494194283029074e+01
-2.064422292602830211e+01
-1.802367282024864537e+01
-1.129412148220439072e+01
-2.195384794894627589e+01
-1.834283513143270028e+01
-1.694805518606080241e+01
-1.263656348391350193e+01
-1.753560976291133500e+01
-1.778657147585649412e+01
-2.505652707348807695e+01
-1.904815904768575408e+01
-2.417077728845201534e+01
-1.926381398243729848e+01
-1.933791625848656182e+01
-6.645825089791395079e+00
-2.762136086179136996e+01
-2.894171731488395594e+01
-2.260355511307615117e+01
-1.704979452066259782e+01
-1.942224191019185753e+01
-2.182520739284873557e+01
-1.729803043887105929e+01
-2.032699891647004264e+01
-2.065326488418844164e+01
-9.035184393106355571e+00
-2.157710174559749206e+01
-1.881740831935517377e+01
-2.031288403529055842e+01
-2.068159782269961866e+01
-1.986564092995324415e+01
-3.952286451143633972e+00
-2.161094208899378799e+01
-1.958598604193444714e+01
-2.228445623566001643e+01
-2.053867970022929512e+01
-2.339096170514149975e+01
-2.286705184704090854e+01
-1.800827094316460730e+01
-2.408793692744006165e+01
-2.135591442314049004e+01
-2.168652388916086693e+01
-3.146056214303805998e+00
-2.512315337575405749e+01
-3.305260939592298541e+01
-3.019983858494789786e+01
-3.451986363192448692e+01
-2.762406300666589942e+01
-2.456797780324721714e+01
-2.773556750782028502e+01
-1.844539075401431205e+01
-2.280802559074210834e+01
-2.570213218057052273e+01
-2.712561395223278637e+01
-2.937564728141946802e+01
-2.260502770449424403e+01
-2.529476654595472240e+01
-2.940974396690800674e+01
-3.069703089209652447e+01
-3.583097320455460988e+01
-3.732715879951661009e+01
-3.039773298278985436e+01
-2.675765302129606127e+01
-2.398957838260534103e+01
-2.552261517913085598e+01
-2.395989091026206097e+01
-2.517296530385606701e+01
-2.775675861042790160e+01
-1.854689600927320114e+01
-1.851965563236875312e+01
-1.754372608445359205e+01
-3.124105313291992303e+01
-3.575742929309602403e+01
-3.364827559771615739e+01
-3.270129562886474162e+01
-3.570438272066919438e+01
-3.152047018667078859e+01
-2.919094095075949014e+01
-2.934635725633894765e+01
-1.759401206288833208e+01
-1.889619147762007145e+01
-1.783237262284287183e+01
-1.377620004980498791e+01
-1.767604407413653078e+01
-1.278243578115675305e+01
-9.540201183866559020e+00
-1.904607968164927811e+01
-1.942802828347120681e+01
-1.313853512019423242e+01
-1.747167785610338342e+01
-3.151097477070957886e+00
-1.399890706018979714e+01
-1.217428199008702805e+01
-1.800552700587401844e+01
-3.967056242533152588e+00
-4.147969075026213481e+00
-4.399974774511033360e+00
-1.216541198533404433e+01
-7.557083141237856516e+00
-1.026700107903004344e+01
-1.670843368098724468e+01
-4.006802337421833116e+00
-1.277254974013537137e+01
-1.812153720645881094e+01
-5.356456660566404793e+00
-1.842963155576051548e+01
-2.250962494759236066e+01
-2.182304923472192115e+01
-1.944487219909070674e+01
-2.004987497771084648e+01
-2.173378240440672116e+01
-7.184531936577590372e+00
-2.050246024708883041e+01
-2.002146535773504255e+01
-1.771295404395051776e+01
-2.123892835966148951e+01
-1.965392148908191672e+01
-2.114494674418596531e+01
-2.004204250062997517e+01
-2.367252290200832832e+01
-2.493435857594288763e+01
-2.122081420375176464e+01
-2.708794048333493620e+01
-2.518774836749107848e+01
-2.364849797694268219e+01
-2.547300500292429604e+01
-2.087821971206886928e+01
-1.965855824419077891e+01
-1.353624576538078017e+01
-2.112126250471015965e+01
-1.913936352343754166e+01
-1.788527628445106643e+01
-1.960551983725627112e+00
-5.084770984270797989e+00
-1.950612730504730408e+01
-1.867139773528476354e+01
-9.949752012714034421e+00
-2.178624038870686519e+01
-1.382640345576624341e+01
-1.770464735762825370e+01
-1.894880850076105716e+01
-1.254501360975057089e+01
-1.382052669607169548e+01
-1.708489992355780274e+01
-1.975803507359058742e+01
-2.319925422856963593e+01
-1.769280651881224031e+01
-1.832164373497354504e+01
-4.152378525699402800e+00
-1.471183725343294846e+01
-1.856331550535831099e+01
-1.891812717769722951e+01
-1.765805538060446622e+01
-1.422804252284247362e+01
-2.230418455623845375e+01
-5.763114056601039259e+00
-3.694323382394568700e+00
-1.333695690904460740e+01
-1.543371883269686684e+01
-1.600551691980271940e+01
-3.539944554829948942e+01
-3.557171857036384210e+01
-3.368923483864634960e+01
-3.706753007422086910e+01
-3.218452573259780536e+01
-3.215540476540353154e+01
-2.582723930772089460e+01
-2.342890688815194267e+01
-2.363921123491835274e+01
-2.094907543998747457e+01
-2.109305771121508144e+01
-2.213938186680998044e+01
-2.534327411074020731e+01
-2.615786973009722516e+01
-2.196251055414801456e+01
-2.718866571866225357e+01
-1.732034853203792224e+01
-1.966897517690992458e+01
-2.085046479008958542e+01
-1.836493521140343788e+01
-1.453280868655040692e+01
-2.092636974074209988e+01
-1.955406334582146854e+01
-2.018099674940570765e+01
-2.098184156511383236e+01
-2.085097411378629673e+01
-1.837938595027975808e+01
-1.825161000121575938e+01
-1.103490219176680753e+01
-1.915014275148782730e+01
-8.475000602966099805e+00
-1.713935852812281624e+01
-5.437560806103157951e+00
-2.066648490295983720e+01
-2.069070522902079290e+01
-2.185316557796045700e+01
-1.888579569640598166e+01
-2.429571350929712992e+01
-2.750367829897097849e+01
-2.560192239233008848e+01
-2.272670730627253732e+01
-2.545929501386424931e+01
-2.241453054401698708e+01
-1.685191034304481050e+01
-1.336740232562212150e+01
-2.391998435549426816e+01
-2.161323782894309886e+01
-2.288118677272521850e+01
-2.070893502985250478e+01
-2.364296731337853430e+01
-1.622136782931474741e+01
-2.269072512756599025e+01
-2.122138688869290846e+01
-2.725925979991990644e+01
-2.208650274954512938e+01
-1.832928449359004830e+01
-2.414882145397634972e+01
-2.114893156072602309e+01
-2.009167673401620036e+01
-2.153860145595000830e+01
-2.285284432974658131e+01
-2.357423178933068186e+01
-2.550010687992117298e+01
-1.261843528013822890e+01
-2.011892652806275095e+01
-1.404951755265686586e+01
-1.443159342403517087e+01
-1.072851464446061698e+01
-1.340800943368528131e+01
-1.886710853440163760e+01
-2.932946045122541090e+00
-3.199247016834481094e+00
-3.436780565076130500e+00
-1.373046825369162782e+01
-4.154821310375207410e+00
-2.031464239922189563e+01
-1.688982714972813781e+01
-1.992236455990297017e+01
-8.388384554554594530e+00
-4.572154385120303033e+00
-2.455121550397329155e+00
-1.377638496097461029e+01
-2.921441718445999314e+00
-2.038227718803836908e+01
-1.072149566377480490e+01
-8.617041969423922865e+00
-3.145762715772035811e+00
-3.696764055842530983e+00
-3.913555414148957468e+00
-2.516358136523168909e+01
-2.550568063701541632e+01
-2.408339994353751834e+01
-2.362954611729712440e+01
-2.541391257243146029e+01
-2.371178294251676277e+01
-1.955254941864696860e+01
-2.490384833156240774e+01
-2.032156061279404469e+01
-2.395167376771492229e+01
-2.579105351376812294e+01
-2.907450289512638975e+01
-3.010411693800006461e+01
-3.168319908091544335e+01
-3.316135935628769005e+01
-3.239825228717135985e+01
-3.441768087608195970e+01
-3.352232177463585572e+01
-3.248798264671956559e+01
-3.391168429878213431e+01
-2.915773537152486483e+01
-2.679072343769365716e+01
-2.717528373542263509e+01
-2.695169301493946179e+01
-2.852188155947525772e+01
-3.485620004813272743e+01
-3.232117484669559104e+01
-3.486722062648973974e+01
-2.520540662591125880e+01
-3.435506875949036498e+01
-2.954910776597660416e+01
-2.669117315409259561e+01
-8.835146844784071973e+00
-7.695249821946521962e+00
-3.955649332763640391e+00
-1.819232381500469486e+01
-8.489780837527542090e+00
-3.294987107897028977e+00
-3.734336628062168817e+00
-4.296081774759511696e+00
-3.681039961478802969e+00
-8.634666946507895346e+00
-3.331383043495875551e+00
-6.884114099412789400e+00
-3.418438684312013809e+00
-2.975967948088909409e+00
-3.069576933856009937e+00
-3.548870396532356253e+00
-3.125905485826753871e+00
-2.888562899192852029e+00
-2.956066679725377622e+00
-2.479827109979552358e+00
-2.673026136770056294e+00
-3.096204897543699985e+00
-2.879689613877189913e+00
-2.945129316200597369e+00
-2.453954125432812106e+00
-3.147579183141707038e+00
-2.441930188377287259e+00
-2.306797428916643078e+00
-1.761544382999136404e+00
-2.392646444335052802e+00
-1.401062714120503427e+00
-2.313476612542520350e+00
-2.203795521112458911e+00
-2.207972202115871418e+00
-2.758724202445601570e+00
-1.661263617465682962e+00
-1.801458177409250405e+00
-1.231213837663197586e+00
-2.026041849695795261e+00
-2.206224095645952232e+00
-3.318943049151020119e+00
-3.211814123795472486e+00
-3.655264227272015276e+00
-3.894334284677984481e+00
-3.068984969570198285e+00
-2.378177975446353898e+00
-2.878673226658945872e+00
-2.151078059441511758e+00
-3.021962612519098368e+00
-4.334642915465223290e+00
-3.757213503054315229e+00
-2.166577784190411027e+00
-3.101650109589387583e+00
-2.545928492730106019e+00
-1.524192695611313209e+00
-2.568884894236010741e+00
-1.265032870987594826e+01
-4.352256133443741959e+00
-1.901126655379077990e+00
-1.956336340677129249e+00
-2.897450585640594767e+00
-2.240771732367009328e+00
-2.398256341069763042e+00
-2.714143611695106095e+00
-3.063880744009680690e+00
-2.050908191274996017e+00
-3.261581445450833616e+00
-1.612382798522572491e+00
-2.553400589935457266e+00
-2.186642537482144544e+00
-2.232618692076538736e+00
-2.137841903096595164e+00
-1.919951900952494128e+00
-2.633955106001741875e+00
-2.090833231341094223e+00
-2.993261116795698396e+00
-1.469530859948376289e+00
-2.103580129233355578e+00
-3.471838093943923287e+00
-3.406855147342733758e+00
-2.953808001096038360e+00
-1.679354493467847487e+00
-1.055753093843389934e+01
-1.829661243572081597e+00
-3.466288904141257898e+00
-2.451402662619430739e+00
-2.427584043481906928e+00
-2.472715757981470475e+00
-3.760263850905953387e+00
-2.974208668278893519e+00
-2.168978535083879056e+00
-2.384484628990551691e+00
-1.688427655713459430e+00
-3.454780508204568612e+00
-4.279814953243588072e+00
-2.708790733968359898e+00
-1.675207141789069709e+00
-2.618243775247603544e+00
-2.895517139188641398e+00
-2.433612908334271463e+00
-2.367539992540988791e+00
-2.183044952657062776e+00
-1.088876703209073149e+00
-2.440186729468509785e+00
-2.519153622839572559e+00
-1.282468660184455267e+00
-1.219153841442895736e+00
-3.665010267422135204e+00
-7.866403923905709306e-01
-2.546481255814730726e+00
-1.716768594765128997e+00
-3.629973558264215416e+00
-5.320590626743223694e+00
-1.833110235212848327e+00
-2.020610396063423408e+00
-1.205712066230392399e+00
-8.465499501481418276e-01
-1.218100235759974836e+00
-1.200530410429461181e+00
-2.358628139508744503e+00
-2.769928909106885495e+00
-7.238651657001021755e-01
-1.186319500524460002e+00
-1.813057645082538638e+00
-2.530599311444473365e+00
-1.456068577701456812e+00
-1.944155236353869887e+00
-1.541755562784474121e+00
-1.015526115161660581e+00
-2.018337228490780788e+00
-2.012535949331372809e+00
-2.009163457317407087e+00
-2.031134005706884071e+00
-2.752221901763542089e+00
-2.012625816215710461e+00
-1.545021856317408737e+00
-1.752341952021865490e+00
-1.163994188737641799e+01
-1.620236944926940925e+00
-1.180795125510618382e+00
-1.294269699982420363e+00
-6.084764190108708171e+00
-1.501204656081307487e+00
-9.015443181732788247e+00
-2.939669259442773352e+00
-4.094711473932023615e+00
-3.029763467446865199e+00
-1.202518823680336979e+01
-2.755835076110539017e+00
-2.299444690542112202e+00
-1.986791065556424263e+00
-2.478778383947315422e+00
-2.322027303092050854e+00
-2.269084927334434454e+00
-1.757616258666137465e+00
-1.472283039580796205e+00
-1.830857331706084778e+00
-1.678528026839205323e+00
-2.788281435953099407e+00
-1.227153169266534727e+00
-1.856266362460968988e+00
-1.741672058344874818e+00
-2.346971785785208819e+00
-1.502159991519333992e+00
-1.755104889753253294e+00
-2.391526884257338281e+00
-2.572486475032844666e+00
-1.460349906914093054e+00
-2.189581919467468829e+00
-2.006372850960262966e+00
-2.038953689910013356e+00
-2.447374987801966384e+00
-2.228642546069331321e+00
-3.167819397978661300e+00
-2.988631297540480514e+00
-3.500613745296137669e+00
-2.991246247891430343e+00
-2.752629709785720191e+00
-2.259905009575356782e+00
-2.253684153588412453e+00
-3.047988171274628844e+00
-2.349968023484346080e+00
-1.819359053723305308e+00
-2.050024471753170374e+00
-1.304392908267435924e+00
-1.183078171839601511e+00
-1.351940727812413590e+00
-1.182982835787823817e+00
-1.235771412149992976e+00
-2.188217172340670924e+00
-1.451840530438332166e+00
-7.169514140993856754e-01
-1.770563929239556744e+00
-1.600976393780731533e+00
-1.679126256185305976e+00
-1.092187063652642731e+00
-9.944124891332201122e-01
-1.364124852636587226e+00
-1.034641537680122347e+00
-1.040259608935052871e+00
-1.611207194140309884e+00
-7.437958212731206054e-01
-2.179517370415432698e+00
-1.339930518387533631e+00
-1.823025849264722220e+00
-1.853290208749695633e+00
-1.138336224279526965e+00
-2.626488287693357293e+00
-9.736255321333123769e-01
-1.465984769912460850e+00
-2.035134517013906574e+00
-1.497784447670371222e+00
-1.363665632613474399e+00
-1.518387258366802772e+00
-1.730601998413814568e+00
-2.899822339739393851e+00
-2.062497266316789979e+00
-2.183757915890120582e+00
-2.307568874401490167e+00
-2.588260829631421345e+00
-2.452080779824726608e+00
-2.003112191798403607e+00
-1.362010098149512904e+00
-1.859101822793336245e+00
-2.221575722674941744e+00
-3.243849464081495881e+00
-1.461774676571579556e+00
-1.682813182219554449e+00
-1.896413467438225142e+00
-1.195355034273731132e+00
-1.236358460511946866e+00
-1.540352405267967795e+00
-1.562657224995501748e+00
-2.140989929693627225e+00
-2.560199041492333460e+00
-1.104330179627307729e+00
-1.731892885078363253e+00
-1.135679943050517338e+00
-2.601340025670485723e+00
-1.638360095490360768e+00
-8.549443714625623025e-01
-3.182438759751865298e+00
-1.394036498353614872e+00
-1.714266577418299020e+00
-1.450475257510648319e+00
-2.877099620710014793e+00
-1.394131999464407023e+00
-1.210522969570934748e+00
-1.032917386366955403e+00
-2.278719417207340836e+00
-1.833781987230639565e+00
-1.152482826726575649e+00
-2.272073324661397997e+00
-2.542480293206739628e+00
-2.054310164102866043e+00
-1.956527760031224750e+00
-2.830305395299438143e+00
-1.272308275272023392e+00
-1.660738259164922015e+00
-2.507954098024624656e+00
-1.757598001292999479e+00
-2.155468933408848820e+00
-1.944420853337062161e+00
-1.466917341885922932e+00
-1.494484717341181268e+00
-1.372353811547202929e+00
-2.035971447139655499e+00
-1.965466494444584766e+00
-1.463578516831554488e+00
-1.235308303312344647e+00
-1.947940408639483589e+00
-1.665382578526169333e+00
-1.507401471877361843e+00
-1.861974955453557179e+00
-1.564357125617712230e+00
-1.699907603093715691e+00
-1.248683315356012846e+00
-1.679478575466329726e+00
-2.015785410158640101e+00
-1.803115977270166814e+00
-1.964062663143137488e+00
-1.610907493636257293e+00
-2.214840329447120393e+00
-1.595963758235468433e+00
-1.300380046906638887e+00
-1.772038567696634370e+00
-1.927090664273078069e+00
-1.736445206889446480e+00
-2.596658969612728018e+00
-2.164361918307644572e+00
-1.231923917427427906e+00
-1.640406339323689844e+00
-1.898801075959677398e+00
-2.149398021969762151e+00
-1.978363429312731681e+00
-2.269860468401981191e+00
-1.849469528434607213e+00
-1.459342177877176683e+00
-1.602061828926122367e+00
-1.748974173948950606e+00
-1.489424164460940503e+00
-1.334177703231678613e+00
-1.067695510146173143e+00
-1.898353046697630164e+00
-1.785220019298698224e+00
-1.870681320092734801e+00
-1.561472663162303487e+00
-1.332920770299050206e+00
-1.683561289923525273e+00
-1.690335993409372906e+00
-1.794041318153230424e+00
-1.712653262430001488e+00
-1.953061995474428825e+00
-1.358128366501837547e+00
-1.941410164946277606e+00
-1.543715213107482054e+00
-1.879558626386365727e+00
-1.565673224928456841e+00
-1.947559924579165935e+00
-2.017045349465524495e+00
-1.743771511900609861e+00
-1.706146818744081139e+00
-1.559796651478165819e+00
-1.831536994328353485e+00
-2.542803983529668077e+00
-1.403493997956992034e+00
-1.878186657343724697e+00
-1.426192138464018822e+00
-2.004921115596103309e+00
-1.758881784844644303e+00
-1.935231469389032677e+00
-1.289245466395910755e+00
-1.338448534562134640e+00
-1.143745476522903148e+00
-2.386523452701476700e+00
-1.640603892181388446e+01
-1.943939789597529000e+01
-1.869661965270774573e+01
-1.858170290382793155e+01
-1.847238314706896034e+01
-1.309308196215463305e+01
-1.797391426640480816e+01
-3.954201815485106852e+00
-1.931555820834295645e+01
-2.139856646830953579e+01
-1.827913392319658215e+01
-1.992344078130688700e+01
-4.953693163435464619e+00
-1.283340637196218559e+01
-3.402857420901834296e+00
-1.508035632275715132e+00
-2.983624812467359444e+00
-1.864994146166551792e+00
-6.623566277927797508e+00
-1.610666077659847417e+01
-2.363491053428376176e+00
-2.374940613315996707e+00
-1.806591865130431884e+01
-1.997575306906145087e+01
-1.979740885514405591e+01
-9.710961750861066832e+00
-1.444489624345947121e+01
-5.605415791400832681e+00
-2.174400589340513612e+00
-2.089673560090717253e+00
-1.374651803647315651e+00
-1.407633073434406246e+00
-1.227930102289876091e+00
-2.425815376386084576e+00
-1.771595737823475458e+00
-1.726244662271123831e+00
-1.044019212292605747e+00
-1.654835067682585370e+00
-1.334513597176394173e+00
-1.143474166852270102e+00
-1.506085656338643108e+00
-1.412198235368678834e+00
-1.777382949169702853e+00
-1.169342462554264550e+00
-1.477034137159860538e+00
-7.432651421007904213e-01
-8.834217934481449763e-01
-8.618259187323107362e-01
-1.321137541294478357e+00
-1.875462848105765579e+00
-1.536718612048229016e+00
-7.624046996371802720e-01
-1.091802941571063501e+00
-1.099101860744667869e+00
-1.325019735186993231e+00
-1.154706806836212740e+00
-1.511629684020444619e+00
-1.444805758301261456e+00
-1.277900467520363348e+00
-1.009180089075013109e+00
-1.012900714817357439e+00
-1.389783035516991561e+00
-1.021946414544145254e+00
-1.699991985336952949e+00
-2.479191148191023597e+00
-1.606919636258385964e+00
-1.488436610487067657e+00
-2.306821889884526300e+00
-1.709346777768335102e+00
-1.436981972373757577e+00
-1.478700740896693233e+00
-1.865272679862248761e+00
-1.662553084308998841e+00
-1.526363375464053984e+00
-1.764647088984298229e+00
-1.417704908435010402e+00
-1.280654041120098841e+00
-1.194617486555568986e+00
-1.612288640212567126e+00
-1.280974983412495272e+00
-1.626013986341553474e+00
-1.844491377978832780e+00
-1.082973472631788336e+00
-9.627884171880709552e-01
-1.186085247140521215e+00
-1.409755044479999331e+00
-1.422620829119806585e+00
-7.699870191745661341e-01
-9.529873264112705966e-01
-1.066664478111070347e+00
-1.025535373850590348e+00
-2.128895444284963911e+00
-1.969013384867457583e+00
-1.412433439676585412e+00
-1.299621025234668936e+00
-1.628548247969624274e+00
-1.166133608850239645e+00
-1.249872437759868671e+00
-1.397326266361133662e+00
-1.155860805578257322e+00
-9.751660992919277682e-01
-6.789037268220661225e-01
-1.292573015945842174e+00
-1.496116449975247731e+00
-9.589901748401873371e-01
-1.708161559786228523e+00
-1.393673278269456306e+00
-1.508930207219561170e+00
-1.838283827067920706e+00
-1.073675540392296401e+00
-1.165617536024710299e+00
-8.959587531871024968e-01
-9.734748004154035739e-01
-1.122355678598277118e+00
-1.729073711375388456e+00
-1.240494543346356338e+00
-1.426085699587962496e+00
-1.792966748355267814e+00
-1.232435049887880441e+00
-7.721556204616986108e-01
-1.278692593043126546e+00
-9.919463861701102170e-01
-1.061552326229560528e+00
-8.829127440573166785e-01
-1.750952048463628730e+00
-1.598978762664632569e+00
-1.971006287197908380e+00
-1.595588956116508417e+00
-1.647162028895587937e+00
-9.739668503023702906e-01
-1.661653448694732527e+00
-1.185632776117625298e+00
-1.104076066890668839e+00
-1.185950960732020443e+00
-1.945595727676796782e+00
-1.723222358718841996e+00
-1.214874088757020409e+00
-1.400528755275431081e+00
-1.199070547346315241e+00
-1.071703049293196930e+00
-1.470683651321187835e+00
-1.442536920195187422e+00
-2.099463247396490040e+00
-1.312019410457980539e+00
-1.094511589714193489e+00
-8.353336901693038108e-01
-1.021118015421603520e+00
-1.130189984233368694e+00
-2.117123566229991205e+00
-1.612364140360295073e+00
-1.187690050266541508e+00
-1.030905211766745433e+00
-1.217285728388269872e+00
-1.449689000621312562e+00
-1.509751103182735088e+00
-8.967286064872035389e-01
-7.554900797618862018e-01
-1.170967760059147711e+00
-1.028447757034991694e+00
-1.729954138178355860e+00
-1.540812384926177891e+00
-1.209126756910493761e+00
-2.081875376574050751e+00
-1.211513082395566210e+00
-1.483283712342736482e+00
-1.174602302006411580e+00
-1.228803689529556653e+00
-2.103024814937201725e+00
-1.842438409588025516e+00
-1.218531087569670879e+00
-1.214778002039473837e+00
-3.398412805306982865e+00
-1.493999542863344798e+00
-1.197950782707389639e+00
-1.608923338399682823e+00
-2.050897317116243457e+00
-1.532723703383048308e+00
-1.912648323839522879e+00
-2.357812666025891790e+00
-2.530746087501977382e+00
-2.423385332665056513e+00
-2.108844445083775998e+00
-2.252784339320623719e+00
-1.725959301770809695e+00
-2.435185304942876439e+00
-1.638612656471654327e+00
-1.454656897984380581e+00
-1.745410031449078136e+00
-1.788373904289477290e+00
-2.424367796134391018e+00
-2.557082784960427180e+00
-2.245648126734552275e+00
-1.626408328037507900e+00
-2.614399109465354254e+00
-1.437451129091894098e+00
-1.854347988853557228e+00
-1.160709192286485836e+00
-1.315981090517291285e+00
-1.979838150521372242e+00
-2.239309173935415842e+00
-1.799551513991620499e+00
-5.284492996206244797e+00
-1.424304750471921732e+00
-1.468512623025620023e+00
-1.743151186387347895e+00
-2.262543250202665224e+00
-3.007026720080855142e+00
-2.238114126628572453e+00
-1.213785601640061440e+00
-1.495767307861264994e+00
-1.676487837127159208e+00
-1.492374672526421309e+00
-1.387241357722038382e+00
-1.654971533639651993e+00
-1.937713668209059881e+00
-2.449557618955422011e+00
-1.789383400386983070e+01
-1.040649794992268617e+01
-3.252855222261465951e+00
-1.569878455868027656e+00
-1.192070240027127026e+00
-2.053820555472610110e+00
-2.311250014642139750e+00
-2.683373641183784741e+00
-3.729423041457391452e+00
-3.108349635144548984e+00
-2.511241298162086633e+00
-1.890199131877954519e+00
-3.025387561156849703e+00
-1.319877413149594281e+00
-8.923296177870766455e-01
-1.984886858902088491e+00
-1.680918929285541319e+00
-1.513943283034397069e+00
-1.179786767891620292e+00
-1.325991952592209033e+00
-1.615642426731407788e+00
-7.716159624086995628e-01
-1.205769171443485055e+00
-1.083305951384890609e+00
-1.188918891542344536e+00
-1.904065406033266683e+00
-1.619638425887679700e+00
-1.729772627585595135e+00
-1.064956973680508012e+00
-9.433014829520550704e-01
-2.020190713808882155e+00
-1.492860884955571121e+00
-2.003979403157348127e+00
-1.300162024289884810e+00
-1.467640549158619523e+00
-1.057772800423834925e+00
-2.016206441212811118e+00
-1.534719852221259950e+00
-2.265260309497632907e+00
-1.489851509555983888e+00
-1.169687450542446161e+00
-1.618785415236601910e+00
-1.364679730774350341e+00
-1.851505132485971927e+00
-1.403601367341657857e+00
-2.849213600120539258e+00
-1.420084891076192957e+00
-1.673118621083520940e+00
-1.103098908157775782e+00
-1.651473610887320476e+00
-1.316239413288433635e+00
-8.612771710200228803e-01
-1.613052789205779103e+00
-1.274067721201430192e+00
-1.394788096290506152e+00
-1.304710887574731970e+00
-2.372328287909553968e+00
-1.819896890076332152e+00
-2.079313619024306448e+00
-1.280934148463982458e+00
-1.526944066018022017e+00
-1.001065206041006794e+00
-1.013767035668276639e+00
-1.132816985942253440e+00
-1.780269891415552586e+00
-2.033780253109142677e+00
-1.834677652465967368e+00
-2.179563380182571564e+00
-1.592350610146976209e+00
-4.453918486475875405e+00
-2.538248460456382194e+00
-2.128718109445313811e+00
-2.641648095893358139e+00
-2.034456188561531320e+00
-1.942634648615170434e+00
-2.231036578503611700e+00
-1.333309259928921131e+00
-2.629403133442592910e+00
-1.825138006390085943e+00
-1.478479846712029255e+00
-1.633821633880466084e+00
-1.232191202599685065e+00
-3.481868816767415886e+00
-2.009321251344049042e+00
-3.937414442977302365e+00
-1.678416218158034212e+00
-1.936490934520985308e+00
-2.839039130163337088e+00
-2.488613436221978503e+00
-2.389324305033435181e+00
-1.248485664598793621e+00
-3.645192721294059801e+00
-1.425533965999435271e+00
-2.479132883956269406e+00
-3.539782609377217781e+00
-1.875516388962277681e+00
-2.496548747804121060e+00
-2.665985674556996976e+00
-2.353036628391712348e+00
-1.197029087882321985e+00
-1.918050977051847239e+00
-1.554248103683074644e+00
-1.615550641551915634e+00
-1.458835737141769284e+00
-1.684967745635527869e+00
-1.467749952974431560e+00
-2.674697754095869406e+00
-1.217608539601847895e+00
-1.843247611405165243e+00
-2.829411524979255077e+00
-2.436755686205315019e+00
-1.232300116284166025e+00
-2.068540269965968292e+00
-9.212009434900615412e-01
-2.167321378753795713e+00
-1.368724716705391531e+00
-2.845563321843069815e+00
-2.241052296779270314e+00
-1.288023741336530748e+00
-1.259864954635983247e+00
-1.940685676555091721e+00
-2.063566612699895941e+00
-1.237653685412453575e+00
-1.436979919188906774e+00
-1.720768849536173706e+00
-1.984660370676838426e+00
-1.828984201059840720e+00
-1.764287718037309993e+00
-1.383054266104054131e+00
-1.675901008806915948e+00
-2.629735590825604596e+00
-9.767339084716071262e-01
-1.777930636959562660e+00
-1.448530380965638464e+00
-1.846889604755180825e+00
-1.290584495352634864e+00
-1.299897931532702833e+00
-2.162606462445008315e+00
-2.557729444751149384e+00
-1.806567583458477566e+00
-1.529792196204644794e+00
-1.818995534443298201e+00
-2.109254792705149928e+00
-2.185120828991685027e+00
-1.542975073683256593e+00
-1.738301974377879588e+00
-1.116962114825688301e+00
-1.655452534742692938e+00
-1.427303255859441622e+00
-1.782311339904020020e+00
-1.747620686811787838e+00
-1.430154877130874969e+00
-1.039239799130054376e+00
-1.147383881705571262e+00
-9.852074618949051565e-01
-9.997659020632483351e-01
-1.445591492147913160e+00
-1.315322212484268727e+00
-1.223320752322608618e+00
-1.769629720751422441e+00
-1.441692564448173730e+00
-1.401334063393436136e+00
-2.558184619790215386e+00
-2.208896214867914320e+00
-1.996019268867519569e+00
-1.243742118439288724e+00
-8.356468735872226716e-01
-2.502144016454336484e+00
-9.581796232529701252e-01
-1.430968999483265058e+00
-2.233069099777396982e+00
-4.468558695719092810e+00
-2.825422587050998136e+00
-2.944335401350528070e+00
-2.718925555267885485e+00
-1.636916229319304694e+00
-1.051405841887939063e+00
-1.769851424485672675e+00
-1.624180083010977604e+00
-4.106526101441284382e+00
-2.055858799597424902e+00
-2.082174836674727469e+00
-1.537122628947880099e+00
-1.146427167343950781e+00
-1.359420809591599610e+00
-1.252554358721289063e+00
-1.203452282939086126e+00
-1.855933870603565294e+00
-1.521706471347249900e+00
-1.469369131975029052e+00
-1.299930523599150733e+00
-5.338309546285493035e+00
-1.268395470054802354e+00
-1.966435678864824954e+00
-2.592663867905098396e+00
-2.531430611448701740e+00
-1.511049640720286247e+00
-1.636987072344133765e+00
-2.322794311434130066e+00
-1.986091091155888888e+00
-2.178381792853275822e+00
-2.512276017410859819e+00
-1.703987850649070657e+00
-1.747766633115877433e+00
-1.299220479955147667e+00
-1.361962691458906693e+00
-1.901281045092673150e+00
-1.127694173171089886e+00
-2.067633987021197939e+00
-1.455072883076169887e+00
-1.196442522092508343e+00
-1.442502509366316632e+00
-8.459335671219809782e-01
-1.424367407110888939e+00
-2.912563323642602064e+00
-1.423844205503358440e+00
-1.896243732411534433e+00
-1.440618054576079832e+00
-1.988583308698835372e+00
-1.142183020464194065e+00
-1.965264882905444876e+00
-1.229814164932689247e+00
-1.793160490346394242e+00
-1.020060306967238928e+00
-1.988608605078415303e+00
-2.086157836123568199e+00
-1.066817599106823167e+00
-1.690207066032864081e+00
-1.862403344622205692e+00
-1.320978440700629530e+00
-9.453772742740916835e-01
-1.560225590202310331e+00
-1.308273451483370042e+00
-1.120467421738325697e+00
-1.987241269434164792e+00
-9.639014180624964068e-01
-1.453731767588301249e+00
-1.234225663050675159e+00
-8.511862840403674468e-01
-1.187169524310575763e+00
-1.141805518295132771e+00
-1.009556065782820422e+00
-1.411262542274462684e+00
-2.723001046461616781e+00
-1.247555762925054879e+00
-1.174372821815287349e+00
-7.778461751337546470e-01
-1.298448716393029390e+00
-1.126440827875950790e+00
-1.047582162132435268e+00
-1.625217591932843764e+00
-1.294040577709902440e+00
-1.519149703664652407e+00
-1.876392773078634724e+00
-1.975910692268026958e+00
-1.281495909097114305e+00
-1.543157349046519577e+00
-1.572709640043642443e+00
-1.483632400453510192e+00
-1.266628650469988626e+00
-2.039603188837160186e+00
-1.103775763823964917e+00
-1.753444488095001086e+00
-1.661516462828012353e+00
-2.214177235485578432e+00
-1.639669174897504522e+00
-1.185339151166166172e+00
-1.842182841777439517e+00
-1.248575599902576716e+00
-3.578094027318678538e+00
-1.339046948405202331e+00
-8.682471916911216336e-01
-9.645321560484534373e-01
-1.369236118135937597e+00
-2.041601125196514044e+00
-2.636892904634811519e+00
-2.321269504108207649e+00
-1.386655055851646168e+00
-2.035884583815514404e+00
-1.608247337758089257e+00
-1.036926720769250743e+00
-2.010747725244113049e+00
-2.827354270906853984e+00
-7.467289456633148248e-01
-1.299539954180821022e+00
-1.569613276777433786e+00
-1.484015355457192653e+00
-1.620828107366647508e+00
-9.676748801345700368e-01
-1.515169932099287298e+00
-1.350847086576145495e+00
-1.165976459403876175e+00
-1.171095242873006814e+00
-1.577659716362091125e+00
-1.456271144240660398e+00
-1.447854619275994015e+00
-1.509615174186425657e+00
-1.755411285212424843e+00
-1.601052010079777599e+00
-1.454999168254016206e+00
-1.304772198250547133e+00
-1.735146869379119439e+00
-8.298568119229416951e-01
-2.913634077268541844e+00
-2.874626680064904072e+00
-1.731191301657312831e+00
-2.092271620818805467e+00
-2.123035256860275943e+00
-1.761076081275609884e+00
-1.201605525805027996e+00
-2.516650040815777256e+00
-1.349559483844488206e+00
-1.395440289115387422e+00
-1.360356895933576782e+00
-1.313108587155798368e+00
-1.689067152597751198e+00
-1.277039321704554364e+00
-1.590396209553678553e+00
-2.134441173170070538e+00
-1.334952434034944790e+00
-9.182579324199136028e-01
-1.653049454930113571e+00
-2.721551188224680562e+00
-2.347026207627314065e+00
-1.362385267239001996e+00
-1.605567088012248567e+00
-1.559039460328288662e+00
-2.011962261526386797e+00
-2.523858614597472627e+00
-1.983648216661397568e+00
-1.726476450801701423e+00
-1.418844364725180496e+00
-1.705113569492844539e+00
-2.200362988106100648e+00
-1.978098178207397639e+00
-1.630073184192453395e+00
-1.701323371870113732e+00
-2.277749951901583803e+00
-1.521348332186171604e+00
-1.647228470545132772e+00
-1.880751974690430872e+00
-1.314528437396865090e+00
-1.953752106707798086e+00
-1.479059898574576204e+00
-1.399193483028026375e+00
-7.774143935860647892e-01
-9.371937769543152719e-01
-1.518686185007449119e+00
-1.471878061567444940e+00
-1.547234661840330983e+00
-1.620786639402927998e+00
-1.595076387972253817e+00
-2.575894954080239163e+00
-8.491646855002649374e+00
-2.561609304460270131e+00
-3.431820383348950010e+00
-9.055779025866600440e-01
-2.491050551684173886e+00
-1.835893242420527205e+00
-1.045505047939751186e+00
-1.458002627433303111e+00
-1.667400439319203453e+00
-5.879586882820776239e+00
-1.959339687321360435e+00
-2.454129492651474731e+00
-1.566821606974541758e+00
-3.115996332913264055e+00
-1.126074525254169068e+00
-1.614556434498200410e+00
-2.996303136377555631e+00
-1.624682126196003606e+00
-2.137587514479939887e+00
-4.980570907924670720e+00
-2.541408897116898657e+00
-2.082113224399234852e+00
-1.861364206596858084e+00
-2.654176156088090099e+00
-1.165152219486617735e+00
-8.384596394805157615e+00
-2.986449358428182599e+00
-2.047017005913275955e+00
-1.608509437604004999e+00
-2.057249804583922703e+00
-1.660178837746181468e+00
-1.798231885344973024e+00
-1.550666838207261256e+00
-1.629495989677632872e+00
-3.314760524928395569e+00
-1.708440459453020699e+00
-1.013525614372244643e+00
-3.500007426798282584e+00
-2.201021320983362450e+00
-2.118476348932401443e+00
-1.576353525819388368e+00
-3.801652034172988692e+00
-3.079619159205069234e+00
-3.440531504066464130e+00
-9.732521228225471388e-01
-1.674774699850510862e+00
-1.833034472131666703e+00
-3.391656021629526840e+00
-1.326197858363173943e+00
-1.005010130625823228e+00
-2.448325104685374232e+00
-2.379494937177438540e+00
-3.741473971182557978e+00
-1.680402596568852491e+00
-1.806796357322621338e+00
-1.434308483633360609e+00
-1.301705682293961441e+00
-2.424678814361526324e+00
-6.185947661381675289e+00
-3.682560264382891191e+00
-3.415100752138151119e+00
-2.917707095323020194e+00
-1.594387081696340358e+00
-8.380447519462185246e-01
-7.846773237880720897e-01
-3.222628073378851266e+00
-1.064053853570833486e+00
-2.134195860774773745e+00
-1.449250411413867790e+00
-3.057463401790099677e+00
-2.098484293127407696e+00
-1.846034034460695583e+00
-1.091817343296011655e+00
-2.326917733538259370e+00
-1.370066897328584998e+00
-2.668233592793801900e+00
-3.092925525751902160e+00
-2.625247953858711014e+00
-2.484634384342874647e+00
-3.263351330040474618e+00
-1.324313519277532825e+00
-1.429994394076812014e+01
-1.971475286693566975e+00
-1.956797356454535342e+00
-2.549170105671525022e+00
-2.411276089910056264e+00
-1.911507673336927837e+00
-1.179055856148276238e+00
-2.034688053543876940e+00
-8.546101449254180693e+00
-1.403318506532156063e+00
-1.042217278536330394e+00
-1.049163506386585842e+00
-1.159983733781613147e+01
-8.880945387386308676e-01
-1.507213132810607759e+00
-1.117017455664324199e+00
-1.905218864739132378e+00
-2.791177014211408736e+00
-1.092198067875655765e+00
-1.721482207191124880e+00
-2.382858342061509482e+00
-1.001623890937585415e+00
-1.448725022368855919e+00
-1.531660105273225048e+00
-9.898232661421234591e-01
-3.796234211222655475e+00
-2.007047027036039211e+00
-2.001480738966782358e+00
-1.528489390165397976e+00
-1.317758848190929255e+00
-1.484798882579449364e+00
-1.772821461966002099e+00
-9.387029979542925728e-01
-1.510027760659958362e+00
-2.045150865671505613e+00
-1.174405654027654178e+00
-2.059434365829492908e+00
-1.967531160827476366e+00
-1.890211971213339393e+00
-1.954695228800493734e+00
-1.016215298475015905e+00
-1.795708732912003169e+00
-1.409433083296163014e+00
-1.085739829238261400e+00
-1.662524903139389609e+00
-1.708773172253928330e+00
-1.553850398176032765e+00
-1.260413582741536809e+00
-2.318160471937266820e+00
-2.324183574418328124e+00
-1.548891943416125239e+00
-2.588362283702952293e+00
-2.458396094920096697e+00
-1.373742214602322154e+00
-1.415502734287120479e+00
-1.984618792784027086e+00
-2.618299873999425653e+00
-1.579294422494247563e+00
-1.496569814679305166e+00
-1.251133272943799168e+00
-1.700334682607914427e+00
-1.026373231737330638e+00
-3.482328042007790447e+00
-2.318424418511774832e+00
-2.508191307187055408e+00
-2.130948587640487446e+00
-3.089173121035813541e+00
-2.218476839109722043e+00
-2.030056312450334133e+00
-2.029759154575992319e+00
-2.080191600046203515e+00
-9.227974021092510970e-01
-1.194351963112166404e+00
-1.669942302789905630e+00
-1.662450165227765231e+00
-1.093347238183070891e+00
-1.828477089855789162e+00
-1.213229926515694723e+00
-2.690982986862959780e+00
-1.221776649445955876e+00
-2.169322747920407135e+00
-1.900682397734985152e+00
-2.216919327891373914e+00
-2.121474186813130380e+00
-9.620270807877590036e-01
-2.795138558589915334e+00
-2.373038708807148289e+00
-2.269686476204778813e+00
-1.966436712077993976e+00
-1.869136793503641591e+00
-2.259953379016225394e+00
-1.839250683594145386e+01
-1.581401053566169956e+01
-4.144925599201840782e+00
-4.741104991024164050e+00
-3.606799210071938599e+00
-2.319662484673853164e+00
-1.917814998774747703e+00
-2.213101211522543466e+00
-1.337010279760561193e+00
-1.415628672636610075e+00
-1.194183907425723445e+00
-1.491791625437334012e+00
-1.733401798937939109e+00
-1.226714958318870563e+00
-7.268140137105715937e+00
-6.168766908747997491e+00
-6.651576455780400465e+00
-2.807225778516414749e+00
-1.373656171828989248e+00
-3.317069548584496541e+00
-1.039335391055919366e+01
-3.251711440209446913e+00
-4.148317225801390506e+00
-2.725462529697230796e+00
-2.710804560696887133e+00
-2.440651924969663877e+00
-2.869073372409296940e+00
-2.407474447588749289e+00
-1.814651312251684745e+00
-2.614521280164283645e+00
-3.973042188419691367e+00
-2.843005772631705508e+00
-3.257957639440759223e+00
-2.299994937082517676e+00
-2.101020184995172180e+00
-2.094787233415324135e+00
-1.654713400783197841e+00
-3.298995635981009311e+00
-2.434944250249885034e+00
-3.148022818148964230e+00
-1.983246350899230404e+00
-1.864681892506993455e+00
-2.301721037485002785e+00
-2.303310822256642521e+00
-1.234594567034236201e+00
-2.296915332977783386e+00
-2.761146279442506124e+00
-2.156121993332082987e+00
-2.831679131732903976e+00
-2.354996948326087303e+00
-2.921311030248132656e+00
-1.800316774079754101e+00
-2.586192137048036965e+00
-2.389323019236399226e+00
-7.317939541977326989e+00
-2.515885649653877731e+00
-1.743801303695792670e+00
-3.512780440027848172e+00
-3.004288076045946276e+00
-2.428473815195346219e+00
-1.752214062245911030e+00
-2.887358637866102473e+00
-1.646730243670953220e+00
-8.814849684733809809e+00
-2.301757426441746190e+00
-1.406588575719479550e+01
-1.782391267672135626e+01
-5.847891595873448978e+00
-2.248124699653327951e+00
-2.011542609048408980e+00
-2.516238934026143070e+00
-3.584714531351691491e+00
-2.629791750566425446e+00
-2.649965984802174379e+00
-1.341277723468686123e+00
-6.147731333079010874e+00
-2.728748665417814134e+00
-2.422539932896130122e+00
-2.090464928008655576e+00
-2.579252864426260228e+00
-2.824417269195439228e+00
-1.372743984542403428e+00
-3.181175379665696745e+00
-2.978822258669974410e+00
-1.512975851984391440e+00
-1.692855950180292668e+00
-2.068112869331941273e+00
-2.247730856732448768e+00
-2.669511666306795483e+00
-2.770575391619295669e+00
-1.636944806432619259e+01
-1.037472846401752058e+01
-3.951556952374434495e+00
-3.406752878453900291e+00
-1.036780211581167066e+01
-3.460507830024555975e+00
-2.979917385415985720e+00
-2.955967695199452017e+00
-2.435958222033556719e+00
-2.651161227089338546e+00
-1.584556215725310802e+00
-1.694779982708601862e+00
-2.597181600162995263e+00
-2.288467735566983574e+00
-2.581222603641122326e+00
-1.131947002168208760e+00
-2.012824913288432160e+00
-1.712926986947291397e+00
-1.819437142817461384e+00
-1.301236825044279621e+00
-1.781567874459230261e+00
-4.964066732539073046e-01
-1.790745161189545742e+00
-2.149610424509802886e+00
-1.175080509184869504e+00
-1.430616228150004332e+00
-1.787062021752254370e+00
-7.914045492361025946e-01
-1.476783927155397746e+00
-1.454512508495216849e+00
-1.171464980952138024e+00
-1.210397434519932203e+00
-1.376008118082228560e+00
-2.079986329073508777e+00
-1.046155025246191528e+00
-1.811992485347328818e+00
-1.573702850940474907e+00
-1.909555896415431553e+00
-1.813634818636754797e+00
-2.054795246750645621e+00
-1.711274951484756723e+00
-2.516619630767809479e+00
-2.508295809054755576e+00
-9.490489525808090132e-01
-2.201370763888071735e+00
-1.212665596482510377e+00
-1.672423070850312721e+00
-1.359998928311570765e+00
-1.645827372762183494e+00
-1.735283270078872508e+00
-1.582690555071560867e+00
-1.879244347620436795e+00
-1.446996722653527856e+00
-1.464727898699030639e+00
-2.088192764003016677e+00
-6.692472842362707786e-01
-1.479016886338964776e+00
-1.131809979725359350e+00
-1.243671570850060526e+00
-1.391453181422006136e+00
-1.215512795161662218e+00
-2.842212663012058993e+00
-1.384576829187007307e+00
-1.849165878874457158e+00
-1.355870037229586877e+00
-1.787416189525478538e+00
-1.790571881127921650e+00
-1.909150701730427890e+00
-2.058626456714703234e+00
-2.208074309913536482e+00
-2.575139336014989233e+00
-1.343131312949659151e+00
-1.366176362172198511e+00
-5.400469698482782022e+00
-2.433651772663616875e+00
-1.343871724075649032e+00
-2.024986273903161660e+00
-1.816443652806671416e+00
-5.124728209153465386e+00
-2.826435088975483012e+00
-1.578370302775468303e+00
-1.914109841201443452e+00
-1.746150992005460312e+00
-1.285801533817714226e+00
-2.823690946864699125e+00
-4.836050259734212098e+00
-1.768824886979614774e+01
-1.342776950964509552e+01
-1.778068855716067986e+01
-4.004601615662067182e+00
-1.426574501980290854e+01
-1.319540163435431346e+01
-3.501314215695465304e+00
-8.989476175989951301e+00
-1.835320725815539689e+01
-1.666786116762671099e+01
-1.807957136598026793e+01
-1.038968233097256189e+01
-1.191087913472668802e+01
-1.207636478190415197e+01
-3.827674351233361527e+00
-6.962001281197282232e+00
-1.113109800306825470e+01
-5.014239360193117889e+00
-7.103742736608924524e+00
-3.437705044833157864e+00
-3.027639728315603129e+00
-2.263692573720657908e+00
-2.952714227942740965e+00
-3.407267542950751960e+00
-3.911917445481146505e+00
-3.875953012248712692e+00
-3.552830480598307528e+00
-4.354575308048386439e+00
-4.110547775464178599e+00
-1.055366525074593387e+00
-1.716286921358497963e+01
-4.443106009022242731e+00
-4.625551169516137762e+00
-5.415753704011878611e+00
-2.399606758046958888e+00
-2.237464733167054298e+00
-2.607286090026951886e+00
-2.256155714216748986e+00
-2.781821261090273723e+00
-2.208267661575723739e+00
-1.477822058007319361e+00
-1.780250963988986967e+00
-1.382387241577776482e+00
-1.666085126417764739e+00
-2.029497598392550284e+00
-2.286663227088872041e+00
-1.759635141360968325e+00
-1.295397425261233471e+00
-1.607439101585343533e+00
-2.372953320063558191e+00
-3.207197949882736321e+00
-1.312143649065827145e+00
-1.351438801800830758e+00
-2.534725092135915236e+00
-2.182833052243927430e+00
-1.952883356935752213e+00
-1.240874547693498364e+00
-1.788343064782717873e+00
-1.243968916350050691e+00
-1.257197731683340924e+00
-1.378191285002746458e+00
-1.580373458460166747e+00
-1.315797406001540493e+00
-1.353000075307958738e+00
-1.022468767138240864e+00
-2.722048573994693133e+00
-1.945328863192082203e+00
-2.582359140791127938e+00
-1.319493147927796928e+00
-1.519095693789845436e+00
-9.378911932415957553e-01
-1.280082405356604003e+00
-8.497173923968580622e-01
-1.400133992283456807e+00
-1.247714197465120245e+00
-1.205959132338870754e+00
-1.454553373108069980e+00
-1.894747406244054133e+00
-1.482801005683630047e+00
-1.189320835895920636e+00
-1.660412483268640882e+00
-7.268104466098085359e-01
-1.487533438359532445e+00
-1.274431757325222181e+00
-3.525293630785873322e+00
-2.162314120641509962e+00
-2.012798118120576518e+00
-1.992942654997704288e+00
-1.513847315162066831e+00
-1.693597103823547778e+00
-1.542901156242972194e+00
-1.266761773352161669e+00
-2.093300985031953942e+00
-1.211248141101350706e+00
-1.783941581432119783e+00
-1.351260844366230840e+00
-2.715305203616734442e+00
-1.902750774762872243e+00
-1.312028066154751427e+00
-1.472647006055749275e+00
-1.522358158528116290e+00
-1.474608902635857088e+00
-1.138971349994638116e+00
-1.182681281106361837e+00
-1.588833590999484180e+00
-1.242983814583428437e+00
-1.931630458408882589e+00
-1.998381752622990781e+00
-4.132651472086330990e+00
-2.098845805228849226e+00
-1.296024190070476534e+00
-1.092086895425016690e+00
-1.245697634322435965e+00
-1.721144500308889880e+00
-1.308352323530499461e+00
-7.767211582808708492e-01
-2.711449309378304307e+00
-2.889500244325696077e+00
-1.866237841182719404e+00
-1.340442455095252727e+00
-1.293716234091915052e+00
-1.549855700689069637e+00
-1.323689989042707627e+00
-1.299851187591583246e+00
-1.244104287622844085e+00
-1.697314689419998190e+00
-2.296287023428421836e+00
-3.739144871467689590e+00
-2.860930439276795134e+00
-1.826645798317481084e+00
-1.663945374070080030e+00
-1.390989540912424216e+00
-1.248725286702967230e+00
-3.441959427655945536e+00
-1.583220233882348893e+00
-1.662363708813866081e+00
-1.205858557362539996e+00
-1.087711486272291417e+00
-1.642244541595708540e+00
-1.983623014865514067e+00
-1.867544623163404971e+00
-1.838605844784674037e+00
-1.173855771714223284e+00
-1.790200779833866607e+00
-2.210702667913831299e+00
-2.172728647246301659e+00
-2.395346529752401032e+00
-1.880404050037394859e+00
-2.739385938557194144e+00
-1.438990589195577208e+00
-1.401955439939422288e+00
-2.354189025635305299e+00
-1.405575134014249494e+00
-1.430009648423028468e+00
-2.878154039409978271e+00
-3.862259707505644180e+00
-2.723675257266981120e+00
-1.724909369915202495e+00
-1.447555793406309244e+00
-1.634090997122970013e+00
-1.468227487981680124e+00
-9.074366614826055999e-01
-2.141441641539198582e+00
-3.121141845613816468e+00
-1.873998840311546621e+00
-1.817171203436803273e+00
-1.674500998980241517e+00
-2.330015932062790895e+00
-4.634272738243012668e+00
-3.551925054651485780e+00
-1.856006880491647415e+00
-1.694859253883225669e+00
-1.324140124700560639e+00
-1.245506196526825926e+00
-3.607279753304542869e+00
-2.827378186911393421e+00
-1.429042062803723923e+00
-1.594450321275063587e+00
-1.604103929269156792e+00
-1.080870980157742967e+00
-3.457584491336146204e+00
-1.386401414948944755e+01
-2.732535825860452849e+00
-1.994089030724804923e+00
-2.791300765711310472e+00
-4.463419756240617708e+00
-7.000151543253778641e-01
-1.513409551885482429e+00
-3.328020920423587103e+00
-4.396148730909758662e+00
-2.246863104527224042e+00
-6.944420531910807881e+00
-2.265797872634880417e+00
-1.579566847939450014e+00
-1.685345415960689985e+00
-1.894687147907287761e+00
-3.442371425228105686e+00
-1.211322728404541360e+00
-1.425199446342378717e+00
-2.101510864805900880e+00
-3.429448825553584879e+00
-3.025267684207270769e+00
-1.410658070511523032e+00
-2.324830743864402915e+00
-1.286920319947166824e+00
-1.620596270797307836e+00
-2.797098059081548183e+00
-1.425189661502441529e+00
-3.357290660090763268e+00
-1.701367354143050070e+00
-1.592909848566615105e+00
-1.498802015618327044e+00
-1.975619553020820485e+00
-1.222396102237678361e+00
-1.485298659053672310e+00
-1.630157386331219316e+00
-3.092553478014550716e+00
-2.738209987482308261e+00
-2.078375758711117349e+00
-2.097449428981542408e+00
-1.334325520046379721e+00
-1.282530840651356696e+00
-1.585316827720888888e+00
-1.293386734052540676e+00
-9.805277068426595521e-01
-1.459242375418557058e+00
-1.415389141466345535e+00
-1.426455300555457884e+00
-2.472396478381381879e+00
-1.487411276218553846e+00
-2.570690096643753808e+00
-2.305194991880403332e+00
-2.455460698102582384e+00
-1.639643530568051677e+00
-2.007493059481336495e+00
-1.890212743268876450e+00
-1.298691907003500345e+00
-8.918750555446912642e-01
-1.151893917582740734e+00
-2.015675843809784595e+00
-8.285278639748967500e-01
-6.996718640679082668e-01
-1.000782331271234726e+00
-7.324334222989301590e-01
-1.266124344614114383e+00
-2.520631695484587542e+00
-3.031891934134285815e+00
-2.478699859142934336e+00
-1.358468946948795830e+00
-1.150252665200424795e+00
-1.568073325116663641e+00
-2.537446284035749233e+00
-1.699461787211698161e+00
-1.330743669345397784e+00
-1.605824395100916124e+00
-9.845301224679940955e-01
-1.469923462356498511e+00
-1.595680303528027144e+00
-1.598712982817785067e+00
-1.285298378053508994e+00
-1.676381015176132916e+00
-1.049824606702054242e+00
-1.164815424783120612e+00
-1.158344505747474162e+00
-1.267753551990490779e+00
-1.746596779955602141e+00
-1.465084453020234712e+00
-1.658324364177869326e+00
-2.283029807509467712e+00
-8.544010923416748282e-01
-1.298464283520973650e+00
-1.896658050124258255e+00
-9.110641867290432128e-01
-1.056342387593872667e+00
-2.015901729729395520e+00
-1.625028008178925010e+00
-1.836511517195262400e+00
-9.805366898636017625e-01
-2.505573061168062665e+00
-1.327808573215561561e+00
-1.147225142686711274e+00
-9.778632695264739549e-01
-1.515411956248691183e+00
-1.903162138008479554e+00
-9.324651084033366288e-01
-1.241737038667188875e+00
-1.098670984406959761e+00
-9.178315572459404548e-01
-1.304539574828524229e+00
-1.411688811993259129e+00
-1.338031910784301948e+00
-1.589673324463304560e+00
-2.319809674302266700e+00
-1.100281512539134532e+00
-1.457450926672070990e+00
-8.090392291031598404e-01
-1.679426939556708964e+00
-1.829576659412458062e+00
-8.531014365741156347e-01
-1.627704484192650902e+00
-1.719387472049929366e+00
-9.206894505069106449e-01
-9.733605695705275229e-01
-1.150037747402820942e+00
-1.424373049072733322e+00
-1.217247236069768368e+00
-1.044280222615235454e+00
-1.377783547774603878e+00
-1.413828528569839094e+00
-2.196252801481988648e+00
-1.422004698569943049e+00
-1.268580723044239633e+00
-1.083375438106324307e+00
-1.329342993484122992e+00
-1.356351228598989822e+00
-1.638406714897988170e+00
-1.375081321842178905e+00
-1.544071351221440569e+00
-8.947159912582485219e-01
-7.744372412347667600e-01
-1.109145982349237780e+00
-1.190246315801136934e+00
-9.752455401250716971e-01
-1.908203577904829640e+00
-9.250305128187451542e-01
-8.001692702712528416e-01
-1.017731710980920079e+00
-2.011598395213799684e+00
-1.551402127268649567e+00
-1.416467313711599285e+00
-1.490533160915862076e+00
-1.104494261982052139e+00
-1.980396733823952315e+00
-1.721342351868606846e+00
-1.353979190299987589e+00
-1.620869538466827686e+00
-1.249151858563726236e+00
-9.261075117575965354e-01
-1.316674878633651735e+00
-1.127924186488398650e+00
-1.144976680910173572e+00
-1.543906463502912718e+00
-1.428929826837306516e+00
-1.285782731375043619e+00
-1.009050490513409448e+00
-1.748834700407145615e+00
-8.473700913626348585e-01
-8.422053691823121468e-01
-1.608051166920024366e+00
-1.300139042376593723e+00
-1.058399007635973721e+00
-1.359394030131390929e+00
-1.088963034020534071e+00
-9.030130564851351904e-01
-1.258820913153574139e+00
-1.002513444330326298e+00
-1.403571944287513640e+00
-1.479993812004193998e+00
-1.364677954645963309e+00
-1.280333968270111811e+00
-1.092648880360935548e+00
-1.032291729379023026e+00
-8.509841447836975492e-01
-1.119249890892570320e+00
-1.472491743541820997e+00
-2.217089195873058305e+00
-1.061755760861098574e+00
-1.820985541823683995e+00
-1.080961968403403306e+00
-2.067362863142548246e+00
-1.786777780993425990e+00
-2.318910192236167678e+00
-1.087933598732828688e+00
-1.014842537797012056e+00
-1.954794828830214382e+00
-2.009353006584621237e+00
-1.922163226138376535e+00
-1.185542903706890527e+00
-1.240342006430706689e+00
-1.117960843086526213e+00
-1.344237023608371828e+00
-1.231761038350278170e+00
-1.168695548630010794e+00
-1.215202382181276297e+00
-1.748393200755596455e+00
-2.563763804104901567e+00
-1.179775548948603925e+00
-1.264017197586893237e+00
-2.461695538103018777e+00
-1.661705101582830357e+00
-1.085613163598851516e+00
-1.243878103416730996e+00
-2.629769497428108949e+00
-1.507460734326669494e+00
-9.066946779716182903e-01
-8.195382434317071141e-01
-1.230754938564032175e+00
-1.445921327536767720e+00
-3.291265834698420711e+00
-1.689338803445410431e+00
-1.672635049735524904e+00
-1.687128220859509531e+00
-1.719367447274740446e+00
-1.684769219097943971e+00
-1.614689848543966244e+00
-1.106276142763547243e+00
-1.705393602387574425e+00
-9.498201695524496335e-01
-1.422057513989430033e+00
-9.475854611589886733e-01
-1.253965994544267382e+00
-2.417079663771251941e+00
-1.368408452857907687e+00
-2.181627030418814339e+00
-2.083217182380059818e+00
-1.492884896028828123e+00
-1.409167940278962972e+00
-1.279101588209468510e+00
-2.060297873709413530e+00
-2.825831149026374778e+00
-2.717039909307235490e+00
-1.869503992932699976e+00
-1.496432011446571231e+00
-1.252039999392877023e+00
-1.314114220554068124e+00
-1.117488909196608038e+00
-1.384084208476987321e+00
-1.477891264380723824e+00
-1.949510872232833147e+00
-1.625137618259518968e+00
-1.585520958177686568e+00
-1.291597526233835058e+00
-1.387880112632831064e+00
-1.784723620141484890e+00
-1.235386442693597653e+00
-1.860022046759523207e+00
-1.742400870919585509e+00
-1.253931604799733979e+00
-9.898313020611969604e-01
-1.673354089068171513e+00
-1.020758395320595202e+00
-1.968942664425067379e+00
-1.061673552945153087e+00
-1.176325011403545506e+00
-1.772858130757994255e+00
-1.665411560045393147e+00
-1.346638119273101175e+00
-1.442521271787001735e+00
-1.499341835636824216e+00
-1.254245220167572672e+00
-1.181154233443134416e+00
-1.580869641701585282e+00
-1.298690851486371756e+00
-1.810044905876120991e+00
-1.477988346133037201e+00
-1.413676926576902915e+00
-1.268373131033255108e+00
-1.702093007746584563e+00
-1.826774741786950207e+00
-1.623100931368202327e+00
-1.452184541602729029e+00
-1.269627581931925819e+00
-1.510707039583083278e+00
-1.480330990902483768e+00
-1.049767352845542678e+00
-1.348328103295440616e+00
-1.114967356472805315e+00
-1.540230797062634771e+00
-1.717647918238089488e+00
-1.458763108609132830e+00
-1.087354777184023069e+00
-1.538379005117204157e+00
-1.803492370762327379e+00
-1.598157084850826415e+00
-2.130333268555464787e+00
-7.648858136389955487e-01
-1.429684035641910045e+00
-1.036238827859031097e+00
-1.635741200633865633e+00
-1.564823457013085450e+00
-1.239868568502696888e+00
-1.098070603602159911e+00
-1.833244361709127634e+00
-1.365038460597406633e+00
-4.016171008541856047e+00
-2.954482942189219141e+00
-1.649512342715913737e+00
-1.561813980886610276e+00
-2.060911396560931585e+00
-2.272066216537615091e+00
-1.556121339159423300e+00
-1.677738627435645391e+00
-1.690148300222484856e+00
-1.657222353299723450e+00
-1.787447184445231985e+00
-9.462438693011385737e-01
-1.549327694205723249e+00
-1.142161232419649064e+00
-1.451929206631653368e+00
-1.789886747103235809e+00
-1.914548424295674955e+00
-2.045389518264002060e+00
-1.195571870319373842e+00
-1.988894301882781601e+00
-2.028612823262794684e+00
-1.265727147359199778e+00
-1.880906180532663230e+00
-1.047752150567822449e+00
-8.926345336223434623e-01
-1.511260103320226644e+00
-1.033962094106229745e+00
-9.688191109255314126e-01
-1.684544753849597010e+00
-1.567406843669366223e+00
-1.625747956604778111e+00
-1.620889011607397956e+00
-1.026535211410722459e+00
-1.324539175181031814e+00
-1.441576984580121623e+00
-1.469924713623214529e+00
-1.460921057298809389e+00
-1.349541847159746677e+00
-1.096517199695426825e+00
-2.308191268591555545e+00
-1.420364281462644263e+00
-1.319840801995002977e+00
-8.475565197495054104e-01
-1.272967924766232439e+00
-1.925399798391669304e+00
-3.074354700155606857e+00
-1.013802947018524581e+00
-1.588958079565149228e+00
-1.512353348489444471e+00
-2.029126009315683987e+00
-1.128665481040541430e+00
-9.999402550564600034e-01
-1.293524329074141832e+00
-6.748565510238409004e-01
-1.578635008787494964e+00
-1.275085262164623590e+00
-1.087773614847386883e+00
-1.014528033949104735e+00
-1.945425216637394428e+00
-2.365294375705032870e+00
-1.939624511035981547e+00
-1.394951925048256269e+00
-1.068996288464541200e+00
-1.098960006748198381e+00
-2.138123911794734600e+00
-1.443349442433880414e+00
-1.779565875688102983e+00
-1.312737199873174720e+00
-6.977954155639921607e-01
-1.367862413390045218e+00
-1.895806234005740665e+00
-2.210583221097241591e+00
-1.008893656703805153e+00
-8.886054475492963789e-01
-1.550680236808936741e+00
-1.277424806343936181e+00
-1.375094628084649218e+00
-1.919209880564132442e+00
-1.212976143490821723e+00
-1.395337845165270041e+00
-2.549134650810642277e+00
-1.671758711305889156e+00
-1.650997275564076938e+00
-1.972104790443357070e+00
-2.623396465312020087e+00
-1.500709972162559414e+00
-2.939069537813302269e+00
-2.117180130279467498e+00
-1.788668865582650591e+00
-1.261819354457894837e+00
-2.290371449086149536e+00
-1.216730398931889390e+00
-1.511599082746975631e+00
-1.362286895438977963e+00
-2.077262796776982778e+00
-1.836429069493360489e+00
-1.080888773576953232e+00
-1.389702365939571305e+00
-8.858727694348801363e-01
-2.052520024029505397e+00
-1.629062945563643616e+00
-2.175327822123788835e+00
-1.640082466913165726e+00
-1.784659517210444246e+00
-1.056107524712583956e+00
-1.447169915882938085e+00
-1.976192435064863417e+00
-1.195416195979333684e+00
-1.024867892783379641e+00
-1.266525975553968841e+00
-1.869594188166406212e+00
-1.363775342995305451e+00
-1.893336437967688468e+00
-2.334239014204070983e+00
-2.471316611219118720e+00
-1.358173879391705974e+00
-2.514155089103722318e+00
-1.983805401387000789e+00
-1.069665395028273958e+00
-1.689379133478825956e+00
-3.041417515366755975e+00
-3.386327325357395335e+00
-1.775694783036935842e+00
-1.461198702207195721e+00
-2.508771874983082739e+00
-1.534111159235294730e+00
-1.943764178443604607e+00
-1.622191442234218961e+00
-1.300661726105526217e+00
-1.847548811193546747e+00
-1.948379817238935274e+00
-1.102787221148002095e+00
-2.887178648737624531e+00
-2.457423260216612615e+00
-2.350780136318008307e+00
-1.907527805901586326e+00
-1.474789038359533455e+00
-1.408542943832200134e+00
-1.724582600660941489e+00
-2.216946347286517849e+00
-1.050363959603289876e+00
-1.698481502055372960e+00
-1.215606612732551328e+00
-2.365891717690747242e+00
-1.932378326956019077e+00
-1.575005728815406902e+00
-2.898854018407300615e+00
-1.458319200124484905e+00
-8.273102419837503607e-01
-1.898648059414054234e+00
-1.388403011860169123e+00
-1.893348726953645533e+00
-1.932198583616283605e+00
-1.466805287789694656e+00
-1.878035373893548909e+00
-1.301334736276149373e+00
-1.213952370474308484e+00
-1.279005280360678398e+00
-1.275134162327806520e+00
-1.561748188158025963e+00
-1.531014237487895890e+00
-1.343553034910043964e+00
-7.054334026865050067e-01
-1.892576686817397658e+00
-1.665961323148603013e+00
-2.830486052275440034e+00
-3.025279900304176373e+00
-2.687793678992116408e+00
-2.284862588239725323e+00
-1.014927481545885968e+00
-2.664148736622581115e+00
-2.691611531412807512e+00
-1.526342617527443268e+00
-1.290958637965453404e+00
-2.045538029593428675e+00
-2.580646343447514202e+00
-1.505633616563214039e+00
-1.360853630535475256e+00
-1.608362976201777039e+00
-1.817263252688950281e+00
-2.944599120142168402e+00
-1.470442152137028335e+00
-1.310056333014716401e+01
-3.692177471043843529e+00
-1.458364505060878891e+00
-1.001895881597783644e+00
-1.586277449041114229e+00
-8.219599109283051153e-01
-1.941139104305604768e+00
-1.703129112388924948e+00
-3.786216599947167971e+00
-2.208712986984524562e+00
-1.182194735618161685e+00
-1.724827707351866968e+00
-1.877601842427626178e+00
-1.999780458596109645e+00
-1.594472728206892898e+00
-2.051940567449855202e+00
-1.551485457578041904e+00
-2.244589367449167927e+00
-9.940993100824147000e-01
-1.555001487700712115e+00
-2.965025909342049459e+00
-1.041455016623724417e+00
-2.937607567297354283e+00
-2.114686990167744085e+00
-1.683270825669748838e+00
-1.065905002583311756e+01
-2.125120862850806702e+00
-1.246804992478479646e+00
-1.682684260360594264e+00
-2.065183248161686524e+00
-2.203433077165271037e+00
-1.239825144676305779e+00
-2.620918950263739333e+00
-2.945709582168445806e+00
-2.186001326310507586e+00
-7.349311656467983900e-01
-1.622206413070871101e+00
-1.053858305805426054e+00
-1.580952565888422701e+00
-2.046167534006163358e+00
-2.000790752707261699e+00
-1.667947466346441088e+00
-2.068581135073502164e+00
-1.301282591726692583e+00
-2.083813149826670319e+00
-7.304210037284517565e-01
-1.642412269789030876e+00
-2.978631926113155970e+00
-2.493852219867048969e+00
-2.466002280129254931e+00
-1.326127776967877425e+00
-1.448067644254249053e+00
-1.311191458239815644e+00
-1.402064482684431068e+00
-2.112866666172852792e+00
-1.826321513481429681e+00
-1.397631099523828802e+00
-1.551063691560673474e+00
-1.016248556204844222e+00
-1.409415362372234748e+00
-1.634407618386668037e+00
-9.304691594084044670e-01
-1.532813778019861628e+00
-2.422839535117740528e+00
-8.470782456480276945e-01
-1.225204415609492559e+00
-2.239903047616583098e+00
-1.804068514624000752e+00
-1.957176823412100308e+00
-2.435647924405830445e+00
-1.863175183785729994e+00
-1.572519221343008144e+00
-2.434722270200363248e+00
-2.565067532820370477e+00
-1.146804421691093312e+00
-1.402980565864796469e+00
-1.611631845854793577e+00
-1.738990897399854463e+00
-1.479441852332836760e+00
-1.076504441536236367e+00
-1.421448835182758108e+00
-2.371375654960529822e+00
-1.912813955216550177e+00
-2.446222568852553625e+00
-2.222180125977003318e+00
-2.446783209603093479e+00
-1.718626028684759888e+00
-1.864969870878915970e+00
-1.688752053067066106e+00
-1.408337912376083967e+00
-1.556156421810957813e+00
-2.061839582944876792e+00
-1.110844810607203303e+00
-8.461317370965159013e-01
-1.999532741823293325e+00
-1.247834096925759750e+00
-1.421873538017070837e+00
-1.817505283559287310e+00
-1.658034521049921883e+00
-1.487231172621680475e+00
-1.309046604856427543e+00
-2.697615167662021030e+00
-1.750935797129141491e+00
-1.318290410614580077e+00
-1.278160427045591518e+00
-1.805546046779983760e+00
-1.541829177385495964e+00
-1.463319099798710443e+00
-3.374538912735033147e+00
-2.043192397478793776e+00
-2.423314852620739757e+00
-2.456959806086250531e+00
-9.660735509498629137e-01
-1.738562178119889445e+00
-1.579156333239834398e+00
-1.080935573962701124e+00
-2.104086090229023043e+00
-2.628076946546586079e+00
-3.019609795026777732e+00
-2.350507153179950404e+00
-1.445822745636011541e+00
-1.183863853727312510e+00
-8.512806681510586282e-01
-1.217194020670699039e+00
-1.387274256700908648e+00
-1.504393071096286727e+00
-1.696980681729729046e+00
-1.901438002741854261e+00
-2.090280933416738485e+00
-1.136282000869875519e+00
-1.736944999651712562e+00
-1.580900128205193544e+00
-8.289201739718533579e-01
-1.400332759248711811e+00
-1.149016745059810107e+00
-2.359869731384330205e+00
-1.235977191230317018e+00
-2.150989273018886649e+00
-1.911019561868378069e+00
-2.247171323900445383e+00
-1.467464157826962712e+00
-1.295839874296308425e+00
-1.694766397712475614e+00
-1.651614440369066683e+00
-1.964430928858406089e+00
-1.353243966879797755e+00
-1.776148348770631991e+00
-1.508615055893116619e+00
-1.715676395895526340e+00
-2.136591548584396261e+00
-2.410047713030388117e+00
-2.728740614894797023e+00
-3.934683230183531499e+00
-2.835015051804233632e+00
-1.353579957004021672e+00
-1.197431750603688894e+00
-1.392196118645984582e+00
-2.430342940463265045e+00
-1.320473508013447539e+00
-1.322696357940894352e+00
-1.346057488908232624e+00
-2.104388985171074200e+00
-1.609399153941991401e+00
-8.964837997753708487e-01
-2.241301993836064543e+00
-1.967411464057427395e+00
-1.462567210563587849e+00
-1.922963412967649832e+00
-1.875248185667044876e+00
-2.605882007200264194e+00
-1.855725743287770735e+00
-1.609373516243458369e+00
-1.558822132574538832e+00
-1.575365271001133438e+00
-1.818853200748849375e+00
-2.081742539248161883e+00
-1.571445947914906771e+00
-1.136289190741665012e+00
-1.142523122908725819e+00
-8.021738011058638929e-01
-7.379513392276011441e-01
-1.167509262078842092e+00
-1.811587517256906033e+00
-1.776267214456860533e+00
-2.401594014636446950e+00
-1.666063104017322161e+00
-1.483854963870603560e+00
-1.724745246936382648e+00
-8.905614106728999557e-01
-1.156056111735030978e+00
-1.575829713114194508e+00
-9.277495617813944495e-01
-1.713286229702557284e+00
-2.016952209227691029e+00
-1.458416834672608298e+00
-2.797485551749729904e+00
-1.070467358018924342e+00
-1.166346177932938932e+00
-9.382462125670351094e-01
-2.744465032456028908e+00
-2.766220556498251160e+00
-9.673915064609941439e-01
-2.463144898668137461e+00
-1.265779872626588753e+00
-1.562297728391392804e+00
-2.279223594785805496e+00
-8.847623290508197513e-01
-2.562383955009200687e+00
-1.530843691239880178e+00
-2.667376849609027101e+00
-1.546053215051385266e+00
-3.410950735414999713e+00
-3.278341453718269793e+00
-1.502527551244568604e+00
-4.054221439560010687e+00
-1.654488879553720038e+00
-1.713420645834067058e+00
-2.170476149079431316e+00
-1.499279177266096719e+00
-1.675443847008357912e+00
-1.340183459718293335e+00
-1.379284826177144208e+00
-1.279743876580283324e+00
-1.926795745024077577e+00
-2.400739573158342299e+00
-1.518111481352199865e+00
-2.082846557248037023e+00
-2.482065573674140602e+00
-1.106902782035332544e+00
-1.389898274661029776e+00
-8.532277874052285327e-01
-2.418311856249634850e+00
-9.394050456743516797e-01
-1.452632857202419414e+00
-2.219951328355493470e+00
-3.974236513979314545e+00
-1.645366500543842037e+00
-2.922295610982449166e+00
-2.254823136274167528e+00
-3.321457532311286709e+00
-2.669066421524044497e+00
-2.357955678595047289e+00
-2.518806871397487601e+00
-9.377972057557880659e-01
-1.801128513608549975e+00
-2.202079790027296369e+00
-1.153943176578280161e+00
-1.806471777452729022e+00
-1.471454296935401196e+00
-1.822299300796713872e+00
-2.324803728240157241e+00
-2.224349468303253197e+00
-8.752663715793530530e-01
-2.128184466844480038e+00
-2.300354896961357198e+00
-1.877212214254076361e+00
-1.944785748414578297e+00
-1.882553315734035060e+00
-2.946669981598494026e+00
-1.507322318765782043e+00
-1.588917297633986703e+00
-1.238525623058501113e+00
-1.397705611120917180e+00
-9.874120475871607239e-01
-1.730853447457464833e+00
-2.009508846490561051e+00
-8.821422637381380882e-01
-1.480132045825972575e+00
-1.230369565589437997e+00
-1.715232667790820953e+00
-1.476785619894546597e+00
-7.780801412497281300e-01
-1.180161923615031361e+00
-9.084777697463779500e-01
-1.184741303703615856e+00
-1.359739874641228585e+00
-9.793272680024864840e-01
-1.926530520268674662e+00
-2.113415416788339662e+00
-1.073055763794089179e+00
-7.619898568157117413e-01
-1.264322726201050351e+00
-1.466697601281491403e+00
-1.605075044410948504e+00
-1.777602878106136819e+00
-1.481352999354827782e+00
-2.138014914036645564e+00
-1.098546903717922962e+00
-7.872261451549379396e-01
-1.208357623576857609e+00
-1.707794111847043439e+00
-1.207557899967854231e+00
-1.321595085293070237e+00
-1.328386844881199291e+00
-1.125135040575498513e+00
-8.352761353682472967e-01
-8.452482923836294182e-01
-1.544697248032549375e+00
-1.028144048696451041e+00
-1.262547845845609196e+00
-1.400478736556362680e+00
-1.443801794981773856e+00
-6.817164615957055362e-01
-9.394690910254268612e-01
-1.335566625115673700e+00
-1.387045973473997051e+00
-8.252015527785856452e-01
-2.222468770271023519e+00
-1.493285618930125569e+00
-1.554372041475195365e+00
-9.250034153283831495e-01
-1.768915432846600355e+00
-1.475531911775500360e+00
-1.111117845779170388e+00
-1.211781003231277243e+00
-1.277837459369719708e+00
-1.367391871476036913e+00
-1.467044444617321197e+00
-8.851376588766034503e-01
-1.102300531047617937e+00
-2.241179729540273780e+00
-1.115406672588300729e+00
-1.997055443735795244e+00
-1.071030863576586611e+00
-1.638408312295779101e+00
-9.544495835340268686e-01
-1.806006807380510670e+00
-2.508096003510951189e+00
-1.911435122261685660e+00
-9.660061035648142003e-01
-1.268227544717334787e+00
-1.140382047006402333e+00
-1.257616023469761091e+00
-2.025321072740964290e+00
-8.443060176236860670e-01
-9.966573582116557972e-01
-8.793229053406753648e-01
-7.648161736209978523e-01
-1.481704847803677172e+00
-1.279290106878917088e+00
-1.283285169550519633e+00
-1.634052614189990704e+00
-8.146032049634571726e-01
-1.828107738390279735e+00
-6.219249912241848754e-01
-1.081081163738845774e+00
-1.090448738019385244e+00
-1.601956818499933988e+00
-1.478982986276280442e+00
-1.125783423529823635e+00
-1.629166573402293761e+00
-1.044192165155965801e+00
-1.310684890126862401e+00
-1.412022447897076427e+00
-1.237031434288837328e+00
-1.385757858079269100e+00
-1.600037938703393170e+00
-8.151404743053559665e-01
-1.045416785850913577e+00
-1.537426817736119222e+00
-1.259558826578977220e+00
-1.399772567762394671e+00
-1.543701061547998465e+00
-1.062011653731818273e+00
-1.186672887328909187e+00
-8.461042210084219750e-01
-1.471725576624668186e+00
-1.132272354297577666e+00
-7.892835155385548029e-01
-9.592121321661928324e-01
-1.267403167527122454e+00
-1.167936251487436072e+00
-1.558918371953177839e+00
-9.221400570550148945e-01
-1.086697526968451566e+00
-1.602793626736070509e+00
-1.054659937820159543e+00
-1.103207061069996886e+00
-9.961475705122382340e-01
-1.353922461383287201e+00
-8.015256512282280532e-01
-9.900561223600592431e-01
-1.264762917946216980e+00
-1.246780949362425339e+00
-2.259859240381440149e+00
-1.067854198077502703e+00
-1.226545352562363078e+00
-1.004019891213723259e+00
-8.102044838358664069e-01
-8.172453338101605125e-01
-9.843571605018173187e-01
-1.792781635909618254e+00
-8.574327604586169382e-01
-1.221403388282930269e+00
-1.927380815531657188e+00
-1.360401592457461284e+00
-1.556713675274981945e+00
-1.627236998944736612e+00
-1.858553813268686294e+00
-1.469146194836027597e+00
-1.351028850346409405e+00
-1.129374330258589687e+00
-1.348295286731107101e+00
-1.765341017016994751e+00
-2.092306136282801710e+00
-1.720419942647989808e+00
-8.071414005381991608e-01
-2.148855114318495296e+00
-1.290154064005905044e+00
-1.305298756483707967e+00
-9.795051417119774451e-01
-1.511730764705783159e+00
-9.949826153306627896e-01
-1.659241922123060542e+00
-9.999531332200094491e-01
-1.229679401871714983e+00
-7.490080637745539782e-01
-8.995836413633883089e-01
-8.344880392189373275e-01
-8.901268283776206935e-01
-1.160190285421311307e+00
-1.403469515338515716e+00
-1.709634455316410895e+00
-1.161807583158877888e+00
-1.114027957011509029e+00
-1.207436830854043519e+00
-1.430032662264858700e+00
-1.041159383814418193e+00
-1.376389134578181350e+00
-1.572399183777335230e+00
-1.832629198004825710e+00
-2.301719488337628849e+00
-8.473090849754312259e-01
-1.096259161478934985e+00
-9.221713914712239557e-01
-2.057400834364452979e+00
-3.607959944235124006e+00
-9.434071661547247523e-01
-9.441155288607988583e-01
-9.344173931102371933e-01
-1.445985181738639991e+00
-1.726507990318915775e+00
-1.471594257985282983e+00
-1.075192580935365960e+00
-1.151678941120903188e+00
-1.329664948082509790e+00
-1.245450814021801245e+00
-1.657698057641683986e+00
-1.052587788520048084e+00
-1.392125539659067712e+00
-8.017681952294225534e-01
-9.284865711197053395e-01
-1.295750134503885098e+00
-1.730652613281896235e+00
-1.349711226032317413e+00
-1.327965763300487101e+00
-1.199749529622427202e+00
-1.124104222937034159e+00
-1.278837402173182758e+00
-1.546624577556984903e+00
-1.219890225695070107e+00
-1.532313453255973013e+00
-1.562700087490815903e+00
-2.113650270273940368e+00
-1.639036263633088852e+00
-1.211440560327263549e+00
-5.608910693335668052e-01
-1.362788838499275235e+00
-7.710603410425780346e-01
-1.606138271391899019e+00
-1.670711780496539678e+00
-1.578380109878998461e+00
-1.042952021667068241e+00
-2.219711348876203250e+00
-1.019580862733103555e+00
-1.084679496659680442e+00
-1.226753580981772007e+00
-1.517685600155482817e+00
-9.715474530858230207e-01
-1.931941971660082746e+00
-2.069369483578261448e+00
-1.323635110369552281e+00
-6.737687072105911223e-01
-1.059004565364007000e+00
-1.716884829267265378e+00
-1.139637707065003891e+00
-1.907652315371244134e+00
-1.366111888094738047e+00
-7.661785716040079297e-01
-1.215350467886203933e+00
-1.589262101748162070e+00
-2.420487274979141734e+00
-1.693282418071377471e+00
-2.660550649533585332e+00
-1.866705809416980388e+00
-8.893827765445977418e-01
-1.371071851797700303e+00
-1.280551151355117101e+00
-9.108894568625839350e-01
-1.532101627246853504e+00
-1.609147679044813817e+00
-2.044795565088218137e+00
-1.372649837690157693e+00
-2.010531472851442736e+00
-8.805080571800275591e-01
-1.874411071076834689e+00
-7.564356579029238858e-01
-2.222980517203247519e+00
-8.990596772631577194e-01
-7.913718730176658722e-01
-1.238263153950226236e+00
-9.629401495714862147e-01
-1.651317525719331991e+00
-1.133062319548863828e+00
-8.769377944643083067e-01
-1.856786185549834212e+00
-1.172442887781965704e+00
-1.758445300961764213e+00
-1.758065278978423240e+00
-8.779536420423076359e-01
-9.517150417039695887e-01
-7.789939855734265839e-01
-1.926474611066874454e+00
-7.513485971013157405e-01
-1.372900603411730591e+00
-2.090122503806754573e+00
-1.427456574884581775e+00
-1.399456306666539973e+00
-1.047688358478761961e+00
-9.143330748511124817e-01
-1.300695036231840129e+00
-1.328200373821315949e+00
-1.702815694686524495e+00
-1.223839342205201852e+00
-1.531122881804254598e+00
-1.890462320954654496e+00
-2.526603473632679453e+00
-1.413158381337589642e+00
-1.802176853273733892e+00
-1.407194607614596027e+00
-1.391485869418699339e+00
-8.063531985453396000e-01
-1.203847785602859988e+00
-1.186826286517187024e+00
-1.682998668250594188e+00
-1.515456253458667524e+00
-8.959890117740885174e-01
-8.595577803233411807e-01
-1.994825253713662372e+00
-8.321917521417681041e-01
-1.979916319239074074e+00
-2.125511939378683657e+00
-1.118908766594498116e+00
-1.282917270502250018e+00
-1.145730893892128677e+00
-1.451263080144547413e+00
-9.921115580979873450e-01
-1.214509412887442297e+00
-1.021731924670742142e+00
-1.254623858860314245e+00
-1.638570919508161472e+00
-1.050091024402348472e+00
-9.129771827626916858e-01
-1.049871846731377234e+00
-1.596515857638321823e+00
-1.736889617977511957e+00
-1.305374033130824785e+00
-1.354028169087743150e+00
-1.073253944972492713e+00
-7.168965006550079844e-01
-9.529210382860294759e-01
-1.649736678977675508e+00
-6.685246629796608442e-01
-7.472745569541567878e-01
-1.575139465755668988e+00
-1.171771540213158769e+00
-2.544797749797703013e+00
-1.829256965767551923e+00
-7.723656595592295337e-01
-9.967151318223580470e-01
-1.722960146887640098e+00
-1.302882614301093422e+00
-1.883991265423666572e+00
-1.493776811574607732e+00
-1.589278514136191367e+00
-6.119763545883196709e-01
-1.078547503521340101e+00
-1.736877730025579769e+00
-1.063064418428230518e+00
-9.098256638352445469e-01
-1.577595542708574383e+00
-1.513639507411919105e+00
-1.010364155115495599e+00
-8.130794954263971253e-01
-1.092590882371455185e+00
-9.919294560011374662e-01
-2.275374753182120457e+00
-1.719546532466158517e+00
-1.629232309838912096e+00
-1.074637774108821331e+00
-8.437822127463617816e-01
-1.355645524359673004e+00
-1.253004138104000686e+00
-1.370509702380515726e+00
-1.038722479681816857e+00
-1.358065953699947759e+00
-1.580888568994349042e+00
-9.262710902511660516e-01
-2.171211370470714108e+00
-1.864499187747714171e+00
-9.819149678117482516e-01
-1.043691927723185531e+00
-9.396738323718791808e-01
-1.343101379931790351e+00
-9.738868133836732222e-01
-1.192317555382779615e+00
-8.757091432891842553e-01
-1.402396109159980586e+00
-1.199571580216582500e+00
-1.340436859001826742e+00
-1.066035376026700066e+00
-1.377923940491006860e+00
-1.605016453969284163e+00
-7.994838226612552834e-01
-1.359012012537049952e+00
-1.560507962234312318e+00
-1.543219262121475310e+00
-1.326985171432171429e+00
-2.212443846346086040e+00
-2.016537304458084545e+00
-9.315209188622696201e-01
-8.998752016050663993e-01
-1.529645501986406142e+00
-7.908316663447303441e-01
-1.275242227631697922e+00
-1.918588999120678817e+00
-1.531821074058364207e+00
-2.032597284694776629e+00
-6.702702417793613421e-01
-1.265817863349641303e+00
-6.954653823006174962e-01
-7.094388941624248934e-01
-1.093200428558986470e+00
-1.210460469081914736e+00
-9.960691665716763232e-01
-1.303251432748003369e+00
-1.088474187350995326e+00
-1.723442316701874200e+00
-2.300804630167222253e+00
-1.778077881348304912e+00
-9.788135930657201333e-01
-7.303890978305217496e-01
-1.262354376765501662e+00
-1.114463094867969906e+00
-1.418340689413083888e+00
-1.668272062306474623e+00
-1.163290043494761949e+00
-1.143932837048875717e+00
-1.304163525583738714e+00
-1.017959774793458561e+00
-1.038637535491297559e+00
-1.481081488885582331e+00
-1.460546785295913752e+00
-1.077452598158145980e+00
-8.597206476117891238e-01
-1.166292290115217067e+00
-1.727903538467162381e+00
-9.778650347137098908e-01
-8.173310086540362951e-01
-1.036544868929450747e+00
-1.454983651770951125e+00
-9.912417640245000383e-01
-7.104808417517405328e-01
-1.513317295003577367e+00
-1.251062094229415944e+00
-1.429096249959661113e+00
-1.048389461677951440e+00
-1.490568939476552668e+00
-1.297657838752608761e+00
-1.724720129046068529e+00
-1.182712975473221961e+00
-9.908931698942423649e-01
-1.422016670249934167e+00
-1.421696894433971181e+00
-1.282873148287134279e+00
-1.080980165780427216e+00
-1.047397464317508575e+00
-7.745806351324323602e-01
-1.351963353441605786e+00
-1.553458306764436969e+00
-6.506728728730262201e-01
-1.466722024908990507e+00
-1.241539199926637194e+00
-1.005866532967716109e+00
-1.497677755699136526e+00
-1.047915668619151308e+00
-1.987222338207681682e+00
-1.136911334604274737e+00
-1.348596569468083928e+00
-7.322573547943954653e-01
-1.142474454089273950e+00
-1.430732553640185589e+00
-1.487331946187417930e+00
-8.668297935118894904e-01
-1.054814971887775732e+00
-1.736376376097267915e+00
-9.928622731706149285e-01
-1.296905234488459735e+00
-1.526666282376862860e+00
-1.259938850973018498e+00
-9.237867036425957412e-01
-1.049098009171353763e+00
-1.513684913967110690e+00
-1.873426379486527571e+00
-8.144482417083178660e-01
-1.244833909657687920e+00
-1.244745517764089371e+00
-1.664443710486015249e+00
-9.776285058598399580e-01
-1.425572336563152964e+00
-1.008049386548329984e+00
-9.576138138471537165e-01
-1.372539763787441025e+00
-1.239018983857370415e+00
-8.921229921396587326e-01
-1.075551541564458313e+00
-1.206708723562933461e+00
-1.318379145357029270e+00
-8.573626756694440187e-01
-9.629522465779238871e-01
-1.540727295579401801e+00
-1.176398564858041285e+00
-1.175198834914669366e+00
-1.128834754873036639e+00
-2.241996456011234873e+00
