-1.655196649556775768e+01
-2.418131462531530929e+01
-2.656133947539226270e+01
-2.484283751966209763e+01
-2.493100465999538784e+01
-3.073643184902446635e+01
-2.369591463852488289e+01
-2.496932006066783316e+01
-2.469123160574354614e+01
-2.449975632446673046e+01
-5.260352185414964410e+00
-2.490511260121044401e+01
-2.598995081304180843e+01
-2.219404949950574135e+01
-2.732680283948866418e+01
-2.933440475113446411e+01
-3.425376065295228756e+00
-2.590165332389871367e+01
-2.500741848594763539e+01
-2.051467467371042375e+01
-2.485877704821255207e+01
-2.382769925644811693e+01
-2.143586895048350627e+01
-4.843954783956857746e+00
-1.961334322501080507e+01
-2.684556096790855761e+01
-2.318938221805818856e+01
-3.367092664464266960e+01
-4.559524527734060939e+01
-5.244763998372825853e+01
-3.789941581759022426e+01
-1.831874772075063618e+01
-3.496089540823134456e+01
-4.424340195745404003e+01
-4.342093143693798396e+01
-4.613279805707232128e+01
-3.290076451660331003e+01
-3.866724807285790178e+01
-3.459247536534472545e+01
-2.719827437806806714e+01
-1.995762053978923234e+01
-2.441893662142322796e+01
-1.981438901734680869e+01
-1.937055570761535606e+01
-2.155331951412932057e+01
-2.449591120874664796e+01
-4.187096593452734439e+00
-2.634431794323548104e+01
-2.376207705110063984e+01
-3.344376019886151141e+01
-3.798363428014832976e+01
-2.968633458820067261e+01
-1.824979185672448523e+01
-4.120238686137233763e+00
-1.714360503334128927e+00
-1.401060324842997318e+01
-2.441413972391884712e+01
-1.705814452922034619e+01
-1.857942578926606458e+01
-2.174066910395574936e+01
-2.321229484130337184e+01
-2.262307456457215693e+01
-3.076528225840515773e+01
-1.079461659935851614e+01
-1.664529534417139089e+01
-1.970151345123769104e+01
-1.435811237236655380e+01
-2.505956194810977067e+01
-1.607202064890488913e+01
-2.544907971996684637e+01
-1.541180452779371990e+01
-8.852680983675961457e+00
-1.359322140620604813e+01
-2.439430400952035782e+01
-2.379196297469164278e+01
-6.461086625459921073e+00
-4.256463154461646248e+00
-3.044666718034723996e+00
-2.292681287765822873e+01
-2.098965078051430311e+01
-2.369042064837060124e+01
-1.831304789002121680e+01
-1.996920661903089211e+01
-1.192197813722135002e+01
-1.667856523622686282e+01
-1.798472743933353257e+01
-1.527765296473591228e+01
-8.546216306749608194e+00
-1.504979039502434901e+01
-1.723374501505491097e+01
-1.976609404632643674e+01
-1.833429064793602592e+01
-9.434157319863667013e+00
-3.225594403941363542e+00
-1.749244444708080337e+01
-2.073945817072899089e+01
-3.467705893301037179e+00
-2.298459466332295165e+01
-4.311001504185712463e+01
-4.524468968228762122e+01
-2.191378673599788129e+01
-2.135266937576388102e+01
-2.220148341947593451e+01
-2.662129670846957552e+01
-2.660209086075287033e+01
-2.569945149331818612e+01
-2.396188841082283005e+01
-2.126132960168106933e+01
-3.596884617833094921e+01
-3.089763951792029317e+01
-2.623802295371104165e+01
-2.471359962208213190e+01
-2.750834326752536185e+01
-2.198504370525621709e+01
-2.377888900175005915e+01
-1.705975272662398368e+01
-1.455412188021052522e+01
-1.813879745491313855e+01
-1.710678562218700804e+01
-2.000972272547850750e+01
-1.909738198661074193e+01
-2.114205317850269950e+01
-1.521326941159548873e+01
-1.592831768013728677e+01
-1.555032810943803767e+01
-5.883596890296578508e+00
-1.017158661053857038e+01
-3.740123154446482356e+00
-6.360869161283888573e+00
-1.645963727097266238e+00
-3.005283743055458423e+00
-4.871662800138989446e+00
-1.671046737763944279e+01
-8.895926352545178162e+00
-1.629270234704734222e+01
-1.815113850680687424e+00
-1.184062689965365145e+01
-3.014096508344845216e+00
-1.107303768172457481e+01
-3.922570385460558473e+00
-1.341326958514513379e+01
-2.770467904089724431e+00
-3.539865390180513494e+00
-2.982761123527572611e+00
-3.309549570605465618e+00
-2.255830277301031472e+00
-3.825137780757350559e+00
-2.410567929808725030e+00
-4.005548556324249887e+00
-2.587508486593467438e+00
-2.725550349422190433e+00
-2.834197327752344453e+00
-2.644562981675114610e+00
-1.946254595627739503e+00
-6.739109511261611729e+00
-1.896031462948222224e+00
-2.232034958348465548e+00
-2.197169637788930263e+00
-2.049007665939008849e+00
-1.920614550432649281e+00
-4.222843429951152139e+00
-3.489610203194302152e+00
-1.517832247005579616e+00
-2.683916925767142470e+00
-1.356544880883150617e+00
-4.019483270429833333e+00
-1.753325020588270000e+00
-2.898889085185524905e+00
-1.743435655335608070e+00
-4.069430255816390840e+00
-2.475342937825746326e+00
-1.746838935686145344e+00
-2.234981831121856999e+00
-1.424511151084859817e+00
-1.947415504803948982e+00
-2.752335381930594682e+00
-1.606923230575814321e+00
-4.609737312691220446e+00
-1.678706211911004109e+00
-2.320768491047000115e+00
-1.686302304434066812e+00
-3.042375485768867183e+00
-1.478840078522468238e+00
-1.742893016656680727e+00
-2.044513347732197062e+00
-1.740048414423809975e+00
-3.929987140600618822e+00
-3.207352320472318663e+00
-2.410781770513105826e+00
-2.179294655277066450e+00
-1.766812120349003701e+00
-2.319126162152321147e+00
-3.687132447908994859e+00
-3.277021813767147851e+00
-1.977377472966969307e+00
-2.404546187287246006e+00
-4.075045069964453148e+00
-2.206357412605043589e+00
-4.150171277585886997e+00
-2.257076601085333145e+00
-1.617281762682162283e+00
-2.926286865818504168e+00
-1.849178938298361219e+00
-3.331388304106176701e+00
-3.126565851997637591e+00
-2.120754895702559928e+00
-2.778698309560998059e+00
-1.883821444177247395e+00
-3.086502681296453332e+00
-1.578928902484244778e+00
-2.439055299471220462e+00
-5.249074174449216201e+00
-3.043727317958229150e+00
-2.817159754474837019e+00
-2.545984299934684891e+00
-2.295606304373844164e+00
-4.419779326712153456e+00
-1.459359266590495086e+00
-2.342951790121093225e+00
-2.312540979080874859e+00
-2.463524923183458171e+00
-3.175853481258151589e+00
-2.327711251900709044e+00
-2.974778836718718456e+00
-3.929766992603787923e+00
-1.825049353264963647e+00
-3.325147879940542950e+00
-9.870730436924167961e+00
-1.543269478675717510e+00
-2.008948316047268090e+00
-1.837964050087748991e+00
-2.426674256155494813e+00
-1.473686048226713563e+00
-2.665601500801576762e+00
-1.794965734636159604e+00
-3.357504031576689751e+00
-2.582864066509288126e+00
-2.122021330428829344e+00
-2.693483814250152264e+00
-2.060988464898559691e+00
-3.405217227763250865e+00
-3.870948918953146300e+00
-2.766806077976780909e+00
-5.743264748330906500e+00
-2.133230659142070440e+00
-3.710137055611306689e+00
-2.259098250196602820e+00
-2.025336298467692586e+00
-3.030936464034310163e+00
-2.285139339329672836e+00
-4.188375796254626415e+00
-1.878852113733222806e+00
-1.426494115413489139e+00
-1.061767103518192368e+00
-2.103516078449725768e+00
-4.075930468810897267e+00
-2.319321979153763369e+00
-2.162432295591655951e+00
-2.781611336056818207e+00
-2.054612618102810373e+00
-1.706773863698957117e+00
-2.243652049124825520e+00
-2.853842662465672753e+00
-3.279045607088636682e+00
-3.217156964234994643e+00
-2.825153695283867616e+00
-2.077092046999649000e+00
-1.961643967458408966e+00
-2.833614584500780520e+00
-3.167339316953476036e+00
-1.311539665870705917e+00
-2.717166729126783586e+00
-2.142956354622857162e+00
-1.697281810115211620e+00
-2.732934579162496824e+00
-1.765304910413666439e+00
-2.173118646425374223e+00
-2.750555667369660728e+00
-1.321272929796982076e+00
-2.283300789473983183e+00
-2.568963584995264338e+00
-3.317736088580611309e+00
-2.349591422886991410e+00
-2.682708464158238826e+00
-1.730249936637335395e+00
-3.274682631480529071e+00
-2.982873793116363359e+00
-2.526788185331615644e+00
-2.109753262138589491e+00
-2.625300490031019063e+00
-5.156231548779203422e+00
-2.373127246451205430e+00
-2.251059991519580805e+00
-2.455596758454069217e+00
-2.518290906936690554e+00
-3.033069909643672180e+00
-2.287573479549054767e+00
-2.149509319123279472e+00
-2.467544644494863437e+00
-2.786527271655736548e+00
-7.759716287319802674e+00
-3.850159029969456803e+00
-2.179119982991759130e+00
-3.796229795658328854e+00
-2.424470347368561374e+00
-1.249302205489439377e+00
-1.183156059416237582e+00
-2.109373060678577438e+00
-2.468937713888603280e+00
-1.649165558677948340e+01
-2.735429869799987923e+00
-1.497763500613081611e+01
-1.170331372923910074e+01
-4.421960361101106685e+00
-1.228705135952029082e+01
-2.628566078995086652e+00
-1.845108579006458749e+00
-1.454059897343872088e+01
-3.384220972594495613e+00
-3.555942400616159738e+00
-8.351172958823871895e+00
-3.801739707360222376e+00
-4.328694236236233728e+00
-3.074399176184785532e+00
-2.924211633006749356e+00
-6.964527678784643072e+00
-3.443218555861427888e+00
-3.722316744196149330e+00
-1.327423913444565251e+01
-1.412773058771573886e+00
-4.009829250416388824e+00
-1.895026983207806381e+01
-1.383693226064712434e+01
-2.156193833497263679e+00
-4.924094835328882702e+00
-4.565968600933069332e+00
-2.028418513180293203e+00
-7.191632109431241204e+00
-4.405029658312445306e+00
-2.038240648118105902e+00
-3.095499251327392454e+00
-3.323238815135642010e+00
-1.353031415948564309e+01
-4.228994644153975635e+00
-3.477604876462473626e+00
-1.802243762079381417e+00
-2.279979969505211645e+00
-2.677079355595573862e+00
-1.810289978909251474e+00
-2.168151496274083545e+00
-2.742481962186183786e+00
-2.817918046644786401e+00
-3.149666361922688562e+00
-1.761147611726142870e+00
-2.980823149299515862e+00
-2.235862863546501877e+00
-1.141448237986726610e+01
-3.576673219239277390e+00
-2.965838321668823774e+00
-1.012690363943405814e+01
-2.106137071073677092e+00
-2.314832561484359896e+00
-2.893858233602861763e+00
-4.431615539473233945e+00
-3.439983884705528183e+00
-1.776833211273348256e+00
-3.051315694820068813e+00
-2.709569211683559686e+00
-1.664543093050208311e+00
-2.422637723308884716e+00
-1.252230132492765335e+01
-3.707061054548681511e+00
-3.849106117886961886e+00
-2.053992555506147788e+00
-1.374519923833563695e+00
-2.573979345042626932e+00
-2.416574416049225071e+00
-1.279602866942541439e+01
-2.528477663011171828e+00
-7.992968136941773771e+00
-3.566862872276604701e+00
-1.518633422914152220e+01
-2.700875422029275441e+00
-2.239204841230332477e+00
-2.603392081695322435e+00
-2.850099060369371440e+00
-2.975531813181634178e+00
-2.184016237063765686e+00
-3.299928802325140520e+00
-1.218334080870483671e+00
-2.321552028892176267e+00
-1.780174759719356903e+00
-2.597212605248456541e+00
-3.742531710531285416e+00
-2.813574634356856841e+00
-2.253914756220651405e+00
-2.126118941553704733e+00
-2.251726513991431311e+00
-9.416218279302310812e-01
-1.023485261090062881e+00
-2.512126811321083508e+00
-2.257901544445310549e+00
-2.377243359731607164e+00
-1.685464104942953956e+00
-2.136632562366870491e+00
-1.362346099311999126e+00
-2.458655822149367065e+00
-2.822929716497745822e+00
-2.500172401776880271e+00
-3.616280512322432195e+00
-6.166341091258011886e+00
-1.919435813135613955e+00
-2.545261153146903599e+00
-1.701013953464370232e+00
-1.849716669326908924e+00
-1.938026569883216421e+00
-3.179571342728415129e+00
-2.309296372720768709e+00
-2.978104785203449456e+00
-3.522564585542929727e+00
-2.549075594609648387e+00
-1.294630688034789534e+00
-1.924119051887787757e+00
-1.501203007525778510e+00
-2.983682978017756948e+00
-3.107778114093354027e+00
-1.783497839857708600e+00
-3.340159177044629057e+00
-1.725974278261997563e+00
-2.467642497833436810e+00
-1.093478786523775392e+00
-3.157375121266624785e+00
-1.337012907360227265e+00
-1.641872274715677538e+00
-1.966855051380429487e+00
-1.735067151097346549e+00
-1.656245132129205100e+00
-2.230613392496962444e+00
-2.017114429215170368e+00
-1.787619861711757796e+00
-2.151444631319379575e+00
-3.668580084930249008e+00
-2.633061517903526827e+00
-2.383145118390280981e+00
-3.575202330725510080e+00
-3.615906115375423280e+00
-2.995387334756004272e+00
-9.587420674359034223e+00
-2.469695905117180956e+00
-1.544012972683742824e+00
-2.595916901111002151e+00
-3.024386323725469339e+00
-2.078220266370158775e+00
-3.234270107456896692e+00
-2.510893276826605014e+00
-2.679128716608939698e+00
-2.222336003550377193e+00
-2.037368470567313405e+00
-3.695607977816993017e+00
-6.242474116343678325e+00
-2.382605311124924796e+00
-1.835059835940862305e+00
-2.427258262543075418e+00
-2.169322238933654834e+00
-3.337958994145346914e+00
-3.315381090875670900e+00
-4.580133203474879622e+00
-2.715890550432078943e+00
-1.859312649226735337e+00
-3.890009266307558278e+00
-2.599434313732593704e+00
-9.960364924942263443e+00
-1.354384613178243413e+01
-4.436768003185546760e+00
-2.470541513649735954e+00
-2.404374169114658955e+00
-2.903101510304274768e+00
-2.417102582910866104e+00
-6.072972756192388744e+00
-2.001800351603151285e+00
-1.669496810107931495e+00
-2.344711607608891413e+00
-2.440875450226807963e+00
-2.363738252547303631e+00
-2.022300146694957945e+00
-2.629218172634737893e+00
-2.233488357007030967e+00
-2.267965404410418717e+00
-1.688374601324207358e+00
-2.301195120634565328e+00
-3.276891600876997046e+00
-2.152224957822875151e+00
-1.283216146760626231e+00
-3.969285859736468414e+00
-2.538499513293748677e+00
-1.251899009105858385e+00
-2.468093479034968674e+00
-2.917305042384086722e+00
-3.214330256527362817e+00
-2.451579309975364218e+00
-3.936557958690226844e+00
-2.384743515038403316e+00
-1.697586058701628486e+00
-2.855175364592423826e+00
-3.333768911024683756e+00
-3.290700316076385690e+00
-3.306675543218881685e+00
-2.277334718808271763e+00
-1.736128691569103566e+01
-1.828963784376281509e+01
-5.440825133987092777e+00
-3.368485204727384552e+00
-2.616463327961980667e+00
-3.539341533348644653e+00
-3.226872150279488594e+00
-1.940752511246678580e+00
-2.335988134825750073e+00
-2.385153599986197470e+00
-3.018072404958185739e+00
-1.847542735135262681e+00
-3.497157383399114305e+00
-1.638740082159695133e+00
-2.773475463214028380e+00
-3.393488232609663591e+00
-3.033183183521486193e+00
-2.567936298924853755e+00
-1.263400254327625838e+01
-4.020310603421553886e+00
-2.300295723883951204e+00
-1.228344893502341506e+01
-2.078721620901403444e+00
-1.889576991351087587e+00
-6.433122466724864097e+00
-2.232220574788291856e+01
-2.138159953879773667e+01
-3.139087988051414424e+00
-2.373046884627640907e+01
-4.018337196914650633e+00
-1.944420170273421533e+01
-2.533595916736256726e+01
-1.616374372334669074e+00
-2.552573916512107388e+01
-2.176348969926320542e+00
-4.305434570802739280e+00
-1.720488986473011295e+01
-2.518529198615939535e+01
-3.201242108935724140e+00
-2.155380993781735910e+01
-1.869566451003453267e+01
-2.471873561826579913e+00
-3.154268055168401919e+00
-2.100999935316329559e+00
-1.898760531481310565e+01
-2.757592236349527326e+01
-2.933420783470129578e+01
-2.274986819146515060e+01
-2.519251951893550512e+01
-2.854108013715548253e+01
-2.991463037145086190e+01
-2.596757483780713471e+01
-2.690523709064533975e+01
-2.485222892597185762e+01
-2.763651687422730419e+01
-2.848056904507842546e+01
-2.867632285731816211e+01
-3.026600560074529866e+01
-2.430080299266409938e+01
-2.253743726796813718e+01
-1.899651102876644870e+01
-2.014549335965436683e+01
-1.818653716039005275e+01
-2.064707376924182114e+01
-1.442454485622334204e+01
-1.816037661610035769e+01
-3.795779763137522522e+00
-2.118752133619463685e+00
-2.323878950167353796e+00
-2.485336153815168814e+00
-3.460657898553447076e+00
-2.656986135852427822e+00
-2.824624404812951184e+00
-2.974496142103934204e+00
-2.185335453154720664e+00
-2.285439348625425637e+00
-3.703759624685607044e+00
-3.830199835880848891e+00
-2.949235450029060956e+00
-1.868824731478725187e+00
-4.035338673421493993e+00
-4.806220038871703792e+00
-1.470939118058061545e+00
-1.739481571292256001e+00
-1.496992207279598919e+00
-1.432281815348386722e+00
-2.474460471396027206e+00
-1.321828216651880883e+00
-2.213557550381007655e+00
-2.557994657093134894e+00
-2.936374696542285889e+00
-1.161279774354226912e+00
-3.042407529193653648e+00
-2.717690449568578526e+00
-5.827915310054320841e+00
-2.915880965871744834e+00
-6.507428167998918767e+00
-2.255760627708625954e+00
-3.608173520627191877e+00
-3.570784804404777191e+00
-9.491910943038941895e+00
-2.369448646115096313e+00
-1.752903624766819268e+00
-2.402786284573063647e+00
-1.823375304247829565e+00
-1.287066807307756244e+00
-3.798917370274789818e+00
-2.073167289053698958e+00
-2.568405882431098686e+00
-2.918949365350535174e+00
-1.874942448584950405e+00
-1.675678763960442241e+00
-1.398581292986677838e+01
-2.134273869832050252e+00
-1.991860386729576105e+00
-3.203618247054564883e+00
-5.838494739726309390e+00
-2.037027618256795591e+01
-1.730501592440082703e+01
-2.491067759149420624e+01
-2.462269988622674433e+01
-2.682269552581053418e+01
-2.653177188149137322e+01
-2.688785460156238827e+01
-2.465776785219363987e+01
-2.518897452728248254e+01
-2.349774798652245167e+01
-2.506423497473094741e+01
-2.395739929550516933e+01
-2.269040202681048513e+01
-1.417045752645058343e+01
-2.377341774262588192e+00
-2.879935696179335203e+00
-3.335426824338539653e+00
-2.345344295186089223e+00
-2.223633281536716133e+00
-1.871939384738420031e+00
-1.674887345613276679e+00
-3.038406449997089531e+00
-2.596521037884382821e+00
-1.331615713127849210e+00
-1.857389053985419869e+00
-2.344557448012182910e+00
-2.693962394843720798e+00
-3.087956190046674543e+00
-2.019589323261119951e+00
-1.646520066582523967e+01
-4.153693032509860217e+00
-3.768357409992897811e+00
-3.481060522238148547e+00
-1.864638163981311791e+01
-2.160477090825398516e+00
-2.292854210015397243e+00
-3.630644237475176617e+00
-2.183380096128289427e+00
-2.918853019268812243e+00
-1.438806966849746161e+01
-2.197850059972493941e+00
-3.837059438326121175e+00
-1.238965349356633716e+00
-2.943719127704266914e+00
-2.896762486418262839e+00
-3.900701489192921034e+00
-1.363939648801604854e+01
-3.122353230648757805e+00
-2.678602133999717694e+00
-3.859779389354006440e+00
-7.360206661627682223e+00
-6.828182562020787216e+00
-4.055786016254933735e+00
-2.204110667175756078e+01
-2.351654282183214661e+01
-1.961402911449791731e+01
-1.894970236209978154e+01
-5.595841000414879751e+00
-1.759929553552449732e+01
-1.967103093727470053e+01
-1.705740040181983019e+01
-2.125470891423793773e+01
-7.604049502092549595e+00
-2.076080407493512325e+01
-2.615243641035911182e+01
-3.123970522357373270e+01
-3.187976204329865837e+01
-3.794593457610058351e+01
-3.230703941830194026e+01
-3.284557599109270143e+01
-3.055662496501805592e+01
-2.852337875932960642e+01
-2.475361640003633568e+01
-2.347829341167282990e+01
-2.214346235145783837e+01
-1.946646014464885255e+01
-1.970953247932812147e+01
-2.386357037341440801e+01
-2.472814203716257353e+01
-2.087839880543473825e+01
-2.029840312065833174e+01
-1.997909286140556162e+01
-3.698624877387975740e+00
-2.571769752290196553e+00
-2.913936609342740791e+00
-3.292883397234747989e+00
-2.123656008238137272e+00
-4.155485522162576828e+00
-2.689910429542881065e+00
-2.573453385682708205e+00
-1.670719196376765936e+01
-4.742707938033213111e+00
-2.129706904899507425e+00
-5.435687020283105575e+00
-2.828981622891921788e+00
-7.650771959373017239e+00
-3.234904302783764507e+00
-3.154982214743113023e+00
-2.208188850493107314e+00
-2.780358673426310379e+00
-3.512866273754053470e+00
-4.876281995098622701e+00
-1.234539666222433496e+01
-1.016392253267447110e+01
-5.699565413252187795e+00
-2.468412579631485304e+00
-3.382294549957921781e+00
-2.416589078602037421e+00
-2.969325365363812974e+00
-3.730323923421424492e+00
-6.162150923876763109e+00
-7.186845077177073549e+00
-5.484533389390774616e+00
-2.041254188612460663e+00
-1.643489965386243812e+00
-2.865896130988564661e+00
-3.413586929024722938e+00
-1.839042689036111788e+00
-2.340840724687436314e+00
-2.995685611901632406e+00
-7.932010269941315528e+00
-2.887987825390934571e+00
-1.665653518930509502e+00
-1.984336509028211681e+00
-1.926033452443928207e+00
-3.658602368837026386e+00
-3.981886023019155729e+00
-1.557152374264549444e+00
-1.167868804961655682e+00
-2.764088971183170429e+00
-2.667666934256267997e+00
-1.382909939868701921e+00
-1.972615862729657277e+00
-2.261490586620872545e+00
-4.178257298649339369e+00
-2.413336756994956200e+00
-2.433580362699034882e+00
-2.886494203772585809e+00
-1.722404549160849729e+00
-8.299278892927323126e-01
-2.941483796826215080e+00
-2.079877869840787596e+00
-2.520372822411934610e+00
-2.716084786498290882e+00
-1.982086498479702197e+00
-2.051568588449492303e+00
-8.872641389013205426e+00
-1.636886879306667542e+00
-2.479101438683319003e+00
-3.894866403169616298e+00
-1.914261355042870205e+00
-1.971427477303506315e+00
-1.788602403669680596e+00
-1.673588899098769733e+00
-3.159294025682541474e+00
-2.268051660654110790e+00
-1.619461480487391469e+00
-1.848298045290711400e+00
-2.901540533786849174e+00
-1.476789932721640719e+00
-1.366454972970882809e+00
-2.179224559243255310e+00
-1.344896081814864752e+00
-1.543606480378215240e+00
-1.620577616360361795e+00
-1.902425231435054487e+00
-1.339962459029407471e+00
-1.229021767904891860e+01
-5.245450628319339614e+00
-4.206492950478335047e+00
-3.663535246201619078e+00
-2.997024956742322832e+00
-3.147659262091463628e+00
-2.670331725051861671e+00
-2.409665238663885933e+00
-2.765047827036235528e+00
-2.192104146416521182e+00
-2.466803668153068063e+00
-2.359197243790039700e+00
-2.031530023754468228e+00
-1.997824915317999883e+00
-2.175783726514444627e+00
-2.057179498027739140e+00
-2.454602852894879561e+00
-1.871992175028121874e+00
-2.562900837071446780e+00
-2.078953600360310183e+00
-2.075104491988731148e+00
-2.269985370403548863e+00
-2.251533499977923292e+00
-1.787203880483268392e+00
-1.452194744986665897e+00
-2.539679823083745180e+00
-1.510907584645213797e+00
-2.090518186622088326e+00
-1.807919376718937432e+00
-2.272682433899420928e+00
-2.229964883513661622e+00
-2.679362361942703608e+00
-3.087042070468026811e+00
-4.257622600580774019e+00
-2.245770113897552989e+00
-1.891104115359437232e+00
-2.410712310530585878e+00
-1.624169506086188042e+00
-1.525740130421046947e+00
-1.925704963031638517e+00
-1.696260302287904809e+00
-2.968185527619356723e+00
-1.571526426839392254e+00
-1.960091865232479247e+00
-2.476757188510387842e+00
-1.594296913879088118e+00
-1.522519737572304299e+00
-1.376930500356634779e+00
-1.711511073987672438e+00
-1.941519168437289444e+00
-2.198599378043594399e+00
-1.913071783955428762e+00
-2.049465072160459922e+00
-1.855437531204157553e+00
-1.436044221245673880e+00
-1.669179049315537622e+00
-1.395541243011427568e+00
-1.558423014075769109e+00
-1.906102892990784392e+00
-2.503286238523921181e+00
-1.546166210311180178e+00
-2.700093557199287009e+00
-2.278105446798753597e+00
-1.892947466547754365e+00
-2.310314034007944439e+00
-2.473514700854524850e+00
-3.591933700586322775e+00
-2.523508401369738419e+00
-3.610190660102702953e+00
-2.111483706089925860e+00
-2.982945757138857790e+00
-1.917428658292599675e+00
-2.096653076143226713e+00
-2.748762146026144659e+00
-1.381722301019854049e+00
-2.323076233808483160e+00
-1.956658206857867732e+00
-1.810926328198101176e+00
-2.088739407951814009e+00
-1.120636689179799195e+00
-1.445691286508856255e+00
-1.678025291022853693e+00
-1.680271189174729507e+00
-1.631367302465441593e+00
-2.128403812483353530e+00
-1.672930111197427960e+00
-2.676109984488918236e+00
-1.838816645702884722e+00
-2.062227253458969400e+00
-3.385811985330902107e+00
-1.825048759115197150e+00
-2.359683346013963234e+00
-1.468296161009210232e+00
-1.680587864816923238e+00
-1.919659496630731654e+00
-3.352302699693665566e+00
-1.548353362877632255e+00
-1.481999784392393993e+00
-2.125074407245007180e+00
-1.389217021130368712e+00
-1.970865470464088220e+00
-1.458213876567370004e+00
-2.211504285571749939e+00
-2.920681984497432548e+00
-2.275182976347180475e+00
-1.900505853093533704e+00
-1.639307537378128066e+00
-1.627760678017335039e+00
-2.807976953654699681e+00
-1.603764791849249027e+00
-1.470239203061937117e+00
-1.507147070669865307e+00
-1.980218263170669513e+00
-1.618812612787643657e+00
-1.543251059694863203e+00
-2.339460295973841752e+00
-1.710270057994915271e+00
-1.587251433774536702e+00
-2.267341319706854375e+00
-1.488561039517333429e+00
-1.773814444829773240e+00
-1.624996238974516283e+00
-1.617892276759812065e+00
-1.606408004118442756e+00
-1.350528067414710875e+00
-1.900677011858677323e+00
-1.384625116900314534e+00
-2.200583048760988536e+00
-2.658064789442748488e+00
-2.154175265441948373e+00
-1.520111737113938988e+00
-1.329142028882043247e+00
-1.445749506079288871e+00
-2.643105092597363814e+00
-1.746630842568496433e+00
-2.232659477332835429e+00
-1.003079999442294090e+00
-2.332853939868327231e+00
-2.236888542834160276e+00
-1.406400055485398148e+00
-1.441143893019931843e+00
-2.405446505667391044e+00
-2.414181328782196267e+00
-1.665701549464781328e+00
-1.951728652800844177e+00
-1.654259500396614069e+00
-1.344623870405602828e+00
-1.413707707604879404e+00
-1.362241844439959326e+00
-1.344086457359425113e+00
-1.500648220948952671e+00
-1.145584291233267216e+00
-1.379222446774643673e+00
-2.029145049900817455e+00
-1.957375911694605231e+00
-1.472627741782323252e+00
-1.222953401135304485e+00
-1.617876281292894403e+00
-1.499231024528808742e+00
-2.331844901498339340e+00
-1.078329455837910178e+00
-8.937001781139919387e-01
-1.894270491412742174e+00
-1.622332233602678864e+00
-1.552830158545104755e+00
-1.961370757302418832e+00
-2.217722225326583807e+00
-2.303087953569606050e+00
-1.182346195235041364e+00
-2.286244635657382229e+00
-2.444387767545864509e+00
-9.522691787235076921e-01
-1.736220878132562317e+00
-1.913213948516824026e+00
-1.972184994308690431e+00
-1.546701772709904832e+00
-1.018282661429667613e+00
-1.967236661177742096e+00
-9.394018627462196180e-01
-1.880046426904297796e+00
-1.336055379891241124e+00
-1.448964600122301549e+00
-2.887826737803592003e+00
-1.479001707871770099e+00
-3.313693016168009375e+00
-4.220893983179860420e+00
-1.348566129825597093e+00
-1.553029844660907655e+00
-1.760919634414594315e+00
-1.626462690391436539e+00
-2.236388402834483369e+00
-2.381899872098401261e+00
-2.012769738564122779e+00
-2.171165105776057036e+00
-1.537275821812726706e+00
-1.008027354682067722e+00
-1.206021642420281648e+00
-3.540454950026556968e+00
-1.497577952395610534e+00
-2.815978306874690862e+00
-1.925224948278047021e+00
-1.611564709681734264e+00
-1.335493865616408593e+00
-3.426007696408720271e+00
-2.339968226055863632e+00
-2.050766440891427234e+00
-1.674909443485806948e+00
-1.884116411682407621e+00
-1.601082878128271769e+00
-3.534804591662073392e+00
-1.949349850606994172e+00
-1.141620819949143106e+00
-1.298612717569529229e+00
-1.812121639410488649e+00
-1.298854085515190437e+00
-2.297825489085327799e+00
-1.713149574592138347e+00
-1.967591261535878377e+00
-1.369631063429461060e+00
-1.857865736626888253e+00
-3.029790270452167533e+00
-3.423003236652021997e+00
-1.724579451336033964e+00
-2.990603534828153887e+00
-1.831404200295365881e+00
-2.014958731069272257e+00
-2.737420781925781199e+00
-2.010522070327722677e+00
-1.890185621869413968e+00
-1.255383509215272086e+00
-1.300620456706199413e+00
-1.339218470448137577e+00
-1.357805755911105861e+00
-1.179951235019376599e+00
-1.540828963109065697e+00
-9.795206386068403548e-01
-1.403802890342586984e+00
-1.439056499438499781e+00
-1.424801757069744212e+00
-1.066086637001301574e+00
-1.900207633966177090e+00
-1.143320935357863499e+00
-6.873861725540808543e-01
-2.195338552423407918e+00
-1.513564354257870948e+00
-2.170605555078660931e+00
-1.242351563121053992e+00
-1.437622265016935463e+00
-1.185500113548319412e+00
-1.564177119453634246e+00
-1.254961325657789395e+00
-9.735967283249901127e-01
-1.067435309044832081e+00
-1.350430964495262787e+00
-1.661472088295417926e+00
-1.855524689777978686e+00
-1.760942008567349060e+00
-1.367829535630514792e+00
-1.729799217298580327e+00
-1.240091105004756056e+00
-2.299293935466516725e+00
-1.461012415943280685e+00
-1.949144925567699138e+00
-1.503520622789170647e+00
-2.670022467618880846e+00
-2.316111480552503377e+00
-1.834943642245044471e+00
-1.876925062452185600e+00
-1.947868304759031721e+00
-9.411599393408689451e-01
-7.003301805258841384e-01
-1.111528477507866430e+00
-2.124191909586628402e+00
-1.105377369437020363e+00
-1.151514857539535086e+00
-2.010767105077197581e+00
-1.518333894591024302e+00
-9.662196932388296133e-01
-1.344710407089086290e+00
-1.096285200712801888e+00
-1.915791991251966975e+00
-1.616836164426959765e+00
-9.361202267341541816e-01
-1.349288606733235918e+00
-1.155081629629520767e+00
-1.734539279973901671e+00
-1.345780752989103046e+00
-9.615882015844401387e-01
-1.658883185221252887e+00
-1.105024279585152369e+00
-1.153355948751734861e+00
-1.165350175958261181e+00
-1.892868989471340857e+00
-1.251429778496049749e+00
-1.327287686617382834e+00
-9.742027553179811727e-01
-1.621651070453039800e+00
-1.380105346112860287e+00
-1.483609749924156063e+00
-1.238241344105545316e+00
-1.601070115353296464e+00
-1.171157529683221510e+00
-7.364312305644891143e-01
-1.240515675659598971e+00
-1.034318127964795275e+00
-1.734321295348587366e+00
-3.014411617477049443e+00
-1.763182556634233622e+00
-1.263036650149924167e+00
-1.764838978852993900e+00
-1.204181020004030378e+00
-1.026448755099283794e+00
-1.595233583294365154e+00
-8.969289186254634227e-01
-8.813179013238464643e-01
-1.242776643491999566e+00
-9.276943677735740579e-01
-1.200649150609883753e+00
-1.200314686085948601e+00
-1.082320158583186309e+00
-1.612912532781410668e+00
-8.137613706050904616e-01
-1.177325608670382717e+00
-1.361032535747530137e+00
-1.079225670876491794e+00
-1.440979929133918480e+00
-1.557944084007555574e+00
-1.102483383564847097e+00
-1.068085091749564119e+00
-1.240336545880611041e+00
-1.552708907714333009e+00
-8.432038206011028825e-01
-2.076462470839500529e+00
-1.303591024677567711e+00
-1.137448515763902712e+00
-1.326208328160364491e+00
-8.624217798827512604e-01
-1.014549708563950992e+00
-1.003859430921663520e+00
-1.403309724797868308e+00
-9.903780408320679296e-01
-1.106912598808776016e+00
-1.648193489297701042e+00
-9.535264933950112765e-01
-1.130156141604180986e+00
-1.817691590614791020e+00
-1.122233058549900298e+00
-1.845992668476232001e+00
-1.372949258224917646e+00
-1.344627714248129102e+00
-1.311702880303230234e+00
-1.451697665890520961e+00
-1.097510129042125193e+00
-1.390382715811390835e+00
-1.005884730366099378e+00
-1.257356628300714707e+00
-2.168965519592191526e+00
-1.797630466233468116e+00
-1.617080017866231900e+00
-2.438861698088204744e+00
-1.258537740781995318e+00
-1.389433512712667129e+00
-1.691300962154089316e+00
-2.650118554679083971e+00
-9.968808865953679987e-01
-1.072726740577127691e+00
-1.636832566711533765e+00
-1.753002428710798810e+00
-1.385760059966558710e+00
-1.558011194480832584e+00
-2.209518505642851682e+00
-1.202817710396779649e+00
-1.670669495302338436e+00
-2.360932195112205534e+00
-2.097053550595001425e+00
-1.730022173815600084e+00
-2.204413152078763094e+00
-2.103644814027798571e+00
-1.446276588630069027e+00
-1.141554230182430407e+00
-2.215383413859199013e+00
-1.402995521574624149e+00
-1.586046435345926486e+00
-9.569385277330624273e-01
-1.508019848416537023e+00
-1.224562540276009859e+00
-1.089514269515054812e+00
-2.059337729314761667e+00
-1.179693740579543793e+00
-1.649421371640895195e+00
-1.661431190513309897e+00
-1.692209951711999949e+00
-1.788577857477956501e+00
-1.813797733839220161e+00
-1.723172835984577711e+00
-1.564233522172083557e+00
-1.996354162363627838e+00
-1.565941643008696760e+00
-9.028545582043200346e-01
-1.032636418296190906e+00
-7.254524820679408847e-01
-1.012134223809198152e+00
-1.054953270293929046e+00
-9.198459791909930905e-01
-1.043469042824200166e+00
-1.082752064790124980e+00
-1.515642184777621582e+00
-7.915882507625333631e-01
-8.839269698761115235e-01
-1.429495286112692387e+00
-1.686955503014486490e+00
-1.003873415391098867e+00
-9.660755289629654463e-01
-8.255292446937776418e-01
-2.023073588360234432e+00
-7.184639273434211271e-01
-9.083469335391347599e-01
-9.533201110561816405e-01
-7.928252913033591032e-01
-1.047877876281815279e+00
-1.213743601544693629e+00
-1.167443414954620007e+00
-8.883228734053786324e-01
-1.041263674255944460e+00
-1.261244829962874459e+00
-2.252432857128781496e+00
-8.034886053746522760e-01
-6.917877766830115016e-01
-1.126971381053210264e+00
-9.971149490935469206e-01
-1.325372816291787270e+00
-1.004060179704923561e+00
-1.267754868255793976e+00
-8.398686362984766340e-01
-1.135696710347813054e+00
-1.079772203722023871e+00
-8.128541773154817074e-01
-1.024963811014349968e+00
-1.063234707520527955e+00
-8.046938137104937550e-01
-1.076321979717727917e+00
-1.154694139034236455e+00
-8.021276925419235093e-01
-9.140802401122689602e-01
-7.930321575216560115e-01
-9.858537683094451554e-01
-9.099239801097144253e-01
-8.738944093743489239e-01
-1.062494472946658552e+00
-1.059803103045127370e+00
-8.001840449697767976e-01
-1.354407296438377095e+00
-1.683339514607325782e+00
-1.706961979963590226e+00
-9.785538395861729244e-01
-1.460657362542914894e+00
-1.106909233983009777e+00
-8.827595015038329773e-01
-9.539758172451885399e-01
-1.307422864781072169e+00
-8.964002275886785442e-01
-1.030972177953699331e+00
-8.154861001575404167e-01
-1.165542555205348441e+00
-1.009551720084898019e+00
-1.424255305884043477e+00
-1.224954525182286424e+00
-9.874165075330533226e-01
-9.689702076107244988e-01
-8.092615566551736306e-01
-9.070080695081926825e-01
-1.096187935159149252e+00
-9.929845112292390308e-01
-1.953606721380417355e+00
-1.296369326887547579e+00
-9.314532423949500872e-01
-1.370356481922055281e+00
-1.069040486733910944e+00
-1.196819652584672156e+00
-9.874622893058552231e-01
-1.222924556377501082e+00
-7.505547593131249862e-01
-1.103958379039762683e+00
-9.482041678764417947e-01
-9.622443060626351130e-01
-1.027933351199731060e+00
-7.765862434904922118e-01
-1.576406140328770134e+00
-1.058880344393857476e+00
-1.177271718068145567e+00
-8.571772165026777524e-01
-9.696367005360069236e-01
-1.512731318884653620e+00
-1.364759742943961962e+00
-1.216040597333077455e+00
-9.243845876188128141e-01
-1.004442238020617939e+00
-1.205213370968968745e+00
-1.365967172780523819e+00
-1.243071423504077844e+00
-1.058658010662865800e+00
-7.828308562642265489e-01
-9.429716858615794228e-01
-1.221408136960625779e+00
-9.678027263972687200e-01
-7.639483863432706690e-01
-8.561235918240397424e-01
-1.172982503418899869e+00
-9.821686763935018050e-01
-1.055288850003905043e+00
-1.126225843441466479e+00
-9.272714856971011610e-01
-9.105412623411158757e-01
-1.941855101525895799e+00
-1.038880658371033716e+00
-1.960223267966721972e+00
-1.174867495134782391e+00
-9.916832813239100375e-01
-1.369865838871301422e+00
-1.064259735729760292e+00
-1.394950868073561834e+00
-1.118907288746988193e+00
-1.317699666334389841e+00
-1.020832500325161263e+00
-1.360677869790458017e+00
-1.036164742350061285e+00
-1.141484979390062993e+00
-1.085852297089300089e+00
-9.946361754455231852e-01
-1.276941348183211034e+00
-8.714313751193575319e-01
-7.790079771296883893e-01
-9.869316618685151088e-01
-8.572210402845594768e-01
-1.392363672967595001e+00
-1.337826112430394732e+00
-1.162277803848260183e+00
-8.157965208282569325e-01
-9.579011067505205368e-01
-8.104010001760523219e-01
-9.584089314827819450e-01
-9.926048173513593031e-01
-8.427900663414045201e-01
-1.170607882335820360e+00
-1.244846447082246899e+00
-1.085774249301422634e+00
-1.662646362889873108e+00
-7.678225698519288711e-01
-9.893250356512379717e-01
-9.338263191748973346e-01
-8.945997733848057853e-01
-8.723216883837039415e-01
-1.160357897431723240e+00
-9.892440683701088089e-01
-7.510233328885072002e-01
-7.555377677645358503e-01
-8.156914213134280889e-01
-1.127567286146302417e+00
-9.904600207142610913e-01
-8.358258223458682190e-01
-8.090079984278890635e-01
-8.944871323244680816e-01
-9.276004666979461577e-01
-9.219892910171323397e-01
-9.278394456581815497e-01
-7.037944206335902120e-01
-1.004329905794890454e+00
-1.111855430056738925e+00
-1.500764052067044219e+00
-1.215882966080599203e+00
-9.392554691712611259e-01
-1.228628310854844585e+00
-8.804900419909459375e-01
-5.569486652402603211e-01
-7.920646182557917747e-01
-1.014886714565302439e+00
-7.995199779480008928e-01
-1.230762028718831447e+00
-8.159415201259805350e-01
-8.599692037515286325e-01
-1.000061228716687456e+00
-1.139635260357871660e+00
-1.316168207763934950e+00
-9.519733489523952708e-01
-1.132303751875495923e+00
-1.413314961701098493e+00
-8.861204801898738825e-01
-7.422220047318426328e-01
-1.211078150347192794e+00
-1.301560993145817191e+00
-1.225869301503466069e+00
-1.025333575495652960e+00
-1.217324348510109733e+00
-9.388116752547045474e-01
-9.959903396155429522e-01
-7.880806271033206079e-01
-8.751718416953480073e-01
-1.884706831835029517e+00
-9.134181927971556370e-01
-1.254662096624131973e+00
-8.982636204262299806e-01
-9.556677152954832222e-01
-7.633666268319826420e-01
-9.673487668912775783e-01
-1.676426896527122512e+00
-8.128593939683890213e-01
-1.149844391235438135e+00
-7.180543400870631476e-01
-9.641797657203345917e-01
-1.056316158993365617e+00
-8.044010963854794083e-01
-6.777951519032403560e-01
-9.095873613756747522e-01
-8.453919287250947212e-01
-1.033221807565227968e+00
-8.913962070973814322e-01
-8.341867575376614719e-01
-7.871858996318797930e-01
-9.786144348457310738e-01
-6.717674706729724887e-01
-8.360456416507670019e-01
-1.846536602494422752e+00
-1.092930352348480794e+00
-1.040593136685888709e+00
-1.244309025618362874e+00
-9.921503420536187390e-01
-7.209045684226441653e-01
-8.399678480518780743e-01
-8.700418166414018994e-01
-1.313416377732525842e+00
-9.447219975497053168e-01
-9.978800697614880200e-01
-7.397122461073273314e-01
-1.011518771000991856e+00
-2.179258178370715004e+00
-8.525802836376195071e-01
-9.131490461927113111e-01
-6.751769498272915948e-01
-6.689727492123872521e-01
-9.113814357247739251e-01
-9.721318574600104068e-01
-7.715369076035554219e-01
-7.504102594029042894e-01
-1.052831141372075230e+00
-9.322726811878425668e-01
-8.385221009573512463e-01
-9.524607694053941476e-01
-9.453842288541987049e-01
-1.042147240116161333e+00
-7.947572819640110753e-01
-7.985046089852316786e-01
-8.280344583173148143e-01
-9.172644002666673346e-01
-8.490328612746687043e-01
-8.248655588940226879e-01
-8.556448819244715231e-01
-7.346450766922033582e-01
-7.565116190562364284e-01
-9.113093697184779796e-01
-1.454464568503820221e+00
-8.570646418885415896e-01
-1.065859025772757596e+00
-7.869749413412777672e-01
-6.527745771277230213e-01
-8.142552343182575258e-01
-1.130002402656574922e+00
-7.099059388623023548e-01
-1.131292799718385922e+00
-1.031255063580217346e+00
-1.227930701092751820e+00
-5.934345576867827710e-01
-7.720243446497628836e-01
-8.581530812977741229e-01
-9.055140267113662711e-01
-6.578294206234384101e-01
-8.372823725507941850e-01
-9.064982315252420042e-01
-7.803587162278802225e-01
-9.505290758650006833e-01
-9.899241329824443048e-01
-1.614673919513172073e+00
-7.183687719286269147e-01
-7.270368781094995736e-01
-8.196019704161295882e-01
-9.218960164497750354e-01
-6.149217802896471685e-01
-8.962373175611477727e-01
-7.310152319928855391e-01
-1.067357490573080492e+00
-7.124953494840509105e-01
-9.954564181629527164e-01
-8.166879551633186018e-01
-9.675745104679847053e-01
-7.034728825871213731e-01
-8.561238857675568248e-01
-9.086915220072310229e-01
-1.098584201863049392e+00
-9.086377787752756285e-01
-6.745695187240499102e-01
-6.706834080101274909e-01
-5.981415563100209720e-01
-1.606036767791491515e+00
-9.937242535703617596e-01
-1.434129946507437969e+00
-1.198784112784197387e+00
-2.007723967981005941e+00
-1.212370981270979309e+00
-8.002346146884166123e-01
-8.713047484854862246e-01
-1.050931528101537449e+00
-1.399381264765102939e+00
-8.481106783063669941e-01
-8.890622144110023051e-01
-8.244230247072242834e-01
-7.632862943671977485e-01
-6.600498731070170155e-01
-8.293291369917192846e-01
-9.126155207503067190e-01
-7.506403256674737401e-01
-9.279384996898176752e-01
-7.768783783995095726e-01
-6.819946991583598628e-01
-8.574109253413734200e-01
-8.707298533153902120e-01
-9.091775864794932049e-01
-1.401353831849117215e+00
-1.253391253927003346e+00
-1.062501786166987650e+00
-1.000502475114251277e+00
-1.384539031311685653e+00
-7.927389785094358654e-01
-9.137942919259194330e-01
-1.063158638848682225e+00
-7.745469462195536670e-01
-7.906890606537329003e-01
-8.114711216408012628e-01
-1.109752337430060631e+00
-7.796636300096129180e-01
-8.044223584912231217e-01
-1.115430567239752868e+00
-1.126110895995227512e+00
-6.909077674650988543e-01
-7.004142689664200061e-01
-6.701555052719576633e-01
-5.645809515194928352e-01
-1.139811591943477920e+00
-7.914394821458178297e-01
-8.574222533130211321e-01
-7.972689431729900189e-01
-7.328247099152030986e-01
-1.287851456533120054e+00
-9.555229683875937630e-01
-9.976704499658450853e-01
-7.950419570733364694e-01
-1.057987551636274670e+00
-9.649239351843428292e-01
-9.454855957530214905e-01
-5.786639477796398090e-01
-6.252987591984737747e-01
-1.121193705862126411e+00
-1.108161252399627816e+00
-6.510425941303887853e-01
-1.238818812136949887e+00
-7.203488418530534787e-01
-6.480718650978524176e-01
-8.319287553254657297e-01
-7.989382637813358112e-01
-7.617567863591874211e-01
-5.985843531271053397e-01
-1.202638855537541795e+00
-9.509226529854227783e-01
-6.836351708302673691e-01
-5.973370946308996787e-01
-8.201167928554697895e-01
-1.004219719452476900e+00
-1.044645267598192984e+00
-8.918186674350851995e-01
-8.552818135980598813e-01
-8.646714174364679151e-01
-7.531992068552636477e-01
-1.030306671274254571e+00
-8.429475403789586929e-01
-1.339618599939709442e+00
-8.846252572826913685e-01
-8.018237452916880947e-01
-8.139192626163636035e-01
-9.070128808249322550e-01
-7.614798316687620972e-01
-1.125085940243973459e+00
-6.962943102502249237e-01
-6.964222615007529260e-01
-7.881875527255177705e-01
-7.741550873287376122e-01
-8.535612040554863000e-01
-8.287339257798419512e-01
-6.574026750592917301e-01
-1.015367955657238808e+00
-6.560621367370781387e-01
-6.896129632241364549e-01
-8.778429273669324795e-01
-6.863773742923634513e-01
-7.226848343699051602e-01
-6.029668738068919565e-01
-9.342139952931867164e-01
-1.228097473988064792e+00
-1.252430715234265302e+00
-6.515371771965700054e-01
-1.953906314077312967e+00
-7.501835236846973176e-01
-7.261566016759926079e-01
-7.382829508472383839e-01
-9.367140292918857414e-01
-8.634532094186418982e-01
-1.765366726612437320e+00
-7.048023613189359216e-01
-8.682744593669300404e-01
-1.314682957821643017e+00
-9.091749039185178516e-01
-1.323750464220289080e+00
-8.153460734499202722e-01
-7.698442336475642689e-01
-5.470620840750883840e-01
-7.174168567314420653e-01
-7.397042495357382119e-01
-1.225006354600915337e+00
-6.697888204464023110e-01
-6.291260814496106857e-01
-7.888977569526589573e-01
-9.040129536331309446e-01
-9.243346253604117768e-01
-7.723873477850285996e-01
-8.782188249326802199e-01
-9.931528330066319299e-01
-1.531408492820004685e+00
-1.233362153928960758e+00
-7.648801903972975991e-01
-9.693861542491138961e-01
-1.390222161013605184e+00
-1.225140116450039951e+00
-1.274708779701402506e+00
-7.790899771593244871e-01
-6.595777327818973523e-01
-1.039374873197567606e+00
-1.111995079175366330e+00
-9.607497253266967796e-01
-9.439622729855380312e-01
-7.008295519814338181e-01
-9.603543463918434719e-01
-8.869633357220216840e-01
-7.610994247558482417e-01
-8.032391508965381899e-01
-7.763288661541108970e-01
-7.672686484423298925e-01
-1.088402849972871733e+00
-9.604538709478277481e-01
-8.341476544057639941e-01
-9.158338834675060491e-01
-8.897745549808290244e-01
-6.678624401812334188e-01
-7.428721748578572814e-01
-1.033157836346750846e+00
-5.992076916052127000e-01
-1.135742428556408390e+00
-6.479616974656976502e-01
-1.494117480088302363e+00
-8.764680408605391992e-01
-7.778365624187112415e-01
-1.731345812076425794e+00
-1.119495088785325665e+00
-6.486879733190396013e-01
-1.094244098149072419e+00
-1.007442505541036093e+00
-1.044371147907466435e+00
-1.039376891575827466e+00
-8.167315516275763798e-01
-1.016069561687880762e+00
-8.917797038067201143e-01
-7.916873463365363683e-01
-8.451561064888326591e-01
-8.394799897464325644e-01
-9.768338518534909198e-01
-8.466150526384702557e-01
-9.657693710156682876e-01
-1.342526609049573771e+00
-9.637425685831242372e-01
-9.782399685213364338e-01
-6.535966091606836281e-01
-7.419056673912911570e-01
-9.341087529330761585e-01
-6.898694059930469136e-01
-1.230270128556428366e+00
-1.173642308444209359e+00
-1.180659421300485956e+00
-9.524248926191680731e-01
-1.501409039454606464e+00
-1.000175899514323952e+00
-8.979233991386291747e-01
-7.407467625331976002e-01
-1.166161277992425083e+00
-6.404081694071837028e-01
-7.243812720992132137e-01
-1.894706242838243293e+00
-2.105315619012301021e+00
-6.168988066754670374e-01
-7.358936901180582746e-01
-6.699330529149983837e-01
-8.470679870216273333e-01
-7.976593499378961116e-01
-1.044725522388842975e+00
-6.161598935806746891e-01
-6.969014349359807792e-01
-8.702575855332200794e-01
-1.246959409179811962e+00
-1.001978357296318567e+00
-9.833234919760922566e-01
-8.013765364800981006e-01
-8.104651375382808665e-01
-1.709698336097100313e+00
-8.812633673429585146e-01
-9.019963284245094970e-01
-8.370402056323680284e-01
-5.677638434686993474e-01
-1.535964405092052898e+00
-1.153336365707712918e+00
-1.319710095296104946e+00
-1.034103067666267473e+00
-1.414675093212625523e+00
-8.029946077328073972e-01
-7.914993067438250707e-01
-7.365879919749626081e-01
-9.028399165637299717e-01
-1.093856799563452276e+00
-1.755407621335698831e+00
-1.104746933875890402e+00
-8.602735837496836568e-01
-1.845945224091730008e+00
-7.889328961172973331e-01
-1.153134974861255602e+00
-6.577266904090838251e-01
-7.541489668455579887e-01
-8.040604505673659697e-01
-1.209513870660129164e+00
-1.155368686263051892e+00
-7.531752709617193231e-01
-6.321845543296937819e-01
-1.130580522393621168e+00
-8.708904879844630020e-01
-1.533790220288922646e+00
-7.281407821250328594e-01
-1.349810737834286734e+00
-7.242474022905867059e-01
-7.118294431406247957e-01
-1.151736327033756169e+00
-8.092229116674324318e-01
-9.331600964266517639e-01
-9.128291441283143959e-01
-1.126856114412219556e+00
-6.482039554142661197e-01
-7.847276123898070388e-01
-7.026195778635010436e-01
-6.929969966992520769e-01
-1.852447472070041012e+00
-7.429590023396793752e-01
-8.294394758679721757e-01
-6.950444388509408045e-01
-8.065820496090320146e-01
-1.330688601964369777e+00
-9.202259819967819610e-01
-8.273811032187481374e-01
-9.664136491485977309e-01
-1.128017911787821737e+00
-9.258896733251216205e-01
-1.512596354935918042e+00
-1.273966459158323516e+00
-7.139425318125487419e-01
-7.815686767208891439e-01
-1.008529782646006234e+00
-6.576777562045953429e-01
-9.891533771305367484e-01
-1.237755057527319291e+00
-9.013143269733637775e-01
-9.483634385383641341e-01
-1.033456254617715064e+00
-1.129273524373779480e+00
-1.160600415915784556e+00
-1.332007110695273333e+00
-1.205697088506558545e+00
-1.762003638538309769e+00
-1.191424680785889922e+00
-9.330645572101031737e-01
-8.061771266897854726e-01
-7.188082944908970040e-01
-1.205309884154890376e+00
-7.679460572894712955e-01
-8.277369310355120469e-01
-7.810913315599936624e-01
-1.003482909250718702e+00
-8.012175015983010740e-01
-9.178133578342313470e-01
-8.103666438839007835e-01
-7.747037313007942849e-01
-1.743526402045853185e+00
-8.952512121623767971e-01
-6.208652187475652839e-01
-6.978019666922040676e-01
-1.081715277324145852e+00
-8.450486270967034752e-01
-9.211481981701287181e-01
-6.725508717016503990e-01
-9.851196497533646346e-01
-8.735467968764477620e-01
-1.581133101541022379e+00
-1.014029195986993370e+00
-7.049165831063429755e-01
-1.003629667346205068e+00
-8.515710856109881544e-01
-8.085115707057650702e-01
-8.838037223492619665e-01
-7.291161121923656063e-01
-6.831850617896259026e-01
-1.571574151903933014e+00
-9.051680155270908079e-01
-1.258201783153399811e+00
-1.413035494611517340e+00
-5.560878661765907838e-01
-6.581837497471987319e-01
-7.016143155454542812e-01
-1.015082387134788711e+00
-8.064072233236228016e-01
-9.387780073134376346e-01
-6.941867638340211144e-01
-1.019809020303465985e+00
-1.346469513784560146e+00
-8.032873524579323687e-01
-7.046397658232685934e-01
-1.088485368856370705e+00
-8.797758153579333662e-01
-8.020015579835022557e-01
-8.296518389289829765e-01
-1.094605259301158373e+00
-1.045622563735367994e+00
-9.294957356028408224e-01
-9.491776751802067924e-01
-1.560062704758285790e+00
-1.147007249842314724e+00
-1.033489818892752155e+00
-1.318071745457250588e+00
-9.057729042323092727e-01
-9.843418154799746800e-01
-8.286060223574660544e-01
-8.763232659508563005e-01
-6.577413655164404682e-01
-1.472530200635445041e+00
-6.672494313863951421e-01
-1.044143704853499388e+00
-7.031113050511222928e-01
-6.633275359456703990e-01
-8.611297480278022887e-01
-8.240829548837591556e-01
-8.640396070613364232e-01
-9.575309954825715897e-01
-6.953023709000928365e-01
-7.955298779236522622e-01
-1.167403284973221878e+00
-5.819638301122317392e-01
-7.101253793994775076e-01
-7.102725670013738668e-01
-9.497028328496968097e-01
-8.071619112098454840e-01
-7.765112149568362820e-01
-8.044438716195411176e-01
-8.628685397993227646e-01
-1.186889857115619229e+00
-6.696180526347782491e-01
-7.182442505600998839e-01
-7.707177520777049873e-01
-8.079925944586183739e-01
-9.117567060299702764e-01
-8.118348141341305002e-01
-1.237701689467442634e+00
-6.509579313161476533e-01
-8.327553957089425252e-01
-1.073602971131389250e+00
-1.444278641891878046e+00
-8.573644510512267169e-01
-8.065629361603479097e-01
-9.011897375100906826e-01
-5.630074985572766089e-01
-6.411737906955762289e-01
-1.081397340927523265e+00
-7.237722174667320374e-01
-6.301081666138552695e-01
-9.114716168223269133e-01
-7.250474116122785917e-01
-1.010201878646042939e+00
-8.445166476564310853e-01
-7.515778931041789956e-01
-6.687996032412536485e-01
-1.024904752146484688e+00
-8.181389358276887069e-01
-8.134277341955575835e-01
-6.576605082843154371e-01
-8.965616188613922954e-01
-7.210907333475972125e-01
-7.767755170679827570e-01
-1.034371672764855310e+00
-6.037898615834921268e-01
-8.333384084912249801e-01
-5.904685373272131610e-01
-1.033501126851045893e+00
-9.119149080965117671e-01
-8.330974210906818556e-01
-1.465036642421466473e+00
-1.023369306126894918e+00
-6.553214688536311838e-01
-1.048799298028828542e+00
-7.735285745170688010e-01
-7.581705322652821932e-01
-5.923563676747219953e-01
-7.972779192995230746e-01
-9.739685056561343535e-01
-7.977053956054835915e-01
-1.007807725631618245e+00
-1.917292688356582619e+00
-9.144906058854853637e-01
-8.617467753453854629e-01
-8.149895293387764417e-01
-1.131527457129358094e+00
-1.276325520726311558e+00
-1.035900531244531741e+00
-8.363586306424430905e-01
-8.855634700774083212e-01
-1.142111685187832792e+00
-1.655788311872174123e+00
-9.567531975224392582e-01
-1.009810734244463104e+00
-6.722811411870569520e-01
-8.271340803545191855e-01
-9.723838552801831181e-01
-6.629841561292642016e-01
-5.845601856229302173e-01
-8.185663832945304641e-01
-6.790625514217062397e-01
-8.560449508600078694e-01
-8.199468952048521997e-01
-7.810827159463014091e-01
-1.256678334638806183e+00
-6.907106683519079748e-01
-9.693990207588613073e-01
-9.137888115237604580e-01
-1.156916462353850150e+00
-7.468861759958276281e-01
-1.531658600303981821e+00
-9.306055085081982314e-01
-1.131056428882947884e+00
-6.761990233529766581e-01
-9.096256616984417231e-01
-1.000888403523568781e+00
-6.564840223549468501e-01
-6.102500156416694743e-01
-9.149268190346802054e-01
-9.365843844859440548e-01
-9.368912842848426958e-01
-6.783072997498705847e-01
-7.715565259681154142e-01
-8.844242436975857657e-01
-7.311953983119087175e-01
-8.265394321604468963e-01
-9.708468953895040832e-01
-1.082473924328869019e+00
-7.587961039576458511e-01
-7.609450867070999269e-01
-9.390123275310305884e-01
-8.714234654494149579e-01
-8.427900885996021385e-01
-5.751837137178754666e-01
-1.183830471156175346e+00
-7.312331865049395141e-01
-7.010326690262278504e-01
-8.332071998546881630e-01
-1.154495971293581169e+00
-8.206482761707600826e-01
-1.011046351706554658e+00
-8.927872905371483370e-01
-1.022102932136255138e+00
-7.590383388444577051e-01
-7.419893320068687848e-01
-1.104977205379883864e+00
-6.900355388621199904e-01
-1.100786169680772808e+00
-9.066940509974316109e-01
-1.083266390564895598e+00
-1.899791825913014209e+00
-7.745125695611667638e-01
-8.314355638696189210e-01
-1.313511890570387530e+00
-6.952080742208147646e-01
-9.835607069170321237e-01
-9.349984094154116798e-01
-7.631839845991125193e-01
-6.131547670076940015e-01
-1.118598378126518744e+00
-8.059853706198607526e-01
-1.129376578950623600e+00
-1.021347589806518519e+00
-6.645828209686786003e-01
-7.587796128051632616e-01
-7.471564340697052220e-01
-9.090548669199307597e-01
-6.270112783887227259e-01
-8.893152006697762069e-01
-1.496748705123698731e+00
-8.110428109913092598e-01
-1.140202124439030573e+00
-7.938064942028683069e-01
-6.842018862693117764e-01
-8.439237883549229879e-01
-1.104583443950991617e+00
-7.040322327192638507e-01
-8.216844027233858316e-01
-6.775269578729886666e-01
-7.404285002670055738e-01
-1.109727884907676820e+00
-2.479968929811530831e+00
-9.320551175780857900e-01
-6.581142279536706940e-01
-7.349121346900547858e-01
-7.285050208455798870e-01
-1.020294785996074705e+00
-1.210284954028576943e+00
-8.099613390318674000e-01
-9.106195179180718302e-01
-1.179907996054991193e+00
-1.144665957651855637e+00
-1.307376691435746308e+00
-1.148674775891270539e+00
-1.100290179056390150e+00
-8.233680052193601551e-01
-1.114593891924975821e+00
-1.951365201407614824e+00
-7.893875623547763620e-01
-1.008657827752701186e+00
-1.209283955823563739e+00
-7.058345712876121780e-01
-9.664382961934897542e-01
-8.440903270699242622e-01
-7.156391436810088935e-01
-1.753649304277740129e+00
-8.753327115931126556e-01
-7.872987421868553604e-01
-8.357073319312633419e-01
-7.119720953516672779e-01
-8.487187483844312874e-01
-9.874267403346900229e-01
-1.025904186368124638e+00
-6.468573483724072704e-01
-8.339456423280746655e-01
-8.833381164207037006e-01
-6.714700674508953249e-01
-6.539389109491186014e-01
-8.100041342957514656e-01
-9.723191100431384237e-01
-8.313702974764789477e-01
-7.875809976919858624e-01
-8.762346045917617232e-01
-9.686533648181545608e-01
-7.894745638467308702e-01
-8.865365793717395748e-01
-8.882993176805578095e-01
-8.046669576295034654e-01
-1.053980971728417426e+00
-6.079183002900260258e-01
-8.256204766810055773e-01
-9.573836253263691143e-01
-7.489154702031781685e-01
-1.137096578394980018e+00
-8.276905528304380200e-01
-7.167586450512449803e-01
-6.555617540442411073e-01
-7.619432294304954167e-01
-8.642152060024486104e-01
-9.349385877878068074e-01
-8.718025312308154140e-01
-9.599245432864546013e-01
-9.631133976314539824e-01
-6.826748583629428380e-01
-7.243580799894101530e-01
-1.113654974594319169e+00
-7.260161042081979543e-01
-5.886936852012600863e-01
-7.189829615454623735e-01
-1.281219496843362560e+00
-7.202721161304537212e-01
-6.837651498519802251e-01
-5.435870714811741333e-01
-1.193528179331723837e+00
-8.769066952135163850e-01
-5.437340343268930454e-01
-7.079477344713474007e-01
-8.213954119352296912e-01
-9.424882704783082987e-01
-8.422263835809394861e-01
-5.970473527080627507e-01
-6.722157891744162672e-01
-5.968741191457160866e-01
-6.532470798608287499e-01
-6.365749878827117181e-01
-9.782346765770756347e-01
-7.709054556739568520e-01
-7.975577405977065659e-01
-7.657145607365246631e-01
-6.813915127518599402e-01
-1.318549482031633691e+00
-5.673580430061982982e-01
-7.431596683082893895e-01
-7.546281666619962802e-01
-9.376524735491638118e-01
-6.147525148839279030e-01
-8.259443826072292438e-01
-8.869756274805267182e-01
-6.297263683618884444e-01
-8.262690311819423927e-01
-8.272822838913860277e-01
-7.559498041396908175e-01
-1.073383639531619416e+00
-1.478006644212865428e+00
-1.001633462306771527e+00
-6.841277197505684082e-01
-8.246152133603522616e-01
-8.012173737180772193e-01
-7.201370672846344467e-01
-7.988722120840052732e-01
-7.010854609754963995e-01
-1.011813323365672757e+00
-6.819200662335331842e-01
-7.932366321561183931e-01
-8.100157141509913838e-01
-7.449463630882219300e-01
-4.858715529295619118e-01
-8.198479900455507563e-01
-8.547345793678992054e-01
-7.018185342092587709e-01
-8.260244966105708686e-01
-7.451208386390004712e-01
-7.623237764352047696e-01
-5.129411813525850405e-01
-1.015457905274648409e+00
-6.412006866196723331e-01
-8.423758771466489659e-01
-7.088193266314563035e-01
-9.211747081685489613e-01
-7.054154379300605626e-01
-8.229922348045326519e-01
-7.973385735847554612e-01
-5.836227109103601096e-01
-1.550096097199887613e+00
-5.995289489904805924e-01
-9.439696136312221153e-01
-8.921560157085078879e-01
-5.859892068338103943e-01
-6.673304475073512654e-01
-6.434985897536076305e-01
-1.388778668679935269e+00
-7.340455784311696874e-01
-9.728185422259327808e-01
-7.335366581174961320e-01
-7.099181398976101010e-01
-7.188595023856478861e-01
-7.362058671934772480e-01
-8.193562547930119955e-01
-1.071779399601606730e+00
-8.114141425767643634e-01
-1.757006290936915294e+00
-8.184638521292503244e-01
-7.395783428273529081e-01
-8.886213921579139141e-01
-7.268691791373567135e-01
-7.128132115712271233e-01
-6.734008306724522663e-01
-7.588502676506648781e-01
-1.083693641671537033e+00
-1.050808806286728903e+00
-8.092292405866073901e-01
-7.887428873102415583e-01
-8.099647194516276238e-01
-1.153812863364429342e+00
-6.586384009906178783e-01
-7.371753433035309611e-01
-6.539397368306130165e-01
-1.505591350313946419e+00
-7.449905175892013176e-01
-7.118854257565089272e-01
-5.690235233902380951e-01
-6.501306381953426694e-01
-7.905130837756302320e-01
-7.330891153308132235e-01
-7.998783591437083063e-01
-8.039973146634529222e-01
-1.050189223075818523e+00
-7.960185704479935120e-01
-8.295345940218674663e-01
-8.267232728441461509e-01
-8.378609187221907062e-01
-7.405396890180864222e-01
-1.097891618897209431e+00
-6.772113562971324718e-01
-7.068313077761543273e-01
-6.779138270852737014e-01
-8.389591403359663024e-01
-8.415992144545074716e-01
-7.874722474700399655e-01
-8.205024805459633086e-01
-8.054603656284575752e-01
-6.872122262384459113e-01
-8.294682426890525040e-01
-8.801572542580518022e-01
-6.866290399337700023e-01
-7.042777456451247975e-01
-5.646052778144980966e-01
-8.058626587779824657e-01
-8.212683357714212207e-01
-8.705142283816994508e-01
-6.604166577111845182e-01
-7.400109196795449096e-01
-7.778930588414382230e-01
-6.758913284275553934e-01
-7.570189351696215985e-01
-6.815759486216506069e-01
-6.658223863736147941e-01
-8.530179095538102940e-01
-6.594242034373863914e-01
-5.263457276744791802e-01
-7.158160934245793028e-01
-7.004742834029774601e-01
-8.921357395593929596e-01
-7.109552180186626824e-01
-5.022216872716157576e-01
-5.612267205134237047e-01
-6.936185666825716023e-01
-5.804649174842366754e-01
-7.605204550335465941e-01
-8.063363754371719594e-01
-6.849072840892256320e-01
-6.244955944760552935e-01
-8.350427800432181913e-01
-6.985115642299126737e-01
-5.742290635599894832e-01
-9.797173091153013047e-01
-7.028036194021980432e-01
-8.710329666912087765e-01
-7.567170790697637095e-01
-6.458692529547868100e-01
-1.368118470380170981e+00
-5.175979282504804546e-01
-6.718330519448065807e-01
-7.646551256940508079e-01
-6.284886101309561379e-01
-9.461412891189129315e-01
-7.555874718137912671e-01
-5.867069635675530304e-01
-1.261645072016527536e+00
-8.918497057343077739e-01
-7.319677760343693551e-01
-8.719688354100372241e-01
-7.309079092050919657e-01
-5.384282366665671393e-01
-6.757673365407914634e-01
-8.224239562601296516e-01
-9.256998906599571697e-01
-6.736628435664127057e-01
-9.825389262761956566e-01
-5.943507080510229690e-01
-8.471165816283767747e-01
-7.266954275754223813e-01
-5.916170517997063616e-01
-8.837836998255632626e-01
-9.194901735935498976e-01
-8.099967974969682905e-01
-6.757111535330811991e-01
-8.274212789962661629e-01
-7.952392081468212526e-01
-6.807081044877110187e-01
-8.240772766850710251e-01
-7.099161713362737158e-01
-7.230256798059663259e-01
-8.529419838021115030e-01
-6.956044425460092828e-01
-9.112385934880785632e-01
-7.376316650526033580e-01
-6.273910248544962709e-01
-8.242797638358112522e-01
-1.370704679718424357e+00
-6.773889826132222236e-01
-9.319886474530025833e-01
-8.058736242365580615e-01
-7.086339565716084365e-01
-6.327429242950022292e-01
-7.932667973874666378e-01
-8.037390920499081215e-01
-6.629681338376998134e-01
-5.798347698610770706e-01
-5.982401802447383510e-01
-7.111624519544724743e-01
-7.217849728501293249e-01
-8.766628355017334062e-01
-9.551486782543500142e-01
-6.894465275672826410e-01
-5.983369718279121230e-01
-9.604883693204666617e-01
-8.928367515675051935e-01
-7.093818744508949559e-01
-5.620568771038448874e-01
-9.187448668816524666e-01
-1.075351772569036468e+00
-6.020028471707430384e-01
-7.072851613228207102e-01
-7.948907767972881455e-01
-6.864520786023642351e-01
-7.267233223492952643e-01
-5.826301428137086180e-01
-1.159562836964321386e+00
-6.137207248399171311e-01
-7.203369434758618572e-01
-6.380283903609984542e-01
-6.547021219597332076e-01
-7.599083474621276535e-01
-7.545988443398284895e-01
-7.674095492782186945e-01
-8.367492289374480752e-01
-6.199765883123279364e-01
-5.882530505866561121e-01
-6.896363019104829739e-01
-8.658742688434365453e-01
-6.339564048472351443e-01
-8.042000356670402361e-01
-8.387147820739320192e-01
-9.482188633981651904e-01
-7.170833967461286429e-01
-6.554368088308106799e-01
-6.861681628038688308e-01
-7.048845056145145449e-01
-6.415186846256853981e-01
-8.045061875677166352e-01
-6.900458602264700758e-01
-6.361841182370888692e-01
-5.220933925604062109e-01
-1.019006683705401706e+00
-8.645961083036299843e-01
-8.063065522775090255e-01
-8.640076701010833693e-01
-7.487169747277905296e-01
-1.850893285131086641e+00
-8.280099261034564728e-01
-8.706902439834575125e-01
-6.588543006120508583e-01
-7.258359223529128323e-01
-1.420934334764466067e+00
-7.251578166659565783e-01
-4.976643904366968574e-01
-7.176568986435785114e-01
-7.269056404658610360e-01
-1.118263787918629681e+00
-9.033175768696359853e-01
-5.154325179389693812e-01
-8.102086803060810638e-01
-8.772068538631219159e-01
-8.465129172951006975e-01
-9.040086928505034480e-01
-6.098498462135732989e-01
-8.599579353614823507e-01
-7.537922878966354379e-01
-8.281712077267646688e-01
-7.321896698832150996e-01
-6.197691293682826563e-01
-9.741663485500468012e-01
-6.465535604916801127e-01
-1.167797660219988654e+00
-8.845406330799727712e-01
-6.919812112069421151e-01
-6.019080312563168667e-01
-6.382851233766982935e-01
-9.130410112016660307e-01
-6.135539600054775722e-01
-1.076222051528028523e+00
-9.998058180984870091e-01
-7.282195551899416364e-01
-6.319349124262937378e-01
-7.472649534581062847e-01
-6.850524880822469465e-01
-7.693112652937137419e-01
-6.182613213556947818e-01
-9.021130159791495018e-01
-6.294448592594614755e-01
-6.751501936892339018e-01
-4.967048323035328505e-01
-6.264644222165990373e-01
-6.840185203462360031e-01
-9.502324117570745132e-01
-6.983316894805624564e-01
-6.793126560441145045e-01
-7.421367163122892796e-01
-6.944647889121922102e-01
-7.808352630069022027e-01
-5.658332483468698770e-01
-7.876217714706129636e-01
-5.632260487663962589e-01
-1.016744027433396758e+00
-7.072639948858341352e-01
-7.500155173848160883e-01
-7.970785946497623842e-01
-8.414661795471199968e-01
-5.578189576379293246e-01
-9.250906627074902966e-01
-5.333401813021341198e-01
-1.470461146114772966e+00
-6.239661142821680828e-01
-5.854254436109267434e-01
-7.654754220478782178e-01
-7.196649793522940097e-01
-8.775608952049981371e-01
-5.355931501062877187e-01
-7.692654580434530320e-01
-8.148510537703494983e-01
-8.226772709520155935e-01
-6.274305032254481329e-01
-7.604744814517835350e-01
-6.388414984988547429e-01
-9.037038988378344184e-01
-1.140617614254332501e+00
-8.463754558694617236e-01
-8.811110517296520950e-01
-7.303632562954227581e-01
-1.331963261469664150e+00
-1.410439517763395711e+00
-9.221198611845080606e-01
-9.125255799327828266e-01
-1.079396498560922790e+00
-7.420127603961983453e-01
-7.775352350891077124e-01
-8.653076026910936358e-01
-1.238630520766595078e+00
-7.862143291477275975e-01
-1.044958357502358881e+00
-5.898375291179132063e-01
-5.699987672781025028e-01
-7.544474201079411912e-01
-1.152709880002758425e+00
-8.728941279887693083e-01
-8.829559138781081229e-01
-1.381486190682465365e+00
-8.506931335418113083e-01
-8.003151739956109179e-01
-7.314586223805800147e-01
-1.801305851722682538e+00
-8.051173458593773313e-01
-6.222893309283364927e-01
-5.473590126639948927e-01
-6.221551457910999838e-01
-6.845070593933191283e-01
-7.848594896894374173e-01
-1.213020890572552801e+00
-8.578899633066777719e-01
-7.704435059084486781e-01
-8.469760072035414922e-01
-1.808878960004534520e+00
-5.546600716220173588e-01
-7.264686093617221951e-01
-6.927769925685302033e-01
-8.337610574007751074e-01
-6.810590827270535108e-01
-7.271850974557397818e-01
-6.426074902528129407e-01
-8.171947381986639503e-01
-6.932993085092840069e-01
-7.701380561336974573e-01
-9.499825285444359890e-01
-8.542431361053999250e-01
-7.871781457062030363e-01
-8.057029671575499652e-01
-6.611397756998343977e-01
-1.029314705338775671e+00
-7.309757876890849992e-01
-7.744868652795967590e-01
-1.185604785521590543e+00
-7.349784394198838333e-01
-7.581298079584178895e-01
-8.254147189753452407e-01
-9.660954960123760982e-01
-1.070104791539743250e+00
-1.580277111949801583e+00
-5.798990999407143132e-01
-1.779553202112448274e+00
-7.535181699914555997e-01
-5.587619794878561086e-01
-7.502573594445396399e-01
-9.704723684843274967e-01
-7.075721747855241439e-01
-1.006934207187239361e+00
-6.293285647968166474e-01
-6.235611324846648262e-01
-5.903568190073642530e-01
-9.297892306201399615e-01
-1.002318542308400673e+00
-8.343892117915303608e-01
-6.149891393605221301e-01
-1.113187586541477092e+00
-1.069930378429500006e+00
-7.782066844374652126e-01
-7.210732058571136527e-01
-9.778047045830934314e-01
-9.196041682181210764e-01
-6.992820064329241525e-01
-8.717452506380561905e-01
-9.056079584650554848e-01
-8.201554736495577647e-01
-7.810030040426136910e-01
-8.541495373738940966e-01
-8.037074147516281020e-01
-5.661525266679509061e-01
-6.812549376560057546e-01
-5.137812611770209426e-01
-5.817855424893997318e-01
-6.927806191700301985e-01
-1.076307658762264197e+00
-1.090334687069159481e+00
-1.360336474424140185e+00
-5.856907988356675476e-01
-1.060782241892729960e+00
-9.425765433539043947e-01
-6.610627915078550743e-01
-7.657054802306562102e-01
-7.502737542360706779e-01
-7.998436413731782046e-01
-4.764142186461922113e-01
-7.945438753377010999e-01
-5.890549617851342790e-01
-8.690906764768440151e-01
-7.911796815344788181e-01
-6.175321433800724513e-01
-7.581063349560974718e-01
-6.104532716973338768e-01
-6.014753348408667932e-01
-7.187405529696599960e-01
-7.177367630336484172e-01
-9.376734032533073915e-01
-1.142717064995542042e+00
-7.022927634931743768e-01
-7.916380670824483268e-01
-1.124000721564091920e+00
-9.414954420409759051e-01
-2.069821742573004109e+00
-1.540457829081693042e+00
-7.586595734189895968e-01
-8.264722108492291719e-01
-6.098908076677312939e-01
-5.975451336314258066e-01
-1.057387753077513981e+00
-1.028196885183805698e+00
-7.442301663374695231e-01
-8.253270048148702021e-01
-8.399118112091624733e-01
-5.667601207017102238e-01
-6.956775884771839724e-01
-1.039538901732298237e+00
-8.222402752013835414e-01
-8.796109525470304780e-01
-9.307925769322022980e-01
-8.985494127695018429e-01
-9.707651956674576699e-01
-7.422020789673637875e-01
-6.084474663628410829e-01
-6.542034185103211552e-01
-1.154414329885457224e+00
-6.310852103666643176e-01
-1.025158024015875302e+00
-4.948278249149694052e-01
-1.727516849848807823e+00
-1.462766204516182000e+00
-6.190233722000521022e-01
-7.748223041430259972e-01
-8.072067800457115583e-01
-7.408560208930798918e-01
-9.043354051537420002e-01
-5.752677948196267543e-01
-1.457264935904076353e+00
-8.447004593174892717e-01
-8.506294738661630550e-01
-7.697408466888977507e-01
-1.443989332766008715e+00
-8.927120242902710778e-01
-7.040867704400981530e-01
-6.927322602073936464e-01
-6.696847403785628483e-01
-1.005821695421087014e+00
-5.210068915540433387e-01
-7.622945821576265768e-01
-9.573351238960672305e-01
-9.948512732823699967e-01
-9.481661929867731819e-01
-7.717181343716464914e-01
-1.308412304608768562e+00
-1.522828457407424674e+00
-8.453943578526017522e-01
-1.597385768994761923e+00
-1.617880334166944545e+00
-1.466149142934181748e+00
-7.600893844057378113e-01
-7.039849036060287224e-01
-1.000504552216016974e+00
-9.665773007588277510e-01
-8.197206989071516015e-01
-6.015132240164153821e-01
-7.070541184579323124e-01
-8.159675366110412664e-01
-6.758982667964731350e-01
-8.018979571828666053e-01
-6.482835866825933380e-01
-1.540126158129062839e+00
-8.594128843629211811e-01
-6.642941676429633402e-01
-1.093253349891927240e+00
-8.241458208057828028e-01
-1.063857811432587841e+00
-8.076588014948001826e-01
-1.037470067701807164e+00
-9.819147803329276725e-01
-1.117237926130058900e+00
-7.735074785196685010e-01
-1.075486424857849288e+00
-2.018924527622480092e+00
-7.333097762301045153e-01
-1.099318860906670858e+00
-1.008611946829295558e+00
-7.025539892954705268e-01
-1.528086761266448823e+00
-8.113271952811698107e-01
-7.425099190013927375e-01
-7.574128786749954045e-01
-9.143864678142562541e-01
-1.167730059408845555e+00
-8.891364037480838922e-01
-8.985346024718866564e-01
-1.677408026968467247e+00
-6.749374285985273447e-01
-7.719511742782806385e-01
-7.848069387945388886e-01
-9.942435936181993617e-01
-6.098644790766324375e-01
-1.550791960989929663e+00
-8.868746475186908285e-01
-8.051079952154238661e-01
-1.010952872113404455e+00
-9.411913037050230191e-01
-8.667316967723515120e-01
-9.721353106602614869e-01
-5.528497062529030837e-01
-1.618965449426681635e+00
-1.358922543226805280e+00
-1.270190245282062813e+00
-7.900426843142352995e-01
-8.172705613116550971e-01
-6.886740172790575265e-01
-1.181417886919975402e+00
-9.414838451915160666e-01
-1.083191290443503485e+00
-6.725041527809777486e-01
-1.319372149662467075e+00
-1.142178429411627283e+00
-5.635582310736618750e-01
-5.255736162866039285e-01
-6.452073089154487517e-01
-8.605938617686634817e-01
-6.912791722504805225e-01
-8.910722777525259541e-01
-7.924010271563856067e-01
-7.845512132811182093e-01
-9.773807063088523206e-01
-1.139870233725337245e+00
-7.259635206600461022e-01
-5.594681270712127397e-01
-7.682423887329018486e-01
-7.676713432646744550e-01
-5.708904169331610046e-01
-5.879153480185778102e-01
-5.307412117900933701e-01
-1.554010178025244659e+00
-6.013960186937404861e-01
-1.087748461434344671e+00
-5.662435834418940717e-01
-6.770895639382882303e-01
-6.858624462629996366e-01
-7.670312828717359421e-01
-8.045637082995084066e-01
-6.239994760901884652e-01
-7.656633436950801563e-01
-1.203868655114690656e+00
-1.220359335312348747e+00
-6.593184706292025687e-01
-6.713942204154508264e-01
-7.594174741714594390e-01
-6.235476876076441188e-01
-1.298515291988242781e+00
-6.686892918581672784e-01
-1.079919654616921632e+00
-7.782890954000580841e-01
-1.046912661831814972e+00
-1.882483040293212673e+00
-7.912123006724918195e-01
-7.496717442063292047e-01
-9.945912717056485386e-01
-8.347377974017924362e-01
-6.872136906238726084e-01
-8.985500819885677837e-01
-1.169419897286113841e+00
-9.898800750658319769e-01
-8.969051760735952117e-01
-8.325091437481229040e-01
-6.085346588359542563e-01
-7.759826129241298442e-01
-1.993057445571495556e+00
-8.839303998837976239e-01
-7.462614621777837742e-01
-1.051985620414690681e+00
-1.292544805982934975e+00
-2.405401708768348801e+00
-7.959139532127146310e-01
-9.248724738074877161e-01
-1.148816110980909189e+00
-8.400910210843933745e-01
-9.679081619409846127e-01
-1.475757435669200035e+00
-8.563007741618898772e-01
-8.604598195919520576e-01
-1.117612753685887306e+00
-9.606743825381880431e-01
-1.046861542294165170e+00
-9.182399370128739857e-01
-1.070914716741038664e+00
-8.893003255556233277e-01
-9.361586771172636379e-01
-7.343709548699284273e-01
-1.328593584322756760e+00
-1.530045624312862396e+00
-1.424328429434382981e+00
-2.546559593669987187e+00
-1.036859456963374893e+00
-1.000642847380147860e+00
-7.645763103284565210e-01
-5.729294607730771594e-01
-5.991132079722192305e-01
-1.656552952680033775e+00
-2.021012774093308817e+00
-9.418140897587642391e-01
-2.267159251076195314e+00
-8.366594119811284758e-01
-1.688689046796478355e+00
-7.958995047588766081e-01
-1.164317439665679466e+00
-6.703917023069618786e-01
-5.688784438888520034e-01
-1.665577231931155699e+00
-1.622769650553744336e+00
-2.774409296980202555e+00
-8.947539832962408957e-01
-1.141300161746757524e+00
-1.071170821441851606e+00
-6.554940397508789429e-01
-5.610396756052051792e-01
-1.092944233914956209e+00
-1.867231107153019876e+00
-6.725015134375188497e-01
-1.131577259728869356e+00
-1.019865581874556337e+00
-6.105502935971450773e-01
-6.955774250539031867e-01
-6.752006548131028740e-01
-2.046223045133240159e+00
-8.512666165619676706e-01
-5.504378704275668666e-01
-1.173422938310566987e+00
-8.928981146820559323e-01
-1.520955941944001300e+00
-6.488028106717423915e-01
-1.354286476966671593e+00
-5.690957689739269965e-01
-1.064220103224063241e+00
-7.695869832936362842e-01
-1.447370706735404466e+00
-9.369361203878547872e-01
-1.005971063324373915e+00
-1.268262880529979153e+00
-1.671524901493748105e+00
-7.250585462848284646e-01
-1.190545681107202380e+00
-1.079681399596951641e+00
-1.091182746052012265e+00
-7.629084488328501390e-01
-7.987893150663931685e-01
-7.680707281536960362e-01
-9.806894219034574256e-01
-6.292103269689484080e-01
-5.638364675864706577e-01
-1.173313756351705317e+00
-7.128266500334190514e-01
-8.994394746505726124e-01
-1.764371231573765408e+00
-1.108144452611339981e+00
-1.286318559929211069e+00
-6.839668227395625522e-01
-1.147719746595558421e+00
-1.092769324707576262e+00
-6.272495583338107972e-01
-6.223434080062852924e-01
-9.411109310743708267e-01
-1.347107178125434235e+00
-6.568593840264074224e-01
-8.162025012134249691e-01
-9.736432418760410101e-01
-7.386988380299216450e-01
-1.096308080517679473e+00
-6.861947742023437602e-01
-7.709029753364560200e-01
-6.091879565541639119e-01
-6.805539172548852322e-01
-1.098113130485137701e+00
-8.200912666665436390e-01
-9.656702526427295430e-01
-7.240245388205869270e-01
-5.559154856185387628e-01
-6.838308836134389113e-01
-1.050280171519291539e+00
-7.290388390343143232e-01
-6.604839698245785762e-01
-5.723173305981674730e-01
-8.428595538894180228e-01
-6.679188871531465121e-01
-7.593510940493291006e-01
-7.528990701551629972e-01
-1.013202556820354427e+00
-1.006443055700952938e+00
-8.978499392620798991e-01
-9.603031410489411002e-01
-7.822393401374452271e-01
-1.380037388816689026e+00
-9.540390495696416950e-01
-9.236218845815601375e-01
-1.167816188421905599e+00
-7.837078967826730524e-01
-7.885310338869330193e-01
-7.919677872570807242e-01
-6.020400349815755447e-01
-6.959143910215873641e-01
-1.825672274282275964e+00
-9.106840129358994007e-01
-8.374855618376839672e-01
-1.063838263990802835e+00
-8.139518123921620774e-01
-9.228414772084295725e-01
-7.864325479340095182e-01
-1.648539787026737313e+00
-1.097759956621159994e+00
-8.085708161676450345e-01
-8.797742694509437245e-01
-9.562832585763433313e-01
-7.072702897998409677e-01
-8.938622463513655747e-01
-5.940328353289727747e-01
-1.143190406717140117e+00
-7.559123341983409183e-01
-8.957627620447111694e-01
-5.413398515040542813e-01
-7.561771589386393488e-01
-6.273119850420637578e-01
-8.574727193600670816e-01
-1.497237268115455766e+00
-7.351431263818908324e-01
-6.271739502967985658e-01
-6.015111039948816130e-01
-8.562803266716695338e-01
-6.157674496759982796e-01
-8.017541051613772396e-01
-8.027469743059186813e-01
-1.048915748789827740e+00
-5.745146774900589115e-01
-6.511776968258059517e-01
-8.023657653068652085e-01
-6.743176541006254965e-01
-1.204737246482750601e+00
-7.212535831723064783e-01
-5.551641206291793029e-01
-9.107514221291161949e-01
-7.914986043347685962e-01
-1.039862581456759250e+00
-1.658010267080379796e+00
-7.664594535743343151e-01
-6.010227926944763377e-01
-7.094768028108275892e-01
-9.466763196968810412e-01
-7.091955154652122006e-01
-1.405323942813171634e+00
-5.511151658625359495e-01
-5.635884317128269094e-01
-8.345550305510996969e-01
-9.178027349144352032e-01
-8.186611899534186332e-01
-6.576829907566614786e-01
-8.070631916994025490e-01
-8.770378672862766400e-01
-8.198133799188964677e-01
-8.277331001493303253e-01
-7.382348044345277138e-01
-9.312753740872621311e-01
-9.320973649093341473e-01
-6.309371682347083565e-01
-6.871536413354452089e-01
-1.162902607897185359e+00
-6.279468928559450713e-01
-7.042519557383835060e-01
-9.519674469190626542e-01
-7.442404197620867690e-01
-6.565750770381125756e-01
-8.499563727743438823e-01
-1.007328670344928012e+00
-6.808985960032298834e-01
-5.840922261284373640e-01
-6.802013163611638769e-01
-5.370022978800516045e-01
-7.064159091605454188e-01
-8.589245628653968678e-01
-8.060905277375182143e-01
-7.308519559466414295e-01
-9.078646342097690392e-01
-8.841014406745745235e-01
-8.799330867652486177e-01
-6.930590321504178641e-01
-5.575745320348579614e-01
-8.864985587639792053e-01
-1.611199489962433562e+00
-7.548583031674562793e-01
-7.829145324199592304e-01
-8.924961600459260236e-01
-7.223791276434795572e-01
-7.156630024983878791e-01
-7.705074483210814229e-01
-1.356477399883747159e+00
-1.171669080972226329e+00
-7.437920959415227351e-01
-8.022549179432976185e-01
-1.194526777045719967e+00
-7.447510694984921242e-01
-1.201623528943928543e+00
-1.263348750648298768e+00
-1.147081292297722044e+00
-7.091937945824238199e-01
-7.048578885693518314e-01
-1.294836305172800239e+00
-1.140836748301149006e+00
-1.534139779902736089e+00
-1.184050729661328738e+00
-5.596630922107483919e-01
-8.760732699945419366e-01
-8.191107637880247205e-01
-1.325062661690839194e+00
-6.490483770040090805e-01
-1.566024682881085983e+00
-9.504793594418874392e-01
-1.143626664638241808e+00
-7.694770194598729018e-01
-6.547128735462480753e-01
-8.007507031906481165e-01
-1.290428845163609228e+00
-5.863637795429567090e-01
-6.737431004145916225e-01
-8.899090186482733200e-01
-7.061379306998959438e-01
-8.080539499018878358e-01
-1.162701374713378755e+00
-6.448851429608172259e-01
-7.967081352507285885e-01
-1.198869238107058033e+00
-5.359202208756044250e-01
-8.761094844077972343e-01
-7.394125917034937157e-01
-6.568535432201381141e-01
-5.105826500463442885e-01
-7.421458051673228695e-01
-1.284694984688948605e+00
-1.077788430035265366e+00
-1.091873904910970916e+00
-7.974133208582154797e-01
-1.175090516774914162e+00
-7.692706888524813991e-01
-7.157591148855356744e-01
-5.473947702760970646e-01
-7.295082915733829276e-01
-6.572554738191880297e-01
-5.995957823692742439e-01
-6.290249375529448628e-01
-7.266851984146164289e-01
-7.046803763319174907e-01
-5.974292475792808421e-01
-7.376557693954646222e-01
-9.738795148149278491e-01
-7.266884876749344357e-01
-7.969385159115394135e-01
-6.218191683497085176e-01
-6.025314458236509241e-01
-8.876759914635622417e-01
