-6.338086851513785369e+00
-1.006585691211119027e+01
-1.247979796955185527e+01
-1.896965568419571824e+01
-9.809311983193421014e+00
-1.480253330411931501e+01
-8.074194900259918484e+00
-1.333089856792399175e+01
-1.596153250507096288e+01
-1.040620968852016226e+01
-1.581324929885058594e+01
-1.013348060120543437e+01
-9.812495767200665853e+00
-5.457384870766246898e+00
-1.306727263979303544e+01
-1.554087105057898732e+01
-9.086698960697470184e+00
-6.379632384032414727e+00
-4.633449500894534445e+00
-7.780817252903756476e+00
-7.560469193990654979e+00
-5.550066423127820059e+00
-5.538437089531500490e+00
-1.913893617444521134e+00
-2.656299651726297117e+00
-6.904899783084344378e+00
-5.612486357180016761e+00
-2.405143006543760009e+00
-2.403664346776629657e+00
-3.315828090638452075e+00
-4.960808394277974820e+00
-7.625156206789098334e+00
-2.980703116722167145e+00
-2.570518943582334348e+00
-3.450190498347683654e+00
-4.765262173392185829e+00
-9.081110930623344402e+00
-3.157232305425375252e+00
-3.015859984313903119e+00
-7.281737503338565176e+00
-3.173618669422670457e+00
-5.534230300791557866e+00
-2.791974167720590927e+00
-5.078468569936304355e+00
-6.110334116511725533e+00
-3.702430725079146612e+00
-5.271700449746960615e+00
-5.197659487187532790e+00
-5.016820786145429700e+00
-3.687339446990914649e+00
-4.697980216484721083e+00
-3.566253655260467337e+00
-5.474899464569227270e+00
-6.896480314995293348e+00
-8.497548975968721052e+00
-6.883992784860214265e+00
-6.678568205335597696e+00
-5.860868107227584112e+00
-5.222040411035652419e+00
-8.042748537444156298e+00
-6.408470297402153903e+00
-7.265986660922009399e+00
-6.542263345655722873e+00
-7.855175311203184130e+00
-8.615660162356073570e+00
-7.381513611739326741e+00
-8.851581886392027698e+00
-6.905314396387772113e+00
-4.597196918460574544e+00
-2.375423588788001972e+00
-3.841440337409453676e+00
-5.641411551166463312e+00
-3.557534808864048159e+00
-6.347868758148456969e+00
-5.074652326247732326e+00
-6.151585027720654963e+00
-6.350998652281869106e+00
-6.257429176738954268e+00
-7.017740727475506368e+00
-5.139810389735179896e+00
-6.026645760063615853e+00
-6.692801552489439310e+00
-7.022735563703322192e+00
-4.748688750958431015e+00
-8.567463681232036166e+00
-7.376052407656465526e+00
-7.035522566503390252e+00
-5.079919999928939056e+00
-5.873469278825674600e+00
-6.927931305109442661e+00
-8.923958371275785950e+00
-6.357018288995307742e+00
-7.766603130033151281e+00
-9.200195085111374738e+00
-3.179394474366046275e+00
-4.674114284199034408e+00
-7.926775889972998534e+00
-8.216368199968343333e+00
-3.797709684291376231e+00
-3.700771500226384791e+00
-7.737956597682398296e+00
-7.096190924212315565e+00
-4.205228584832366501e+00
-7.977519743493838078e+00
-7.947204601797040802e+00
-5.785582008288291611e+00
-6.101364636025653709e+00
-3.846010382068297151e+00
-6.414357416352530095e+00
-6.041876035180956173e+00
-5.899176753762754188e+00
-8.335485940060127774e+00
-7.476330946347450102e+00
-7.090729212425492811e+00
-6.083936270057131779e+00
-2.847375074626632863e+00
-8.856631392055495766e+00
-2.223863737238911842e+00
-2.794693900352051230e+00
-7.154805932370458699e+00
-6.107198487921024821e+00
-1.025128091889872728e+01
-2.926727735397173014e+00
-7.980605475405726068e+00
-4.847288416222087726e+00
-7.258908815050819641e+00
-5.478920533913511193e+00
-6.049894020835047570e+00
-4.974561331137667075e+00
-6.724041148818998614e+00
-8.682809799688536501e+00
-4.720523977203997745e+00
-5.419665226583051165e+00
-5.850154374941832991e+00
-4.800620348701004403e+00
-7.439633286997723083e+00
-4.616161164813508577e+00
-3.907356224597366090e+00
-3.319839527118245925e+00
-5.167697112650956548e+00
-6.086327521530103368e+00
-4.797989956409525192e+00
-5.638143523806368407e+00
-7.109396952629354338e+00
-7.167919866439686594e+00
-8.173191014406446797e+00
-7.805726865021663130e+00
-9.805818535428436178e+00
-6.849790356635784505e+00
-7.605184000624420904e+00
-6.270397170707716406e+00
-5.088607263234503186e+00
-4.570913973784485052e+00
-9.033545289847781490e+00
-6.367372773039462253e+00
-4.494104221805691246e+00
-6.610771778648917518e+00
-6.027772623817750031e+00
-6.416591332762582311e+00
-5.585890363063573005e+00
-3.805461735645306653e+00
-3.913133029121556472e+00
-7.791927481736641958e+00
-3.486463441797199359e+00
-4.885601898700872248e+00
-5.593488262634148001e+00
-5.026088657498778645e+00
-4.309272281236005142e+00
-5.519290583993770483e+00
-3.565343347262240670e+00
-4.780737939061189934e+00
-5.169192406764530290e+00
-5.495380923219284064e+00
-5.163704162786116214e+00
-4.804289115577116576e+00
-4.429137282192806779e+00
-3.359112349696375954e+00
-2.811190737878106027e+00
-3.417474286900650249e+00
-4.122300800468754467e+00
-3.801400130179679593e+00
-2.965960240456126495e+00
-6.130429945137600534e+00
-4.114625041826192486e+00
-7.083643342610685067e+00
-4.711243033125478874e+00
-3.582733866915015497e+00
-5.600171364951401998e+00
-3.129935006760843574e+00
-7.085988517570164902e+00
-6.537446623636510523e+00
-3.597865162728400623e+00
-6.486256557453560667e+00
-2.994743446491543004e+00
-4.907079574000031030e+00
-3.698752270055290392e+00
-4.527454725235727118e+00
-4.837434671785788787e+00
-3.438946394499455828e+00
-2.793195544939715447e+00
-6.205894740202110071e+00
-4.286224273601940915e+00
-4.809129456795654178e+00
-5.076644592935037892e+00
-3.075388003025543160e+00
-3.340635858924682289e+00
-2.382798541532521241e+00
-4.457369593776306260e+00
-5.223923194476074450e+00
-2.926750059199530352e+00
-5.655536393214982915e+00
-4.344828336336580499e+00
-5.485676806981377496e+00
-3.268697664626976973e+00
-7.006235516244860406e+00
-4.206721897999465831e+00
-6.442068498419679656e+00
-9.346180643168764846e+00
-3.558220357332132266e+00
-4.879425334928280122e+00
-5.119947981244885149e+00
-3.740416950208144353e+00
-3.798293638139361494e+00
-5.444132649110734690e+00
-2.626310633486512724e+00
-7.348096053466415256e+00
-6.491871390503046513e+00
-5.169461853283529251e+00
-2.362450736265713225e+00
-2.554513218965833943e+00
-8.179361618951533686e+00
-5.418964573408123542e+00
-4.225616982744822892e+00
-4.607178108511196690e+00
-5.661597768543138898e+00
-3.283907427148899050e+00
-3.989580478764195526e+00
-2.929064089126875103e+00
-5.572391476103945251e+00
-6.069086571968114185e+00
-8.863065257385981610e+00
-5.910036206870423747e+00
-6.811909225286560954e+00
-6.005393753970392545e+00
-8.385831215802033611e+00
-2.914244015598868920e+00
-7.109569498722007275e+00
-3.111423739649397113e+00
-2.871014614629891604e+00
-3.167534366704268134e+00
-4.240548248222404837e+00
-8.426052692559423463e+00
-6.326466013680343892e+00
-4.320172060394735780e+00
-7.556742139885397336e+00
-6.414085500913673243e+00
-5.080963370437315163e+00
-4.165902345038777987e+00
-3.960796395351137367e+00
-6.260095141237704830e+00
-3.677357045750523579e+00
-9.355378173656506036e+00
-2.054890194437628104e+00
-4.270562777506316188e+00
-5.858019974130214358e+00
-5.298694912323213657e+00
-4.134615483280573045e+00
-6.510206255953300492e+00
-4.619901859541994504e+00
-5.102229152343296548e+00
-4.385625798857220481e+00
-2.224989014574617396e+00
-2.532896222184217727e+00
-2.883092889033595618e+00
-7.348209847633977887e+00
-5.064889566795266695e+00
-3.144733225469315663e+00
-1.177844689617150920e+01
-4.219915547563291902e+00
-5.129146263224898306e+00
-4.677614826034498741e+00
-2.691718343604018404e+00
-4.932937477677334925e+00
-4.456916833954194246e+00
-3.724196602590002403e+00
-7.339023728647149802e+00
-6.178987762013051110e+00
-7.031788232010004691e+00
-3.046467688555223319e+00
-3.732057779844010881e+00
-4.560007102496885345e+00
-7.858753416579815188e+00
-5.000128088895079870e+00
-6.315798074243007321e+00
-3.048847492346054899e+00
-5.582272834309008225e+00
-5.333176064627979329e+00
-4.064268082533096127e+00
-5.133330784551847437e+00
-3.891504097380944494e+00
-3.755664808558617285e+00
-3.825785530047203231e+00
-6.463550554997146591e+00
-2.330433973294657513e+00
-4.380016952238181105e+00
-3.728956970460142184e+00
-1.834455671882895489e+00
-5.453482539019721465e+00
-2.511837418308636050e+00
-4.493051044431657814e+00
-4.987349911879388031e+00
-2.533406088312318616e+00
-3.320867582643283633e+00
-7.548041691647803475e+00
-6.759844210607224291e+00
-2.636633616798806479e+00
-2.556277713324030643e+00
-4.696512848853769739e+00
-2.861768250340662068e+00
-2.659990571938724457e+00
-4.851959982731474774e+00
-2.088336577923895376e+00
-6.700667889696426016e+00
-6.238393199032292280e+00
-4.838087818606661372e+00
-4.342543962799921609e+00
-5.646699169692420028e+00
-2.720193299267669396e+00
-2.756933988837440008e+00
-4.158680878589817276e+00
-3.094831227698545462e+00
-2.546863883786730121e+00
-5.721223540928922269e+00
-2.750840939459594736e+00
-7.717052324799616336e+00
-7.360866404282812248e+00
-4.170161562916976372e+00
-3.893963882093015805e+00
-3.685755026118255451e+00
-7.564467109614369633e+00
-4.880085857732215260e+00
-6.518375465137006941e+00
-2.745809661556108949e+00
-3.976464015674631813e+00
-7.910192123129646369e+00
-2.354334687996476383e+00
-6.361146770305963649e+00
-3.590217347714654839e+00
-2.335822971235840484e+00
-5.282247062740418997e+00
-3.634928855526303959e+00
-2.866215538649641736e+00
-9.270471372681617694e+00
-1.084658240175592958e+01
-2.953279032115197378e+00
-7.292618870168487533e+00
-3.755696692200822362e+00
-2.283960186822453053e+00
-4.180440588493110177e+00
-5.571313891875592894e+00
-3.663047104775225549e+00
-7.279988381564529654e+00
-2.786037407563296320e+00
-2.716740701713285855e+00
-3.498172678157080551e+00
-2.877064464379642139e+00
-2.563154986056083384e+00
-3.176536636710599382e+00
-4.092055482545127632e+00
-3.976484870106061109e+00
-2.300865840876022084e+00
-6.475857246564398650e+00
-3.946308353674398806e+00
-6.877169896263013449e+00
-7.837314958231816675e+00
-3.154115673078577320e+00
-2.459221122062995146e+00
-4.014715585886033722e+00
-4.149449462055837756e+00
-2.241703454243769489e+00
-6.018592774871730278e+00
-4.928728854219587951e+00
-3.313718178638990430e+00
-1.936728031874952904e+00
-4.691456928138553195e+00
-4.072295834079225685e+00
-4.591790278733127728e+00
-5.395291798183124321e+00
-2.788156612682819890e+00
-4.704748220865509367e+00
-2.680220170201491392e+00
-4.928537474634199000e+00
-1.960681973503415332e+00
-5.988529232722033413e+00
-4.062843939009115779e+00
-3.565837566525241087e+00
-2.654165294927946395e+00
-2.815602135075654822e+00
-3.547481540008108780e+00
-7.875861974151567857e+00
-5.098595274043008274e+00
-3.026096177120287223e+00
-5.734617221601566506e+00
-5.253465272381415474e+00
-2.954679079977541978e+00
-5.827679759356717781e+00
-3.480140084618938534e+00
-4.849882891824991660e+00
-5.880114416299488056e+00
-3.144883498768886287e+00
-4.409978817376434712e+00
-5.236204739148931253e+00
-5.962607653139615493e+00
-3.385718341075257154e+00
-6.835053789377616873e+00
-8.443119610293104316e+00
-5.152526147392267220e+00
-6.503688006734236637e+00
-5.328872069402940781e+00
-3.090769894325155587e+00
-3.259625042909206183e+00
-5.000163855432558258e+00
-4.309826996244703778e+00
-5.450644238108678152e+00
-2.682419786346495361e+00
-5.279223411059226656e+00
-6.956622180125330956e+00
-5.243819191881675223e+00
-2.904861330949350506e+00
-4.282835424012182202e+00
-8.092172197878557682e+00
-5.619525649184401672e+00
-5.676067283233549254e+00
-4.589763979252947657e+00
-4.412934201180933158e+00
-6.657730330863167012e+00
-2.610510450294301510e+00
-4.847652319695183287e+00
-7.976325252591299986e+00
-3.940806506646850060e+00
-4.080716177955647339e+00
-2.550170152643099097e+00
-4.129899148377289997e+00
-4.865276945618351334e+00
-4.716194386982222042e+00
-3.541666520330338130e+00
-6.025793140546662485e+00
-5.279447517689792591e+00
-3.399849940261267189e+00
-6.275383755584531542e+00
-3.016576186519042135e+00
-3.024235585582111696e+00
-6.140788162999985644e+00
-5.200081752881000163e+00
-6.163653625939627290e+00
-4.482203485780330787e+00
-2.963207811682140758e+00
-3.945724017931289573e+00
-2.956194824461054527e+00
-3.609214375642293859e+00
-5.492295192083396671e+00
-5.146995165754441715e+00
-2.097415885472429853e+00
-3.553235056108503542e+00
-5.543675834625914511e+00
-4.740176684187656697e+00
-4.151106114983515560e+00
-2.980989252314301119e+00
-8.146915962310663062e+00
-8.862231896694076738e+00
-2.403423839157352138e+00
-4.168021349459035463e+00
-5.420676052245438470e+00
-2.367943522532165002e+00
-3.056147547865536662e+00
-2.963927007280872772e+00
-4.560689726686006473e+00
-7.167729728841517378e+00
-4.227031990568831610e+00
-4.647819057623540751e+00
-5.361314971990941203e+00
-7.500357593625460950e+00
-2.358719556074489354e+00
-4.368508165690928813e+00
-3.045850189020981702e+00
-4.130635895894964271e+00
-4.263547479721707667e+00
-2.054674326203703938e+00
-5.129622383070197245e+00
-5.230929669140470750e+00
-2.957492774395525270e+00
-4.508460837387373132e+00
-2.784983024923110673e+00
-5.470128217755375388e+00
-3.662904521329745755e+00
-4.378410200244507777e+00
-3.022308425202371307e+00
-4.376136591240234353e+00
-1.925116148534465221e+00
-2.500835671866612042e+00
-3.430434688276640109e+00
-5.138447942116131983e+00
-3.488078515202925001e+00
-3.606632612400264115e+00
-4.336279797145849990e+00
-3.106886378623123779e+00
-4.135106161310151407e+00
-3.796182132211484372e+00
-2.693476820487648915e+00
-6.051190717819772580e+00
-2.771498687413026740e+00
-4.019019448924236571e+00
-3.530709150110883154e+00
-2.633811192243023847e+00
-3.574245525222239372e+00
-3.820086979694554241e+00
-3.365165640273091618e+00
-4.780954676313983853e+00
-2.036580751587713678e+00
-1.867061481621003383e+00
-3.652048660025756455e+00
-2.361678010419204998e+00
-3.411869839792531778e+00
-3.571018894437433921e+00
-5.499526941952226800e+00
-3.978963129087103923e+00
-2.953786551534334226e+00
-3.411868131594181452e+00
-4.418756306162064718e+00
-4.482356244395317546e+00
-2.162491933487348916e+00
-3.446349453555478171e+00
-3.005057370229306635e+00
-2.684403740924842019e+00
-3.100371767419098479e+00
-3.997016315665413710e+00
-2.018331262664976755e+00
-4.520967431074323528e+00
-2.914561552350336093e+00
-2.951037897785567132e+00
-4.404092205967430118e+00
-4.162470249163845004e+00
-4.090698499910471853e+00
-2.365677766739954002e+00
-4.050995389461495400e+00
-3.360161554808523743e+00
-3.172408104673119844e+00
-5.461368472817945019e+00
-5.411789848481289411e+00
-2.757653192301888101e+00
-4.123635239738328018e+00
-2.486985666984163235e+00
-2.860236643961304726e+00
-3.480113252214000141e+00
-3.134176819773527800e+00
-3.578523710761224219e+00
-2.119961927854797423e+00
-3.435823280202495944e+00
-5.514735122061994232e+00
-3.336380519083873342e+00
-3.390782285250300898e+00
-3.909711595386567318e+00
-2.406097809332673698e+00
-2.490061217173544783e+00
-2.923792001621377423e+00
-4.397318941955868254e+00
-6.510711520420933596e+00
-4.466765800689016963e+00
-1.871308907715209413e+00
-2.382388303524661577e+00
-2.930454680417343027e+00
-2.131435551403888518e+00
-4.430186062106352018e+00
-3.752950137378168627e+00
-2.485379762037148055e+00
-4.156539807352536364e+00
-3.014010468175223334e+00
-3.975216996470792186e+00
-4.841058854520827737e+00
-4.456081699333356738e+00
-2.771323736730189502e+00
-3.754367561691407840e+00
-3.066471349242281264e+00
-2.764239519031196135e+00
-6.372389958531072374e+00
-5.495467736402049219e+00
-2.716994234255241114e+00
-4.525792019316392079e+00
-2.161872213159993450e+00
-2.432941918443242812e+00
-2.896881632450368116e+00
-5.308659533870022429e+00
-5.838149113462100637e+00
-2.360752236959738681e+00
-2.768804889759402865e+00
-6.360417533064916640e+00
-9.027034941339675100e+00
-2.150587401268807319e+00
-2.983157549147254617e+00
-6.397608995938289134e+00
-3.332917601481644621e+00
-2.558275021721938547e+00
-5.781209439236586256e+00
-3.462920863063001509e+00
-2.976211901400038329e+00
-3.838168511515231529e+00
-4.179214055479129719e+00
-3.901354685796137201e+00
-4.430832296361152167e+00
-2.702965908356634195e+00
-4.969276687802686610e+00
-5.369069570720379048e+00
-3.330310000377323831e+00
-4.412100772873396082e+00
-9.515692291815236459e+00
-8.687332980284887540e+00
-1.107928162209379863e+01
-8.982774317457858260e+00
-9.434003469689640653e+00
-1.106456421883556729e+01
-5.663052671173798736e+00
-9.232963605541394614e+00
-6.960151615703513706e+00
-7.198869407989208824e+00
-8.609811388466875215e+00
-1.095715111234915540e+01
-1.112547245046428301e+01
-5.615348955131943320e+00
-8.804085803457027737e+00
-6.711579011273760997e+00
-6.729936293952097692e+00
-5.045378755287848627e+00
-7.582945804613324015e+00
-4.056195317992814964e+00
-5.032432302370970945e+00
-4.749095489681129045e+00
-5.610811356582852127e+00
-5.975849838083419741e+00
-4.499482118644527517e+00
-1.199238689151608561e+01
-5.079258376581324619e+00
-3.481651383976809733e+00
-3.038561344618424531e+00
-4.540988381805100893e+00
-4.730679874406207297e+00
-2.385848058185250586e+00
-2.884326724364127514e+00
-4.053526962394541577e+00
-6.137215735661310845e+00
-3.076825278286643872e+00
-3.121183750811955981e+00
-2.949876586235970599e+00
-3.132055603525258025e+00
-3.925396815928564376e+00
-3.146983277802605894e+00
-3.722533976468736849e+00
-3.368912500530376608e+00
-4.301634450643726737e+00
-2.676772302667169701e+00
-3.974472475481741984e+00
-3.476453369706493213e+00
-3.078654148437578009e+00
-3.826207713410315847e+00
-1.990551613095379535e+00
-6.591204539827818287e+00
-3.885645461423309577e+00
-6.548338031950295957e+00
-3.115394385653357467e+00
-2.669507970437255739e+00
-5.943589142095030198e+00
-4.654336607649376845e+00
-4.543593050087067375e+00
-7.877960739589966010e+00
-5.210589304569447577e+00
-5.099112585752707538e+00
-6.633917069169932290e+00
-2.254903777692549571e+00
-5.527178322876371119e+00
-2.298756835255681974e+00
-2.689982135450658340e+00
-4.188305111412658377e+00
-6.295619212998627923e+00
-5.214558889521835106e+00
-2.810032123832439055e+00
-5.103905802199671271e+00
-3.130346070196325492e+00
-5.626485018029221408e+00
-1.683400465988754036e+00
-2.678119945122375167e+00
-3.829998456894244896e+00
-2.687224788073379944e+00
-3.886022242970546436e+00
-2.788362007313682778e+00
-4.523017876792844838e+00
-3.317855313966537878e+00
-2.561244070960424057e+00
-4.070802969943712490e+00
-3.585244273721358788e+00
-2.717369273814965513e+00
-2.945278804076600920e+00
-2.580043225436806420e+00
-1.600102647441955073e+00
-2.159523764902951726e+00
-2.212041943393055821e+00
-4.169719133567939551e+00
-4.573985643944443069e+00
-4.275732274863613291e+00
-4.986074011820209151e+00
-3.626591930174655420e+00
-5.061890533416873339e+00
-1.834560726025202149e+00
-3.403221386581259278e+00
-2.893111125965406316e+00
-5.182977197343337394e+00
-2.749949419611369628e+00
-3.667190116542648592e+00
-3.262629569977393729e+00
-2.789174877446730427e+00
-4.074981699201551066e+00
-2.822420701098869777e+00
-2.188600920122836690e+00
-2.863765450375342247e+00
-5.953069781165372554e+00
-3.810095790477410649e+00
-3.006459979886021650e+00
-2.028946706034553404e+00
-2.542013140016091466e+00
-3.348974723262538422e+00
-1.964210073979860027e+00
-3.676972491222858519e+00
-2.443979372664343508e+00
-2.212034679421616801e+00
-1.820270926959250524e+00
-1.978666379308056777e+00
-2.162855461767162701e+00
-2.912415743080672303e+00
-3.260597026320349645e+00
-4.441230206064910035e+00
-4.535021434907414495e+00
-2.296739472362920864e+00
-5.179590898865395587e+00
-2.946545726681313315e+00
-6.801932407978211081e+00
-7.189662187445539310e+00
-4.085573666072892962e+00
-7.443055487130564529e+00
-5.314998939956445234e+00
-5.617537186705363617e+00
-9.789573107525727735e+00
-3.248505453520176278e+00
-3.857625367071184641e+00
-5.351344775693328337e+00
-1.223135907596881466e+01
-1.200185823155048048e+01
-6.362726078199059110e+00
-9.865484148853228774e+00
-1.284332597614011640e+01
-6.080254523708874537e+00
-7.587010907808882543e+00
-4.389222621283419556e+00
-5.107662908282232017e+00
-3.761695768930677364e+00
-3.250679541181532350e+00
-3.233761883857377395e+00
-2.464142303507105947e+00
-4.004311571762825928e+00
-1.920023708831384290e+00
-3.246719768057973798e+00
-5.804876669251329169e+00
-2.924801586941125464e+00
-3.470214393378110884e+00
-1.315894285841204381e+00
-2.217010963402324730e+00
-1.576312708915652339e+00
-1.419862220468043112e+00
-3.150286295028889239e+00
-2.233402854996418885e+00
-1.572503627134785198e+00
-8.516382926597361180e-01
-3.212741723310584163e+00
-2.169102170208724978e+00
-2.049712825407874472e+00
-2.643348271183834974e+00
-4.160794665272034898e+00
-2.379358233565409098e+00
-4.261765206822651919e+00
-2.804822019438225844e+00
-2.851777291439311135e+00
-2.466207668582738322e+00
-3.647751034439279394e+00
-3.703385401264581489e+00
-2.711951159358362506e+00
-4.936948125279071675e+00
-2.731814408767282210e+00
-2.915765219564462996e+00
-2.424701334216436077e+00
-3.260758019066225977e+00
-4.446082549732808253e+00
-2.008944776262783893e+00
-8.427778207119733800e-01
-4.327031048955883641e+00
-2.245213525756927897e+00
-3.225803148192614600e+00
-4.433495997674120837e+00
-4.065396121541354546e+00
-4.744917047820859324e+00
-4.530397272683226895e+00
-3.163991519249548912e+00
-4.421050993063873946e+00
-1.836620515642281237e+00
-4.852373144256528548e+00
-2.839216882477531900e+00
-2.165254075122725830e+00
-3.228673163070084229e+00
-2.090937776786247149e+00
-1.614632010254759553e+00
-1.588938113567769594e+00
-3.195891106699060291e+00
-2.703522395307061288e+00
-1.805797044391778128e+00
-2.750154064474198634e+00
-2.612617110367771112e+00
-2.767695578522622490e+00
-2.156785886428623567e+00
-3.021947916469291950e+00
-2.644657100078777745e+00
-2.330127576482554197e+00
-2.120374599482580447e+00
-2.630419451494204530e+00
-2.245232472201754259e+00
-3.598358973737787014e+00
-2.956503818954231200e+00
-2.176424858724106404e+00
-3.049589463775327136e+00
-1.546039224848094307e+00
-2.361250908372631852e+00
-2.719186319029842647e+00
-1.907190555999400683e+00
-2.155147846493083108e+00
-2.362254790818087091e+00
-2.343329733371666723e+00
-1.046063995393236246e+00
-2.316880740121350257e+00
-2.263593269285449683e+00
-2.204303035971674429e+00
-1.550180731495055086e+00
-2.627508288353882726e+00
-1.472784455710100637e+00
-2.920398428351369979e+00
-1.315453249068456731e+00
-2.511413625756345969e+00
-1.622697451187778972e+00
-1.649611175639355887e+00
-2.487214562208502677e+00
-3.335842870582517161e+00
-1.355922292992077782e+00
-2.323003712736104287e+00
-2.786751091154022753e+00
-2.777613530922259599e+00
-2.332656151376358622e+00
-2.329356006097068832e+00
-3.894771374478567694e+00
-7.919922674869006585e-01
-3.108292295765853641e+00
-1.959230439337004803e+00
-1.653488533256944226e+00
-3.021375840661635781e+00
-9.458385529532665759e-01
-1.292049758375893420e+00
-2.611255699716760414e+00
-2.647888122990524451e+00
-1.926421232921777360e+00
-2.892158868106748493e+00
-1.570413004579850114e+00
-3.932269320424531145e+00
-1.123424460156950744e+00
-2.247737439267791792e+00
-2.112821826096376476e+00
-1.418476730213714454e+00
-4.073066793498279381e+00
-2.235038628012970818e+00
-3.172645159545741222e+00
-3.014018461064372101e+00
-2.797062147947094513e+00
-4.919046218258424474e+00
-3.073585904838596949e+00
-2.237567390171965265e+00
-3.470705907142305424e+00
-2.424315946634597374e+00
-3.440234804775572197e+00
-2.486645057058829877e+00
-5.223907669521641317e+00
-3.123676779263637293e+00
-3.350769143806107575e+00
-7.441717855266218429e+00
-4.134735011457346232e+00
-3.517746411117707250e+00
-4.270077814812638373e+00
-2.619183646185446968e+00
-1.623149114673019255e+00
-2.588951838996176757e+00
-2.242469649542200738e+00
-5.712537358105020502e+00
-3.643793033416934168e+00
-3.180424231258756063e+00
-2.448638022389020730e+00
-2.910690885685120577e+00
-1.985171947876449572e+00
-5.242630912259069298e+00
-1.309007569854867992e+00
-2.177617450928462706e+00
-2.533059674322083676e+00
-2.895789311462944937e+00
-2.787989350707698044e+00
-2.839930646201232367e+00
-2.182546602087775067e+00
-3.725778727913663158e+00
-1.574584071822740405e+00
-2.400439809439650851e+00
-2.799312931028043128e+00
-2.131602463352026522e+00
-3.566112726296538415e+00
-2.906918787307146257e+00
-2.639223522638738384e+00
-3.544691126778147794e+00
-1.818582530863432245e+00
-1.750784128512949733e+00
-2.943381336226116307e+00
-1.596296711909461319e+00
-3.830458022868911794e+00
-2.406863681791167497e+00
-4.459491346684578694e+00
-1.654110254150964021e+00
-3.899978770964875885e+00
-2.383328934176265346e+00
-5.880087056337218065e+00
-4.498967927167503156e+00
-2.709264659363863181e+00
-4.406747599883269473e+00
-2.709724004197352265e+00
-2.292309613426273707e+00
-5.125146350316238220e+00
-3.976379769348338478e+00
-4.460174063951012791e+00
-5.055337355724297765e+00
-7.826570737344106909e+00
-4.908279173273314200e+00
-4.611331283332905429e+00
-4.272506143525476752e+00
-3.887328124965765852e+00
-3.954103112091520877e+00
-5.738681068508116212e+00
-4.606555898364677049e+00
-2.900512288745481282e+00
-1.324528151895530526e+00
-5.310863592716997594e+00
-9.882547314261934446e+00
-1.102597907303810487e+01
-1.320762233315199374e+01
-1.067344734111515514e+01
-1.073067278076122122e+01
-1.105220619149213945e+01
-1.139142405684472159e+01
-1.409733029414769412e+01
-1.423319656983842307e+01
-2.094527488705181639e+01
-1.211612476954525874e+01
-1.054671369334461595e+01
-8.777447568506346443e+00
-6.247773091929807343e+00
-3.606674986303007646e+00
-6.679633638289023345e+00
-4.885034941873420244e+00
-6.016135654044858505e+00
-6.847679429203553880e+00
-5.542618131418614702e+00
-5.886236140753930535e+00
-3.861503682669252591e+00
-4.266761528008408355e+00
-4.315958821227106057e+00
-9.652556980845755419e+00
-1.194978125299599370e+01
-1.573610545641853697e+01
-1.121886418915531003e+01
-9.799816225015915094e+00
-1.041259114042660983e+01
-7.765798174900801598e+00
-7.238405060748975828e+00
-1.520250087079945800e+01
-1.724782599686158946e+01
-9.412692108397363810e+00
-9.343058461261971814e+00
-4.134504828221203354e+00
-2.992531349867945778e+00
-5.825037804626997051e+00
-3.704949827829826958e+00
-3.067527203906472266e+00
-3.253512619243466464e+00
-1.395346031963879740e+00
-4.815028392173540617e+00
-5.023579458376393525e+00
-3.296778238047570753e+00
-2.867337070421996259e+00
-4.196241755302321685e+00
-3.112734007937481007e+00
-3.448284596950826231e+00
-4.743187466332258850e+00
-2.952210573393204474e+00
-6.914522747393493596e+00
-6.019340315386821239e+00
-5.552302610935580418e+00
-1.119497392315292039e+01
-6.490862227107442983e+00
-1.072159493680636366e+01
-7.209862614319358265e+00
-9.719248504254833776e+00
-1.227686310537212044e+01
-8.794147837596996808e+00
-5.995038799299221566e+00
-5.038984453813757369e+00
-5.132061880456379122e+00
-5.597605044696267740e+00
-3.145584387370867319e+00
-1.723570292632221390e+00
-4.133218957540743865e+00
-4.572597017469235858e+00
-4.438094804835273521e+00
-7.708523206042627862e+00
-3.861920343643375109e+00
-4.558590743174506521e+00
-3.100056030909871474e+00
-5.013885992547543857e+00
-4.920164820168673181e+00
-4.145275835099447193e+00
-5.231237550553738735e+00
-4.712709186097936431e+00
-5.559907422581278347e+00
-4.620796896150803690e+00
-7.935695921612281545e+00
-8.216859314963485872e+00
-7.497332995319601068e+00
-5.954775087533986877e+00
-8.725909106930226145e+00
-1.318801474203677948e+01
-7.382056159864461620e+00
-7.624338988781685700e+00
-1.424656834597131372e+01
-1.357838339032078068e+01
-5.855354990785353486e+00
-4.421545909505834260e+00
-8.792934494303139559e+00
-5.387016228788632510e+00
-2.967677454422755545e+00
-1.257646550840431976e+00
-5.464024336719485397e+00
-3.467770820297181089e+00
-3.778488908718012240e+00
-2.732114418332582506e+00
-3.029959109182503330e+00
-4.060565475585551809e+00
-4.918782681489656916e+00
-3.573497252191053963e+00
-3.620923107895124282e+00
-5.447400326302562767e+00
-2.826295798221985844e+00
-1.800310091358623410e+00
-4.453984500957303361e+00
-2.430234875730274080e+00
-3.379434861068214335e+00
-4.503393315972601840e+00
-2.773737195203316297e+00
-4.487481044023143184e+00
-5.317499622784382041e+00
-5.005807388898102950e+00
-5.257582813116894016e+00
-3.509333759618700199e+00
-3.533349272241777417e+00
-1.148217459917723726e+00
-1.966962703873761820e+00
-3.664349763706304941e+00
-3.110891410224280840e+00
-5.349697560345367364e+00
-5.293802330193838834e+00
-3.363011153207453585e+00
-3.122878730610879838e+00
-3.492787328504126876e+00
-4.385155512498390529e+00
-3.530632318743521569e+00
-4.119508869451563804e+00
-4.699434441344019220e+00
-4.362453519839864846e+00
-4.688256077825444734e+00
-5.252525837885523963e+00
-6.463571479658390295e+00
-5.302888019861034863e+00
-6.400402871063804788e+00
-6.845512080969524682e+00
-4.485794731000160240e+00
-3.722808794248725572e+00
-2.936376065330533081e+00
-4.625686442529320708e+00
-2.240263784049315365e+00
-5.267516418580981963e+00
-1.568674826498661190e+00
-5.306819644882118325e+00
-2.684440488006752723e+00
-3.685733617016667463e+00
-3.647146660019695119e+00
-4.607563012927385238e+00
-3.319978484056867352e+00
-3.938381293853288057e+00
-3.476597350640272310e+00
-2.813094730959349032e+00
-1.458728023760148540e+00
-6.214391262501109736e+00
-6.583173856517170464e+00
-6.722968614198347126e+00
-4.597062569162827295e+00
-7.124297818829941953e+00
-6.970673037776734304e+00
-6.822414051173864458e+00
-8.178158748716189308e+00
-9.328430227397420893e+00
-7.446807615191909591e+00
-6.234539293929206139e+00
-3.536999635857509094e+00
-3.930668129255216581e+00
-4.498714818560052287e+00
-1.760760894808356847e+00
-4.887005674986833803e+00
-2.348186971984732363e+00
-3.212864980472878162e+00
-3.771187342760274674e+00
-4.223480595520068270e+00
-5.095138314880019337e+00
-2.847531726116919515e+00
-2.193899583834763245e+00
-2.886189524727681643e+00
-3.147064937440397614e+00
-4.828345698304764788e+00
-3.905070184810512046e+00
-2.683476546913699856e+00
-6.047688517751065085e+00
-1.424888941217486105e+00
-3.639139273320504575e+00
-5.022236141439236690e+00
-5.339790215111145599e+00
-3.839658010457431381e+00
-3.797115281870785619e+00
-2.653698591867158285e+00
-2.036221187875351557e+00
-4.102659340868165749e+00
-1.777317140675307439e+00
-6.932386417502200082e+00
-3.210503110859312947e+00
-2.535533903440109427e+00
-3.453510866292516912e+00
-2.287593895976979042e+00
-8.168080350721358407e-01
-2.327441623745687416e+00
-1.268517685805415907e+00
-3.504045672827436952e+00
-3.178621719979584981e+00
-1.364218387346358252e+00
-3.031283199157837061e+00
-3.162874080362299001e+00
-1.734689804205841845e+00
-2.886439110636135563e+00
-4.937377738589946219e+00
-9.069058459528058336e+00
-5.913080304883409966e+00
-2.507353496515397406e+00
-6.186310975594715877e+00
-2.921730376603779877e+00
-1.170884604005420826e+00
-2.670902646621213350e+00
-2.031289802627307850e+00
-4.283905954352795753e+00
-2.735841390834339748e+00
-7.332184789251902757e+00
-2.931071261681179152e+00
-2.785028161272610436e+00
-1.812059857211391956e+00
-6.224278094405799600e+00
-2.781383720976267071e+00
-3.371430244633271123e+00
-4.247909957026215544e+00
-2.199134595768098777e+00
-5.270301293459627168e+00
-3.897331102160232597e+00
-2.347519371169350944e+00
-4.480828084465254157e+00
-3.399724890866732352e+00
-4.854342937365048627e+00
-5.205303054308496158e+00
-2.429809511244823916e+00
-2.492712408546546410e+00
-4.770854621057623923e+00
-4.932957573371514748e+00
-1.967028331873319713e+00
-7.460434591128688453e+00
-1.639172946998694202e+00
-5.313998428242918237e+00
-3.186665489687929398e+00
-4.462284332174369261e+00
-6.000356341233719526e+00
-2.465282504208825998e+00
-2.395994105507232685e+00
-2.897951357543760320e+00
-8.582826682436230925e+00
-6.274975863441807356e+00
-4.659570237921286662e+00
-7.569302807591285820e+00
-3.337911444612865264e+00
-6.076470463211448347e+00
-6.848011396524576355e+00
-5.815684785998194606e+00
-2.654816149183730545e+00
-2.587645715617833631e+00
-2.495798116032561964e+00
-4.006822203062344379e+00
-2.445025865302673296e+00
-3.474580388370190231e+00
-2.628803344615830540e+00
-2.030525420989867325e+00
-2.188773126832676219e+00
-2.156961148992585731e+00
-2.260370079591893067e+00
-2.466628324650075310e+00
-1.388262116126963042e+00
-6.326099048256886626e+00
-1.918701485429187281e+00
-3.111437836738928375e+00
-2.185023613351112726e+00
-1.690482991456221162e+00
-4.263115765038216765e+00
-1.739837446364437490e+00
-1.682557008513876129e+00
-2.072243313397164055e+00
-3.212574792056448914e+00
-3.798289223101252610e+00
-3.840381966210862252e+00
-1.288527594428775291e+00
-2.355297192975886134e+00
-5.430107239055280921e+00
-9.626805867528242189e+00
-1.298765368719145163e+00
-1.906825240297167712e+00
-2.356465669886291803e+00
-1.682864650827988973e+00
-5.915911288162869042e+00
-2.775911678823868023e+00
-1.775541222495750304e+00
-1.105946583830679897e+00
-1.203800127064911463e+00
-2.273085778261128898e+00
-2.555164617068370614e+00
-5.713867009592282109e+00
-5.464595713875818106e+00
-3.689367972252043160e+00
-3.320631612255697362e+00
-2.248749592158918009e+00
-2.084955365109039338e+00
-1.574725172071032686e+00
-2.419799806800617681e+00
-1.752487119812858651e+00
-2.855501335543448871e+00
-2.040422787920849856e+00
-3.419086270313644427e+00
-2.666186360625924401e+00
-2.159118590325252107e+00
-2.044428506838281034e+00
-1.699029859608984117e+00
-3.209051860886263263e+00
-2.605038064422497968e+00
-1.382431610841058811e+00
-2.637846417742113925e+00
-1.258935833803506377e+00
-6.704542643294725046e+00
-2.230736571642698340e+00
-2.839733327361842807e+00
-6.742995975890154092e+00
-7.022748443138144836e+00
-7.938489740409361062e+00
-5.428514355660015944e+00
-3.323543851629090273e+00
-5.690011231475545550e+00
-4.601936751097151834e+00
-5.636862802836445141e+00
-2.276462468467525646e+00
-1.771314014119810709e+00
-5.081369451658662939e+00
-2.700397432967565958e+00
-4.730709429988423587e+00
-1.572783732084341413e+00
-5.090703428633899463e+00
-2.100628340864844734e+00
-6.278359238263725217e+00
-3.050244343495266630e+00
-4.250466988826467230e+00
-2.043023146507363830e+00
-2.801771471102518341e+00
-6.262034933288891381e+00
-6.327092044161792828e+00
-3.632702997911496645e+00
-3.090382367975693878e+00
-1.465954748131240715e+00
-1.080273921366829981e+00
-3.328843348246572464e+00
-4.273268424105755692e+00
-4.405353568261616282e+00
-3.463929076084634850e+00
-2.241265618206855770e+00
-2.305832865717979185e+00
-3.994480780758560723e+00
-3.818251531351620542e+00
-5.987955529680618838e+00
-2.803476127811015406e+00
-8.577539285683153381e+00
-3.586227116184752539e+00
-2.408849853223625992e+00
-4.272324954750292392e+00
-5.533906834507196670e+00
-2.154535654476514406e+00
-3.616822105580495883e+00
-3.054779459772904104e+00
-3.602596278881227576e+00
-2.084857453061319088e+00
-4.044662889287838681e+00
-2.368613816105300973e+00
-2.381413821574450029e+00
-2.304936353585409048e+00
-1.971751658501141424e+00
-3.000729396433421847e+00
-4.251929563035071524e+00
-3.259803824172668119e+00
-1.170508669003807567e+00
-1.315985938232612673e+00
-2.003075197495134407e+00
-2.019757868511022458e+00
-2.437295117368899700e+00
-2.471525049194310153e+00
-2.707319995356807230e+00
-2.539652913330662454e+00
-6.416495499243062284e+00
-5.111513023882033657e+00
-5.143284585522469143e+00
-1.687342965409943218e+00
-3.292910846704674377e+00
-5.563217937185645390e+00
-3.074134212266462995e+00
-3.257338470122851160e+00
-1.543723416864552389e+00
-4.340108791261002352e+00
-2.899837813583181045e+00
-3.018950567536470508e+00
-3.082022277239946373e+00
-3.075345628217394101e+00
-1.916787143961162121e+00
-4.597878936152365981e+00
-1.841210630876606746e+00
-2.350630021170941664e+00
-5.175830179451033963e+00
-2.330059867630490444e+00
-2.606616962344339594e+00
-1.783639957642666474e+00
-1.200226793002604708e+00
-1.851139178441009392e+00
-2.318585081443002238e+00
-1.829450967552741059e+00
-1.631981255685747145e+00
-3.314768430762387474e+00
-3.224265014837936594e+00
-4.005653664957627313e+00
-2.581786178230682349e+00
-1.605676295909871376e+00
-1.768322445637995122e+00
-1.458646085480418186e+00
-2.355744679501508898e+00
-2.328054099908305918e+00
-3.024361706398728256e+00
-2.036160084305602247e+00
-8.796390425327943463e-01
-5.637373771634599962e+00
-1.784529698867038716e+00
-2.410468080555141501e+00
-1.718422779614982465e+00
-2.616340546764974295e+00
-1.529627024882713071e+00
-8.168810916448416393e+00
-2.126866173797721249e+00
-1.229302696479324108e+00
-2.849928516795221078e+00
-1.268535655284391828e+00
-4.076071448756660942e+00
-2.516725546273969716e+00
-1.594220600791827147e+00
-1.536810556402801620e+00
-7.692027327750579957e+00
-2.515604866724229005e+00
-4.970136991497327017e+00
-2.132865664712503939e+00
-2.732503963577412431e+00
-1.922096995655039997e+00
-1.869414447203976870e+00
-3.390185623369595724e+00
-4.603235583541533948e+00
-2.150863422899124799e+00
-1.819305978090568265e+00
-3.600735041447818308e+00
-2.385689971236595319e+00
-1.977527575424571804e+00
-2.175217415163228196e+00
-4.081015738915938940e+00
-2.496429227638980564e+00
-3.255854445517485374e+00
-2.798373145056628264e+00
-3.897434287039998946e+00
-2.862391664037387429e+00
-2.089151656628498888e+00
-2.541606507517108593e+00
-2.508600339212195607e+00
-2.911472487253335739e+00
-3.456897386701455410e+00
-4.347962438164751475e+00
-2.767179275564161323e+00
-2.918067752106716650e+00
-2.762847827387459265e+00
-3.966836248931793651e+00
-4.155206992029514268e+00
-3.518866119654561420e+00
-4.745210720469118293e+00
-2.943704973384707824e+00
-2.061252172458341914e+00
-2.005343830388420567e+00
-2.734377405499010205e+00
-1.914259036830042948e+00
-1.797781316841436050e+00
-2.162216290997803991e+00
-2.512200745971499227e+00
-2.524302680701083990e+00
-4.834462453827248041e+00
-1.895493088579125240e+00
-1.764851544972062092e+00
-3.911440758417799923e+00
-1.183097360218947180e+00
-1.477647986253954215e+00
-1.004260707863829039e+00
-1.725219100208094325e+00
-1.534126016188045449e+00
-2.636013356369078853e+00
-2.809687699867533972e+00
-1.344135926331316400e+00
-3.127066076604723577e+00
-2.833288989436093086e+00
-2.836374784817775829e+00
-2.153411989117286485e+00
-2.847237916095881172e+00
-3.063753150142651815e+00
-2.883330641870324840e+00
-3.990508578308240573e+00
-3.184686319657167530e+00
-4.422928688053458401e+00
-3.914176971177697695e+00
-3.895809462238888354e+00
-3.046828613054026302e+00
-1.796387069949487270e+00
-2.766925183505457575e+00
-1.363792246568401811e+00
-1.853568614596803332e+00
-1.212719675055049739e+00
-2.290521173043804648e+00
-2.746208178915204634e+00
-2.339520890577452938e+00
-1.703621080206932925e+00
-1.846997803999079757e+00
-1.577380916174410563e+00
-2.881662377725566770e+00
-3.438945440881703952e+00
-1.692607733012579274e+00
-3.512994657189336234e+00
-1.660598364016284245e+00
-2.890914943223209299e+00
-2.101202637241682769e+00
-1.718209356890976647e+00
-3.099294512891640263e+00
-2.730681985000515510e+00
-3.704045593293438632e+00
-2.319670996167436883e+00
-2.723316498702380350e+00
-1.655590519202793542e+00
-2.472882005246165971e+00
-2.434454205406198390e+00
-2.120762687585554751e+00
-2.273406914959283043e+00
-2.487626132237104937e+00
-1.954856229413286961e+00
-2.387017811758076036e+00
-2.114785792235796880e+00
-2.448532004173272991e+00
-3.130625062449229556e+00
-2.438969320819865949e+00
-2.714873594779007693e+00
-2.627131578571407111e+00
-2.822670923212005967e+00
-2.470597082557509871e+00
-1.805152972537793277e+00
-3.234707043303908680e+00
-1.487759374833907078e+00
-1.252759401232037106e+00
-1.404917744655824752e+00
-2.329487610988557389e+00
-2.186573743341169163e+00
-1.452489844772931304e+00
-3.412232639531140865e+00
-1.895655123845923828e+00
-1.691384038090766539e+00
-1.739279772933120638e+00
-3.071293614981347453e+00
-4.250239722368729822e+00
-2.296010362605980681e+00
-3.720576021659900867e+00
-1.978905996892216912e+00
-2.520189057355208373e+00
-2.308708505749152096e+00
-1.579090399647667287e+00
-2.315168442148420880e+00
-2.128216691088567369e+00
-2.602988111878234978e+00
-1.242653461908008738e+00
-1.437981549148446225e+00
-1.973838843735358672e+00
-3.567844520471386449e+00
-2.069257079590421711e+00
-1.453850740166217959e+00
-2.273209972483609231e+00
-1.598218276204753652e+00
-1.523300874248056935e+00
-2.042284140196415798e+00
-3.317869604366585623e+00
-1.613919176989188742e+00
-1.514514380674522487e+00
-1.562375905393932785e+00
-1.671060281259596048e+00
-1.654134046829386362e+00
-1.725567608366141759e+00
-1.560756367267748024e+00
-2.226685586876317569e+00
-1.658358914400679396e+00
-1.347325470996987518e+00
-8.056911461955030829e-01
-2.194034870467094223e+00
-1.381187139742970915e+00
-1.140988676637171073e+00
-2.364279111768135877e+00
-2.051308293977183617e+00
-1.892851248501571604e+00
-1.992051179187191989e+00
-1.727978109438150334e+00
-1.830000953636747418e+00
-1.913593512314634371e+00
-1.534502710298196959e+00
-1.205165674707674217e+00
-2.162494628112484385e+00
-2.559070394763578893e+00
-2.182376439708969773e+00
-1.478930215802968462e+00
-1.407116365488005005e+00
-2.474556290530268043e+00
-1.646248342047617719e+00
-2.355787002863978685e+00
-1.619453804623635751e+00
-1.016369119614094485e+00
-1.953698922190159060e+00
-1.054976035355370545e+00
-1.518395682835165683e+00
-2.267105767272885153e+00
-1.240382168877764091e+00
-1.741051473692218243e+00
-1.598971067007559643e+00
-1.324999880174821065e+00
-1.173342819250642988e+00
-1.596825239634455329e+00
-1.269814083388306925e+00
-2.326712441185872393e+00
-1.496486668277038135e+00
-1.470284693171954649e+00
-1.311157338943466533e+00
-1.567115134970089363e+00
-1.681397383739288154e+00
-1.109970036696237505e+00
-1.928608576076295655e+00
-1.160951955422303117e+00
-1.686989974058939135e+00
-1.893953888419907416e+00
-1.705237676801057090e+00
-9.209010225010716422e-01
-1.221768583153683752e+00
-9.756392342509417892e-01
-1.200585826607618145e+00
-1.999761833793243015e+00
-1.367446179460550137e+00
-1.859009751020769041e+00
-1.525848196737730422e+00
-1.362950403780020858e+00
-1.565955182367630982e+00
-1.258488260327647046e+00
-2.034158746606064216e+00
-1.705940290606313692e+00
-1.482875073586638059e+00
-1.303283762134894053e+00
-9.055368986035065015e-01
-1.908099310727794817e+00
-1.515127153824683548e+00
-1.056104936694346463e+00
-9.759918839325516515e-01
-1.578297423196460825e+00
-1.668699159767502271e+00
-1.525129828460303427e+00
-3.323764476728831241e+00
-9.829307469834707156e-01
-1.060308840096334082e+00
-1.346446679108922018e+00
-1.647815034633445475e+00
-1.085494371030452099e+00
-1.853352491293069448e+00
-1.745721308085228740e+00
-2.559263520203100217e+00
-1.845386750119442087e+00
-3.408836916042519150e+00
-2.209069093761057090e+00
-2.404234699658958530e+00
-1.386773775880848492e+00
-3.128258573484014260e+00
-4.060999822682897609e+00
-1.676382038326287294e+00
-1.821852634750495525e+00
-2.934518400144948025e+00
-2.057379012545804908e+00
-1.966208438641839917e+00
-1.393368445504210351e+00
-1.861283274716551528e+00
-1.133321662739809055e+00
-1.443243389670432197e+00
-2.675039017882312020e+00
-1.953793356237452317e+00
-1.844201736462154795e+00
-1.876680750184227309e+00
-1.635514884246309419e+00
-1.086224488070792749e+00
-2.110122236136570351e+00
-1.604035227719485368e+00
-1.324013020503556959e+00
-1.388637367095695963e+00
-2.441080774886514870e+00
-1.519532985999311414e+00
-1.667128666379982027e+00
-2.442923360711148018e+00
-9.726428100024787637e-01
-1.411749735058404509e+00
-2.159307976179558608e+00
-1.670627310791052311e+00
-1.680306535713175453e+00
-1.256502292485870864e+00
-1.839560231766240950e+00
-1.167767902770889821e+00
-2.366309571251150157e+00
-3.794151158403683777e+00
-1.934557165721881189e+00
-1.926255465450735116e+00
-2.103029412655510466e+00
-2.111074165397742952e+00
-2.458373003178730531e+00
-1.701859179926060728e+00
-1.817199045143181868e+00
-1.847233899055316986e+00
-1.850263526913522139e+00
-2.549178208948587709e+00
-2.694073646299873559e+00
-1.472168855667052245e+00
-1.745125398681697027e+00
-1.354180954655263225e+00
-1.241932872989348846e+00
-1.534468619235308307e+00
-1.258795695841427031e+00
-2.264742282050458133e+00
-1.505252691336012916e+00
-1.605736347518976759e+00
-1.491047056923971326e+00
-1.222381696662649508e+00
-1.706606371658688115e+00
-2.309765527101415472e+00
-9.496795614064588165e-01
-1.115655805647127963e+00
-1.279560229397745053e+00
-1.137255356005759444e+00
-1.397519235135436855e+00
-9.241291878909810853e-01
-1.433981100027829303e+00
-1.991176996718151848e+00
-2.441120062519903655e+00
-2.397618356468160350e+00
-8.048383039503894665e-01
-2.400129601416664649e+00
-1.677065513330673552e+00
-1.924012360955798639e+00
-3.319317140451786052e+00
-3.107922515246418271e+00
-2.979468321883446347e+00
-1.891781202563158848e+00
-2.521537824011779616e+00
-2.144457824810626967e+00
-1.653327472678436383e+00
-1.216550614763556748e+00
-2.950508369392509156e+00
-1.371650976780517173e+00
-1.401730249156163843e+00
-1.983722084170326028e+00
-1.518712895102307003e+00
-1.994937433316366304e+00
-1.994788198676805901e+00
-1.723519948681096148e+00
-2.942979640277541886e+00
-1.070292551726630625e+00
-1.198498892609842326e+00
-1.506957321721224874e+00
-1.998097097820290102e+00
-1.357234233145167668e+00
-1.336729013575496117e+00
-1.006844231931779188e+00
-1.703663372047358848e+00
-1.473017348343645505e+00
-1.554327609146392897e+00
-1.270019749340447701e+00
-1.850068761562008612e+00
-1.279486906898698928e+00
-1.683186825439363377e+00
-9.735325634575191511e-01
-7.509194946777576485e-01
-1.910091303518449468e+00
-9.321831010400551953e-01
-1.163587781729789716e+00
-5.857789053160573634e-01
-1.098531155530311887e+00
-1.187122641452659000e+00
-1.550839060139301395e+00
-2.298554625494413806e+00
-1.075570197722686583e+00
-7.377571413644713472e-01
-1.154579987847821787e+00
-1.133642100823316401e+00
-1.823178657674929148e+00
-1.036167660262360624e+00
-1.155941425744491768e+00
-1.572210348208765929e+00
-1.058384907932115926e+00
-1.268258909649259136e+00
-1.306069622623843074e+00
-7.138100660403940978e-01
-9.481245795981525504e-01
-8.927214772952087873e-01
-1.112717101629298488e+00
-1.126641622619833250e+00
-1.531303555237958580e+00
-1.119151684240417000e+00
-9.695882414491288070e-01
-1.416956159006191651e+00
-9.737220641656699760e-01
-1.107352376579306741e+00
-1.219151004309493302e+00
-1.395947608960432351e+00
-1.720898543482313858e+00
-1.314902981044355768e+00
-7.455574313097863559e-01
-7.633114895203131356e-01
-1.008869650836933252e+00
-1.095965413626216689e+00
-8.820425586261566586e-01
-1.105811540414875838e+00
-1.112890925118120933e+00
-1.425250355768188593e+00
-9.678779573322621177e-01
-1.664841338244723579e+00
-1.041884146123675192e+00
-1.414383469946263627e+00
-1.870772912497237872e+00
-1.300516844244469228e+00
-1.393974833707899208e+00
-2.112888036356826316e+00
-9.326808431583708536e-01
-1.885898720235139159e+00
-1.765027573781450698e+00
-1.298595976404251395e+00
-1.338735654985684587e+00
-1.332116810213548552e+00
-1.323049679881627805e+00
-1.537185003219047941e+00
-1.520062582477225366e+00
-1.660391857783015235e+00
-1.458040480583971732e+00
-1.298452820528190443e+00
-1.505371747874091115e+00
-1.577240538670858117e+00
-1.128622128035802197e+00
-1.634010691245919356e+00
-1.453606710444054650e+00
-1.364360873197364210e+00
-1.305795929066685401e+00
-1.432701972592819617e+00
-1.081232421020612566e+00
-1.373159524959725930e+00
-1.196990307885253957e+00
-1.416520338677045743e+00
-1.632802616548729713e+00
-1.170409768599226741e+00
-1.322406512991010752e+00
-9.141948804014715657e-01
-8.679797213927850086e-01
-1.417639977830087661e+00
-2.075941589562334322e+00
-1.322429244991527808e+00
-1.647681677811788425e+00
-1.284423123204604833e+00
-1.079887965619850565e+00
-1.593503305451378971e+00
-1.054910403973328359e+00
-1.277578428417203371e+00
-1.240349029123073876e+00
-1.771772767950254623e+00
-1.276325423070933551e+00
-1.288415114603809863e+00
-1.776494289882523780e+00
-6.107333995102109947e-01
-1.045571019947203473e+00
-1.439691744955517327e+00
-1.293940783663015459e+00
-2.105546620832578597e+00
-8.888589553775040342e-01
-9.233192816862139107e-01
-1.561887684086689099e+00
-1.359103916880907592e+00
-8.655997343953195644e-01
-1.454928239892603115e+00
-1.083203219911226034e+00
-1.562324171930652872e+00
-8.421117781329797713e-01
-1.553819338311462905e+00
-1.847579035221914578e+00
-8.593434821545856694e-01
-9.720781260779268740e-01
-1.070835816573911803e+00
-1.116099607629026158e+00
-7.537169029248138585e-01
-1.337220583468177626e+00
-1.161165677270803887e+00
-1.181216106475688310e+00
-1.531754565025268411e+00
-1.929833556640427439e+00
-1.245683326857810247e+00
-9.519144682203117824e-01
-1.531081646246585715e+00
-1.162615140324645191e+00
-2.107169085139095177e+00
-1.500401294384134276e+00
-1.178946456469496695e+00
-1.629411119293298738e+00
-1.830328231196529876e+00
-9.056079479329943727e-01
-9.672635430502842802e-01
-1.314263695636524121e+00
-1.803758078537279763e+00
-1.162634197273752390e+00
-1.120192527463347298e+00
-1.780548999020775236e+00
-1.091036379395508016e+00
-1.764897066930184000e+00
-1.995969144505769677e+00
-1.521551257007598634e+00
-1.023014204081182710e+00
-9.009346441996050059e-01
-9.467842097959662251e-01
-1.289673480647051562e+00
-1.769486247114671285e+00
-1.291841229332075791e+00
-1.168855886634585728e+00
-1.208008442248788450e+00
-1.523256215599771091e+00
-1.370953265298517243e+00
-1.110461392252428681e+00
-1.100455993147533063e+00
-1.292093924018871576e+00
-1.820145283192778241e+00
-1.156679336951762282e+00
-1.139907825239978578e+00
-8.110974649815241300e-01
-1.638886062062760329e+00
-7.466275868926409709e-01
-1.075181205703431786e+00
-1.168586663337151554e+00
-9.692854475360560551e-01
-1.577736926242899962e+00
-1.556935373446056703e+00
-2.032811382133052902e+00
-1.018837901812772007e+00
-1.132889809895445854e+00
-1.208101621701018313e+00
-1.017156924269263740e+00
-1.433855655365342541e+00
-9.204595751419502037e-01
-8.022729595701407757e-01
-1.674945605095818024e+00
-1.244613008036081991e+00
-8.919817966362878492e-01
-1.290304032295392034e+00
-1.067802045374725672e+00
-1.486046415664750375e+00
-1.340591456307967499e+00
-1.093533013608881221e+00
-1.436430821726043305e+00
-8.182241910081848868e-01
-1.319095277413155021e+00
-6.998731334195795739e-01
-1.198349757512207958e+00
-9.331966583849743424e-01
-9.569631421611048960e-01
-1.452951500028208720e+00
-1.061599676382834812e+00
-1.603307939280777639e+00
-2.048672002392151192e+00
-7.406091083986707790e-01
-1.245439928788534489e+00
-1.203236838551677401e+00
-1.271943065623616143e+00
-1.422006364573793480e+00
-1.405097949333875107e+00
-1.173887105289959765e+00
-1.018480388703510320e+00
-9.977943042196242285e-01
-9.450131024333270346e-01
-8.196774588599358147e-01
-1.103980723907258987e+00
-1.145621890029297818e+00
-8.390986549166078445e-01
-2.746384269611463314e+00
-1.318468093721001821e+00
-1.357451579618909054e+00
-9.416333076252531020e-01
-3.251377068750046284e+00
-8.287814837683600278e-01
-1.065030320887077941e+00
-7.956459387999260668e-01
-1.328499972898488979e+00
-1.277228817112567638e+00
-1.108714396075228148e+00
-1.200273460433058936e+00
-6.621626232615378527e-01
-1.278929122978345045e+00
-1.049045482058285961e+00
-7.615898271165320033e-01
-1.712101392907952491e+00
-7.928136672146037789e-01
-1.738198583998368685e+00
-1.128452483458701971e+00
-8.166630247056544389e-01
-1.242065483889697175e+00
-8.979605425677280595e-01
-1.325244653023102792e+00
-6.872118579959234363e-01
-1.724471503640649495e+00
-8.561883426741065950e-01
-9.941143849399066701e-01
-2.266023524072166673e+00
-9.227050359810619051e-01
-1.053284601041913238e+00
-1.385680841488690529e+00
-7.323201597549370279e-01
-2.991404190897646309e+00
-1.717794164896267128e+00
-1.637828014571227842e+00
-9.267814524321102976e-01
-7.410994324031144886e-01
-2.008264597844025889e+00
-2.139219764546312685e+00
-1.475282001970461776e+00
-1.363259755782376459e+00
-7.452373008752776196e-01
-1.077036859348709630e+00
-9.305747199209698506e-01
-1.929888025963925946e+00
-9.763864786591895939e-01
-1.104111168358878681e+00
-1.473162902768028637e+00
-1.318667710939549265e+00
-1.150685968372905821e+00
-1.219310538728136439e+00
-6.243565018633441266e-01
-8.688792633971702539e-01
-9.296625047365860706e-01
-1.105876879640784738e+00
-2.261700403819216110e+00
-1.200551124974907680e+00
-9.462306799123839651e-01
-1.362533963267001935e+00
-1.415002761509457141e+00
-9.956828043980285869e-01
-1.138746511944538131e+00
-8.974864038826591006e-01
-6.825947060379859987e-01
-9.210432477898716774e-01
-1.220669006490464392e+00
-8.040143437242925906e-01
-8.742554773463024897e-01
-9.021839493695491541e-01
-9.901910044037363079e-01
-1.080147204429014129e+00
-2.072008624305991642e+00
-8.694053589184665976e-01
-1.069086278071760043e+00
-1.260012649383595251e+00
-1.430545912069094872e+00
-1.123826506648087697e+00
-1.103544043137553388e+00
-1.258997765357158238e+00
-7.733657075435027561e-01
-9.169195839634430856e-01
-1.045528582353406621e+00
-8.348157673961105196e-01
-1.429791985760700435e+00
-1.033448110261749653e+00
-9.312287480338937717e-01
-1.044573090710892549e+00
-9.651723207759733691e-01
-1.196891343552469067e+00
-1.172779107333896231e+00
-8.514712578602715576e-01
-1.067519154290439420e+00
-6.113214394208739133e-01
-1.464606779561205885e+00
-7.158447093911772807e-01
-1.023905062324554693e+00
-7.053660240003898352e-01
-8.781356254767704872e-01
-7.524794349449303033e-01
-1.342952836370032710e+00
-9.383310604338142014e-01
-1.024432242944010030e+00
-1.066300616819605196e+00
-5.948799577609085176e-01
-9.895374947203122717e-01
-1.073140514017539182e+00
-6.817808158148486175e-01
-1.073063807754395249e+00
-6.563522653907699622e-01
-8.784288223575388299e-01
-1.091112097500659850e+00
-8.335279149852808933e-01
-1.057295952263907601e+00
-8.005676283107182600e-01
-1.183984042780566570e+00
-9.552244979085172671e-01
-6.736401748508670240e-01
-8.193970110503835391e-01
-8.420641892046891730e-01
-1.185989306140149857e+00
-8.011993292215058293e-01
-8.896883694556070310e-01
-6.236529267010006983e-01
-6.428511995487898867e-01
-5.934713543845604455e-01
-9.831764126022090045e-01
-1.204381824596738149e+00
-8.366372498046444894e-01
-6.929717617628049497e-01
-8.099894638887417120e-01
-7.461746491952367943e-01
-7.611405852137750339e-01
-6.807587496737506072e-01
-1.645722598986581131e+00
-1.303631788447580764e+00
-6.473273988082640651e-01
-8.925243265636322310e-01
-1.416799377856800435e+00
-1.081510749107728264e+00
-2.145725402237077528e+00
-7.235301332775346816e-01
-8.307977612810344414e-01
-8.815288720684748558e-01
-1.070514524769656584e+00
-1.505726055749367909e+00
-7.403656790173743785e-01
-8.087363469485454592e-01
-1.157921413461897586e+00
-8.435450037381568844e-01
-7.349150069026105792e-01
-9.308840996459160078e-01
-9.966501787787143130e-01
-1.811501039812727587e+00
-7.584225609031374216e-01
-7.844626399326852795e-01
-8.407880979450719217e-01
-1.149374897166536957e+00
-1.178302038887855119e+00
-1.315229920403663044e+00
-3.849232017810499396e-01
-7.488405177523754785e-01
-9.626056130065765437e-01
-6.978885782674487670e-01
-6.050808683049329062e-01
-1.512532682360013370e+00
-7.117353578480608567e-01
-5.944796931478818491e-01
-6.965586297823639361e-01
-7.616828357689617857e-01
-9.338202386773549746e-01
-1.151019997126486505e+00
-8.734246414818522819e-01
-9.135397367073965214e-01
-6.121993918434591730e-01
-7.551700198894406579e-01
-1.168987405557980530e+00
-7.206466848298264116e-01
-1.395905137457233547e+00
-9.545971601577336596e-01
-5.625270923356705532e-01
-9.012265457984981465e-01
-5.784224627419946030e-01
-1.007444384131444881e+00
-1.019470057087261461e+00
-1.047135404852267637e+00
-6.574453491852992881e-01
-1.525379918434116133e+00
-1.037673920130216976e+00
-1.871122614235187775e+00
-1.024203536482086285e+00
-1.096422245121350336e+00
-1.155020210500311784e+00
-9.571270775138368547e-01
-1.314976861077613579e+00
-1.191057313710405907e+00
-1.612191695253666790e+00
-1.051120213171307771e+00
-1.098735939995450384e+00
-7.719949846485685274e-01
-1.622607988127837464e+00
-7.594620082890094492e-01
-7.583542763824304700e-01
-1.349332988596190663e+00
-1.053379351491106508e+00
-6.094369675835287214e-01
-1.061316836463678248e+00
-1.108060998755454163e+00
-7.766846335049713002e-01
-7.784768811757201146e-01
-6.699158254733377227e-01
-9.587412412381302040e-01
-1.941546330457487368e+00
-7.187235901433963736e-01
-1.242503681747415989e+00
-8.624829632673979285e-01
-1.153528388833494400e+00
-8.840519554301656813e-01
-9.139902100332349955e-01
-1.880125157717122741e+00
-1.357910763074054117e+00
-1.266702709152204065e+00
-7.018515503788057552e-01
-1.105006625137934906e+00
-8.482576924993393552e-01
-1.207259534690316105e+00
-7.914300022226194997e-01
-8.599579316432085507e-01
-8.753555418657272824e-01
-1.438654932625593297e+00
-8.948023131434950095e-01
-9.654641413179337883e-01
-4.727819965619023956e-01
-1.644377401481053047e+00
-1.084841696387707444e+00
-1.136356915756793429e+00
-1.066481015555806655e+00
-1.294464203051943985e+00
-7.281187170312124479e-01
-1.415787831706386779e+00
-9.900602809495077095e-01
-7.734080962449436658e-01
-7.580435629715926993e-01
-1.355900404234995582e+00
-1.514569560120569536e+00
-5.992766234969622019e-01
-8.310359963808094941e-01
-7.954806830188800859e-01
-9.201283308471909228e-01
-1.294131509341047925e+00
-7.621342206438135314e-01
-1.018391389292330418e+00
-1.160482819427725687e+00
-1.192823811530955069e+00
-1.172548759423247766e+00
-1.269117695966152759e+00
-8.549560238503147724e-01
-7.219220907342647209e-01
-1.026917139549301083e+00
-1.500564501867977185e+00
-6.564909464165077368e-01
-7.746536323028044846e-01
-7.651628908558162356e-01
-1.128955921661428441e+00
-1.779081411650781597e+00
-1.592695067021704380e+00
-9.782490755419077644e-01
-8.689308330287883742e-01
-8.769244168313642396e-01
-1.173735086961431140e+00
-1.190209486096422076e+00
-9.780387496294090655e-01
-9.463779861549448391e-01
-1.103385830707575010e+00
-1.389923616643242044e+00
-1.337840788371004619e+00
-8.337116898464521642e-01
-1.210410632639817630e+00
-8.963041865525275265e-01
-1.040539774617058821e+00
-1.127309193912552576e+00
-1.386743665880601606e+00
-8.426118803853396289e-01
-5.714935605882364156e-01
-9.198079563493591904e-01
-1.438188848183667767e+00
-8.276822043712597221e-01
-1.220194105277895957e+00
-8.950999347855697064e-01
-7.798578704264639283e-01
-7.836944232858528148e-01
-1.109043695080922820e+00
-1.615102985864819152e+00
-9.946718854138503207e-01
-5.528905512733107708e-01
-1.137937888886229931e+00
-1.107624721787084487e+00
-8.071249252790220208e-01
-1.179795673429940406e+00
-1.226920492171902133e+00
-8.188293723668070845e-01
-1.191986824557853319e+00
-1.387059415921733763e+00
-6.422432949644371059e-01
-1.175343502124321260e+00
-9.109883100473759043e-01
-8.360020485519533695e-01
-2.124984304665421764e+00
-1.438659445629618228e+00
-1.014164132933506934e+00
-8.009506361613876191e-01
-1.328071320101471331e+00
-9.104047419879270908e-01
-9.469844730976348934e-01
-1.075289970194646338e+00
-7.428426949329635098e-01
-5.614677329845416676e-01
-1.417070648768958607e+00
-5.912025571858776640e-01
-5.345388817654138647e-01
-9.085906741660368935e-01
-8.729333867345284714e-01
-9.699817532429689804e-01
-9.848422678000232633e-01
-2.086773503200424873e+00
-5.140227130819402523e-01
-1.108578562051289351e+00
-7.798131422107545951e-01
-1.119116332764787725e+00
-2.948278539662974040e+00
-2.006540412424195008e+00
-2.185978590070409400e+00
-1.057650615463603172e+00
-3.591524310278944920e+00
-2.013972864587658673e+00
-9.387765175453571809e-01
-2.290461244671824659e+00
-1.328757312537220514e+00
-1.602232403277281003e+00
-1.180946119147558315e+00
-1.054828885633013247e+00
-8.839952049216727170e-01
-1.683481608963451226e+00
-8.058791000789892189e-01
-1.332697805862490537e+00
-1.271865544050977404e+00
-1.505689541602970083e+00
-1.403336324299610860e+00
-1.499757927532517687e+00
-1.304479392122601444e+00
-2.593643289725509060e+00
-1.133627978901824651e+00
-1.025300975308341522e+00
-8.702693548512369093e-01
-1.435588293251912839e+00
-1.053174794366297462e+00
-9.893815297761399119e-01
-1.709031195388386104e+00
-1.510144049132975619e+00
-8.350239587615818637e-01
-1.805339100514986583e+00
-1.128224186004546770e+00
-1.204005094228815631e+00
-1.015563843037389669e+00
-6.023169840918918272e-01
-1.264025160011779780e+00
-6.763607043741199920e-01
-1.400282454319320191e+00
-9.005183623804842163e-01
-1.058065743231678457e+00
-2.237163661501299750e+00
-8.427430037897278847e-01
-9.140763861142356950e-01
-9.188722732003681282e-01
-8.782674746006563504e-01
-1.003337092844797995e+00
-9.262770479525371803e-01
-1.807835424796645940e+00
-1.109819181080883288e+00
-1.203518480180513439e+00
-8.239134319406403728e-01
-9.406382319788875179e-01
-5.859760710835879571e-01
-8.012870706667825083e-01
-1.247339313454363996e+00
-9.774791392454152961e-01
-1.237692655598380931e+00
-1.320504479225979688e+00
-1.286457406420919991e+00
-9.121633582416658337e-01
-9.077986216109978912e-01
-7.978532883519278140e-01
-1.177830541332681502e+00
-1.285245023146040610e+00
-9.882098919213795352e-01
-1.022573920206860665e+00
-9.975676906830163171e-01
-6.269767639636063539e-01
-6.927350860734382554e-01
-8.283281773743675913e-01
-7.368140193817640515e-01
-1.542852400222773701e+00
-7.350095567977358302e-01
-1.410302453632691577e+00
-6.603711069381104082e-01
-1.240562077963358156e+00
-8.650321004760513910e-01
-8.405496310547405647e-01
-1.072708899606085620e+00
-7.774166490983818179e-01
-1.144130405230647352e+00
-1.082368298157825759e+00
-6.353524708071627281e-01
-7.030159236543472856e-01
-1.056814084306918256e+00
-1.444123600394376705e+00
-6.744545509072306100e-01
-9.942945891482909415e-01
-1.031916629130253282e+00
-1.423693242735743825e+00
-1.137797405958556052e+00
-8.794170486382559826e-01
-8.073983801493455070e-01
-1.102855513777189378e+00
-6.765835478663136948e-01
-1.004563649175396867e+00
-1.021078105684711801e+00
-9.466005197081875933e-01
-8.973095148596332837e-01
-7.721053560094480739e-01
-1.101520132015898490e+00
-8.831757953192495014e-01
-1.228183063978385725e+00
-9.378483419351646422e-01
-1.183817673921580438e+00
-7.365570451591229029e-01
-1.056352178156988231e+00
-1.247234865399007298e+00
-8.453842547188099577e-01
-9.261595016793787716e-01
-6.230552929687351860e-01
-9.236995767493497711e-01
-1.073988661976962744e+00
-7.014040600898120426e-01
-9.537808532224886227e-01
-1.297431542169090735e+00
-9.432409710924960500e-01
-1.001205289155826961e+00
-5.116198343106207469e-01
-1.039312200449033607e+00
-5.887826220227908580e-01
-1.232693087651069330e+00
-9.341700553840881494e-01
-1.760685821098840087e+00
-7.644558035921114048e-01
-5.390252131278904235e-01
-8.701402805286360120e-01
-1.037407059775717677e+00
-9.832437365656657713e-01
-1.006622696339159351e+00
-1.000063928382580514e+00
-1.008702603260683173e+00
-7.696938337424612531e-01
-8.106360598551350938e-01
-6.595762191928042917e-01
-7.037099195167891841e-01
-1.196877693820346478e+00
-1.309529299330781438e+00
-8.331173016804175324e-01
-1.239248990726976141e+00
-8.683948760926685217e-01
-9.478129330886841952e-01
-1.452277887687108526e+00
-6.277896163417334696e-01
-9.474978033674210653e-01
-7.372744575087998298e-01
-8.001898872643316007e-01
-1.603007132822499958e+00
-8.006638458207240294e-01
-6.440852452267713524e-01
-7.989396236762552617e-01
-1.680102696815505947e+00
-1.168233131624885734e+00
-1.365400592078869657e+00
-7.667405235213898829e-01
-6.119941721287568415e-01
-7.491962692676358282e-01
-1.172032946990628544e+00
-1.058743404091837093e+00
-1.127148234186740705e+00
-1.207454527083331675e+00
-1.232819034147083270e+00
-1.635982913664929761e+00
-1.364316636348681833e+00
-1.206091049978131879e+00
-1.274861149857683174e+00
-1.064603557428930980e+00
-8.790031383045289193e-01
-1.474989375000228975e+00
-6.638856913193871279e-01
-6.551581703592045391e-01
-1.232000754518138841e+00
-9.312738508626496881e-01
-1.095905858855761750e+00
-8.972026113368385403e-01
-8.945389301467505661e-01
-1.465989863392048509e+00
-7.351106061030590055e-01
-9.831549083198258820e-01
-1.013396444953529763e+00
-7.680069890731631155e-01
-1.207709663186121052e+00
-7.213223446652647919e-01
-9.289952106924851405e-01
-6.804702210433070109e-01
-1.243843617290590009e+00
-8.311472753169424355e-01
-1.103146071414648155e+00
-7.544089238343525405e-01
-1.232109715166036956e+00
-1.119431069136971768e+00
-1.703558073473202761e+00
-8.318087332656106669e-01
-6.522797531832082996e-01
-1.067101014423440741e+00
-1.056658604627066955e+00
-5.804000566348703760e-01
-9.046283389011084974e-01
-7.021064744149125847e-01
-9.350034239126002733e-01
-1.273783994423768329e+00
-9.222415992296835174e-01
-9.378904689425306973e-01
-5.118985387091016248e-01
-1.071722518894559384e+00
-9.289971261646925438e-01
-7.462970851818252482e-01
-9.599836651409857646e-01
-7.395782402276975809e-01
-8.366072810670345250e-01
-8.614337281228154897e-01
-1.138909864659767068e+00
-7.815941108660285908e-01
-1.568985673692175453e+00
-8.268620397930799282e-01
-7.130841124559841315e-01
-1.125663007659233328e+00
-9.192582350415613446e-01
-7.666472804367944205e-01
-2.018051701100755047e+00
-1.060649677721825057e+00
-1.504469682035890266e+00
-1.198729354834128236e+00
-1.102924266719604418e+00
-1.438309553212806957e+00
-1.994746340925864114e+00
-1.606805445289951617e+00
-8.601369584898385101e-01
-1.303710495847618001e+00
-1.017867376972065863e+00
-6.922251064564790557e-01
-7.363168001899298432e-01
-8.340900523919250187e-01
-1.914182388228885978e+00
-9.456163216908292091e-01
-7.120434382996366773e-01
-6.319185851839055346e-01
-9.618929239600899628e-01
-6.579283259920156723e-01
-7.221011484216466325e-01
-9.638553045480192649e-01
-5.700377200030333213e-01
-7.691106441499735435e-01
-6.049755084082238943e-01
-8.567119182195338523e-01
-6.907584044379692090e-01
-1.081596829083584010e+00
-7.545172264399554463e-01
-8.705089089819990633e-01
-8.984217227147752727e-01
-8.459865577597950326e-01
-7.867926363352295560e-01
-8.092150809414913049e-01
-1.144347603356695942e+00
-5.961286391538436202e-01
-7.064268292089955770e-01
-7.276557440326117954e-01
-1.676324712022839503e+00
-6.565911460307798375e-01
-8.433761749420272125e-01
-6.326245230348642723e-01
-1.048352286984912674e+00
-9.486025734497207651e-01
-1.082865240245270977e+00
-9.069301596662322495e-01
-6.020394029346914921e-01
-1.279658753015135098e+00
-1.335389163438000404e+00
-6.479702879176778563e-01
-7.201180058766658565e-01
-8.012009603573271299e-01
-5.740812943814792568e-01
-7.665685489817672948e-01
-1.046139857657394812e+00
-9.724957154400488690e-01
-7.750367094443071370e-01
-7.940541914929560852e-01
-1.018269546388971269e+00
-8.281371854531087706e-01
-8.068968527569044813e-01
-1.584205486302295185e+00
-6.855425482708080720e-01
-7.901239627407178334e-01
-1.259391635832175504e+00
-8.290442881424096022e-01
-9.082081302149215274e-01
-1.039336635654387830e+00
-1.470425462225964930e+00
-5.743404798011293444e-01
-8.454960639914578246e-01
-1.205644855090045153e+00
-6.233206585557640178e-01
-8.740553964150943322e-01
-6.795606119187405092e-01
-7.727646186472079126e-01
-1.251038546764770665e+00
-5.807851333986892017e-01
-1.495639701813231248e+00
-6.430569284045047906e-01
-8.522712159207599392e-01
-5.491810110470095596e-01
-8.248762990781419724e-01
-1.193065233146397119e+00
-7.791394049873261451e-01
-4.592500387994726263e-01
-6.726870508024228590e-01
-1.241666726386044362e+00
-1.384105501627881818e+00
-6.253483187913775332e-01
-6.703183240720609337e-01
-5.354973846371374746e-01
-1.641614859169410634e+00
-1.293074907256064998e+00
-1.025902865991253243e+00
-1.352025828411152153e+00
-8.784952446085286804e-01
-8.912622793823499201e-01
-1.070360176676874886e+00
-1.242124784912734814e+00
-1.131804110642437911e+00
-1.043330721965672447e+00
-6.435285226520387480e-01
-6.721404469541096827e-01
-7.038554687756268802e-01
-1.256596674846474970e+00
-1.281433036359810540e+00
-1.647868958071906587e+00
-5.681617763432480483e-01
-1.110998727882184900e+00
-1.145153838071614194e+00
-8.621108405414837916e-01
-8.351953953274312559e-01
-9.412530764879953882e-01
-9.082858891954368463e-01
-8.371101351609631092e-01
-6.308117764440036579e-01
-6.548850036454577639e-01
-5.978083106459723961e-01
-6.448170542523676829e-01
-8.689355972451826560e-01
-8.862946333956067679e-01
-8.439449060569749195e-01
-8.175076226759248055e-01
-8.301101091524133446e-01
-7.394925346181957515e-01
-6.560657011193092858e-01
-1.766057646597833486e+00
-6.250180690973217157e-01
-8.049664603571061727e-01
-1.036787856657914508e+00
-7.575103017750336454e-01
-8.287353482809362015e-01
-6.448597318497280018e-01
-5.333682654430377257e-01
-6.221702471571367576e-01
-8.091383444136094338e-01
-5.435101559642896429e-01
-6.806650271653477136e-01
-8.251212879702423120e-01
-1.222784130776376488e+00
-5.931592536568094376e-01
-1.103336750067785088e+00
-8.446608711540946057e-01
-7.202235991998564568e-01
-9.557784549148147235e-01
-6.146633648274791861e-01
-1.093945061716687261e+00
-7.486712765471787989e-01
-7.521010424325155208e-01
-8.617121840965982216e-01
-7.871212943086260960e-01
-5.801686443622038336e-01
-7.874528987062129337e-01
-1.623208489237528696e+00
-7.179952701045504426e-01
-1.854121018383935171e+00
-9.942353324967291295e-01
-1.628261775541598899e+00
-5.007914056386347790e-01
-8.739385367272011207e-01
-8.748385103471364443e-01
-8.124554618768544678e-01
-7.149153171459650125e-01
-9.213250523393348157e-01
-1.528588590061403574e+00
-1.278973008368614384e+00
-1.339552499351413628e+00
-1.331701272990831963e+00
-8.639521810514614319e-01
-4.501749769674450730e-01
-5.642827852283235357e-01
-6.921955250007278959e-01
-4.013300839939419329e-01
-3.916229439721445882e-01
-7.898897951622768643e-01
-9.631363538091908261e-01
-8.384604423037371745e-01
-8.471259168331884970e-01
-7.279499889526752643e-01
-8.389637687365724128e-01
-1.075691491066458338e+00
-8.178174114616484358e-01
-6.202232957227487020e-01
-6.053339747474434374e-01
-6.746339799774447865e-01
-5.183325396708832189e-01
-1.049412772925015558e+00
-8.910915336332421166e-01
-9.360474174813789849e-01
-4.500976982591448627e-01
-5.768178499093831180e-01
-9.119195701610229854e-01
-6.547973989423859775e-01
-5.451074759845542239e-01
-9.603093334120635927e-01
-7.137221317847521895e-01
-6.611081677386031474e-01
-4.701156837181926784e-01
-1.109549033112342542e+00
-5.664649720131074151e-01
-1.299697802229208055e+00
-1.304717882452582023e+00
-9.648632384481239388e-01
-7.428351049031142184e-01
-9.885005343091707308e-01
-7.579199098203763807e-01
-8.843980266878760377e-01
-6.296835794139739040e-01
-1.176715114309903720e+00
-7.475519611545681231e-01
-6.665512378744705702e-01
-4.790015793524191046e-01
-1.230585942480677764e+00
-7.595828487438383014e-01
-1.332267438707962715e+00
-6.811485060512227907e-01
-1.163240555639985629e+00
-8.378146259467863510e-01
-9.921310681243151741e-01
-8.880828160370186630e-01
-1.301525257407718739e+00
-9.161539807467723451e-01
-1.134816691094745034e+00
-8.347314920470164656e-01
-7.285753474597254087e-01
-7.678484007240107267e-01
-1.345688403045981030e+00
-1.714102763176316602e+00
-8.339933165598213405e-01
-6.211931317547163545e-01
-7.594149384566778460e-01
-7.016233327144794085e-01
-8.608201547204695769e-01
-1.046929835383729523e+00
-6.777554652902544330e-01
-6.123959259611597705e-01
-7.256293515973872843e-01
-8.635651579253746934e-01
-5.278075301107565398e-01
-8.559065588666054936e-01
-7.671474839260619127e-01
-6.122344051827551814e-01
-1.675531030202852545e+00
-7.652201224522976464e-01
-6.679935447764357992e-01
-5.494532480199554314e-01
-7.212803927520621272e-01
-8.047210016107305686e-01
-8.068186743944699701e-01
-1.092189469658013223e+00
-4.770608321061457491e-01
-5.739537937532102063e-01
-8.240938107483646302e-01
-5.175105765562099114e-01
-1.014411160583538196e+00
-7.328462389393353149e-01
-8.126342284462801935e-01
-7.155229318102216407e-01
-5.737788414914483104e-01
-1.841014612577539067e+00
-6.944144012335895511e-01
-6.635788787138935385e-01
-1.425321813447152142e+00
-9.053246381884358929e-01
-6.207444425489597739e-01
-7.464287399694390368e-01
-1.053043887353263930e+00
-8.428498750626078895e-01
-7.993634337682631319e-01
-6.837865042816100303e-01
-7.824974324191829034e-01
-1.007619999186206261e+00
-1.122943629281474731e+00
-7.384559324870448860e-01
-7.476214909608935866e-01
-7.876237205155794951e-01
-7.293036107694533809e-01
-7.982020819038676551e-01
-7.610748918459777634e-01
-7.592988395908230048e-01
-9.452983444537277347e-01
-9.380450555304256088e-01
-4.749758782462419338e-01
-1.071942859869736031e+00
-3.936062718618077994e-01
-1.126823312939717825e+00
-6.031302738882485803e-01
-1.463302652822159322e+00
-1.158410774949168109e+00
-5.551448959319982279e-01
-7.685333871209634182e-01
-6.252209694759760517e-01
-1.297629833302864188e+00
-8.502974611225526669e-01
-1.162003164995928373e+00
-6.294961101607117193e-01
-7.544812634196729206e-01
-8.109639750114784329e-01
-9.394845856508428072e-01
-7.271089803809831498e-01
-9.024039989455708843e-01
-6.996279124794222426e-01
-6.910598190187320355e-01
-7.101447801284762606e-01
-8.800358306576219203e-01
-6.509544249036715025e-01
-1.771043348453082977e+00
-1.604990651276360980e+00
-8.602576019807911534e-01
-7.522633256520068201e-01
-1.650030840376277341e+00
-9.707549546978035959e-01
-1.026347786220727087e+00
-1.262960134100379772e+00
-1.714302009604320443e+00
-1.424785779831244659e+00
-1.364682334930030327e+00
-1.327657763960581105e+00
-2.205544657917946072e+00
-7.838369773816523667e-01
-6.586514100578112485e-01
-8.120509581737747062e-01
-6.779349233545538533e-01
-1.406490815428005137e+00
-1.090110420843728001e+00
-8.445264480523018147e-01
-7.744740728874452973e-01
-7.438715984224831823e-01
-1.126451613348175007e+00
-1.039759330383423386e+00
-7.649002875013233282e-01
-1.117399320420536579e+00
-6.112762270655771601e-01
-5.746739665251549001e-01
-1.059660765791027970e+00
-7.329195408170235959e-01
-1.457604013710918522e+00
-7.000851324285599642e-01
-1.160916746823613233e+00
-5.581046081793755720e-01
-8.156844798888317483e-01
-1.065063032391022402e+00
-6.890897635434043433e-01
-1.196050493502398115e+00
-8.336813650518217766e-01
-1.091276883683645949e+00
-9.887235358018547915e-01
-9.002675846915464408e-01
-9.780384430831574605e-01
-1.107539978495324595e+00
-9.782489529352788038e-01
-9.695025284497510443e-01
-1.231440194446492997e+00
-9.314462847473545803e-01
-1.153987329413353358e+00
-9.794919449995455052e-01
-1.145218933205577327e+00
-5.641695063864763382e-01
-1.077487089283369004e+00
-8.059527220589909335e-01
-1.446468853857448611e+00
-1.037867632290562225e+00
-1.301788126515442956e+00
-1.189413381643237289e+00
-1.487281252473763082e+00
-7.891385673485717955e-01
-8.236198612731248092e-01
-1.408253640978058607e+00
-8.905572091874773832e-01
-1.089052020286238598e+00
-1.306996767228512102e+00
-9.613815842264349376e-01
-1.312534552231428231e+00
-5.871319268621090215e-01
-1.161287357864917213e+00
-1.209588296671498364e+00
-1.340517360719797324e+00
-6.596049494575063621e-01
-9.942297469829330936e-01
-6.842744154833255710e-01
-7.519919255706735139e-01
-1.460345581428266426e+00
-9.660457380742401012e-01
-5.124859157498091733e-01
-1.451802063584406888e+00
-1.336237505821294747e+00
-7.625289446976591945e-01
-8.040405353569689550e-01
-1.067967552364607053e+00
-8.975717928314609351e-01
-1.000912674850091610e+00
-9.392842875059911334e-01
-8.282011018616048936e-01
-8.666617540806969000e-01
-1.206749253369999719e+00
-7.508266762686155449e-01
-1.010212490300612664e+00
-1.019568508882740421e+00
-6.760562656766169187e-01
-1.068594150718795710e+00
-1.323626539251038237e+00
-6.707275456552774795e-01
-1.295760562192808107e+00
-9.409589482812780181e-01
-9.851362400665963914e-01
-2.040370047083175820e+00
-1.249143310484673197e+00
-6.882460242339706324e-01
-9.699945829450562496e-01
-9.543371559164506301e-01
-1.232542003345908910e+00
-7.035618108488679301e-01
-8.784809870142913368e-01
-1.193595794835548451e+00
-8.024834235491185019e-01
-1.322110635921411870e+00
-1.495550083517547257e+00
-1.049544890383655948e+00
-6.712990073109296185e-01
-7.773110505214803068e-01
-1.449025260787807801e+00
-8.584365997717028351e-01
-7.090447143066254121e-01
-1.101021511204381964e+00
-6.167071367832702711e-01
-6.425124068688160550e-01
-9.469104894072387646e-01
-7.603533667955630904e-01
-8.020128060104824153e-01
-9.533903875554654572e-01
-4.718025929376903904e-01
-1.050219279405869344e+00
-1.074485371115517562e+00
-8.411208131996489312e-01
-7.990846442077583767e-01
-4.759559113012050147e-01
-1.062500928831170199e+00
-7.161636709516013832e-01
-6.113608519848352518e-01
-7.971816915841009044e-01
-9.247534256929208496e-01
-1.159410376940734233e+00
-5.698950220631380237e-01
-8.116479044964364231e-01
-8.751362233442565586e-01
-1.350665235648091267e+00
-1.405646003950856926e+00
-8.356601336594202678e-01
-9.352603397248855366e-01
-9.997661602852319085e-01
-6.292369391276562141e-01
-1.187104184856126787e+00
-8.181682471609644791e-01
-8.346603285521391191e-01
-6.993202819358432798e-01
-1.207683309527466387e+00
-8.994390143076756994e-01
-9.742552683867866659e-01
-1.199419453350722753e+00
-1.241568333147849312e+00
-7.313386163544526308e-01
-1.278532927433882360e+00
-1.393879529540646756e+00
-5.096994997701111973e-01
-9.003652428352383330e-01
-7.031215836003646968e-01
-6.278435872733738599e-01
-7.236591248180931357e-01
-7.211357949987826643e-01
-9.207541014278329827e-01
-6.176731245823701144e-01
-5.662677220036398396e-01
-6.277653587345766173e-01
-8.409153799703281695e-01
-6.038329436541025608e-01
-4.412437119305763766e-01
-8.615709459063944919e-01
-1.026152618784693660e+00
-5.900339607345171933e-01
-5.965555890185464394e-01
-7.274902836080131552e-01
-1.045976627278394577e+00
-1.047656156188379040e+00
-1.662458180707816258e+00
-1.014847059840607191e+00
-8.853845736502783392e-01
-6.260885377166587329e-01
-1.096875467705906715e+00
-7.650573749721659711e-01
-8.707322943606318200e-01
-9.560036526917576882e-01
-8.371849640300488282e-01
-4.537976250861614491e-01
-8.555488290631061421e-01
-7.680571890827881942e-01
-8.328613153223407561e-01
-8.701922508342812002e-01
-7.504624553326570968e-01
-1.171105954848868924e+00
-1.553770937287441312e+00
-6.956954720043801998e-01
-7.628313301486446818e-01
-1.359816686038276323e+00
-1.285482018936793036e+00
-9.415265805600836480e-01
-6.315778908525855329e-01
-9.123472031395311044e-01
