-1.185273572280932086e+01
-2.028895033527941294e+01
-1.628845193128480062e+01
-1.053958775932372482e+01
-1.571539443571505856e+01
-2.304851676842278252e+01
-2.666081447966229589e+01
-3.241779264382822845e+01
-3.222496124137020956e+01
-9.327236354113589201e+00
-4.351668206360021607e+00
-4.906106290409397275e+00
-5.794807425654417088e+00
-6.823904481578652259e+00
-7.414511801086239196e+00
-6.168442838157938368e+00
-4.130871615034283018e+00
-3.433120163929697988e+00
-7.219820267321031437e+00
-5.554662911670144254e+00
-4.343529430624084142e+00
-4.842949287658789181e+00
-4.649511956579377880e+00
-8.201476892225004534e+00
-4.678645776802239808e+00
-3.502009386224953502e+00
-3.362113119250491611e+00
-4.367490512363569444e+00
-7.235640429985145339e+00
-7.699542927701640060e+00
-6.535968001969171048e+00
-5.690485146990160281e+00
-5.358469963491616639e+00
-6.788306140398923993e+00
-4.610302255683901507e+00
-3.724475062624310162e+00
-3.167362847558982342e+00
-3.891875461188409879e+00
-2.403790694449957410e+00
-8.042164433843986160e+00
-5.685270626981021813e+00
-6.034426298625194640e+00
-3.196951935815302015e+00
-4.566903156648290718e+00
-4.856695148812445240e+00
-6.490638535416448640e+00
-6.314238215067019766e+00
-8.825742085352880295e+00
-3.905545947915369798e+00
-4.286133674775453706e+00
-3.388825493404485023e+00
-4.885478622835266016e+00
-2.222252744987530004e+00
-4.662955382183207043e+00
-4.637700291295487887e+00
-7.467489424410285181e+00
-2.412470746817794165e+01
-1.470923909066505963e+01
-1.351933353782852976e+01
-9.308451765088543439e+00
-1.310856450606593704e+01
-1.527823882725618354e+01
-1.167957743106528490e+01
-1.442413047050257724e+01
-2.252595357618130123e+01
-2.948511150836072758e+01
-3.905429528555060159e+01
-2.883061382316119747e+01
-2.852518365643002696e+01
-2.179881053807920921e+01
-2.076403047032597726e+01
-1.172989787121104932e+01
-1.256373010598994355e+01
-1.393617967635335120e+01
-1.972367385565410558e+01
-1.030300584654262330e+01
-1.371059630960314912e+01
-8.795071375140308234e+00
-8.990887586790808683e+00
-5.703188957640472623e+00
-1.683571488826059337e+01
-2.004868428220464693e+01
-1.914963800942485506e+01
-5.953889624515011469e+00
-1.001079003213750873e+01
-2.410556964500782939e+00
-2.325169238655261239e+01
-2.420520199194493927e+01
-2.530938661259029132e+01
-3.554143944746666506e+00
-1.240164207247123329e+01
-8.110203681122076347e+00
-1.076060548455432198e+01
-4.497078567667375459e+00
-6.680948898040416140e+00
-9.670592981935872245e+00
-8.709862717545814093e+00
-1.079005834579227319e+01
-2.580158358552832709e+00
-5.627105248423608153e+00
-9.552534510733464046e+00
-1.004381737098130500e+01
-9.135916742208694430e+00
-7.145329095649598727e+00
-7.036790931327312038e+00
-4.112724137209172071e+00
-2.775845268219504280e+00
-6.260277334834740692e+00
-3.335041166526432121e+00
-8.781844436732784587e+00
-4.143828837707102863e+00
-8.314413054748591492e+00
-9.689605070418354060e+00
-6.763953534663250444e+00
-1.664468554113686993e+00
-2.432644121832423956e+00
-5.695822534980602647e+00
-5.554902865134798695e+00
-4.174931080357790592e+00
-6.030069412643995541e+00
-6.797038659865225263e+00
-5.295641095855033953e+00
-4.479415485280416220e+00
-3.420747027251978434e+00
-6.835147993637793462e+00
-7.280432756860112598e+00
-4.293469882078869482e+00
-6.959953383544904781e+00
-3.391800905979966974e+00
-3.690535216986131850e+00
-8.541881129204323742e+00
-4.035370518433945008e+00
-6.384051996968363341e+00
-2.006862761371901005e+00
-5.602113453163346968e+00
-2.821218748915791164e+00
-5.682694943618155747e+00
-3.742954463664528664e+00
-4.735131803992188360e+00
-5.817348263479985349e+00
-1.982810858428059486e+00
-7.682928001167321774e+00
-9.694446275619862163e+00
-6.756428720426961299e+00
-3.874268552941447563e+00
-4.562676593419356941e+00
-8.640415116088878023e+00
-4.027617722603495487e+00
-2.020478501138368799e+00
-3.446841533640163213e+00
-2.575512892759856065e+00
-1.467098908207743913e+00
-4.603586860044362794e+00
-5.063458203118735845e+00
-6.506405001166315039e+00
-8.664086446027660315e+00
-2.862753481652294152e+00
-4.711612790509484228e+00
-1.775018032408983926e+00
-3.462671522173825345e+00
-6.848693053888042392e+00
-2.344299367135158629e+00
-6.100418843348704101e+00
-1.686985288079307255e+00
-2.083970364332792258e+00
-3.409112203244229367e+00
-4.721007572147794207e+00
-3.016245345033117253e+00
-2.743981381261341834e+00
-6.663232451946469403e+00
-1.183646966031041581e+00
-3.302607222065276016e+00
-3.250918786928867821e+00
-6.474968153882134203e+00
-6.233943891609129651e+00
-2.856998493904314707e+00
-3.677237134504702798e+00
-5.449649682849790011e+00
-4.782226543620150316e+00
-4.318709484963536127e+00
-3.496023892583578707e+00
-5.141002943110302148e+00
-6.042904756638055375e+00
-6.067342250099728496e+00
-1.134201109432086163e+01
-8.060318949714458725e+00
-7.581453071395661603e+00
-9.265639579535989157e+00
-9.841875893538370335e+00
-4.564780269165849447e+00
-7.676396506912593232e+00
-5.960000571756490118e+00
-7.073575860648738001e+00
-5.164525169799112803e+00
-5.325116896164601599e+00
-5.468631778686962264e+00
-2.676765607025270999e+00
-5.980246117203249945e+00
-4.726403767196966754e+00
-5.609154395710909569e+00
-3.721492275112158854e+00
-5.713129819252587005e+00
-4.702852162354106191e+00
-3.965054204987521480e+00
-3.267812690485891292e+00
-7.071247313226499465e+00
-3.213066952553941924e+00
-4.330023449979796268e+00
-3.828786278329208148e+00
-4.620027556802077662e+00
-3.696580798483532160e+00
-4.548371324251717418e+00
-4.248408525020728632e+00
-3.870393095052019561e+00
-2.400637270120806743e+00
-3.039437521268356424e+00
-3.121512768056844411e+00
-4.290127454196080770e+00
-2.270691364209375784e+00
-2.763272301152414734e+00
-1.612854107288618222e+00
-2.443479896451183464e+00
-3.241754030653227314e+00
-1.602270667890296041e+00
-2.544399917658690669e+00
-1.446725076290517498e+00
-8.263635857668403251e-01
-1.980240335188369949e+00
-2.964359359057099130e+00
-2.224622312982091898e+00
-1.999493775497624748e+00
-2.933560996372104768e+00
-1.681608820931856707e+00
-2.384902532020864996e+00
-2.233896301057557654e+00
-3.907549323935663566e+00
-1.019646107040967919e+00
-1.326851312825757079e+00
-2.819393862088689140e+00
-1.967175069698082313e+00
-4.742475626256240417e+00
-9.554586332519106051e+00
-1.266230395062880909e+01
-6.816255087834652393e+00
-1.467974938569536647e+01
-1.657600237834675383e+01
-1.189303145147283303e+01
-1.289904492984563511e+01
-6.339286235797665370e+00
-1.786905233213320798e+01
-7.262173660434719125e+00
-8.142269058586412811e+00
-8.458904875484975605e+00
-9.021433921465817463e+00
-1.068052873780801093e+01
-8.623950409819221008e+00
-9.181171537138956396e+00
-7.920841927243685632e+00
-6.918993750473164006e+00
-6.474028072133775069e+00
-7.054214335489514376e+00
-7.523556435517573249e+00
-7.023068263239979458e+00
-7.173478023099725931e+00
-1.565059310851938790e+01
-8.624043849865705269e+00
-1.141831086839764886e+01
-9.693870546875691829e+00
-1.107382808176510913e+01
-1.138084458561421464e+01
-5.749215924431434921e+00
-6.831607836376937470e+00
-6.511642413172504362e+00
-6.482817885702011118e+00
-4.042478568720571985e+00
-5.603299925298229844e+00
-4.005834971203594108e+00
-8.791640669673562059e+00
-8.602217274914924161e+00
-5.048081924148821287e+00
-1.995788909684084844e+00
-2.693150537209022310e+00
-3.108889478677267171e+00
-2.271681714540520147e+00
-3.628251553889719982e+00
-3.662335491650202446e+00
-2.960170589748806869e+00
-4.424073299098719936e+00
-2.836974097351174784e+00
-2.257403614022570615e+00
-3.594200608934764674e+00
-2.469717817187206510e+00
-2.519412395417125250e+00
-1.497385195300100058e+00
-9.116863465927669274e-01
-4.392067222092804535e+00
-9.700696392922533162e-01
-5.689279161678291175e+00
-5.531118719353663948e+00
-8.271721384553419654e+00
-5.352454933049044961e+00
-3.184669680372777645e+00
-2.219619810926250825e+00
-3.057813315265827114e+00
-3.889193268641268464e+00
-3.570839654251332984e+00
-3.093058422072998415e+00
-3.390198435855678927e+00
-4.488367719382338805e+00
-3.008140824956102577e+00
-4.048484402630732504e+00
-3.974625616525455651e+00
-2.036147025076175954e+00
-3.583054718413354767e+00
-2.511830390412461700e+00
-4.662234416555567584e+00
-3.380575676504993687e+00
-4.175677055980231422e+00
-9.271318925184463211e+00
-7.432707484883962046e+00
-6.760247614275175287e+00
-5.882552320812838076e+00
-4.730454326372446339e+00
-4.238038669275452364e+00
-2.682733273167428933e+00
-5.950580331913515764e+00
-5.130590712567528300e+00
-3.044877476059498989e+00
-3.497710576582467201e+00
-1.301578922908247060e+00
-3.240286909454220599e+00
-2.764665169869336303e+00
-1.928266120156013175e+00
-1.849306280705124816e+00
-3.014596253391855551e+00
-2.293833077493841355e+00
-4.124124135571033634e+00
-2.321328304568716305e+00
-3.141494087146898373e+00
-1.716815387376818824e+00
-1.998290858949250959e+00
-2.115598519213938822e+00
-2.949632267881317382e+00
-3.155067740600013160e+00
-2.673460326628295913e+00
-3.303528529317622642e+00
-4.131893081655558575e+00
-4.415478506002447290e+00
-4.068670577982152814e+00
-3.690401093850671721e+00
-2.875085816501682601e+00
-2.192276933482630419e+00
-2.874751249396519270e+00
-2.811362691987233653e+00
-2.302679104836144131e+00
-2.805144040258205518e+00
-1.955986427575768793e+00
-2.472508440761581383e+00
-4.084061926928085562e+00
-1.822310984261387601e+00
-2.358748101097895677e+00
-1.263950108377952519e+00
-3.645533710806264871e+00
-9.196121982858257438e-01
-3.686333877232777834e+00
-1.482750927191009982e+00
-1.797084049036727915e+00
-2.866055817060040312e+00
-2.318471067037979783e+00
-1.880495537405381334e+00
-3.258643357830609322e+00
-3.555876702430505354e+00
-3.467228566672130530e+00
-2.418266567163906977e+00
-2.105620849374283843e+00
-2.377724065593672886e+00
-2.445691909778777706e+00
-2.423884567072731588e+00
-1.584691615925609032e+00
-2.216476296919410505e+00
-1.015486725145420710e+00
-1.976918885197634479e+00
-1.174500107120750370e+00
-3.157698470577967154e+00
-1.712294890934362268e+00
-2.082318821784132190e+00
-2.320921645794064681e+00
-1.592340251872862655e+00
-2.034076948794751871e+00
-1.652728187011784478e+00
-1.776530173420598047e+00
-2.055006763434494399e+00
-1.486197995571129971e+00
-2.753401609162784869e+00
-2.509586947524348410e+00
-2.361467528943160143e+00
-2.229337356826911698e+00
-2.537287140680926534e+00
-1.745537818609848246e+00
-1.213569124395024179e+00
-1.642701727701373349e+00
-3.119709015129414897e+00
-2.185865762605369245e+00
-1.500712126405413294e+00
-1.789677462695469234e+00
-1.907904475944255829e+00
-2.077785179064244314e+00
-1.373871440711917025e+00
-2.079741393181167908e+00
-2.246501485633081607e+00
-9.286467944968745947e-01
-1.309880996459163560e+00
-1.258087007850285488e+00
-1.454330047054728459e+00
-2.424285149140405604e+00
-2.104756031504940061e+00
-1.133564405771566586e+00
-1.677174111339051921e+00
-1.952799814196673367e+00
-1.489240714043526204e+00
-1.461907019509707251e+00
-1.338916050674882730e+00
-2.568439769367838466e+00
-2.655908931073741819e+00
-1.324185122008167070e+00
-2.107491596705664882e+00
-2.506183564101710282e+00
-6.791923857732023784e+00
-9.418564305887533905e+00
-9.172665756510509638e+00
-1.440977281939709798e+01
-1.214509096851081971e+01
-1.915104803328675587e+01
-1.498681242204211372e+01
-1.107958416494643927e+01
-1.384918969143166301e+01
-1.685245570324104492e+01
-1.195898072133575774e+01
-1.099286504728058311e+01
-1.076271123026018017e+01
-7.487242780060891612e+00
-1.092151291573522975e+01
-1.129994553586473316e+01
-1.562898780883763017e+01
-1.561298285922281259e+01
-9.581592786017582242e+00
-9.185875682487715466e+00
-1.086547598082956689e+01
-9.910447187897519328e+00
-7.534040753529517076e+00
-7.673183763272381164e+00
-8.600751418698683537e+00
-7.318538500953616577e+00
-1.422145025489101222e+01
-8.246804513918377211e+00
-1.164446656125027069e+01
-6.336516067120494533e+00
-5.865201596199658418e+00
-9.732006023068096923e+00
-5.748701128795791426e+00
-8.167056467577653578e+00
-9.044354726058601912e+00
-6.564952400008203348e+00
-7.005353340536492723e+00
-7.701717332014941242e+00
-7.230568423934060185e+00
-7.994745919188573247e+00
-8.291054892817903976e+00
-9.730708865558156617e+00
-6.243396544115999980e+00
-8.862371301044944971e+00
-8.402943420847984513e+00
-4.240127496477397173e+00
-6.716245691152604280e+00
-1.920361391519688965e+01
-1.866825067632220225e+01
-1.422210902014926859e+01
-9.806403529217432080e+00
-9.149948721027802989e+00
-7.438750170883435153e+00
-1.632527035085178824e+01
-1.986277114767194263e+01
-2.015360572553913343e+01
-1.729946070887176646e+01
-2.095390102110969366e+01
-2.293534653086259212e+01
-1.561530903969260464e+01
-1.411734729286649248e+01
-1.235906255749901916e+01
-2.010767951046567603e+01
-2.167476174699729441e+01
-2.016401726415023177e+01
-1.842040318726914450e+01
-2.043194701734642038e+01
-1.770392535490592678e+01
-1.486626161540370461e+01
-1.252052534035241216e+01
-1.001603257289319338e+01
-1.292579453688839486e+01
-1.375628144007669285e+01
-6.449839114268520746e+00
-1.301069791313535440e+01
-7.376785156225594164e+00
-3.734079252835771801e+00
-4.680052686509962534e+00
-2.523813209281709646e+01
-9.294168243099084847e+00
-6.968050973670283810e+00
-4.235650615567601029e+00
-9.173654827186821237e+00
-8.173052233323511828e+00
-6.422999161761178577e+00
-5.676597874603071858e+00
-1.026202163618089536e+01
-1.298397974741733485e+01
-4.910521931320367628e+00
-4.114180501894501241e+00
-1.252115720835849189e+01
-5.222766976928154392e+00
-5.171574653394340082e+00
-7.344880260152288010e+00
-8.911721642525753495e+00
-7.568527437630145904e+00
-4.682223829740925325e+00
-1.456168581303716003e+01
-6.545842327633579316e+00
-1.142261415242918332e+01
-1.905792643410680043e+01
-1.396654681332095649e+01
-9.339741017404685763e+00
-1.476110402077932449e+01
-9.513921822817083651e+00
-1.099596509767586028e+01
-1.082795406049190845e+01
-8.704728681591323181e+00
-1.015662770249258173e+01
-9.800263238125134890e+00
-1.030466426219455656e+01
-9.085117218521288507e+00
-8.667536159797833761e+00
-6.442244580222849848e+00
-6.205066036806946350e+00
-1.440588841673696763e+01
-1.149722516528554372e+01
-1.187924845340588931e+01
-1.105341975448990866e+01
-1.121270446605173454e+01
-9.697056897729716241e+00
-1.024579005683808397e+01
-7.454882641072032357e+00
-9.082560768596746215e+00
-1.367915684117514630e+01
-7.392662760659467480e+00
-7.617827631069911121e+00
-7.589505999721374963e+00
-7.468312791236286330e+00
-8.120731901508371209e+00
-1.103617612592020691e+01
-8.234505861975369712e+00
-9.493134700815490490e+00
-9.363675659418385422e+00
-8.590639228160448226e+00
-1.132082784106690632e+01
-8.269994467825201312e+00
-1.082195377673020786e+01
-7.000963960456627611e+00
-9.346742628960109656e+00
-8.688274832675690007e+00
-5.659720713670314041e+00
-5.202841014122215668e+00
-6.189400864933379154e+00
-3.964999259561098555e+00
-8.138414730348179305e+00
-4.641714550555949614e+00
-5.480493597758705704e+00
-7.615854914443793255e+00
-1.289882402311907938e+01
-2.953215237150655881e+01
-1.376549427151565830e+01
-2.993726660905122472e+01
-2.264388402122007804e+01
-1.322306539830489314e+01
-1.738365881514845412e+01
-1.184684127480782934e+01
-1.250679364680022942e+01
-9.496514458310331364e+00
-8.064384378721458191e+00
-1.069206910107046937e+01
-4.466178311892240238e+00
-8.576950422725525769e+00
-6.516212967536531231e+00
-3.418867939110980636e+00
-7.845447047536578289e+00
-4.233201106893768717e+00
-9.195418463627390793e+00
-6.298730202678254564e+00
-9.459427618781806046e+00
-7.345757009342659849e+00
-8.875241943056238370e+00
-1.047007225246407458e+01
-5.315580365203123492e+00
-6.191051967324092686e+00
-1.161882293540159594e+01
-1.360538632158714201e+01
-8.518691230014807658e+00
-7.668253459266368921e+00
-4.894807529052596529e+00
-9.582999365460393548e+00
-5.740883604285161645e+00
-4.303126628000020659e+00
-1.071315849418092370e+01
-3.575970833996687581e+00
-8.510420738249637296e+00
-6.305949496467808224e+00
-7.494415777575458293e+00
-7.887327562850776630e+00
-6.845061081529065561e+00
-6.468362405864984233e+00
-1.143097953097711894e+01
-1.054529527712588965e+01
-1.423965404971913173e+01
-1.115019818499759019e+01
-1.022022296122736407e+01
-2.542632825484141890e+01
-1.121532092497219857e+01
-1.034665272358658150e+01
-7.561852389393522778e+00
-1.145682826814378608e+01
-1.033391675653145647e+01
-2.117495804896746137e+01
-2.188684931983309667e+01
-1.613678614382395082e+01
-5.921857507247159980e+00
-5.498287875181448570e+00
-7.514700013436508286e+00
-8.724901344050417507e+00
-1.006606910527804821e+01
-7.550786279607624607e+00
-9.532828864552993053e+00
-8.482409396490330877e+00
-8.976657574502294068e+00
-8.748020707713747512e+00
-1.074998019924328396e+01
-3.963781928824929857e+00
-9.348803326587713514e+00
-8.804830356218465326e+00
-8.819851069933527299e+00
-9.064717449693459272e+00
-5.017528056467787323e+00
-9.054796777190929902e+00
-5.885265638899163321e+00
-9.807110393954374672e+00
-4.384731157288999093e+00
-8.157468956801690041e+00
-6.172017031093733230e+00
-6.495718485969875111e+00
-2.731544172803840986e+00
-3.919962764833215818e+00
-1.264386464617605554e+01
-1.264502124494044644e+01
-1.346184484808785697e+01
-7.539160909874273564e+00
-1.216188770582720302e+01
-9.979634656427020190e+00
-1.264133083026768034e+01
-8.707370687162878653e+00
-1.169720305516321268e+01
-8.719714361764895116e+00
-1.272155048517612208e+01
-1.301032067827982353e+01
-1.210681792819201164e+01
-8.390896610939082123e+00
-9.422385811159220026e+00
-1.091262172447773970e+01
-9.460311078050569478e+00
-1.015587393227525581e+01
-1.170684721540028761e+01
-5.460972211353701589e+00
-1.224588540672725046e+01
-1.027282806077015209e+01
-9.654680022030696307e+00
-9.376021076924450526e+00
-6.635445120006674635e+00
-9.205111093493705710e+00
-1.127811060532517651e+01
-1.015103869587083985e+01
-6.864052526670552545e+00
-9.902518501838040166e+00
-1.353302753465588637e+01
-9.290875921591394970e+00
-7.913452760541344944e+00
-6.740861369148682947e+00
-7.917244376920844040e+00
-5.880252586414616012e+00
-1.106995640021634664e+01
-1.244854873547036433e+01
-1.085370703679094007e+01
-7.305139825947994936e+00
-1.377386322086764459e+01
-9.664976033846215842e+00
-1.393237094201477966e+01
-8.363510083565079967e+00
-1.260453658425789847e+01
-1.426677864464934586e+01
-1.313501866502087978e+01
-1.508834723190019922e+01
-1.481440727228358334e+01
-1.702087851654860273e+01
-1.803405133164097762e+01
-1.376806300062135335e+01
-1.635569853801870366e+01
-2.053480537400266925e+01
-1.548536377086736948e+01
-1.323970721010619300e+01
-1.354460510490515546e+01
-1.389638347669911056e+01
-1.624438079414419178e+01
-1.160850589413930756e+01
-2.125687523200402396e+01
-1.617690017955426640e+01
-1.459192192993329584e+01
-2.053139730175088928e+01
-2.279355013014546572e+01
-1.623543164673675676e+01
-2.398849392134614433e+01
-1.547684819083354135e+01
-1.830762544847921447e+01
-1.549738716070742051e+01
-1.921927394670463229e+01
-1.684208304890554686e+01
-1.955911325940166989e+01
-1.842963099709167096e+01
-2.275722770989828803e+01
-2.180948846931395124e+01
-2.109116231274107989e+01
-2.491412117572581053e+01
-2.162191800023565946e+01
-2.421125071938487494e+01
-2.011582028215542195e+01
-2.123329782359219209e+01
-2.592785921319719833e+01
-1.616706914159973252e+01
-2.249856860521144597e+01
-2.186814866665732637e+01
-1.932299195343041731e+01
-1.933110170155397967e+01
-1.698065052069743430e+01
-1.992057147212190671e+01
-1.989798118320728193e+01
-1.994764743502078019e+01
-1.795813165704074876e+01
-1.792170961328742607e+01
-1.202831268288430699e+01
-1.797091369845314190e+01
-1.187224267035916192e+01
-1.184142839656967006e+01
-2.048916139963743177e+01
-1.519316326086602409e+01
-1.553640893990487193e+01
-1.349479976634127176e+01
-7.246460217191756925e+00
-1.564606806957599261e+01
-1.464408671967930076e+01
-1.613248134348711105e+01
-1.274637698716367851e+01
-1.160055793644547961e+01
-1.588131778696853580e+01
-2.263878513572927886e+01
-1.849973699809746819e+01
-1.786262225319114449e+01
-1.755097951224130881e+01
-2.103089667937095086e+01
-1.073125522600002135e+01
-1.305331317176639061e+01
-9.902905687725414907e+00
-1.755674195652868619e+01
-1.605826890545498742e+01
-1.323375486922858890e+01
-1.698517028530218198e+01
-2.057642729733752063e+01
-1.519471057807746561e+01
-2.101273995175579756e+01
-1.834562639674878071e+01
-1.222578822482577188e+01
-1.804179669932930352e+01
-2.319010908785435987e+01
-1.970973584579633453e+01
-1.016420638613759309e+01
-1.875440745307412627e+01
-1.593378340953596606e+01
-1.407348714986324012e+01
-1.135246804730813253e+01
-1.454945095323793325e+01
-5.248984222219870155e+00
-1.160509127776669125e+01
-1.640908322044482759e+01
-1.744265981999837578e+01
-1.315819397040343830e+01
-8.940404968809250619e+00
-1.711549372203287689e+01
-1.256547530366657739e+01
-1.005130455543835488e+01
-1.341206669389699968e+01
-1.290950036210169038e+01
-1.671589006769274377e+01
-1.344882356832310855e+01
-1.017868733830523276e+01
-1.760101279942180241e+01
-7.931850773034850199e+00
-1.439508370796071191e+01
-1.048505389838047641e+01
-1.454374130908120932e+01
-6.746179310991792022e+00
-4.025896848327858102e+00
-1.750091314506776285e+01
-1.593584319449227493e+01
-3.794824248595495941e+00
-1.666269701429505901e+01
-1.774663935703794948e+01
-5.417602906615063496e+00
-1.021651745808291523e+01
-1.010678412783049751e+01
-1.780717057713392393e+01
-5.836909679544813656e+00
-1.228360477209254853e+01
-1.136528457378886081e+01
-1.027052682394297456e+01
-8.321089595573138098e+00
-1.877863204829688826e+01
-8.762829975854987907e+00
-7.120571882877757552e+00
-9.442987657340939478e+00
-1.982573776057734349e+01
-5.681182036381328793e+00
-1.513162720551457419e+01
-1.096027444732038880e+01
-1.765546760776912194e+01
-1.726207886851826956e+01
-1.346480895303677627e+01
-1.577678447910241033e+01
-9.811792674134919068e+00
-1.322891917433580034e+01
-1.402740863245071523e+01
-1.599596597583757074e+01
-1.714637493445792060e+01
-7.238749231660235317e+00
-4.881816720417935684e+00
-2.249837920434467620e+01
-1.712151289258560993e+01
-2.377806968417309363e+01
-5.714902992968955431e+00
-7.074105529809677329e+00
-7.060164925770021860e+00
-8.803181766160586008e+00
-2.359418471527481387e+01
-2.311315200275460313e+01
-2.459570062577063609e+01
-1.077593182273878369e+01
-2.470347233519396113e+01
-2.049864356601151627e+01
-2.347461084309373547e+01
-2.705249739911717199e+01
-2.403003331513373197e+01
-1.558976700838468510e+01
-3.159959861500460221e+01
-1.480726496696882855e+01
-1.330461996134704705e+01
-2.790691135531307054e+01
-1.043307601136402241e+01
-2.065022358655715706e+01
-9.880213809272158088e+00
-2.884804359961323783e+01
-8.031369848751959140e+00
-2.158186168058242060e+01
-2.044646480721187487e+01
-6.323986010623086074e+00
-1.985682862995977160e+01
-1.715846589548964829e+01
-9.015008425893352495e+00
-1.141457446672363751e+01
-1.530616569949516936e+01
-1.939064710809865488e+01
-1.130297797383737013e+01
-1.148870424461874151e+01
-1.844302378477835447e+01
-1.020108734778987269e+01
-1.472489517873440512e+01
-2.054824457205747734e+01
-2.176722950958349045e+01
-1.966731094370764410e+01
-6.397315526542384667e+00
-1.343581484133335024e+01
-1.659437280803716419e+01
-1.985835621498128134e+01
-5.890838935295099610e+00
-7.109512608832130098e+00
-1.629179329171760671e+01
-9.586064067455385640e+00
-1.299625275300045679e+01
-1.254422958150797029e+01
-1.160472666922570006e+01
-1.303643895035227551e+01
-9.984391476535924070e+00
-1.321254957798271867e+01
-1.132070720327257263e+01
-4.757535562663784745e+00
-1.137818108377057413e+01
-1.338263290705118891e+01
-1.666784974522781937e+01
-1.528879475613182670e+01
-4.271497189021520313e+00
-1.158562728709719281e+01
-9.608295174105485614e+00
-6.788677513985271084e+00
-1.470788620985582540e+01
-8.824216833378050850e+00
-1.796704452852252487e+01
-1.293616685823417001e+01
-1.831023585476298976e+01
-6.247015238736921994e+00
-9.047410155118230435e+00
-5.798111124370236347e+00
-1.006343751912686990e+01
-4.889099400113531502e+00
-5.010954338280543929e+00
-1.214199912235139855e+01
-6.042924444762839187e+00
-1.144816836954404593e+01
-9.286488791361279027e+00
-6.757138723538394842e+00
-3.478223162867664975e+00
-3.576565914196986995e+00
-9.993565537656087017e+00
-1.370089698554145130e+01
-3.108349212140207651e+00
-5.545823901481861995e+00
-7.160747521327404996e+00
-5.297682625578639559e+00
-1.021389641377361990e+01
-6.389795650923288051e+00
-9.770372204691092577e+00
-4.926804386289528992e+00
-8.045998214316130159e+00
-4.721681563362428946e+00
-5.291382491840507463e+00
-3.876849290303165052e+00
-6.097966935762451968e+00
-7.896980431480379536e+00
-7.378043034119385446e+00
-3.794778568050608758e+00
-6.669057327561163540e+00
-1.053289934312392262e+01
-8.334767871462231525e+00
-6.329461246117056739e+00
-6.810453166558667171e+00
-8.840076651249747286e+00
-1.016965547031864325e+01
-4.070214048948169960e+00
-1.786578818100291288e+00
-4.464430843268142546e+00
-7.231834525053070450e+00
-3.215400595319308330e+00
-4.694571905824413527e+00
-7.479890745550322961e+00
-4.663071687297854595e+00
-5.110244056496455300e+00
-5.234143138479292467e+00
-3.527326309464166698e+00
-4.410512681510063260e+00
-8.140142948350529650e+00
-6.647153724397134589e+00
-3.558392404726908431e+00
-4.357214656667486530e+00
-3.768449431904002278e+00
-2.851899156637550004e+00
-7.081288459377304889e+00
-5.279867031380676146e+00
-8.275784576974615447e+00
-5.879993896829430078e+00
-4.044718297775724558e+00
-6.229987364496484936e+00
-5.597770594561549906e+00
-3.812400432745775891e+00
-5.852034567074217541e+00
-7.506698684741463623e+00
-7.707338984441022056e+00
-5.045047199967945595e+00
-4.772249930350400682e+00
-3.836066565850903665e+00
-3.267347694374557410e+00
-3.515356747903695567e+00
-4.504142962162136499e+00
-5.015773609090799390e+00
-3.265782732842361202e+00
-5.258857062359635570e+00
-7.989814758174167864e+00
-8.937984166960234234e+00
-4.890110456155991159e+00
-9.863025173490045816e+00
-3.700116260333789597e+00
-4.345490916796343583e+00
-7.528550934168068309e+00
-3.929405648967322584e+00
-7.632220827328153767e+00
-8.096169078081986825e+00
-6.852294256683406637e+00
-3.513356815117644416e+00
-4.642596077790331677e+00
-9.037582568342592992e+00
-7.500668176407478072e+00
-8.524766062395075394e+00
-5.037362933695666456e+00
-1.065654662170711475e+01
-5.662197428200050453e+00
-7.663682969494567843e+00
-6.703915211936796403e+00
-2.421969075519802228e+00
-3.601886971059865328e+00
-6.209030623937366933e+00
-7.664365630569504262e+00
-8.672045752599629509e+00
-4.950370442325835008e+00
-9.623457472069395280e+00
-1.784329214446475298e+00
-1.002387598797149337e+01
-2.631654981575840768e+00
-7.298985292217807341e+00
-9.661088627136441787e+00
-6.726886127042148722e+00
-8.434371441095077415e+00
-6.804537538281445919e+00
-4.304628731526840113e+00
-2.955173991466141015e+00
-8.585914827460813470e+00
-5.453971076022980036e+00
-6.731161835090170520e+00
-4.424745358460942413e+00
-4.011893242649188451e+00
-3.205287766676177430e+00
-2.403173779782523223e+00
-6.649430560320138461e+00
-5.862011027381717199e+00
-4.443354276172809314e+00
-7.657261271533719160e+00
-4.299567676716376852e+00
-7.221831874220796088e+00
-6.392855868286330789e+00
-7.892824487431647995e+00
-5.381699961662590681e+00
-3.651633007664645270e+00
-7.327106041116916657e+00
-2.586417717244883452e+00
-2.041661593223253135e+00
-7.091557539566502477e+00
-5.857342212844700136e+00
-5.428187793066862277e+00
-3.464486700322696233e+00
-2.800582917916844217e+00
-6.707303724345943685e+00
-5.517091744061185743e+00
-5.889781483171109500e+00
-5.195702510248301209e+00
-4.841889906602355964e+00
-2.192761739938742682e+00
-4.337993204789317936e+00
-3.539751352339643109e+00
-3.603357789713219184e+00
-5.656590599162789168e+00
-7.113052541984969501e+00
-6.194085959636696614e+00
-3.111890564952150218e+00
-3.147225235485863859e+00
-3.104341809840867050e+00
-6.457100932588822673e+00
-4.647092909937389216e+00
-6.620417837244843895e+00
-2.641475705887423420e+00
-3.083602953195161867e+00
-3.225178493695093351e+00
-3.111373545375080596e+00
-2.426468292103699298e+00
-2.315840262333754396e+00
-5.548667752635068950e+00
-3.624287721222435810e+00
-3.206909677661625491e+00
-3.062622880988906005e+00
-4.609744095580749601e+00
-1.916940309820339250e+00
-4.464660462267969976e+00
-2.202080586206158319e+00
-1.964089908380606930e+00
-1.839093433304861858e+00
-6.099430897173984789e+00
-3.421777619304103624e+00
-5.520603975238854488e+00
-4.282693166879840696e+00
-3.554532201340309783e+00
-4.244557077092590447e+00
-6.420694274226527831e+00
-7.981603203291365745e+00
-8.511740330228885654e+00
-7.613211554480034948e+00
-7.623831239933327453e+00
-1.158718915964898777e+01
-9.199280916001821851e+00
-8.678687425968178104e+00
-7.543264418360435819e+00
-5.927514872112503497e+00
-5.585553400741009256e+00
-7.150725580088740152e+00
-1.120047511293744336e+01
-9.329607975508645623e+00
-7.939886433138146238e+00
-5.656910416586574897e+00
-6.303277605057516553e+00
-3.709950626427026776e+00
-6.893055972760771866e+00
-4.789767738127991947e+00
-7.106744486201823641e+00
-4.554104930778649418e+00
-4.882132237210980108e+00
-3.099748784774746468e+00
-4.437817484996947393e+00
-5.546849708693192049e+00
-5.864266990256806977e+00
-5.647115200857258266e+00
-5.903437123986071455e+00
-4.944563784475920265e+00
-1.252255996521614101e+01
-7.390460950067857304e+00
-1.215819074938242750e+01
-6.769531642349102540e+00
-5.573116030291755507e+00
-3.730424334851855317e+00
-3.207419640664306737e+00
-3.274751304289886367e+00
-3.439739486514168831e+00
-4.400023687796297267e+00
-5.058349170750391366e+00
-4.551225447202963181e+00
-7.048356736300189773e+00
-3.961075942403207151e+00
-7.000353788631676011e+00
-5.101093291613304714e+00
-7.007707122337027528e+00
-4.961530355596330821e+00
-8.649816719366791418e+00
-5.113228203708025887e+00
-7.515660122707576107e+00
-8.382069215088330694e+00
-8.638224601521065082e+00
-1.294258109644404797e+01
-5.145576287103581059e+00
-5.112816950239432501e+00
-4.573132106153268595e+00
-4.512881511694823544e+00
-8.165622866120509471e+00
-6.457926014662599634e+00
-4.450512920752446533e+00
-6.475212864542855051e+00
-6.350631523109576015e+00
-6.312836874439617496e+00
-3.468436510115768812e+00
-3.383839140436160964e+00
-4.014371672063025365e+00
-9.050112420744840236e+00
-1.602433134116498348e+00
-3.547562818652719496e+00
-3.668751472799396396e+00
-2.977265072362322407e+00
-2.396202381645978097e+00
-4.407385566590570569e+00
-4.084519533423702775e+00
-4.152428969648763513e+00
-5.560494258467177708e+00
-3.242701872734442325e+00
-3.787391239844614343e+00
-6.077965884063281088e+00
-3.195425801734406601e+00
-4.575746285956671322e+00
-6.207824464923771046e+00
-5.934571879932352800e+00
-6.628595109200198010e+00
-6.141443037393252702e+00
-2.507460103646633520e+00
-7.738917634771723897e+00
-7.529397695831424819e+00
-8.370273645657260175e+00
-5.875724935612420374e+00
-7.659443566108127044e+00
-8.791423621233640517e+00
-4.731962584199484567e+00
-6.979900480027214194e+00
-6.942222012273891352e+00
-5.586043039829955426e+00
-4.047476961173395615e+00
-2.855909602457764151e+00
-4.410885449857336660e+00
-4.755688258877937891e+00
-4.998674491832700184e+00
-6.354848117152799070e+00
-4.204978007300084641e+00
-5.563916316794377259e+00
-3.002311994087802915e+00
-3.628785884837430142e+00
-3.921768876188295838e+00
-2.789260930056336463e+00
-1.471348588543454916e+01
-5.541211567736884724e+00
-4.480861100639482508e+00
-1.647862057988166651e+00
-2.612690296978415816e+00
-4.003959055144648005e+00
-2.388680580659411579e+00
-4.419260633307326991e+00
-2.138046988168032847e+00
-3.726531741838006617e+00
-3.774974097925454686e+00
-2.672817829870177686e+00
-2.438853476023220779e+00
-2.002147285347692041e+00
-5.585663535509033828e+00
-6.711920418228616292e+00
-4.739776343240883705e+00
-5.804500877760127686e+00
-2.307055577044824890e+00
-2.603155901014635898e+00
-3.075034309730283688e+00
-2.783129527310623796e+00
-3.485517401992108244e+00
-1.816477137186933044e+00
-4.774464401081461418e+00
-3.350902638627996311e+00
-2.027414706873328143e+00
-5.047709349707146131e+00
-1.807876707299139296e+00
-3.283971933943837573e+00
-7.197873364837562349e+00
-5.904226022285870457e+00
-4.049237894713142438e+00
-5.215874608978684712e+00
-2.686415004766136594e+00
-3.011852175919697672e+00
-4.625073063809668206e+00
-3.537556094253260230e+00
-3.724181510048761190e+00
-3.723717729357801431e+00
-2.034673874987523945e+00
-4.263665103131740963e+00
-2.427786131596020969e+00
-3.519510104774909554e+00
-2.578581694017853643e+00
-2.451823699087074093e+00
-1.367249707072055465e+01
-4.493268477379773529e+00
-4.850473533021714800e+00
-4.186015243853416834e+00
-2.862884454044825500e+00
-2.480331868137322981e+00
-4.130232950318361240e+00
-2.320764248629566318e+00
-3.444272428519794094e+00
-2.586872707709995112e+00
-3.627815881162653966e+00
-3.925208700929425643e+00
-1.500770865187087821e+01
-3.327198971660392246e+00
-4.203189593440109562e+00
-2.340803265301683922e+00
-2.913016107230103735e+00
-4.049623306824804203e+00
-1.536064073150075648e+00
-2.105542130809070489e+00
-2.050712365692826111e+00
-1.538250398828320975e+01
-3.419857911600746370e+00
-1.513369055002717456e+00
-2.627210393319613146e+00
-1.019229999160379485e+01
-2.724946464299644155e+00
-3.360190526758685792e+00
-2.236381264687016479e+00
-2.318855818043065398e+00
-2.299663381935435069e+00
-2.202828370237276179e+00
-4.155954985474279439e+00
-1.806523963844187897e+00
-2.275774584630838149e+00
-1.519889063585860178e+00
-2.768065857225006532e+00
-1.995086060848605625e+00
-1.604624521129955461e+00
-2.076316941126749249e+00
-1.804153198174208494e+00
-2.641331073176508948e+00
-2.194121688202300025e+00
-2.947996106286499884e+00
-2.284578776181649840e+00
-2.623814463024758403e+00
-2.318883152924715585e+00
-2.657593326675305789e+00
-2.313370552067723018e+00
-1.695048958709067355e+00
-3.282363263131914177e+00
-2.884359693800460978e+00
-7.013041189225574179e+00
-2.399860866394869063e+00
-8.343376761285318466e+00
-1.297853546187535789e+00
-3.839038617791132424e+00
-2.727910991638803129e+00
-3.247745163999339990e+00
-2.553389837070494828e+00
-1.697607025953049353e+00
-2.483583221499675364e+00
-2.733413341531548024e+00
-2.429800649366193888e+00
-2.250936031587711383e+00
-4.932817082147272991e+00
-2.622953229666954655e+00
-2.743264072944552545e+00
-2.096767334023951435e+00
-3.614671477682775524e+00
-7.318630382054391426e+00
-1.979010432846624701e+00
-1.752354996203377313e+00
-3.433355926573880446e+00
-2.839199998927843360e+00
-3.233542125171943837e+00
-5.035855839889831209e+00
-5.510341137651471044e+00
-2.453337237723913322e+00
-3.326877763514101360e+00
-2.008958232813440326e+00
-2.531747692117998660e+00
-2.589757391147077481e+00
-3.775750699282322209e+00
-3.409436400721819194e+00
-3.037877729164752072e+00
-5.246589788166688528e+00
-3.367608750793009698e+00
-2.230582167973627961e+00
-2.232768919349185310e+00
-3.602506210816177834e+00
-2.341418352723993568e+00
-1.720632315509851740e+00
-2.323610534146088202e+00
-1.053743550550501729e+00
-1.390990228725857758e+00
-1.476468583700878856e+00
-3.991940927268969208e+00
-2.464602532818211067e+00
-2.611453572329130335e+00
-2.458795157303820478e+00
-2.625381556578138653e+00
-1.409813804214907540e+00
-4.090276632778764743e+00
-4.230489787383544531e+00
-3.892042273298503829e+00
-2.040410654415741654e+00
-1.537586153043519088e+00
-2.158449498090904140e+00
-3.520279255713377076e+00
-4.695775497027724121e+00
-3.527869671367414472e+00
-2.825424606451400589e+00
-2.565542391561931090e+00
-3.492390794972803469e+00
-3.597951240915997495e+00
-2.187087453487246425e+00
-2.551716408895026600e+00
-3.292101312472639485e+00
-1.784857769416472673e+00
-1.174267219799620676e+00
-3.060527655349304599e+00
-3.945964172200214559e+00
-2.616572207064663758e+00
-2.788631355035558368e+00
-3.227144873211444054e+00
-2.181891770709130096e+00
-2.122814171606198563e+00
-1.191083219464334153e+00
-3.614609615320456548e+00
-2.650405764000644648e+00
-4.034679945764631626e+00
-1.167272390205750243e+00
-3.816636533747955973e+00
-4.146465719535071592e+00
-1.729862820010661606e+00
-3.756319164486306317e+00
-1.971384426115609712e+00
-2.533449849740726734e+00
-2.256749381677207733e+00
-3.004117222617685545e+00
-3.454400406189448880e+00
-4.879296453951188717e+00
-1.704105437882317053e+00
-2.647092783832841967e+00
-3.597496779014208279e+00
-3.467699452756383138e+00
-2.215054033428342617e+00
-2.005895306140505152e+00
-2.180319283274640974e+00
-2.226960712780612361e+00
-2.188874871700324576e+00
-1.537853716467854515e+00
-1.774818252756413139e+00
-1.535107514776436588e+00
-1.634062155109216485e+00
-3.428740622318350084e+00
-1.951009926381291670e+00
-1.760351782770271711e+00
-1.184699924703293439e+00
-2.433888551281998325e+00
-2.771291240023442626e+00
-3.151496464026278144e+00
-2.450101039942847780e+00
-2.779932698225950016e+00
-2.244621477199067794e+00
-2.418744777331960361e+00
-1.845655869652123693e+00
-3.582115837081794041e+00
-1.928263631602541661e+00
-1.387922412582580201e+00
-3.584791332495077754e+00
-4.694341430150969607e+00
-1.154744721876724389e+00
-3.275720376333558725e+00
-3.576935072767171597e+00
-1.994269463725116820e+00
-1.910185877113189656e+00
-2.787798181167962408e+00
-1.699990407011529925e+00
-1.609314538962710817e+00
-2.079887799338989929e+00
-2.863044039984361522e+00
-1.885837711881958478e+00
-2.986713735645530665e+00
-2.215107986593421785e+00
-6.398037112477911847e+00
-3.221791297554522870e+00
-4.498191268385532737e+00
-4.937650811935843542e+00
-3.976695442463416885e+00
-2.463094087765886009e+00
-4.456981717309347779e+00
-4.075397916560623557e+00
-3.475935358232416839e+00
-2.757321169801177252e+00
-2.918247835139512247e+00
-3.204920944332430022e+00
-3.866978447380621464e+00
-3.292254022504242705e+00
-1.933638910270092159e+00
-5.822381881992885866e+00
-5.698825407814594790e+00
-2.418650820328121842e+00
-1.832256332063093796e+00
-3.913584212777090343e+00
-2.274780054789871553e+00
-2.937742302114074722e+00
-3.894344843009406087e+00
-4.959000100006432987e+00
-2.028281081874906633e+00
-2.694983462914947392e+00
-4.345370680301154920e+00
-2.221826836407944317e+00
-1.496315738219900160e+00
-2.656260131319001072e+00
-1.895864754429036569e+00
-2.579856461218097863e+00
-4.958011511168438190e+00
-3.320195557635637229e+00
-5.400938699660869702e+00
-1.904895771349109701e+00
-2.683788277588039950e+00
-2.206334554843184748e+00
-1.843308523033979407e+00
-1.951145734542971022e+00
-8.959963137221392815e-01
-5.983376042481448609e-01
-1.676292547934709276e+00
-2.164692439583804084e+00
-1.695708982617661009e+00
-3.416806750839565421e+00
-1.660085456489724498e+00
-1.981825730511623140e+00
-2.130543880383078292e+00
-1.204516945494243263e+00
-1.769877862297732474e+00
-1.664388050398627472e+00
-9.930664829943692817e-01
-1.571146100033558923e+00
-2.442376900461503908e+00
-2.418888111214401171e+00
-1.761116862548999240e+00
-1.913276098612469500e+00
-2.053519773914807001e+00
-2.342310421421205380e+00
-1.892320314157495798e+00
-1.890875461520016954e+00
-1.274890603939837996e+00
-2.030768675452310212e+00
-1.310278881616729008e+00
-1.710106024900283295e+00
-2.778160208171709389e+00
-2.921769559497743973e+00
-1.386902538825542930e+00
-1.427288734631656286e+00
-1.735471617949581047e+00
-5.577885698347762045e+00
-9.555722966839106380e-01
-9.144308921820518687e-01
-1.300521559523115434e+00
-2.623862354365280591e+00
-2.823022726302217844e+00
-3.579986571805629847e+00
-1.622048291214854387e+00
-1.851961025379539549e+00
-2.201466833344888574e+00
-2.608934394393219947e+00
-1.146391915553256036e+00
-1.284046052259306459e+00
-2.479772381863395658e+00
-2.586004356060664477e+00
-2.990628989197968934e+00
-3.564939617655843218e+00
-1.375980711644654964e+00
-1.183166795285383488e+00
-2.459923060622660973e+00
-1.227408084169233859e+00
-1.481401875155581305e+00
-3.211804489675159413e+00
-3.675686407669142231e+00
-3.088570808708751336e+00
-3.399943070954850377e+00
-3.432578613618247676e+00
-2.020532959606104573e+00
-1.561190094286870167e+00
-1.352350576015206141e+00
-1.828988274936677705e+00
-1.501072963888302914e+00
-1.079699450826097307e+00
-1.975397140460237511e+00
-2.028393317965506260e+00
-3.219203735871718930e+00
-2.462033290411622222e+00
-2.880703956594434789e+00
-3.858956091888942286e+00
-2.369740597928461145e+00
-1.127124712225524128e+00
-1.733981958102868814e+00
-4.315983281450059827e+00
-1.405480611987978579e+00
-2.646143839346831506e+00
-2.182891870581462612e+00
-4.271831017988689361e+00
-1.826378071704445105e+00
-4.159787641968987870e+00
-3.335320505464085095e+00
-1.358438974516522402e+00
-3.845994125995044755e+00
-3.262199442747016231e+00
-1.694670649968873732e+00
-2.558856353103662329e+00
-3.843315997413965679e+00
-1.222214257450303654e+00
-1.086525060542481436e+00
-2.820587888818419930e+00
-2.462406875867872991e+00
-2.011164418118557062e+00
-2.569877166020202441e+00
-3.134225578785049038e+00
-3.336437091404947708e+00
-1.919058438765677721e+00
-3.171036459713615141e+00
-2.858118807597105793e+00
-1.924825271636414259e+00
-2.910694806076505881e+00
-2.921418587183272297e+00
-1.937702209205189430e+00
-2.583299925219657123e+00
-2.753354792858822009e+00
-5.058603590510374559e+00
-1.708550792937639562e+00
-1.357113490007859857e+00
-5.662042062731212688e+00
-2.647845851875832324e+00
-3.842656254031216800e+00
-3.305669927532707941e+00
-2.730481536843794466e+00
-3.465583168231944899e+00
-2.636625156040743878e+00
-4.914250782771019566e+00
-3.544004450355568547e+00
-3.605010533367353442e+00
-3.824283860396783474e+00
-3.454239668268757057e+00
-4.193744806281343607e+00
-2.695116922675851345e+00
-3.069735172615106311e+00
-5.019975107150183469e+00
-3.218105073058479260e+00
-3.045843407446239937e+00
-3.584707153354615095e+00
-2.441194213010021041e+00
-3.038839479004051825e+00
-2.166565011051500012e+00
-3.400710855083639572e+00
-5.430155600945422378e+00
-3.803651867597235725e+00
-1.991530571051753462e+00
-1.948173354601505869e+00
-4.093682579842622182e+00
-2.903366048425022328e+00
-2.409460308207466372e+00
-1.722990978312414656e+00
-2.641229988015553864e+00
-3.798949881066711054e+00
-1.636746996388017461e+00
-2.210387492008345944e+00
-2.352414956955181768e+00
-3.037907383759918201e+00
-3.199467992274796391e+00
-1.506137637458208722e+00
-4.473344408471098710e+00
-2.513299103081967356e+00
-2.350631707652822033e+00
-3.468168457743092237e+00
-2.858856783002762914e+00
-3.283126130651341512e+00
-1.840407429637608727e+00
-1.514601330379458544e+00
-2.815251491430529551e+00
-2.120222320498971857e+00
-3.414710637065308418e+00
-2.718452298465910300e+00
-1.317998979531335380e+00
-2.051787904423743480e+00
-5.861299052769797235e+00
-1.424021488856670681e+00
-6.143581340729998175e+00
-5.149059467637659537e+00
-5.713462300371699776e+00
-3.167719669141854322e+00
-3.131783918742303108e+00
-5.798563051265658963e+00
-4.710547965475405441e+00
-2.830457866018787794e+00
-2.726807626661132300e+00
-3.476007253504668881e+00
-2.511446512849965451e+00
-4.134155607339687677e+00
-1.765531947249081135e+00
-2.862505791671977384e+00
-2.223539597177962790e+00
-3.837292532290025537e+00
-2.622098367108573580e+00
-3.005938811273675348e+00
-2.171194435413958956e+00
-2.343414495172604362e+00
-4.209336565341198266e+00
-4.118317723122064677e+00
-1.323738821007908628e+00
-3.802780869130580221e+00
-1.298305275352389820e+00
-5.304349156215940830e+00
-2.123524654493247343e+00
-2.113346896054435042e+00
-5.127439017802410959e+00
-3.061960958806885458e+00
-1.477934282715733794e+00
-1.318552898730536604e+00
-2.425433188444272137e+00
-2.705156316288177987e+00
-2.761242995443178305e+00
-4.247100600005163429e+00
-2.140020708505135261e+00
-3.495041569490977995e+00
-2.523928959937987493e+00
-2.366925012844891985e+00
-2.640335037517335337e+00
-2.404776823521143747e+00
-1.783282595136366666e+00
-1.885928156439200754e+00
-2.717251975547195109e+00
-1.851383491169005913e+00
-3.729698028858192238e+00
-2.170332632959995234e+00
-7.491925830476359849e+00
-4.071888485966090876e+00
-3.361664862712212543e+00
-2.765780813772253932e+00
-2.553440207101561832e+00
-4.218675880864370953e+00
-9.110459055872681677e-01
-1.545485764347900748e+00
-1.932076623276000271e+00
-3.038432759156961982e+00
-4.280895199044419286e+00
-3.190983903754946560e+00
-3.590932811519817580e+00
-5.355634691156458516e+00
-1.477769656075626603e+00
-2.701880154062533457e+00
-1.527087201713527742e+00
-3.195678312135882937e+00
-4.062914011374187062e+00
-2.375450264003003298e+00
-3.061206238869952578e+00
-3.475769699978585869e+00
-3.507295296121836881e+00
-3.125244046099011630e+00
-1.948267191356724881e+00
-1.746537197898907490e+00
-3.347622080165124192e+00
-1.917419586137068643e+00
-2.598905113986491600e+00
-9.908939010419450799e-01
-9.592051149791203102e-01
-1.814295429917314184e+00
-1.790926694566034261e+00
-1.623289061620897922e+00
-3.648799289370533216e+00
-3.739462496192671459e+00
-2.672517377450770670e+00
-1.957358187327486343e+00
-3.214933694028143663e+00
-2.721188358519603501e+00
-1.828606397296708375e+00
-2.368771797877317287e+00
-2.406832126884140166e+00
-2.749576145118800330e+00
-2.063706897501967230e+00
-1.969364288609566582e+00
-1.454104591645343225e+00
-2.611942593658322043e+00
-2.822954279034036951e+00
-2.305194212897687223e+00
-1.946100402322218814e+00
-3.032616390030388853e+00
-1.706640499930738519e+00
-3.065570611183459526e+00
-1.409097807193576246e+00
-1.526725681035315807e+00
-1.181412483945283309e+00
-1.527563316791105352e+00
-2.648426792575811817e+00
-1.073120567397475078e+00
-1.553659401599354339e+00
-3.042682305576230206e+00
-1.200059020902939588e+00
-2.021502186132741574e+00
-1.590216121337990396e+00
-2.526384069338465377e+00
-1.302086601221521756e+00
-1.568003645842497518e+00
-9.116888975149917140e-01
-2.563461251596371060e+00
-3.158249737881005270e+00
-1.748237781548886982e+00
-2.540969047836854511e+00
-2.104419914128727420e+00
-3.350134027933588055e+00
-2.773950314627210645e+00
-1.517864835153439174e+00
-1.869104968240008935e+00
-1.083697596289063592e+00
-9.365960961765209536e-01
-2.148988102787850352e+00
-1.164256230120518598e+00
-1.835267835196993547e+00
-1.171227968366122862e+00
-1.528662689591570034e+00
-1.987780209513835494e+00
-1.964912386845624637e+00
-1.672815543936792437e+00
-1.620127967421828963e+00
-1.776990135823495187e+00
-1.622815970940100438e+00
-1.680212569280239432e+00
-1.099993823775619273e+00
-1.352334538381884554e+00
-1.781109048476174461e+00
-1.476220072411897677e+00
-1.354389102907071374e+00
-2.466349315918903606e+00
-2.123188147180946839e+00
-2.026829076536146523e+00
-1.243021578078134182e+00
-3.158237932881513554e+00
-1.625402976546512335e+00
-2.127123489232546127e+00
-1.682446415705118214e+00
-1.001184837625484159e+00
-2.439408839394376471e+00
-2.747474954060832975e+00
-1.515370172363535772e+00
-2.339281609065470668e+00
-2.606550727868962358e+00
-2.142205370433625244e+00
-2.902071408736995650e+00
-1.270104950896261409e+00
-1.378926775078512801e+00
-1.512819099718818006e+00
-1.338249687385715259e+00
-1.837311261918800342e+00
-2.613481227992794587e+00
-1.963670768672822309e+00
-1.885242433036985465e+00
-2.094997949719171526e+00
-2.436505578775972847e+00
-2.198476988718816916e+00
-2.078818094298672481e+00
-2.779105671536760802e+00
-2.132546608062646509e+00
-1.726287212136310423e+00
-2.071692929662608762e+00
-1.599571967497948943e+00
-1.232618546362409528e+00
-1.652060776897500638e+00
-1.534746347163876923e+00
-1.928859267032277280e+00
-1.473236014858983367e+00
-2.047765822049505413e+00
-1.736775191427913034e+00
-2.772659211206992325e+00
-1.312660381342383609e+00
-1.529881595317511556e+00
-1.839118434699141824e+00
-1.735322056864673002e+00
-1.861824966044534957e+00
-2.620960180670136808e+00
-1.716646170027460006e+00
-1.680795206317685198e+00
-1.153936825016728118e+00
-1.786473271805037122e+00
-2.474747044201344615e+00
-2.072900075030107203e+00
-1.590631001164129366e+00
-2.617707853925351102e+00
-2.291369160714615383e+00
-2.950967115034941468e+00
-1.357126902552123981e+00
-1.135366120586121186e+00
-1.276360752643127094e+00
-1.338112837076249617e+00
-3.058295523699188667e+00
-1.346315498892096674e+00
-1.381845444398573930e+00
-3.553824678423658678e+00
-1.021579164987502120e+00
-7.540252922106946976e-01
-1.093502476568649850e+00
-2.839001719405718660e+00
-1.386081313354415423e+00
-2.542337779968728562e+00
-2.224271267661163343e+00
-2.226061085906131165e+00
-1.026580856307014677e+00
-2.145250930181441973e+00
-2.725644669115749874e+00
-2.253895125421862655e+00
-1.616535718741417105e+00
-2.283741050008809559e+00
-2.250066557338371798e+00
-2.212157422791048322e+00
-1.587484440295672483e+00
-1.180961980021558944e+00
-2.041698978675237086e+00
-1.847766501728122623e+00
-1.567428585599056845e+00
-1.788617719132800543e+00
-2.135146228379655842e+00
-2.112878378063457241e+00
-1.789417938961215926e+00
-1.025386496092677735e+00
-3.984154151937985500e+00
-1.252821675158943604e+00
-1.498253319666075667e+00
-1.372634018108287668e+00
-2.088863442989357111e+00
-2.226564764528962570e+00
-1.826974231683987648e+00
-1.387552864243086326e+00
-1.203435393453869517e+00
-2.235455568751597788e+00
-2.622074456262139197e+00
-1.332047743303238718e+00
-1.030018682583549339e+00
-1.247601505587805804e+00
-3.425994301403815889e+00
-1.487552337892801724e+00
-1.315116765467902349e+00
-1.828502832171566617e+00
-2.878675210595398326e+00
-1.298209184877885836e+00
-2.023038337703888079e+00
-1.466460741706183901e+00
-1.233763315493988433e+00
-1.151500866217612939e+00
-9.751103777862681898e-01
-1.768465501673798235e+00
-1.534499095858795403e+00
-2.652411765864783888e+00
-6.878286160978854813e-01
-1.476343285233272518e+00
-1.133209874025715713e+00
-7.617015985531210287e-01
-1.339724837611774300e+00
-2.394537245615932175e+00
-3.916776933774309022e+00
-1.481495629542602055e+00
-1.645418562836971299e+00
-2.464654114116997530e+00
-1.076272922803119148e+00
-1.492759060394712733e+00
-1.324321889353780035e+00
-7.800973134262215725e-01
-1.255718035874978655e+00
-2.959142030041778337e+00
-1.061858179997884566e+00
-1.299846028123341934e+00
-1.571361531900757003e+00
-1.044885591355705357e+00
-1.507415720174754892e+00
-3.125438581325221232e+00
-1.104258164690613775e+00
-7.943307406884767552e-01
-2.152660365779276219e+00
-1.726348844126210258e+00
-1.676160608350207637e+00
-1.559282255011097185e+00
-1.601488936190396561e+00
-1.191528572115679641e+00
-1.264983372171565534e+00
-1.670954256830158746e+00
-1.518364639183696685e+00
-1.038426970444564335e+00
-1.478212695880381178e+00
-1.194815962516556640e+00
-2.029620237560602281e+00
-2.950184006847012874e+00
-2.410330608264392271e+00
-1.140224005073346758e+00
-1.796229151556795633e+00
-2.925145126356190506e+00
-1.532017728267543344e+00
-1.481359235572072386e+00
-1.647659548091581661e+00
-1.586677707081112887e+00
-1.131777059110128603e+00
-1.166939679674581454e+00
-1.518807235168613712e+00
-1.530526927749074728e+00
-1.793077913438449356e+00
-1.222140189524105303e+00
-2.386485915231092658e+00
-8.985613880136632536e-01
-1.686356949723847309e+00
-2.066346143957762838e+00
-7.123343806095854269e-01
-7.842329153654459262e-01
-8.078967807039608706e-01
-1.203381336639151478e+00
-1.216498932593719440e+00
-1.234087888632884988e+00
-1.942064321439025854e+00
-9.433137222087776275e-01
-1.061377128808772774e+00
-1.139726873781202077e+00
-1.243621686404437821e+00
-1.951659338543242583e+00
-1.393964944420684970e+00
-1.948296134461446671e+00
-1.117221914994533938e+00
-1.512571038096203635e+00
-6.930836538212914455e-01
-2.380302720151399321e+00
-1.119551588373125517e+00
-1.141569551286044648e+00
-8.469381714604264921e-01
-1.083947865446227565e+00
-6.489142683886643947e-01
-1.704166714171624575e+00
-1.447416970193461161e+00
-1.636961622720646714e+00
-1.059320318365835067e+00
-7.286667953294707623e-01
-1.271348833353183272e+00
-1.553651894766183705e+00
-1.590925625505315688e+00
-7.630908042652247980e-01
-1.568774602070427404e+00
-1.540330724509405114e+00
-1.248539862200086947e+00
-1.719689185649576846e+00
-8.924642200690831029e-01
-1.083034728462358043e+00
-1.170701476574117050e+00
-2.422159039532277180e+00
-1.718752583337325168e+00
-1.677713953720978868e+00
-8.098633472410753376e-01
-1.161716281365077874e+00
-7.081394293222439407e-01
-1.152103354193793505e+00
-8.398072949459466363e-01
-1.255697856449019989e+00
-8.856574773536142198e-01
-2.084852291427162552e+00
-1.346283494677658732e+00
-9.683549125637697097e-01
-1.105612521724512742e+00
-1.112533160827895884e+00
-1.151424091269479755e+00
-1.375128786946581361e+00
-1.632952122065219669e+00
-1.753281080152378824e+00
-1.128622091330341082e+00
-8.077201252229843087e-01
-1.506489675712332943e+00
-1.287232654412940436e+00
-1.478672578566599949e+00
-1.388614400150083084e+00
-1.487488570821147604e+00
-1.405639096331044557e+00
-1.332638608656269374e+00
-7.517793423540632958e-01
-8.130147833729384210e-01
-1.165735654106956565e+00
-1.015377516494202492e+00
-1.131963812252125168e+00
-9.042733676597010106e-01
-1.643116544200812434e+00
-9.438367492615730159e-01
-1.031509803824715910e+00
-1.188917040430881755e+00
-2.010155428356532603e+00
-1.115432785707887842e+00
-1.670799672257815782e+00
-1.196502893341934826e+00
-8.653630489435922835e-01
-1.217287341443772153e+00
-1.272153275206673761e+00
-1.756080763756942220e+00
-1.253284413862609137e+00
-8.565622330476898583e-01
-1.250538149612610228e+00
-8.928763314394912998e-01
-1.675317732212352917e+00
-1.039818127222895461e+00
-7.339518308703620875e-01
-1.675752321155108859e+00
-9.192341468103593094e-01
-7.413731081829874059e-01
-1.408315761716345538e+00
-1.170326193939570159e+00
-8.573451528382982634e-01
-1.077136658463438312e+00
-1.568311061344105584e+00
-2.397403756453071910e+00
-1.590440253530873038e+00
-1.694170182821298498e+00
-1.158546732617439012e+00
-1.306315648313461253e+00
-8.597737365128745868e-01
-1.871928755737384709e+00
-1.200883167672532892e+00
-1.004973297764915285e+00
-8.305238425861235507e-01
-9.128910621005313919e-01
-8.959753322112063989e-01
-1.027941518077619687e+00
-1.362717406722184776e+00
-1.377994305276818876e+00
-1.397662943728475105e+00
-1.470746205616292768e+00
-1.326240403795640121e+00
-1.069208836053762601e+00
-9.293617560105617015e-01
-1.190504435382428117e+00
-9.336368042906040277e-01
-1.153415937187092233e+00
-1.538930812479517352e+00
-1.036386795024329510e+00
-9.997259968031543265e-01
-6.356395972431893027e-01
-6.573495099561013078e-01
-1.680199102583693760e+00
-8.862094359053045434e-01
-1.654207936341457019e+00
-1.420514549869226650e+00
-1.625676721863393182e+00
-1.211922259827682424e+00
-1.570204295687053664e+00
-8.306791102277557570e-01
-1.388580973654388151e+00
-6.985420487222478991e-01
-1.558148082265979895e+00
-9.265371177554670989e-01
-1.120742127632326390e+00
-1.669034857621323420e+00
-1.229220839373959206e+00
-8.090238339433666326e-01
-6.538012770211026892e-01
-1.184512992683558252e+00
-8.617828729405487831e-01
-8.063748315915082454e-01
-6.519141152285368168e-01
-1.608003787012189267e+00
-1.441834215340602299e+00
-9.493667752972303475e-01
-1.012453531361003023e+00
-1.338263544416189443e+00
-8.445672423828773923e-01
-1.097465139150439306e+00
-1.918135233778821114e+00
-8.058215520961280465e-01
-1.166779233648724157e+00
-7.556801452974832856e-01
-6.528118996006050390e-01
-1.582556868087134028e+00
-1.151340458490550001e+00
-1.573736189365581684e+00
-1.220906045945808538e+00
-9.313379006396372839e-01
-1.170611293443049039e+00
-6.284861837912991689e-01
-1.197255825514760286e+00
-1.518660969287707108e+00
-1.609927076353368181e+00
-9.528489990160571299e-01
-1.167128836752239218e+00
-1.409415325741834257e+00
-5.171015983048645737e-01
-1.986348789677418125e+00
-9.806545368707033639e-01
-1.867847318918624655e+00
-1.006929933003344546e+00
-1.068120496008284626e+00
-1.001107339821838860e+00
-1.850966470221306670e+00
-9.188886094064083743e-01
-1.524962363710387292e+00
-1.316775216027167072e+00
-1.296554055395381599e+00
-1.262182426310030969e+00
-8.955222796453351508e-01
-1.529693082774257862e+00
-8.273360883682563394e-01
-1.954472177714988934e+00
-1.124331524340809185e+00
-9.666362546639140074e-01
-1.146294931496098846e+00
-7.969363304910677126e-01
-2.016979141690155242e+00
-9.361177298538873037e-01
-1.408937290056911928e+00
-8.977882933550104250e-01
-7.097487473975093719e-01
-4.900281621144179645e-01
-9.818359029839648366e-01
-1.735888641837914692e+00
-8.893271267771051258e-01
-2.129732253331989345e+00
-1.081699174869973135e+00
-9.188815215933889835e-01
-8.844818144929995629e-01
-1.312450772590262771e+00
-1.211926818078988388e+00
-8.946756626878479279e-01
-1.725275481986416892e+00
-2.502880575731313506e+00
-9.136642895472715242e-01
-2.574119115990999962e+00
-9.269694979853303485e-01
-1.338103492547331630e+00
-1.784267637140057650e+00
-1.016853949325781326e+00
-1.076684785513996712e+00
-1.114579100812371548e+00
-8.417417341041746326e-01
-2.035461609170500008e+00
-1.042923221130881650e+00
-2.189647962261757286e+00
-8.794516867400083981e-01
-1.244052677702674137e+00
-1.336861220729854471e+00
-1.364363361231633931e+00
-9.721446272804920019e-01
-1.059288243190343870e+00
-1.218060720504940742e+00
-1.811947037148812223e+00
-1.270951245152408315e+00
-1.010693946613039573e+00
-1.182216105553276719e+00
-1.008164718143600203e+00
-1.604240119773981288e+00
-7.869750006175941781e-01
-1.267324255181097259e+00
-1.480163445295630265e+00
-1.516955775170185206e+00
-1.200530506889479820e+00
-8.505603299700827957e-01
-9.921019964369048871e-01
-1.020521744308300338e+00
-1.061506709424641981e+00
-1.320682748375472837e+00
-1.843965177037604874e+00
-9.368897773065665291e-01
-1.707417352619038153e+00
-7.469592217903289200e-01
-1.743410329976419870e+00
-1.310632065164106574e+00
-1.700239091619514475e+00
-2.461554486978895007e+00
-7.448377939523989077e-01
-9.321727794849916648e-01
-9.965643269978432528e-01
-9.444337837760923282e-01
-1.938165471939611528e+00
-1.796636515420835245e+00
-1.094632707900241586e+00
-9.418555145594535993e-01
-1.573725520981207326e+00
-1.184556712347884622e+00
-1.496866149570443172e+00
-1.486217214561708300e+00
-1.078159233709016451e+00
-1.547012233598532793e+00
-1.572638848815061330e+00
-1.835767233364926643e+00
-1.198945492636022792e+00
-1.137819387246266301e+00
-1.474441035171358383e+00
-1.718599572198227676e+00
-1.284284365219278579e+00
-1.791813512170506550e+00
-1.452205373046988157e+00
-7.193359188895853684e-01
-1.810692898468317491e+00
-7.802116783756233298e-01
-1.132612463366963862e+00
-1.498431164732483944e+00
-1.039085308452909251e+00
-1.261104132673089406e+00
-1.154259140428828934e+00
-1.060933116361850725e+00
-1.557918224485569825e+00
-1.421530844538775540e+00
-2.082454567713381000e+00
-1.203352019120376148e+00
-1.316246300571843442e+00
-1.399912369023468939e+00
-1.810824909706447050e+00
-1.164656982110055861e+00
-1.788217146993374973e+00
-1.223960147738374804e+00
-1.615351631142935673e+00
-9.760582087964304598e-01
-1.393798394082156111e+00
-1.096936811857414762e+00
-8.841145393467189084e-01
-6.453653692903446037e-01
-1.147998782397732898e+00
-8.042498922685324958e-01
-1.533287324584950317e+00
-1.559518161304760175e+00
-1.010101057447095885e+00
-1.482882706312395271e+00
-2.207107009806350995e+00
-1.419898627218010745e+00
-1.403355197230570450e+00
-1.669572386121401131e+00
-1.410306031237217539e+00
-1.571005996157581741e+00
-1.532160659145951787e+00
-1.639445170277181507e+00
-1.055253327796561003e+00
-4.258326114640823001e-01
-1.281018281179071350e+00
-1.070568858027357351e+00
-1.243454395463215789e+00
-5.475567117449129384e-01
-1.383615158743517703e+00
-9.430486303626836042e-01
-1.262899676976896535e+00
-1.573171540178624594e+00
-1.315778867303497135e+00
-8.262869034595425877e-01
-1.256841008997273024e+00
-1.115473579187289843e+00
-1.810966030958541362e+00
-1.721028014468143574e+00
-1.825101126496020187e+00
-1.616373855970159479e+00
-8.032820960162153634e-01
-1.722642509933625998e+00
-1.189125739551325944e+00
-1.459690206818642144e+00
-9.739686747714496606e-01
-8.138585980138663967e-01
-1.215640918207169907e+00
-1.315798752584440567e+00
-1.147255944400911831e+00
-1.017327415233878263e+00
-7.686523480172956502e-01
-1.122239437810286011e+00
-1.344465329293174971e+00
-1.428014112630942467e+00
-1.374881502448257242e+00
-1.052521942685774814e+00
-1.512705155429337589e+00
-1.085953604885506518e+00
-1.081992322875709123e+00
-1.414179515080203009e+00
-6.633463243439804424e-01
-1.337470341338798718e+00
-1.415027449774396429e+00
-8.930726045086062603e-01
-1.422097733759826399e+00
-1.362720615123828471e+00
-1.690065683458732870e+00
-1.522776026034967867e+00
-1.368614757876706722e+00
-1.400407622354959303e+00
-1.346501471288285900e+00
-1.222760471074099797e+00
-8.854612884226475966e-01
-1.220475198193776700e+00
-1.147085910868687497e+00
-1.807628410328315560e+00
-1.084888237396111066e+00
-1.290571690258499826e+00
-1.141602125636215659e+00
-1.445504649144766507e+00
-1.341336490614165822e+00
-7.817705184444186939e-01
-1.211382016609807488e+00
-1.279799316439496071e+00
-1.355723095346504703e+00
-9.703325492851190281e-01
-1.436842223281928232e+00
-1.318464241788993130e+00
-1.394752633924478014e+00
-1.336014320769130848e+00
-1.266154896871378721e+00
-9.066636485139935031e-01
-1.045732324198313634e+00
-1.004068030696862568e+00
-1.462467543707063555e+00
-1.111513115002318974e+00
-1.282117828174960339e+00
-5.839693311532442310e-01
-1.118069962881228063e+00
-9.457047460140864947e-01
-1.077719663868298206e+00
-1.412781260034536857e+00
-1.286152745664721486e+00
-1.364602346378847031e+00
-7.894479163456649129e-01
-7.140768668096105776e-01
-1.195973578141331206e+00
-6.839580208705033915e-01
-1.216326293234253120e+00
-1.262881267422685028e+00
-1.410411402491287713e+00
-1.297769059187658724e+00
-9.001000259232774248e-01
-1.356092352711712135e+00
-2.182941567064028643e+00
-1.355242551867866130e+00
-1.290110320703509617e+00
-7.645544602591005656e-01
-1.304187208524937747e+00
-1.430419417987893516e+00
-1.174295731114876951e+00
-1.096415366693116455e+00
-2.264949653102564575e+00
-5.889138392813878520e-01
-9.170181413210376498e-01
-9.237431132789611921e-01
-1.205294294290892188e+00
-5.212300219949776992e-01
-1.106804313300503217e+00
-1.225238070984478123e+00
-1.016069841327394530e+00
-9.315046972018093951e-01
-1.607009888277915355e+00
-1.030777280583707212e+00
-1.174872427346098425e+00
-1.926814844458911491e+00
-1.039629327238603906e+00
-1.224856284729525902e+00
-9.314030053512450946e-01
-1.308705822723875922e+00
-8.778534053197465381e-01
-1.093768080542179888e+00
-1.301282906472236878e+00
-1.461133248438210908e+00
-1.043137087981927502e+00
-7.437698222389754754e-01
-1.417149693939065758e+00
-1.545120531711658973e+00
-2.420288262529373124e+00
-1.591225480392381986e+00
-1.991708555663671110e+00
-1.007289947383553264e+00
-1.131378301488229710e+00
-1.918026755619273160e+00
-1.387344011304872726e+00
-1.147274230682280294e+00
-1.104247462244017930e+00
-1.178412539854291952e+00
-1.309214785125853098e+00
-1.929540264613635925e+00
-1.230032244075405234e+00
-1.406072889886404997e+00
-8.321560862660736246e-01
-1.774774887260709866e+00
-1.331147176133363530e+00
-1.166469989405757302e+00
-8.189767007034247648e-01
-1.958496133331066646e+00
-8.587925827144669011e-01
-1.858706253713290124e+00
-1.791047748264281481e+00
-1.191951547262890543e+00
-7.881390520222923968e-01
-1.292588545349491858e+00
-1.084997808640026262e+00
-7.159865276548251778e-01
-1.565321514970330563e+00
-1.448800032084045508e+00
-9.958190706028490213e-01
-1.263393239520231415e+00
-1.001810938427798892e+00
-1.212156765582701912e+00
-8.291000272187518672e-01
-2.053072420041216706e+00
-1.073878890195431035e+00
-1.718712676322479371e+00
-1.109171028465951281e+00
-1.027271510814489641e+00
-1.087461135392252309e+00
-1.157020060348648904e+00
-9.215728162106298083e-01
-1.588636566636013381e+00
-1.428465067250070275e+00
-1.995612825551558389e+00
-9.298696381862479043e-01
-1.292536937869592339e+00
-1.404253693491815502e+00
-1.569376799963580371e+00
-1.042026908789140061e+00
-1.410478687536402820e+00
-1.207870608242875843e+00
-1.154642636517105636e+00
-1.471665394211894684e+00
-8.322576530138873219e-01
-1.026256680194305382e+00
-1.193056856146341271e+00
-4.724421453551383432e-01
-8.446583554350682865e-01
-1.738371152492863780e+00
-1.193997033078305847e+00
-8.230359128888595777e-01
-1.148210615559841496e+00
-1.628594284174893270e+00
-1.514658427300162868e+00
-8.520482867312290098e-01
-1.410335670051342305e+00
-1.181538921566602340e+00
-7.868168830075867870e-01
-1.158492653529675120e+00
-1.280899354297126758e+00
-1.390565621628210735e+00
-1.168840728955751418e+00
-2.255293570211422516e+00
-2.007197850791810456e+00
-1.045142662514389142e+00
-8.089335854180418339e-01
-8.634898872483585119e-01
-1.269111136909641058e+00
-1.066553962189370930e+00
-1.069537943865261909e+00
-1.689794502861888370e+00
-1.883483602981088190e+00
-8.297421208562065775e-01
-1.181481755714938853e+00
-3.943083034691622357e-01
-1.001506784432035335e+00
-6.047247302906645361e-01
-9.054362346250185434e-01
-9.596225262674277223e-01
-9.449108605076931289e-01
-1.168719269682085393e+00
-9.296668224528795710e-01
-1.075056705845205185e+00
-1.002290313974055103e+00
-7.322196121684125814e-01
-1.615176333833514333e+00
-9.290553264242868980e-01
-9.305341830307126694e-01
-5.715689552392239081e-01
-6.997625745324650426e-01
-5.930440595874898468e-01
-1.422300242438846674e+00
-5.797439228059539928e-01
-6.858645191464926016e-01
-1.112194029754510538e+00
-1.208071411702608344e+00
-1.128624489398878383e+00
-6.883835392849838586e-01
-7.313983537641264299e-01
-7.547870711146782430e-01
-6.644216419421283826e-01
-1.456246092598940223e+00
-5.971316051610433551e-01
-1.212580801133021913e+00
-1.495925049840681975e+00
-7.618947060903349389e-01
-9.766531168095182736e-01
-1.280043169612587350e+00
-1.501804458032562462e+00
-4.972883881096883396e-01
-4.044814294892249973e-01
-1.100623358695528520e+00
-6.238324751921902056e-01
-8.906298928227153189e-01
-1.181062128270892853e+00
-1.429863109867377302e+00
-8.056009936154552298e-01
-1.255241518375263432e+00
-9.958153537195950644e-01
-1.502787380807190765e+00
-6.984381056478804473e-01
-8.199646680939128851e-01
-1.364165996009126136e+00
-1.606241178708890383e+00
-1.299423456899823304e+00
-9.474559911291152714e-01
-9.138663581380765955e-01
-9.425256923489223615e-01
-1.072173063812019045e+00
-1.410726559272837521e+00
-9.195219603568898226e-01
-1.760839200656365344e+00
-1.645853956152246722e+00
-6.939733374370326002e-01
-7.801090368986471901e-01
-6.461054429522999909e-01
-1.185735644890192120e+00
-1.361036837327831428e+00
-1.837451050083341642e+00
-8.582464166907701753e-01
-1.273846986403426085e+00
-7.673114396670605020e-01
-9.647642426040357044e-01
-5.877406034082941488e-01
-8.414112200543297782e-01
-1.731984787362649492e+00
-4.855502510230331747e-01
-1.009168502858559080e+00
-8.212402695811543696e-01
-4.078668117700886553e-01
-7.310353878798234728e-01
-1.482857969141474941e+00
-7.301799534749519038e-01
-1.410127429935818855e+00
-5.393353753452423405e-01
-7.427527305753652831e-01
-8.522605758634117512e-01
-3.906528635770549207e-01
-5.395879893029699170e-01
-1.533706282577342872e+00
-1.011178292582362692e+00
-4.960002937245517329e-01
-8.616218047976010874e-01
-3.670737558698899949e-01
-4.545337459206677533e-01
-3.879234697876931537e-01
-7.341434040839022179e-01
-1.023345569606052052e+00
-8.902471803353233515e-01
-7.090045753810961804e-01
-6.338784924518924280e-01
-5.451831278914978096e-01
-8.515350268723020921e-01
-1.783326840322571050e+00
-1.012392153927235139e+00
-1.681944141181413777e+00
-1.533614578180610977e+00
-1.359345268312244004e+00
-1.121604688232467284e+00
-1.361566031730216952e+00
-1.085660680333199180e+00
-7.716644643100136758e-01
-1.512984596794828995e+00
-1.549402516980565636e+00
-9.064512494709775492e-01
-1.415517787764414726e+00
-1.892270613373280508e+00
-9.180606025823068173e-01
-1.139133943320546516e+00
-1.327602946965382280e+00
-1.268679616388809661e+00
-6.576153426354400811e-01
-9.665685430608681461e-01
-7.156465282349346868e-01
-1.733595627339673761e+00
-8.471009796580412088e-01
-1.322043015189645399e+00
-1.302865171558040158e+00
-8.780874707268790935e-01
-7.378206963694252662e-01
-2.024583424215960381e+00
-1.357151254201437229e+00
-1.168975266355466669e+00
-8.105580564771870389e-01
-6.560938764568075010e-01
-1.308522369886518710e+00
-3.079541030956929326e-01
-1.144026204474446029e+00
-7.605123355761443937e-01
-1.327530540773757206e+00
-1.016328293252697135e+00
-1.771469769569851360e+00
-1.125590442915814782e+00
-1.053271217094274181e+00
-9.780960293196858668e-01
-1.521668006913301951e+00
-1.499895926254406264e+00
-1.072238540043135790e+00
-5.400416545340320784e-01
-1.639824977025926778e+00
-6.703130736087439256e-01
-7.677573274621530830e-01
-1.249818110328125842e+00
-1.380101167599019130e+00
-1.874907165080516025e+00
-5.053745778197978877e-01
-6.432477178827303854e-01
-1.122653446471358674e+00
-9.143974884828484084e-01
-7.580224868600042853e-01
-3.904900525023197178e-01
-9.502463822458158127e-01
-9.563523790793492241e-01
-9.035696163977579021e-01
-5.801402760257288183e-01
-5.730692928540763731e-01
-1.170478918254871603e+00
-8.322767019722213666e-01
-1.225522407385987611e+00
-9.514913197722042471e-01
-3.503777533773583808e-01
-1.259338085886411385e+00
-1.476281765921819478e+00
-7.250258943857177396e-01
-7.373412928381593012e-01
-5.332629593588790184e-01
-7.362236277317502076e-01
-5.067480639188577385e-01
-7.917012855686516026e-01
-6.228828505632012513e-01
-1.620422107209110285e+00
-1.335113629604622432e+00
-1.104043852405145465e+00
-1.316421251884426713e+00
-1.367632660550624157e+00
-5.665273060117483883e-01
-1.198827649809133922e+00
-5.764168919852180606e-01
-4.582479502421754614e-01
-2.005535381801072603e+00
-1.413749127042676967e+00
-6.025451999091518962e-01
-1.190740178396071380e+00
-6.223876796995306826e-01
-6.157247404657844037e-01
-9.090836513295336152e-01
-6.566848692123797848e-01
-6.205876853290089867e-01
-1.582645083739226077e+00
-1.013430122180686954e+00
-5.758344015124190474e-01
-1.448241130167623236e+00
-7.439472501017752037e-01
-3.627565325937388563e-01
-8.166384026539734720e-01
-5.880900815768212997e-01
-3.907339237601642479e-01
-8.582937031134623140e-01
-7.858761826986131460e-01
-7.170023455017328073e-01
-9.934663230203333306e-01
-1.413608924275137291e+00
-1.157727072996188822e+00
-7.347872626485280056e-01
-1.136648108037939364e+00
-9.454061075121161783e-01
-4.297605875412185417e-01
-1.194475355750864720e+00
-1.599944209577039089e+00
-1.007499653229315228e+00
-1.968389504127173506e+00
-7.761587510782788080e-01
-1.948191548362831371e+00
-7.061327424253716067e-01
-1.306344295166879110e+00
-6.577547029866284145e-01
-1.797351543020145659e+00
-5.094512212131201423e-01
-6.907913484612374644e-01
-1.039140681754109563e+00
-8.654652575849355323e-01
-5.912210382371226869e-01
-7.671157907354970718e-01
-1.525808899785886741e+00
-6.378947366332767821e-01
-1.260943714038943009e+00
-5.150165791276457572e-01
-5.181357609110940343e-01
-8.644158717700572980e-01
-9.266948152046964315e-01
-8.240504530580019527e-01
-6.002446926503017810e-01
-8.928973138574589630e-01
-9.811695948532833667e-01
-4.721275880203388842e-01
-7.041235990869467720e-01
-1.221781992906511682e+00
-6.477151349041286865e-01
-8.864007694424997919e-01
-6.247779773613906240e-01
-6.233507805215751096e-01
-1.654314700534995852e+00
-1.182166922812877941e+00
-6.471980040609129903e-01
-9.539069290694908165e-01
-7.434668924736670403e-01
-6.654857298246346087e-01
-6.334598827563919787e-01
-9.269742984753596149e-01
-8.876247432785051572e-01
-1.111907496967531772e+00
-1.256651152094353074e+00
-6.933298835972899754e-01
-7.751080069267863859e-01
-6.641224762309893004e-01
-1.445474746067762606e+00
-1.077720328119228244e+00
-5.023980934511989016e-01
-5.711202472011740472e-01
-1.245213792069362446e+00
-1.079473481471800778e+00
-5.085763117041811610e-01
-9.452822133429649165e-01
-1.262273073164214221e+00
-1.018428636182838298e+00
-1.114722521395624444e+00
-1.270384670428865270e+00
-6.293298092559390655e-01
-7.041256661902854930e-01
-6.329767719581196328e-01
-8.516463367586228905e-01
-7.053054941328811278e-01
-8.961501252588511823e-01
-7.381917148550752872e-01
-1.027234062597008890e+00
-5.035602980571505238e-01
-6.790106806858045019e-01
-5.512357263236390414e-01
-8.701948173009427245e-01
-9.798589159010074878e-01
-1.297815044628302994e+00
-8.533989203529253054e-01
-1.353585682584871996e+00
-4.432071278231222156e-01
-8.157536353247049066e-01
-6.516773699216409366e-01
-5.394602664475253162e-01
-7.206319227792584714e-01
-1.140961141579764249e+00
-1.428789522404551260e+00
-3.863848379924908483e-01
-4.387872229317826833e-01
-4.694555434253291359e-01
-1.049198849743307127e+00
-8.352148620863025785e-01
-7.482476660635194454e-01
-1.025048612962342842e+00
-5.904398987052330572e-01
-9.204146359707722214e-01
-6.085876384671415895e-01
-1.037591055679566887e+00
-7.449329434679820006e-01
-7.831117270433783917e-01
-1.019621093322194305e+00
-8.346898755147864613e-01
-1.078113013103211726e+00
-6.861879311107559332e-01
-7.196156467145595759e-01
-5.094676969944975653e-01
-5.282189032409598806e-01
-8.920177777160341881e-01
-4.686475795130795596e-01
-5.807885748667669379e-01
-1.139126436402499554e+00
-7.351946687190421548e-01
-1.180120885801403618e+00
-5.819197083749575450e-01
-1.043229740302398678e+00
-8.665444308897883863e-01
-1.053322017345896811e+00
-1.102986570482362039e+00
-8.480627584476250203e-01
-1.289689432466599284e+00
-8.186478037248450246e-01
-2.055354938339613913e+00
-1.152216855793579242e+00
-1.031247346841250634e+00
-8.587422165340871105e-01
-1.836399424455469997e+00
-6.453128948306331436e-01
-9.791427824425432691e-01
-7.004979517508083120e-01
-1.096539658050731836e+00
-9.463707351669503609e-01
-1.158666625209045620e+00
-6.709408900102641349e-01
-4.667537470989600590e-01
-6.551034462036564587e-01
-1.112393049013836510e+00
-8.334349647538900063e-01
-1.051447684524954962e+00
-8.223165249397859089e-01
-1.048771725302958924e+00
-6.480280640550104554e-01
-5.026763854791300723e-01
-9.749697187665268272e-01
-6.916451953979950718e-01
-7.448903113691820455e-01
-4.665826587102248069e-01
-1.376889403042628635e+00
-1.167371638959390889e+00
-1.234721576263500209e+00
-7.053749623548734027e-01
-5.273859395438365016e-01
-9.029332596420235335e-01
-8.130147311704782886e-01
-1.339369638068565571e+00
-9.286870301788326953e-01
-6.544626502409094382e-01
-8.880008792934783735e-01
-7.831754802263121151e-01
-7.575477513566972743e-01
-7.997960996104388487e-01
-8.036445237574770806e-01
-5.834502065454983954e-01
-9.379543535838574808e-01
-9.312538646205559267e-01
-8.230954121486484532e-01
-6.201861655274312213e-01
-7.557729236053246646e-01
-6.415108141062008107e-01
-1.309498399388402401e+00
-8.742517303023763509e-01
-5.876729197855238285e-01
-6.457192680215518843e-01
-6.950187176896156505e-01
-8.498136346483432524e-01
-8.479348245345209589e-01
-1.626773331618695639e+00
-9.661500215942668834e-01
-7.163917979928418056e-01
-7.318774673311965184e-01
-8.213911102991517943e-01
-9.357552732054030820e-01
-1.250021427663702278e+00
-7.546392684113425453e-01
-6.883376750007242917e-01
-1.404637821683194732e+00
-7.125239761203967515e-01
-8.209670672834438188e-01
-1.127423581224862303e+00
-9.291217217029381636e-01
-9.980502896083615072e-01
-6.336944001643455282e-01
-8.358182476240824110e-01
-6.019569636730232043e-01
-7.351513649022353158e-01
-8.143351064144931373e-01
-6.080637307064186148e-01
-6.366135906119086973e-01
-8.457603578664838473e-01
-7.815269829492486053e-01
-1.226202220916139618e+00
-7.384637853455489065e-01
-1.067723739121049231e+00
-9.532239617408659882e-01
-1.616177115129394881e+00
-1.188680964608330726e+00
-7.406102358871882174e-01
-7.442768457407911153e-01
-9.898894084044657093e-01
-1.097575549943969664e+00
-1.042962943179419399e+00
-6.556551775192848153e-01
-1.057929080422577162e+00
-1.500101461537167280e+00
-9.790839370917597817e-01
-9.279459580937535756e-01
-7.038842666254977454e-01
-6.675524593058863587e-01
-8.578456473472952926e-01
-9.886919788821300070e-01
-1.184170440865202290e+00
-6.653844216253268495e-01
-1.036347516071117303e+00
-1.543164282388511888e+00
-1.180308140920019122e+00
-1.150285038376557489e+00
-1.161225617246946396e+00
-8.219738436375425561e-01
-6.864721698022786533e-01
-9.375734390084032865e-01
-7.634032681352979077e-01
-6.797522007861159787e-01
-8.743747081683824751e-01
-1.200794560081658746e+00
-1.236547766392494196e+00
-7.955557704764691929e-01
-7.019213677995225220e-01
-1.263609433160497453e+00
-6.766575753218075917e-01
-7.143216906462637183e-01
-9.324865304169420721e-01
-9.180492198544236704e-01
-1.337754466666777775e+00
-4.314246406887349283e-01
-9.562997885855788471e-01
-1.130115653503117157e+00
-9.703161089564781294e-01
-7.915872525797492676e-01
-7.954499523220928126e-01
-1.418023862349608200e+00
-8.842597801667287927e-01
-9.514882692077302195e-01
-1.931159241916024394e+00
-1.149235997016579081e+00
-1.197273348672154514e+00
-7.716231253147679547e-01
-1.053593121445205893e+00
-7.940377105892715281e-01
-1.023929360379433939e+00
-1.369792992805858312e+00
-1.598778492857338529e+00
-7.388483608856755147e-01
-1.220311124102849698e+00
-1.661144338285217348e+00
-8.597531675537207763e-01
-8.267275670683525979e-01
-7.576601057109327853e-01
-7.559092068331842995e-01
-9.907261067727592962e-01
-1.055032084469015752e+00
-1.722985332736677311e+00
-8.918933039905451166e-01
-1.092522542254583007e+00
-1.168204779218920741e+00
-8.077500542737395817e-01
-1.154879550922267795e+00
-1.072443620654482510e+00
-9.850041439729073645e-01
-6.671309804084342154e-01
-1.025687258299367688e+00
-1.005095834378002095e+00
-7.155472407982849115e-01
-7.016459512840461654e-01
-1.145292674007263756e+00
-1.277254742888489503e+00
-6.819291659611639300e-01
-9.564874915047233417e-01
-6.881580219716880720e-01
-1.469120684021422596e+00
-5.708954399164573035e-01
-8.817403639428103013e-01
-1.083595077240664395e+00
-1.133745910713274574e+00
-1.096572113435707374e+00
-9.770099280237654060e-01
-7.711146078563609896e-01
-1.762819637865814748e+00
-1.166647532755234584e+00
-9.454190120233316730e-01
-1.024398074858252627e+00
-6.339181458799939550e-01
