-2.359932605868754862e+01
-1.752996176261295957e+01
-3.686861752360676547e+01
-2.962565480946503271e+01
-3.869022797787015833e+01
-5.316058169849972614e+01
-4.553765940982962945e+01
-3.669250205356681249e+01
-2.522955506615472387e+01
-2.329236924010335841e+01
-2.581076095127032133e+01
-2.342255451360820118e+01
-3.952337038214069764e+01
-3.610171529269791080e+01
-1.798767991614556649e+01
-2.021691536602589778e+01
-2.230626771444190126e+01
-1.746983215767827602e+01
-2.763873188133619507e+01
-3.481124986246054220e+01
-4.239020140340759468e+01
-4.643875531973957749e+01
-4.643969910574557503e+01
-4.519062828479107452e+01
-4.015878264343233184e+01
-4.567801379096675163e+01
-4.312406674990090494e+01
-4.282480373193470768e+01
-3.739480920262706576e+01
-4.890412370465534764e+01
-3.974054352091521025e+01
-4.698154725192723191e+01
-2.509448470742548309e+01
-3.309779521984815176e+01
-2.333502308088846178e+01
-2.712061681247444511e+01
-4.106977150668319254e+00
-1.379676787908394076e+01
-2.061854979504323282e+01
-1.819474155866177156e+01
-1.064477217592644109e+01
-5.992208964446283481e+00
-2.909907067167325057e+00
-1.851780170583457164e+01
-3.419174083441785861e+00
-3.476894014168334657e+00
-1.648981969376589518e+01
-7.312952062591395297e+00
-7.116886200505498472e+00
-2.092087065078413133e+01
-9.499729407735985731e+00
-2.047130379834418701e+00
-4.063593135995771988e+00
-2.118485271115193580e+00
-1.963560117519626047e+01
-1.799212226124063951e+00
-1.806027692244681404e+01
-4.133134734561247470e+00
-6.897090070713066901e+00
-9.196936975517127522e+00
-2.177000206102543078e+00
-1.907955698520282795e+01
-1.643168063455763672e+01
-1.711394116213050154e+01
-1.504060027541626177e+01
-8.309112551961391091e+00
-1.873250157291872142e+01
-1.854193072363064942e+01
-1.922662439070188611e+01
-2.201388386478651782e+01
-2.020084763284902962e+01
-3.430389069334240038e+00
-3.483164077336037057e+00
-1.121749025264545629e+01
-7.986635863437405725e+00
-3.319432862323473898e+00
-5.141077119526639372e+00
-3.097682733165703972e+00
-3.535549865175982465e+00
-4.241540145487430635e+00
-1.286266076046346818e+01
-3.943401024134741473e+00
-4.552993392750732227e+00
-2.779970507809254254e+00
-3.381575103040890706e+00
-7.451104069587848322e+00
-2.764607867935146679e+00
-4.146908697410878197e+00
-2.319441995017072156e+00
-3.441712312454860534e+00
-2.601890218610628747e+00
-2.337341890538895406e+00
-3.544625288162299714e+00
-2.722280176579451538e+00
-3.939891957263457201e+00
-3.022734729452415614e+00
-3.244660630759537590e+00
-1.804870060558191769e+00
-4.377593727001250379e+00
-2.695859854843685621e+00
-1.797234091008327539e+01
-3.881742790588178060e+00
-1.813438987953089310e+01
-4.036040480346304804e+00
-6.341838172455050326e+00
-3.053554415340504313e+00
-2.416291837812861498e+00
-3.055215912546880741e+00
-3.056787561783985918e+00
-5.639258885291038581e+00
-1.660681073511930350e+01
-3.030584807447573414e+00
-1.979533589689279438e+01
-2.034512696868687343e+01
-1.825044850910610350e+01
-6.873127866201738989e+00
-2.448625995067387429e+00
-3.699644465060005327e+00
-5.634973357926883253e+00
-2.976340995223060393e+00
-3.467833416797799995e+00
-2.156790949354205367e+01
-5.054347773533830690e+00
-3.378910551159237663e+00
-1.533224111583608362e+01
-1.165879730829565730e+01
-1.979376845569035126e+01
-4.190249928073278340e+00
-1.613606960845838501e+01
-3.224815897689369049e+00
-3.835665578724053226e+00
-2.682735888437894012e+00
-1.461126324367420892e+01
-3.320254636932798320e+00
-1.777881692608040254e+01
-3.062232531340447039e+00
-2.958191304911823138e+00
-2.511058466378638165e+00
-2.846348645049065595e+00
-3.034509896778108118e+00
-3.965065060918004036e+00
-3.187233073947710604e+00
-3.546876932231190604e+00
-3.597944108384191431e+00
-3.142500422002636018e+00
-1.455299302468091405e+01
-1.642648669979696763e+01
-3.844851708604639651e+00
-3.241401401463306797e+00
-1.900865045561463162e+01
-2.668499102479466423e+00
-2.830237517695966432e+01
-3.023250378135356442e+01
-2.974222840013943170e+01
-2.825073514218743753e+01
-3.143723891367033474e+01
-3.343118112614097015e+01
-3.593912512560775241e+01
-3.263812678688678659e+01
-2.761379189838254433e+01
-2.891457537370555997e+01
-2.450177934073426300e+01
-3.454066732180380939e+01
-2.537813310014685797e+01
-2.787787267030713423e+01
-2.733204301067312514e+01
-2.508604626869113474e+01
-3.205711065683381378e+01
-2.097041884089284025e+01
-2.853332841501114814e+01
-2.948597103148964393e+01
-2.731577194861662150e+01
-3.098385615186501596e+01
-2.238270212329881304e+01
-2.768146694409447051e+01
-2.108704739171694698e+01
-2.267906520034905782e+01
-7.392157411843362169e+00
-2.715464851652803446e+01
-2.283800110451110754e+01
-2.451783857490113050e+01
-2.568859139784256129e+01
-1.782679051095907852e+01
-2.036810214821920084e+01
-1.819622330240941821e+01
-2.228138428176479735e+01
-2.058703441118238331e+01
-2.005505355006123125e+01
-2.182755574106629837e+01
-1.990044555390901593e+01
-1.983336063786071435e+01
-1.910572481196650330e+01
-2.028927699899817227e+01
-2.000353430763335538e+01
-6.387956600763466497e+00
-3.006012770166881509e+00
-1.898635783822162537e+01
-5.507063179871309444e+00
-1.560239092330856536e+01
-2.523159807935550614e+00
-3.534795372323938256e+00
-9.089672038478386895e+00
-1.812360443229514928e+01
-1.403550821474021548e+00
-1.838356023248153548e+01
-3.253571969569794220e+00
-1.943978572611718647e+01
-1.816857776379401157e+00
-2.374290220061797463e+00
-3.399624952138897260e+00
-3.340845457430798859e+00
-1.139458023050710622e+01
-3.681927425583954694e+00
-8.430907315312994754e+00
-1.342505997433921294e+01
-1.740819977321861245e+01
-1.992480095203035262e+01
-2.379981359579055322e+01
-2.455907927760155118e+01
-2.350456552040123626e+01
-2.284654304545549763e+01
-2.104353434577432225e+01
-1.261355354239064219e+01
-3.548700666396335635e+00
-4.116822747013854311e+00
-8.661558523505036078e+00
-1.598918622270273282e+01
-1.560029819713323818e+01
-1.854611123864507860e+01
-1.882120898836621237e+01
-1.584819086145156142e+01
-1.822659716711124389e+01
-3.838308005503614506e+00
-1.784984334149689289e+01
-1.910912361066853293e+01
-2.756993577580332655e+01
-3.250186107409509617e+01
-3.314505831388903090e+01
-3.587595581338843687e+01
-3.468951199270769337e+01
-3.253540410524161075e+01
-3.232263319813489488e+01
-2.903416355025043671e+01
-3.395236296197009551e+01
-2.815263276419413074e+01
-2.789967865507105316e+01
-3.290278566672233751e+01
-3.207102960978892980e+01
-1.476027945221727045e+01
-2.414955296281884500e+01
-3.051466988077080345e+01
-2.781659478260874607e+01
-2.676018447197806793e+01
-3.305648989333050025e+01
-3.103236110737740105e+01
-2.658622152925518733e+01
-2.703792266155060986e+01
-2.836423995369923645e+01
-2.092189283852654924e+01
-1.617026391808731489e+01
-1.791881635937859940e+01
-1.802627188120167645e+01
-3.877087254551867979e+00
-1.822120366290061355e+01
-2.710383551095001842e+00
-3.216859172307385606e+00
-1.804499335320511655e+00
-5.281637972705579998e+00
-2.634409427058458153e+00
-2.554997313496020883e+00
-2.231655365974590577e+00
-3.379319851148023801e+00
-7.198504783091325798e+00
-6.588250214310152231e+00
-3.190473183620212705e+00
-2.520008315162325818e+00
-2.951016211278006285e+00
-3.005516454641245616e+00
-2.161260341201518553e+00
-2.119756930898439418e+00
-1.808103487599736381e+00
-2.945121974104581763e+00
-1.043769444192505880e+01
-2.837455035624942834e+00
-1.998811046163692984e+00
-2.298858964851922426e+00
-3.388494215329935777e+00
-1.871126362615885608e+00
-3.688605662033627386e+00
-2.911005454478492904e+00
-2.011028952094535249e+00
-2.691679333332827717e+00
-2.531895492751653265e+00
-1.082791088707403482e+00
-2.659238874168070588e+00
-4.141669286280204254e+00
-1.761879910405170335e+01
-2.847203257995284620e+00
-2.525874488989981792e+00
-2.754608546402295577e+00
-4.177920809529030777e+00
-3.135707500144010673e+00
-1.507553255472688258e+00
-1.147981096106817533e+00
-2.096543784941920840e+00
-2.643270543612895374e+00
-2.413098719313329088e+00
-2.058926701275047844e+00
-4.057734953878842532e+00
-1.382356834630557696e+00
-1.460752510632561396e+00
-8.685457257973567824e-01
-2.500720253164050888e+00
-3.179327255987362211e+00
-2.471980865277402462e+00
-2.827109771549956907e+00
-1.098929723029399286e+00
-2.716823834389908932e+00
-1.671936670711442829e+01
-1.714228985166911912e+01
-2.086490371101283614e+01
-2.111038489488433711e+01
-1.442325417416827271e+01
-3.614206933439743974e+00
-2.715828376202926275e+00
-1.780247446954061896e+00
-1.764632556425174315e+01
-7.173523105428015967e+00
-1.833025421423658941e+01
-1.921623973518976314e+01
-1.135989934395435697e+01
-1.504744318451447960e+00
-2.823617952625384397e+00
-1.970486470043085969e+00
-1.437674238249625036e+00
-8.508370708747396094e+00
-2.205624846844234099e+01
-1.931307777156628802e+01
-1.982792251713052067e+01
-2.022575024993719595e+01
-3.222122803487074361e+00
-2.205922769211394296e+00
-7.711627658390424855e+00
-5.732062990508564049e+00
-2.468232031918053515e+00
-3.255672734002802216e+00
-2.094933118795770266e+00
-3.271223736142484295e+00
-1.982617618272153770e+00
-2.504080600168245407e+00
-1.841596178312088439e+00
-1.381999043895082879e+00
-2.472484905316340242e+00
-3.246185331041715472e+00
-2.154772260689426844e+00
-1.304651878853520186e+00
-2.083947464514295245e+00
-1.493414922651129073e+00
-2.826285816895384162e+00
-1.992057975013496129e+00
-3.436534685793069421e+00
-1.832611906459395090e+00
-2.478642764103070828e+00
-2.417735349687178292e+00
-1.521937902878864879e+00
-1.407300888765155689e+00
-2.332329933002107669e+00
-2.017465745553696177e+00
-1.907430704328320736e+00
-1.951660692392891416e+00
-1.440253412115825471e+00
-1.351905390341103352e+00
-1.601567209027965566e+00
-2.267440486284056700e+00
-1.940192842475513491e+00
-1.409843835961778868e+00
-2.574182508696964078e+00
-1.150049781921473890e+00
-1.393728900580262664e+00
-1.785747830267077729e+00
-2.837507689287732671e+00
-2.081801094318869616e+00
-3.004200673270319033e+00
-1.909763756829097048e+00
-3.042142950122399991e+00
-2.230254915025757345e+00
-1.178906794935780100e+00
-2.115045656484281000e+00
-1.821417114590216269e+00
-2.691780649272556225e+00
-2.021717465415540094e+00
-1.106840062784900436e+00
-1.148933506096745161e+00
-1.697406463066023941e+00
-2.171772587160474721e+00
-2.408656958661861580e+00
-1.322585588214532759e+00
-2.941196755002558394e+00
-2.652229106520584079e+00
-2.292210532996540984e+00
-1.856009115534873466e+00
-1.623291580998177164e+00
-1.599573657041899688e+00
-4.282077390224468871e+00
-2.358202824904333639e+00
-2.439316101833000516e+00
-2.644285019054977148e+00
-2.259405124886148641e+00
-1.874923135816218833e+00
-1.464753461911679322e+00
-1.999150384326117802e+00
-1.486460658388793155e+00
-3.196898193429448032e+00
-1.871386792163755919e+00
-2.906268561821880425e+00
-2.814497128104191059e+00
-1.759171581640031290e+00
-1.173871281835405789e+00
-1.613756071027726557e+00
-1.588650996231295132e+00
-2.016873128833138740e+00
-2.454160433789488671e+00
-1.694050869608625831e+00
-2.411069660684173055e+00
-1.674491471863188252e+00
-1.836182181873767139e+00
-1.941854814841306398e+00
-1.850106726693858450e+00
-2.368019912733940302e+00
-3.029292165812798032e+00
-1.540288006963506540e+00
-1.834735547098127029e+01
-1.848575321866234233e+01
-1.504534200544865108e+01
-6.823218493299386900e+00
-1.844455598041778188e+01
-8.757093286852573044e+00
-1.115250925490040679e+00
-4.040383146472427356e+00
-2.788482641339780077e+00
-4.983758269820107500e+00
-3.722053810041770383e+00
-1.701833579916308015e+00
-1.534379551496516392e+00
-1.597010274093457749e+00
-2.007134540664832212e+00
-1.614811748797021940e+00
-1.389222648479893962e+00
-1.934075965952292808e+00
-2.239337309002888077e+00
-2.462136920140728158e+00
-1.686303967199534792e+00
-2.034722664948978021e+00
-2.993781672887572132e+00
-1.491263901266615122e+00
-2.452568712858333111e+00
-2.215474353114836426e+00
-1.907348942880449316e+00
-3.144466370949744238e+00
-1.423910402427852606e+00
-2.428749841608921933e+00
-2.742889787873127538e+00
-2.033197667434053724e+00
-7.565413661509046150e+00
-2.206026734253399901e+00
-1.722266978931830783e+00
-1.790425134718949707e+00
-2.012064823896859700e+00
-1.526059589380702963e+00
-2.124459654036087386e+00
-2.716361739579065127e+00
-1.953787393814807372e+00
-2.743029099610147181e+00
-2.349947173190619854e+00
-1.672750723183499932e+00
-3.212622599487058306e+00
-1.603159919187367999e+00
-1.744581274981494179e+00
-2.172996295204217887e+00
-1.309722959967444034e+00
-1.624604779547294209e+00
-1.308080485748742916e+00
-2.053202110727338603e+00
-2.135047280514797752e+00
-2.083546132261786088e+00
-1.406549130289440397e+00
-1.645017843202940977e+00
-2.038411388380655609e+00
-1.696114836720158614e+00
-1.965014275839197300e+00
-1.054168107972590196e+00
-3.380868200316169414e+00
-1.213709585827532633e+00
-1.614781432682335316e+00
-1.714038781646926912e+00
-1.558809426758422934e+00
-1.010651584472960440e+00
-1.239354756648832545e+00
-3.076945075233359805e+00
-1.646079015329475981e+00
-2.968540319921766812e+00
-2.282383786843715345e+00
-1.126398027420069248e+01
-5.312193165319131438e+00
-1.461756235304155283e+01
-5.317479334083777154e+00
-4.017686068158426771e+00
-3.040452321854908657e+00
-2.013897770179557511e+00
-1.087465165862478322e+01
-3.940996003470083942e+00
-5.667086706498279725e+00
-2.423047473560301146e+00
-3.102356685128294878e+00
-2.893058699467758288e+00
-9.559117219640397067e+00
-4.067440219395386691e+00
-8.837877432047427817e+00
-1.816040933702055327e+01
-1.939874323597639716e+01
-1.011255898120954555e+01
-2.758306620864440450e+00
-7.827881502540479097e+00
-1.985982457043963123e+01
-1.840587174328432951e+01
-1.891405425826096476e+01
-1.088276595247985945e+01
-2.782748282289522201e+00
-1.562575278647665877e+00
-2.223250511049985612e+00
-2.501191934823254304e+00
-1.705075573647597986e+00
-2.684139410842891316e+00
-2.310007414263179015e+00
-1.414999516740502283e+00
-1.612127620657797022e+00
-2.463052418780586006e+00
-2.342761312231984139e+00
-1.940529720211961129e+00
-1.543137283963222695e+00
-1.817247611044992439e+00
-2.328873320688854331e+00
-1.675178998073692638e+00
-2.794302919937454277e+00
-2.133181485358166096e+00
-1.987534039650930229e+00
-2.465416126815019648e+00
-1.896689090096512542e+00
-2.127994942563856906e+00
-1.891494596704482056e+00
-2.006474314966591788e+00
-1.713477538647112830e+00
-1.498621329960552639e+00
-1.967395066632545486e+00
-1.156677760597936144e+00
-1.853695122583504551e+00
-2.513138237508835804e+00
-2.169184069480597277e+00
-1.829151718046603259e+00
-1.641263109588451785e+00
-1.639053848380567890e+00
-1.710183128032275901e+00
-1.529620793796165668e+00
-1.529450046428289856e+00
-1.419328974046852432e+00
-1.053673317185258806e+00
-1.209108255110496799e+00
-1.628147707351765394e+00
-1.089436603495172129e+00
-1.058507436379255484e+00
-1.502453807463427493e+00
-1.479714670644928010e+00
-1.510675485971366916e+00
-2.122374123565372361e+00
-1.657013664008856413e+00
-1.982875989262911087e+00
-1.820190089573413994e+00
-2.157491608312525511e+00
-2.177660053213018809e+00
-2.409408388431018899e+00
-2.240738580754343623e+00
-2.095693112450287110e+00
-1.443620046525778022e+00
-2.216222086405498004e+00
-8.805537909747223058e-01
-1.733079702078316853e+00
-1.873579876104302100e+00
-1.589931524341899660e+00
-2.204392431057955459e+00
-2.300119816907610026e+00
-1.185025562763339479e+00
-1.384723033178167029e+00
-2.143446582868404615e+00
-1.756819253349405807e+00
-2.050625564268058643e+00
-1.231279694644777933e+00
-1.577584453395040276e+00
-3.060989981645123148e+00
-1.725254784833996746e+00
-1.366403590349530850e+00
-1.747589014516901296e+00
-3.281633015068276649e+00
-3.923895706945314643e+00
-4.115655488941336593e+00
-2.748302687932461463e+00
-1.915550180040003214e+00
-3.457791881555488889e+00
-1.750297328159416965e+00
-1.567325576400474985e+00
-1.775028916562762404e+00
-1.626027167820740305e+00
-2.261537101072570888e+00
-2.349197419501354300e+00
-1.701165888987871355e+00
-1.593726738307191582e+00
-1.853424901670701841e+00
-1.394193949751649342e+00
-2.565425417017139331e+00
-1.660658936197259461e+00
-1.769726196934806373e+00
-2.496704392864963928e+00
-1.978705434449512524e+00
-3.052163191033727685e+00
-1.646427629693046901e+00
-1.870817752870582273e+00
-2.050860085347583794e+00
-1.188573417232204665e+00
-1.643901139510099529e+00
-1.986795290206836206e+00
-1.910503153331827075e+00
-2.088097871113249848e+00
-3.025385611873208092e+00
-1.265806060146517087e+00
-2.432788503587460571e+00
-1.998597790493832793e+00
-6.668032008293125479e-01
-1.291550131444652028e+00
-1.629946186172085421e+00
-1.302742697533296301e+00
-1.487958432371606854e+00
-1.684465674972161597e+00
-1.763427256589504388e+00
-2.805213345584565143e+00
-1.421522582892412956e+00
-2.511810706798198733e+00
-2.087816374834432942e+00
-2.784447253713410397e+00
-1.968010104053623754e+00
-1.527195453322480967e+00
-1.925586868787902528e+00
-1.899004186438227659e+00
-2.704438285873207004e+00
-2.787800251246232541e+00
-2.261364223282164243e+00
-7.328973405294123999e+00
-3.085976249064773302e+00
-3.986633019995576621e+00
-4.367847269562923351e+00
-4.701493828046050538e+00
-3.591535686840249486e+00
-1.929546654808364892e+01
-2.272865043591465017e+00
-2.293345184083463550e+00
-1.633652555823340791e+00
-2.418141061995966901e+00
-1.788822923569702628e+00
-2.861299676094036126e+00
-1.484938531840036990e+00
-2.427532665366934683e+00
-9.161190698460256243e+00
-3.080752795718479486e+00
-2.260891009427794529e+00
-2.188771869927619296e+00
-2.643199144760499664e+00
-1.862216819045907190e+00
-2.105000689338734077e+00
-3.745634117957579168e+00
-3.866402109978579471e+00
-3.110074554390283019e+00
-3.892532638374748277e+00
-2.659056939528423591e+00
-1.842335495412352087e+00
-2.304396083265600303e+00
-2.323836288193523281e+00
-2.749705021222870638e+00
-3.364379537978861467e+00
-2.212424525374296902e+00
-2.989980726795801402e+00
-2.054908303219419086e+00
-2.514828999827630085e+00
-7.868546872530339797e+00
-1.434748872013419163e+00
-1.623066087400941271e+00
-2.382149328767421359e+00
-1.489133600552656533e+00
-3.524140799421049852e+00
-2.562196891278429423e+00
-2.110737999120927633e+00
-2.358948890878643123e+00
-2.641755754059931682e+00
-3.186494951999878644e+00
-2.156062733445839541e+00
-2.057790514843893526e+00
-2.849237776835183755e+00
-2.343487449827836855e+00
-1.967066580992391511e+00
-1.900613416843583314e+00
-1.827600699499272618e+00
-2.329297155261175423e+00
-2.245766518985252258e+00
-1.373315881806130179e+00
-1.813464386713565357e+00
-1.992542890738325134e+00
-2.825447280851990151e+00
-2.399894033213290978e+00
-1.771668174915957961e+00
-2.785094514797561427e+00
-1.659798653570460969e+00
-2.022594802150853077e+00
-1.080565102180468973e+00
-2.632216874475022728e+00
-2.435196964895180116e+00
-1.726017789908668165e+00
-1.522465510297865254e+00
-2.467179602765105617e+00
-2.632184395711280711e+00
-1.541785764566897976e+00
-3.197789199325469234e+00
-1.960506039470045536e+00
-1.315841848114301493e+00
-2.037798095062597792e+00
-2.575643351926814706e+00
-2.035937364872651756e+00
-2.097400696797113717e+00
-1.373229045164018114e+00
-2.383592480389680635e+00
-1.291232920001602391e+00
-9.251558780731063969e-01
-1.766467740892148530e+00
-1.635943593297824350e+00
-1.311831136858748525e+00
-1.558689299810587681e+00
-2.514325100541321856e+00
-2.039889696546140829e+00
-1.421254080839970513e+00
-1.683664019121144406e+01
-1.847570553297131379e+00
-1.534139997061573002e+00
-1.319777421677281515e+00
-1.830279552364414197e+00
-1.792754720077460506e+00
-3.002648002047671572e+00
-1.717205532413674351e+00
-2.157967673646060902e+00
-3.339078531912243797e+00
-2.078378853917732361e+00
-1.715928458186064764e+00
-1.794008082082928279e+00
-1.866857746486885405e+00
-1.154891803655873073e+00
-2.709052246051161905e+00
-1.875358372622008218e+00
-2.088177414220445893e+00
-1.886351315075894153e+00
-2.798523327899014923e+00
-1.882922192131177397e+00
-1.083984112389099197e+00
-3.345717779748145215e+00
-1.578793523045063152e+00
-3.446545602275098652e+00
-4.270164409882844403e+00
-3.655713250422193195e+00
-3.135228763758732828e+00
-1.084703449801683028e+01
-3.454385762999720999e+00
-2.033631148550094636e+00
-2.497798796707517255e+00
-9.059082707081657304e+00
-2.003838367834503753e+00
-2.120815565145230952e+00
-2.331027228157355413e+00
-2.077602242221186390e+00
-3.228316633830819349e+00
-3.483295084469873348e+00
-3.054714557419275778e+00
-3.175247706059857844e+00
-3.085574765433038547e+00
-2.310276759275302627e+00
-2.180155620906139013e+00
-3.019358784079395175e+00
-2.107483474918060651e+00
-2.116211060784920939e+00
-2.100665443873820593e+00
-1.633141622681675731e+00
-3.080534770413296819e+00
-2.230376370418075016e+00
-2.439786614520368602e+00
-1.369916644516372850e+00
-2.196049329727920441e+00
-2.487116802118317871e+00
-1.957026975665285384e+00
-1.744815613347836303e+00
-1.986627416862684736e+00
-1.120703441602161954e+00
-2.523408695743735386e+00
-2.163934802044540806e+00
-1.465263622542395172e+00
-1.330021085988446039e+00
-1.524830291390770975e+00
-1.766355933941326395e+00
-1.766530360339950256e+00
-2.069621914474521596e+00
-2.611335673132360924e+00
-1.683048883384378192e+00
-2.568119735643803470e+00
-2.471115574742764665e+00
-1.049366305224815221e+00
-2.043639243967421137e+00
-1.101838830591954554e+01
-3.024374352474593408e+00
-3.751456924986767305e+00
-3.144314464883203541e+00
-2.223391681251274843e+00
-2.739933239824948519e+00
-2.151842299458957886e+00
-2.119932841667516055e+00
-1.855223966360670218e+00
-1.966877169350353061e+00
-3.209423655267062081e+00
-1.243328573273527526e+00
-1.812970311684508173e+00
-1.516336149128940214e+00
-1.680616378405507927e+00
-1.137293744839773080e+00
-1.365262434187319851e+00
-2.271589474865245872e+00
-1.189216447874316351e+00
-1.166846760909433289e+00
-1.283117658608275757e+00
-1.399223630982869393e+00
-2.638886988418980728e+00
-1.214239995742419032e+00
-1.426788582878113054e+00
-1.968552442732406815e+00
-1.427513164468695805e+00
-3.236658687199107209e+00
-1.861416958183953030e+00
-1.996199219641395128e+00
-1.808760467265541960e+00
-1.455226525720235697e+00
-2.519646005341806827e+00
-1.327396542089016140e+00
-1.481711289367828144e+00
-2.147331306107756799e+00
-1.524595190141416978e+00
-1.691892495986475620e+00
-2.841443279357329654e+00
-1.842491730233515312e+00
-3.068182400591051628e+00
-2.209449632675349662e+00
-1.422819920930971094e+00
-2.078494130595359479e+00
-3.846305182814982793e+00
-3.351891514059892607e+00
-3.312615064887901362e+00
-3.627046509019684617e+00
-2.808729587374331871e+00
-2.870778989800762737e+00
-2.700043423126646136e+00
-1.395095270470324333e+00
-1.678636597893908844e+00
-1.148200031196531468e+00
-2.328005268566288866e+00
-2.420034440104586348e+00
-1.213608379495310974e+00
-1.666656980607433836e+00
-1.455574939841054904e+00
-1.760210625958028130e+00
-2.563208873603427307e+00
-2.212947392158571169e+00
-2.160237124008803189e+00
-2.501005001666416483e+00
-2.711107231728828726e+00
-2.959744933351418528e+00
-1.205119125488001153e+00
-1.719381658523768674e+00
-9.437153257163770625e-01
-1.000626697603183457e+00
-1.308608405447726941e+00
-9.578809826046283948e-01
-1.693333869459359597e+00
-1.035837896876075304e+00
-1.596517298980280497e+00
-2.893728683148246272e+00
-1.417964954185868320e+00
-1.435820376493704087e+00
-2.011378261796427314e+00
-2.855642938479035831e+00
-3.498082577924311654e+00
-2.238016530015551453e+00
-3.128524941800156611e+00
-1.524265938527058939e+00
-2.949893494755214451e+00
-1.926731410286139035e+00
-2.409520226367846352e+00
-1.238153945575239945e+00
-1.500269148663789798e+00
-1.266997497443461018e+00
-1.177994791049653545e+00
-2.160758028617724591e+00
-2.516223038693486735e+00
-2.145476008755359487e+00
-1.403761566487320644e+00
-1.826295439459894698e+00
-1.986707641355487164e+00
-2.103279544045391525e+00
-2.362850937769469972e+00
-1.962724748778625461e+00
-2.001827538139096418e+00
-3.531527153752040071e+00
-1.489311978956204596e+00
-3.462762885721633932e+00
-6.038411837278046868e+00
-1.797836395549179755e+01
-6.131403832021803169e+00
-1.733292460814818980e+01
-1.827594733519932646e+01
-7.516792134174166584e+00
-1.819203301627328173e+01
-3.942874523064647807e+00
-2.198408067153400758e+00
-3.781214283106848928e+00
-7.366685351014583993e+00
-4.321140587784222831e+00
-3.752045293029203421e+00
-4.425429161131344102e+00
-2.480595262171558346e+00
-1.627866581765073484e+00
-1.897049553389021481e+00
-2.101232856018484974e+00
-1.906338434107860413e+00
-1.672650429602474897e+00
-9.226869680767617155e+00
-2.182862478774058701e+00
-2.311756536705872556e+00
-2.275780822736219289e+00
-2.655047926135341019e+00
-1.994556934958732208e+00
-8.046280885339113231e-01
-2.175276422004109200e+00
-1.139131563585461526e+00
-1.292878148869399890e+00
-1.142025230825022497e+00
-1.454196031275378553e+00
-1.894680429094003138e+00
-1.333948525212283798e+00
-1.656694997539581493e+00
-2.088288753392927521e+00
-2.001799671449740359e+00
-1.452329072080344119e+00
-1.400353622071053739e+00
-1.295640806081889140e+00
-1.855027991815542343e+00
-2.806323002454987670e+00
-1.510174787103734761e+00
-2.414462307124634943e+00
-2.353101671203523093e+00
-1.202612520037045885e+00
-2.200816397124427670e+00
-1.432077610634731712e+00
-2.050353858840292975e+00
-1.711800444853890379e+00
-1.735381112725057351e+00
-1.217930382641316145e+00
-1.586922143610839608e+00
-1.504809607629779666e+00
-2.508577627829963852e+00
-2.258648701585087792e+00
-1.556911502757705845e+00
-1.803841292141348696e+00
-4.038781651182258514e+00
-1.754302943254805180e+00
-1.746139810549358851e+00
-1.793727532194782315e+00
-2.100121489548706144e+00
-1.523634471483308328e+00
-2.124916882389081163e+00
-2.036669366977343465e+00
-2.196867478484087588e+00
-8.440621340332298272e-01
-1.685384933327850332e+00
-1.422158824772480790e+00
-1.817245864186951332e+00
-1.451992889144042564e+00
-2.284935433380374636e+00
-1.529899756101313235e+00
-1.855496625766859253e+00
-2.001172467254410225e+00
-1.786024361888691292e+00
-1.698626701020212071e+00
-1.802718222230051959e+00
-3.956377809559828762e+00
-1.850339266801913407e+00
-1.826913735776065861e+00
-2.050885908225107634e+00
-2.116663191543101341e+00
-1.457861199494810966e+00
-2.667199911694007941e+00
-1.866796545805316843e+00
-1.956515672786419913e+00
-1.634764788410248748e+00
-8.235236486260120614e+00
-1.464676782459827020e+00
-3.209833884675232785e+00
-1.609366674444175915e+00
-1.475352862455212355e+00
-2.020287441900302294e+00
-1.597017035151872655e+00
-6.849996318975869469e-01
-1.386224842783176703e+00
-1.504033921827175657e+00
-1.343768336572455535e+00
-1.578779190896120399e+00
-1.286431876158599774e+00
-1.819815810112572763e+00
-9.073837763931233980e-01
-1.724534346967897758e+00
-2.345251229896139655e+00
-3.808265023227276558e+00
-1.048498358653066287e+00
-1.187252012261947209e+00
-2.114541261411840178e+00
-1.642526686572230110e+00
-9.053000038272443817e+00
-3.159425010327956418e+00
-1.315271961336156759e+00
-1.367912539048287135e+00
-2.140549981522796852e+00
-2.534321833610333030e+00
-1.541255354434311053e+00
-2.320617298595577971e+00
-1.452626160862172888e+00
-1.378410880363536428e+00
-2.239267354076909911e+00
-1.522620614679229156e+00
-3.156859756112925464e+00
-1.568606068196524372e+00
-1.674874843216955567e+00
-3.563171973094760414e+00
-1.014045534328686049e+00
-2.011494584347992109e+00
-1.237219040929160130e+00
-2.063670853861582000e+00
-1.492011964757604447e+00
-1.651897071208107137e+00
-1.302100414965937869e+00
-2.557795730074100327e+00
-2.238796804634909154e+00
-1.598249663833208878e+00
-1.668390715455392526e+00
-2.051903953319674567e+00
-1.179006506301936597e+00
-1.881419793229510251e+00
-1.311803008457748110e+00
-1.452937683104871258e+00
-1.964573620025932499e+00
-1.353624448453745188e+00
-3.132126198828254715e+00
-1.362626236100141108e+00
-1.330745306966264474e+00
-1.594210551021248312e+00
-8.854669084988803229e-01
-1.529782821684746219e+00
-3.591912137042506004e+00
-3.288155127445341996e+00
-1.522410186524789877e+00
-1.354916983293585009e+00
-8.769385334919788111e-01
-9.343173176397844282e-01
-1.300134105897282844e+00
-1.581008654000755520e+00
-8.365742796173825102e-01
-1.054253914483677779e+00
-1.136793183987434341e+00
-1.010134553651291123e+00
-9.543977788430043629e-01
-1.067303794167386854e+00
-2.188564519682432152e+00
-1.632931440939521028e+00
-2.888321792316970171e+00
-1.640554902980512653e+00
-1.208137872324903217e+00
-2.453492246910789376e+00
-9.448670256232926112e-01
-1.064084512121258763e+00
-1.819059838937028495e+00
-1.175665277165531597e+00
-9.192269688056049493e-01
-9.023888075727748426e-01
-1.651015429205448193e+00
-1.088108656467993374e+00
-8.210930536021608939e-01
-1.315275328238180830e+00
-4.383217678049576627e+00
-1.859144361934687906e+00
-9.460582829147068384e-01
-1.289531316463959465e+00
-2.023197649509255847e+00
-1.230554218628546748e+00
-1.705274266999490917e+00
-1.254419820810895203e+00
-2.220239375556742445e+00
-2.473805237584041805e+00
-2.150230959270650111e+00
-1.542725782283694613e+00
-9.516154799426551625e-01
-1.061057445606726324e+00
-8.601839514952418497e-01
-1.244835096588806866e+00
-1.444222114939518464e+00
-2.837491480732429849e+00
-1.524054752634472898e+01
-1.985554953849623416e+01
-1.900245538329037132e+01
-1.950727727401958589e+01
-2.157197754332763395e+01
-9.793842546063739718e+00
-1.775086545041007824e+01
-2.233972633783329087e+01
-1.730869110368055530e+01
-4.206599999702929082e+00
-2.297129016093892417e+00
-2.650155111295311450e+00
-2.475652574135887019e+00
-2.959923054940435616e+00
-1.865372401334431984e+01
-1.581919904961334611e+00
-6.087014968228944944e+00
-2.962891246837889181e+00
-1.712668172646432341e+00
-1.753190891592278255e+00
-1.322621230339064091e+00
-2.517356875188069054e+00
-2.206180063179300710e+00
-2.433146767498246099e+00
-1.925852614189349277e+00
-1.020629466569352939e+00
-7.154175612908294513e-01
-1.454932771506485256e+00
-1.501196001418615866e+00
-1.585273605716716938e+00
-2.075324250958540784e+00
-1.718731921198231483e+00
-1.542568967426397819e+00
-1.093903779127306741e+00
-1.765838809235478868e+00
-1.270251766709131980e+00
-2.486735311817510397e+00
-1.629010181097361176e+00
-8.502002319884186532e-01
-2.062032212415553012e+00
-1.072055558540065512e+00
-6.231571654384505665e-01
-1.424103299461789707e+00
-1.258019503289895979e+00
-1.156466829680264929e+00
-1.058317912659780591e+00
-1.120925714559056319e+00
-1.020661678566198383e+00
-1.134719487015428241e+00
-1.589500592871702978e+00
-7.923978578202086620e-01
-1.485887198962675626e+00
-9.462213937581562817e-01
-8.859731171088242041e-01
-7.410739815460685165e-01
-8.908333519552176227e-01
-9.061184554855200579e-01
-1.519497416969065373e+00
-1.245849756107129336e+00
-1.092668400600607992e+00
-1.947535965842989603e+00
-1.443121320703489419e+00
-1.038713261184221803e+00
-1.432351837746549394e+00
-1.357679202919928940e+00
-1.145373682870604037e+00
-1.195617182219876007e+00
-1.308474433156129768e+00
-9.867092881494613499e-01
-8.981243106013907518e-01
-8.911909701190513511e-01
-1.323689397093589237e+00
-1.648613052530748080e+00
-1.022503365289713306e+00
-1.129061480092040881e+00
-1.161957323290663702e+00
-1.106148786942714013e+00
-1.202973054191881053e+00
-9.193954185427769543e-01
-1.106408599055910047e+00
-1.199379119836469609e+00
-9.577732219404678782e-01
-9.932681205994420282e-01
-7.775381476494402921e-01
-1.010913113566927368e+00
-2.012855607817586989e+00
-1.000103049471387173e+00
-3.045236080510845156e+00
-1.134546243334026983e+00
-1.707481114923902199e+00
-1.770976182263158449e+00
-1.058750219457567976e+00
-9.798750157579090292e-01
-1.240517464501580625e+00
-1.307820545921117628e+00
-1.289531232505219283e+00
-1.088585539911127498e+00
-8.307121337272594941e-01
-1.389852153581557115e+00
-1.428839178134332588e+00
-1.292801955529173208e+00
-1.634584478345438852e+00
-1.130318867858885579e+00
-1.267101435901119899e+00
-9.582729024093735726e-01
-1.025733885448096183e+00
-1.023399149199215374e+00
-7.641291136004102480e-01
-9.072187809757977783e-01
-8.828620091398097225e-01
-1.659557282521369803e+00
-1.128243656927272021e+00
-8.911505662509600079e-01
-1.990683023126923024e+00
-1.207574438532970307e+00
-1.081827398725044187e+00
-9.093854984881901693e-01
-1.364114325229992541e+00
-8.981400743574363688e-01
-6.981401612443669524e-01
-7.462780724945486943e-01
-1.217181314941501169e+00
-1.047890455130360055e+00
-1.379321820019650424e+00
-7.945947823225595341e-01
-9.169808740360674282e-01
-8.210711452865334659e-01
-9.623611155291571517e-01
-6.485269807444524748e-01
-1.163796497960818410e+00
-9.422141977144641301e-01
-1.388281384570684507e+00
-1.959110414608653317e+00
-1.593521180254808156e+00
-1.101894813428550668e+00
-1.040014647509153178e+00
-8.379340980313897402e-01
-1.352939932045757132e+00
-1.984854904620523497e+00
-1.505856887240978326e+00
-1.845945217166454322e+00
-1.863930926417825429e+00
-8.947644017142130091e-01
-7.117238748969474393e-01
-1.050576436521249324e+00
-1.030760780560820322e+00
-1.108107149795784174e+00
-9.580685202102553477e-01
-1.739661949685812115e+00
-2.553535374690682591e+00
-8.065079179581499114e-01
-1.634616432391658769e+00
-1.163108527243647883e+00
-1.467986616114407949e+00
-1.613826925067039175e+00
-3.256491054138701546e+00
-9.664571632224732145e-01
-1.125329490779159558e+00
-1.875613615286336078e+00
-1.199322558513402859e+00
-2.117317774131895369e+00
-2.160482063490086091e+00
-1.573860351291423543e+00
-1.174468339714656473e+00
-1.427687094923759448e+00
-1.161199891934106665e+00
-1.384435157420587315e+00
-9.614476588951014202e-01
-1.172015537335708180e+00
-9.592405902536258466e-01
-9.203431140813547184e-01
-1.512532189589770315e+00
-1.087312921267241439e+00
-1.142765892011294193e+00
-6.587590657370714364e-01
-1.040678053917234003e+00
-1.605344848302745264e+00
-1.438262125054174279e+00
-1.224178252629028352e+00
-1.407906149788049399e+00
-1.374857644549135394e+00
-1.414114291785493194e+00
-9.075733242756218733e-01
-7.603582371946400187e-01
-1.456784783229911451e+00
-2.019962961215013841e+00
-1.455726642098096990e+00
-8.594820984323927604e-01
-7.794808777938201372e-01
-2.112129489381934899e+00
-1.389010909684643469e+00
-1.374108960489227149e+00
-6.774645778803268792e-01
-1.001765809580948741e+00
-1.267793251551043943e+00
-1.101247817420766495e+00
-2.150335687179355304e+00
-1.553435273877721956e+00
-8.609446151650453904e-01
-2.409540818188220967e+00
-8.783515639755641313e-01
-1.625826786055355910e+00
-1.080511584408014869e+00
-7.204699426250774641e-01
-1.743521958234877767e+00
-7.021869177217754387e-01
-1.557406734331445719e+00
-1.577395771653840706e+00
-6.084202931756903521e-01
-1.782149064850119924e+00
-1.467437240580779401e+00
-2.120070827501396415e+00
-1.053676688013628571e+00
-1.052692230975434962e+00
-1.830656113887640712e+00
-1.014065962161636358e+00
-8.850833504158547305e-01
-8.971966139846387911e-01
-1.541131367270443642e+00
-1.832272995897523904e+00
-1.338274030831818839e+00
-6.972229601136216148e-01
-1.887365904969154240e+00
-1.061661769160409108e+00
-8.076340872520143543e-01
-1.210411733360590159e+00
-1.232709844193972781e+00
-8.387488283645748721e-01
-1.666728794383844026e+00
-1.217074874102274551e+00
-1.059189974292760628e+00
-1.155949300040050920e+00
-8.378153650986714940e-01
-8.450606628625508820e-01
-8.114341497106222212e-01
-1.254117217723838662e+00
-1.117229067526559705e+00
-1.675080767041134733e+00
-1.674172072759692487e+00
-2.022345101900136832e+00
-1.911424892213801296e+00
-1.904713790460131007e+00
-1.877153946955824715e+00
-1.740141420999296251e+00
-1.146070685643515663e+00
-2.089548453764995539e+00
-2.165428433694756016e+00
-1.571575057187139191e+00
-1.626545614075634694e+00
-1.336507303919369782e+00
-1.021981726265970947e+00
-9.580250216378017880e-01
-8.714969044774323326e-01
-9.332474183335170981e-01
-9.568818298177861337e-01
-1.191878876871993231e+00
-1.081538388008307150e+00
-8.684019410467646027e-01
-1.349518032420109925e+00
-9.205408751204143813e-01
-8.195404592019350787e-01
-1.314628982197978635e+00
-1.088518343256448917e+00
-1.531099337030923824e+00
-8.811093840254884402e-01
-1.472461561750532999e+00
-9.048088114873144017e-01
-1.353243816111939113e+00
-1.236209233724432810e+00
-1.466604590656514162e+00
-9.668317529064435201e-01
-1.567833409057797889e+00
-1.009279498000062558e+00
-1.598290539945776079e+00
-1.297058942419079264e+00
-1.023790588681344538e+00
-1.124305748823174467e+00
-1.945838136766453674e+00
-1.372099075500614385e+00
-8.849104458006935570e-01
-2.028559538001855511e+00
-9.681329641922696849e-01
-1.313443202696007228e+00
-9.578263017888453135e-01
-9.147016648869443767e-01
-1.220126826003136156e+00
-8.859865113731359987e-01
-8.643472565754035664e-01
-1.477640274371228912e+00
-1.323358708279508189e+00
-1.135741422515034849e+00
-9.469690792705445226e-01
-1.365215649704591971e+00
-1.935239054496730393e+00
-1.227612644659932029e+00
-1.237338140734524972e+00
-1.207829465191820661e+00
-1.519617385604683069e+00
-1.854318937233214060e+00
-2.049708442492551352e+00
-1.725960322340922559e+00
-1.077536235951685573e+00
-1.078321377653652435e+00
-1.225692765313963317e+00
-1.503873840534202033e+00
-8.003391215771876732e-01
-1.296988286126611545e+00
-9.929117992402269888e-01
-1.082465716968955771e+00
-1.139162705074316939e+00
-1.043689661243710765e+00
-1.040049224687490836e+00
-2.391064337541894069e+00
-9.712302952843507864e-01
-1.535858736777435452e+00
-9.284945265952539994e-01
-1.693788573919969398e+00
-1.382067557848237760e+00
-1.255920183987734307e+00
-1.347657173099783057e+00
-9.574115814106499700e-01
-9.545069102886069023e-01
-5.445158871536257550e-01
-9.699385371916608989e-01
-1.313446897198247365e+00
-1.404940575684016091e+00
-1.025661426436632162e+00
-1.011423772026939671e+00
-1.022749280945280725e+00
-8.874271848176824573e-01
-8.522914267575389946e-01
-1.018755072058643796e+00
-1.641274415055431257e+00
-2.766135135471556872e+00
-7.122108084351400636e-01
-1.454624961826379570e+00
-1.960635430409596092e+00
-1.088594133528831387e+00
-7.246348333027768929e-01
-9.229424577864275836e-01
-8.406887035065112590e-01
-1.891406544425503045e+00
-1.424394754905197624e+00
-1.012148692285877116e+00
-1.447974354855257273e+00
-1.558767223833947391e+00
-2.962476267248552286e+00
-1.690633799560359973e+00
-1.761559548751284954e+00
-9.314302110855845473e-01
-1.120781251741640450e+00
-9.484799288401969397e-01
-1.157903403022348954e+00
-1.532215409204978451e+00
-1.066677795922017502e+00
-1.117352389981656202e+00
-9.864051860114724235e-01
-1.159431856703222907e+00
-1.300126132982228899e+00
-1.067783798115095939e+00
-1.375330503386767544e+00
-1.183251533807418543e+00
-1.970538793588838988e+00
-1.266708381993548072e+00
-1.469898773650308188e+00
-1.358288580711451976e+00
-1.519687745565156289e+00
-1.050148659119001682e+00
-9.797142181406377492e-01
-8.903310898257813522e-01
-1.089243331301999573e+00
-1.224104518739780101e+00
-1.474621756802953376e+00
-1.471330266655958008e+00
-7.915763903775467902e-01
-8.739921061584848827e-01
-7.489449063589714850e-01
-1.024701678108151714e+00
-9.727101467945703517e-01
-1.524600557867366035e+00
-9.236530915805484243e-01
-9.544333621922768129e-01
-6.138250373651158442e-01
-1.271675891682775505e+00
-9.656660435749000460e-01
-1.313190224088124580e+00
-9.378000819035041680e-01
-6.624381114182595898e-01
-1.742821167829281537e+00
-1.159512427264679513e+00
-9.601755938245482014e-01
-1.238006082129075480e+00
-1.042652515154343762e+00
-1.560071716218624172e+00
-1.131572571126351789e+00
-8.272331864427195924e-01
-1.102436066465160902e+00
-1.722904652905055567e+00
-1.137999526426232144e+00
-1.081745510616627381e+00
-9.069547241127177140e-01
-1.834370363436209850e+00
-1.032220809767938396e+00
-1.025065214880065634e+00
-1.184260089486664169e+00
-2.124552696812150199e+00
-1.332105574532070236e+00
-7.516215183693824020e-01
-1.696256535622376438e+00
-1.210860532094715669e+00
-1.140099437009420846e+00
-1.214039718794105216e+00
-1.109207183855642764e+00
-1.170366258037849772e+00
-1.279731512691754114e+00
-1.135246927553591911e+00
-8.303094947929718916e-01
-1.305996809195283603e+00
-1.217182922114357968e+00
-8.197653699641194169e-01
-1.333770989688355835e+00
-1.694219562136216828e+00
-9.743120286899283888e-01
-1.435483254008349974e+00
-1.083607275082542287e+00
-2.195286877557416805e+00
-1.502037345399294344e+00
-1.268777309605754411e+00
-1.844169499771045606e+00
-9.257412324899817468e-01
-1.516894566634275243e+00
-1.492469269603375892e+00
-1.845888019242638345e+00
-1.340324033972307038e+00
-1.021458716419023416e+00
-1.142514363004595523e+00
-1.342836743120203513e+00
-1.300096893329208081e+00
-1.286318425356358874e+00
-1.500011182700893064e+00
-1.470080938461757469e+00
-1.285504712947768136e+00
-1.187141423946989960e+00
-1.343541826709249154e+00
-9.501586851593611938e-01
-1.287147352005085121e+00
-1.580626864043659596e+00
-1.160209986612133148e+00
-1.307095788974319550e+00
-9.510000930613168313e-01
-1.396160278551529910e+00
-9.144108659830555430e-01
-1.168889107820060058e+00
-9.206400958079518082e-01
-8.963184072283146842e-01
-1.557136594303980104e+00
-1.228812802437935003e+00
-1.051328801412377389e+00
-8.162701967074909026e-01
-1.767029917141479611e+00
-1.339694470966172224e+00
-1.348178693110622994e+00
-8.813940766246506353e-01
-8.767940869701105200e-01
-1.453173387859235666e+00
-1.422688034681090619e+00
-1.025213779382720292e+00
-1.603941754808795972e+00
-1.564229838090525737e+00
-1.263209667547745330e+00
-1.289991288156157934e+00
-9.815509277907250585e-01
-9.608772569075570980e-01
-1.764542904388083810e+00
-9.751995918039496614e-01
-1.190107634157260952e+00
-1.419048153096690967e+00
-6.984824849810703506e-01
-9.536237294717349045e-01
-1.031765468438491373e+00
-1.437785484496292954e+00
-1.034875782878865502e+00
-1.014392060119249539e+00
-8.971774262149965207e-01
-1.214091455047701329e+00
-1.337114112487860718e+00
-8.453609864150553044e-01
-1.282181929919309349e+00
-1.243046077570852281e+00
-1.917038070422983020e+00
-1.380605203816277049e+00
-9.474387984142109698e-01
-1.229150989573133179e+00
-1.416408094531980577e+00
-8.928442020224353071e-01
-1.123187941722087801e+00
-9.606500079063142739e-01
-1.112128660783645140e+00
-1.228165834152933789e+00
-1.142612081790371992e+00
-9.565182874505477884e-01
-1.230457652985327721e+00
-1.919359213063302816e+00
-1.843481628891216140e+00
-1.346517248096170682e+00
-1.330607254780632687e+00
-8.120093786612850861e-01
-1.824775181001526692e+00
-1.571581739373099973e+00
-1.953346474605114569e+00
-1.384359534312979090e+00
-1.548229217325899798e+00
-1.455088880081614411e+00
-1.435429101111196148e+00
-1.392616279826213832e+00
-8.643992833947593546e-01
-1.959799566601069243e+00
-1.099209787698780083e+00
-8.040412042047767605e-01
-1.686967189821015012e+00
-1.378210382724382344e+00
-1.676472977025996958e+00
-9.206246936323263519e-01
-8.258911904892042299e-01
-1.201813755847802812e+00
-1.252582665367597548e+00
-9.127540776870965988e-01
-9.258737713842759565e-01
-1.014009810912525067e+00
-1.948244154643740123e+00
-1.121363264392374104e+00
-1.497903568124806961e+00
-1.806035544743283205e+00
-1.396564405567236600e+00
-9.922598113925734653e-01
-1.175935261442793145e+00
-1.872873273722617249e+00
-1.331278916881912577e+00
-1.477400095832866356e+00
-1.290290821959031664e+00
-1.846576328399707201e+00
-1.381007553948279343e+00
-1.604022576931279920e+00
-1.253167375667740169e+00
-2.267913619165550898e+00
-1.471578057874468382e+00
-6.852187121746919907e-01
-1.343479498349025247e+00
-1.951691561306645450e+00
-7.995946658193127110e-01
-1.647172253017116672e+00
-1.021542855430563002e+00
-2.372592908216163643e+00
-2.145602358340538807e+00
-1.032488912272040427e+00
-1.902435895410853783e+00
-1.805718032343596180e+00
-1.694314579621338579e+00
-1.867314797450859265e+00
-9.956735577090384259e-01
-1.403451737346657735e+00
-9.764059835375512586e-01
-7.447802465543101880e-01
-2.001220398446559745e+00
-1.257645336764946498e+00
-1.786063395233012274e+00
-1.169982743287778515e+00
-1.181812883831251604e+00
-1.730913889289868557e+00
-1.330468433089341929e+00
-1.228929394700697175e+00
-1.853552311376975625e+00
-1.768078827540620734e+00
-8.259029405392473988e-01
-1.459562235221123716e+00
-1.925307495086553411e+00
-1.895631992440700353e+00
-1.195465730007420735e+00
-2.477299156656104895e+00
-2.354560714072849947e+00
-1.332673837915657300e+00
-1.104146669304753470e+00
-1.813416285698769448e+00
-1.539177119886867340e+00
-1.360539938383362069e+00
-9.111655531775733063e-01
-1.524233499627525745e+00
-1.371548284940561580e+00
-1.780997986224742702e+00
-1.147389330343066893e+00
-1.978757843159764107e+00
-8.397979452866316530e-01
-1.749338968270088390e+00
-9.295646470561975683e-01
-6.201543511337967995e-01
-1.335554486353195625e+00
-1.146754587868419994e+00
-1.203178754919819626e+00
-1.324547802390685369e+00
-1.604933986937912449e+00
-5.045578307948010988e+00
-5.602932944769921875e+00
-1.889697482029678355e+00
-1.251556269134254107e+00
-1.058280687280900301e+00
-2.097015712903010254e+00
-2.286896328528730482e+00
-1.196330768077897400e+00
-1.486585469979027518e+00
-4.309643716031228422e+00
-1.430669908943938751e+00
-2.882427363314827407e+00
-1.922502304548274754e+00
-1.822969040942209018e+00
-1.112475904582816089e+00
-2.326906364724387721e+00
-5.998526558955984633e+00
-1.325471939304157409e+00
-8.012550443186434723e-01
-9.350792867598447522e-01
-1.427017956587947944e+00
-1.878684008013572937e+00
-1.932341766538145489e+00
-3.183086216047958938e+00
-1.164442533791488543e+00
-2.278654416725945264e+00
-9.632974468264442480e-01
-8.542185203741610167e-01
-1.386192540824036090e+00
-1.497728970659553793e+00
-1.445773231338699061e+00
-1.386315366767276291e+00
-2.759972241541383209e+00
-2.140691202991733988e+00
-2.246718488074746389e+00
-1.165517803285664566e+00
-7.106964120295320431e-01
-1.361525035282803220e+00
-1.582208713872751193e+00
-1.697933379575855994e+00
-9.420068453302610223e-01
-1.496015634400582384e+00
-7.024409345537161453e-01
-1.016822417901186215e+00
-1.595127066739671529e+00
-8.728422572228942133e-01
-2.397649707709527789e+00
-1.389476916217118330e+00
-2.019986684690063594e+00
-1.382297338290584765e+00
-1.208809416270730130e+00
-1.792888448348615160e+00
-1.485810875158215749e+00
-9.156994382235241758e-01
-1.495637056810020127e+00
-1.073620610080934457e+00
-1.574962021170108084e+00
-1.612499091703704979e+00
-1.535253426481118399e+00
-1.241928759557184403e+00
-1.536675032432935906e+00
-2.157925594972045946e+00
-2.044300735815776981e+00
-1.596898117948178486e+00
-1.631687808138687856e+00
-1.037095160177326170e+00
-1.922327716596850644e+00
-2.059969533735362734e+00
-1.240930449261249846e+00
-1.836984319630221796e+00
-2.024151845552035311e+00
-1.204248909825758052e+00
-1.543358814394230949e+00
-1.996038303130021507e+00
-1.258031772547497651e+00
-1.059361834175155170e+00
-1.478405955470758926e+00
-2.316968103267754042e+00
-1.187026683577641739e+00
-1.541383165730141780e+00
-1.195126963703507794e+00
-1.575086458339877371e+00
-2.034674334655171890e+00
-8.437836516815111487e-01
-1.103033849994694338e+00
-2.891445259361876019e+00
-2.572700821447990727e+00
-8.567165000158556420e-01
-1.639433819738142839e+00
-2.664223672748974536e+00
-1.538785496863168900e+00
-3.220547326797250864e+00
-9.791946611687197821e-01
-2.621488863385681878e+00
-1.453491922984368578e+00
-1.492533354694416170e+00
-1.664413015079714286e+00
-1.305675335122943759e+00
-9.863482473747419155e-01
-1.247392856850121579e+00
-1.535848254018484127e+00
-1.990094780351236547e+00
-1.238255344373879963e+00
-1.668281936798163612e+00
-1.914249325346613295e+00
-3.362912366618200810e+00
-1.747111236943358570e+00
-1.930957272941176139e+00
-3.304455596129023398e+00
-2.047138106815288516e+00
-2.739400135443046835e+00
-1.181484033078653795e+00
-1.349534456226834545e+00
-1.274093207442854592e+00
-5.635535100688400689e+00
-4.113931884954672213e+00
-1.745759969145005863e+00
-1.650975882009933837e+00
-2.009553148553807400e+00
-1.474608097186395295e+00
-6.649887200453910019e-01
-3.358314079311577771e+00
-1.520445417120045439e+00
-1.410673795041361700e+00
-3.969850643113722821e+00
-2.402775185248030354e+00
-8.065889184982643068e-01
-1.702473494500092555e+00
-9.870384833113914347e-01
-7.421072913112501945e-01
-1.515203040418738434e+00
-1.590754219019466786e+00
-9.423930283507412353e-01
-1.516612178679241252e+00
-1.156241780011062925e+00
-1.327014923589190376e+00
-1.290037315660588657e+00
-1.343297899856733091e+00
-1.126873724564439572e+00
-1.817895438796281793e+00
-1.024291061603773034e+00
-9.467166646406487418e-01
-1.162103575929823274e+00
-1.569621821987961852e+00
-1.223269174277405114e+00
-1.031446368192035390e+00
-1.785365928020858028e+00
-4.061350102907594461e+00
-1.376653342312655903e+00
-6.310767190255414105e-01
-1.260726451291200867e+00
-2.557617906970038213e+00
-1.715078452083069749e+00
-1.001453758062589294e+00
-2.585463626456084185e+00
-1.378988627541123613e+00
-8.202730315475088574e-01
-1.033845925227540929e+00
-6.986116590824098527e-01
-8.282646589002213844e-01
-1.746702919854235647e+00
-1.479668114815132052e+00
-1.182936704434338182e+00
-1.360719169695408848e+00
-8.410742864993737689e-01
-1.334675742543388832e+00
-1.218624107275278146e+00
-2.955910042735089505e+00
-1.337011543630853394e+00
-1.377702151073916692e+00
-1.547117464779552032e+00
-3.567187772458082051e+00
-1.802925139148452649e+00
-1.358320519515257008e+00
-2.688388065834919072e+00
-2.095543024639934693e+00
-2.203643465255190392e+00
-2.032458280655412342e+00
-4.279315949248356787e+00
-1.242648487618652764e+00
-1.666428740271942210e+00
-1.251005270254690993e+00
-1.164218245887247649e+00
-1.540438343251326003e+00
-3.354087133429146661e+00
-3.082929642449069529e+00
-1.020350242632387605e+00
-3.619696011074573505e+00
-2.520055424752043027e+00
-1.659784097833915339e+00
-1.380461231627441832e+00
-3.809963480736952679e+00
-1.228698365446474261e+00
-1.230536801287181792e+00
-1.428588973945536189e+00
-2.006205031178096121e+00
-1.351883822677126812e+00
-1.059771559182667300e+00
-1.851771553274991433e+00
-7.280451960518165011e-01
-1.207741018762620300e+00
-2.197143001067999535e+00
-1.217370376148671829e+00
-1.292818324486604054e+00
-2.102269735357254365e+00
-1.322649220659508407e+00
-1.410548159107892108e+00
-1.118963209629749267e+00
-1.477987929117461130e+00
-9.448354068636186653e-01
-2.671980733749922621e+00
-2.300735589299937711e+00
-2.409203272411838181e+00
-1.072119200746426637e+00
-1.275818007510982177e+00
-1.799009483852779478e+00
-2.868780362778932780e+00
-1.696244248089558759e+00
-1.346766900762204067e+00
-1.425520171454430107e+00
-1.813648721382324469e+00
-1.174683459569261457e+00
-1.277258879595201124e+00
-2.146808449240718453e+00
-8.157745798877154897e+00
-1.454888398868705801e+00
-2.592836640923247948e+00
-1.128740772150879978e+00
-1.738596123690374418e+00
-1.330169476366496406e+00
-1.461334184688858118e+00
-1.540285670414061059e+00
-2.212935382214779700e+00
-6.851816918463468076e-01
-1.764934825139854446e+00
-1.345830183310014361e+00
-1.048027272485092976e+00
-1.415831178443504923e+00
-2.333910834898625719e+00
-2.054985660237260703e+00
-1.599301404763898260e+00
-1.592156220192173288e+00
-1.727688376200360310e+00
-1.337703877434072597e+00
-1.886337082265645559e+00
-1.033325640265603917e+00
-1.066567329544230391e+00
-1.911020038964946099e+00
-1.139665337767023168e+00
-8.551151701601299449e-01
-9.683921919795316358e-01
-1.477688826473378958e+00
-1.654973985560455718e+00
-9.695174276408746739e-01
-1.785027823405137326e+00
-1.466998279050743648e+00
-1.240151720699165683e+00
-1.474361223515574970e+00
-2.469851776155717271e+00
-1.953564428259737751e+00
-1.764740891719551730e+00
-1.401728442179867251e+00
-1.065491921542369713e+00
-1.761991247355654711e+00
-1.220995836244249899e+00
-1.303983647165473547e+00
-1.346126913869481356e+00
-1.527277344408477067e+00
-1.420126833766934826e+00
-1.138764920324044416e+00
-2.090802246110132323e+00
-2.443040821927891404e+00
-1.887265395489824193e+00
-1.264506310194076333e+00
-1.216401890992441448e+00
-1.334355692966002982e+00
-1.067859672800079096e+00
-8.365396559763806916e-01
-1.441027576330559556e+00
-9.820309292404840740e-01
-1.675130602968250004e+00
-1.483043232267260869e+00
-1.382692613484987065e+00
-1.067416331878331626e+00
-1.121616565396414966e+00
-1.534820174261277703e+00
-1.480964147532227937e+00
-1.110549231960220373e+00
-1.122119324558336073e+00
-1.083740008167168423e+00
-1.295650819027661438e+00
-1.016127619860424547e+00
-1.181896764902259145e+00
-1.059018129554252008e+00
-1.309285048400701923e+00
-1.828926698196423173e+00
-1.144015330744957204e+00
-1.522554901688008888e+00
-1.202036822192102949e+00
-1.160203311468785303e+00
-1.033926748537464579e+00
-1.244823690644729641e+00
-1.439846403413988174e+00
-1.780852363718066433e+00
-1.117529518573364911e+00
-1.130141571260443012e+00
-7.212672044974007823e-01
-1.118712583465261590e+00
-8.807124121969965858e-01
-1.007758822748886951e+00
-1.305823250239921629e+00
-1.228293439953673349e+00
-1.672521384376150388e+00
-7.639858250952711316e-01
-1.001469585049330702e+00
-7.729930963146907086e-01
-1.180091148565633796e+00
-1.322017436675911428e+00
-9.819550463809730845e-01
-9.921408244417305733e-01
-1.116754609308562962e+00
-1.140975659964786892e+00
-9.903895458270033370e-01
-6.107673931748054397e-01
-1.525206200590029537e+00
-1.826306108223995750e+00
-9.250179251251564594e-01
-8.423805245246621665e-01
-1.477299481151779892e+00
-7.783243771366461505e-01
-1.439185987939130440e+00
-1.181234470332546582e+00
-9.219026751802692488e-01
-7.273981098387309885e-01
-9.646190867770430000e-01
-1.222766905656894387e+00
-8.193202000910125848e-01
-8.870884835170372851e-01
-9.305577547500091251e-01
-8.401586954526568674e-01
-1.216157731404052589e+00
-1.120821692721486906e+00
-1.244627419741209939e+00
-1.004633332263874079e+00
-9.298948972963106963e-01
-1.312679467397094513e+00
-6.676976968528466339e-01
-2.032294669786226748e+00
-1.340032171900969793e+00
-1.404050082939889643e+00
-8.691748741656531996e-01
-1.785888364872947554e+00
-9.062199811334554767e-01
-1.612660736024261743e+00
-1.224334264745125855e+00
-1.980821422482546890e+00
-1.232348980579491160e+00
-9.215321379969324544e-01
-1.152954744155639588e+00
-1.017784451107369259e+00
-9.350887311599048735e-01
-7.397749561060568135e-01
-1.331557645094684439e+00
-9.476932512727342939e-01
-1.432362672888014554e+00
-1.531689391247161192e+00
-1.652618590386522479e+00
-1.103163420923210847e+00
-1.659427699225267228e+00
-1.151265204216308291e+00
-1.531125978145814637e+00
-2.146108604755541993e+00
-1.532254585719776241e+00
-6.532388562580746516e-01
-2.074383111467459351e+00
-1.189084091274152044e+00
-1.597095264051539010e+00
-1.177802903827100067e+00
-1.641676680707341296e+00
-1.617742426086849816e+00
-1.412762151066480065e+00
-9.191941293271818081e-01
-1.830191917507128618e+00
-1.668769453432861205e+00
-1.893721602821493155e+00
-1.660578090193664647e+00
-1.234138559748722219e+00
-1.997183567993351838e+00
-1.131651387117652563e+00
-1.728543743408924138e+00
-2.160974061588184725e+00
-1.858993838382911212e+00
-1.567055755917826643e+00
-1.902950682358969914e+00
-1.756405653711134329e+00
-1.239910617938475346e+00
-1.683659158607128115e+00
-1.363139677717357001e+00
-1.204344204414333541e+00
-9.221244857804075101e-01
-1.452919888547376637e+00
-1.464927938690657960e+00
-2.768011297632047452e+00
-1.579210681370137204e+00
-1.916948755078577316e+00
-2.597128214890223941e+00
-1.861465475703033778e+00
-1.011665807492881042e+00
-2.570835812618528671e+00
-1.348877815646396305e+00
-1.100421172964618721e+00
-1.003128145719547559e+00
-1.576666449104942025e+00
-9.310875344005123955e-01
-1.644055376957299863e+00
-1.083730523089935449e+00
-1.448095393527292885e+00
-1.296106972539040170e+00
-1.117275912360310430e+00
-2.046698420752800285e+00
-1.175337165959731811e+00
-1.132427789267234308e+00
-9.797050297861774615e-01
-1.387601700076831701e+00
-1.139152668887472464e+00
-1.589362315235419931e+00
-1.315253847994759751e+00
-2.449798359717183072e+00
-1.061231127430690702e+00
-1.032532702794360491e+00
-8.321896967500148623e-01
-1.090727003599710754e+00
-1.245443675451614052e+00
-1.253266790568921207e+00
-1.123891330192888116e+00
-1.048348381373657379e+00
-1.513788080466962782e+00
-1.207315098828300792e+00
-1.500118133861366054e+00
-1.167659381205512270e+00
-1.028089344045749254e+00
-1.195552106825002125e+00
-1.246817080603199290e+00
-1.137945341094587892e+00
-2.014119243767241940e+00
-1.605170149399230528e+00
-9.703347510227521289e-01
-1.252135742800496887e+00
-1.103743576557081774e+00
-1.738225457591959566e+00
-1.012174930550197249e+00
-9.600989920302551717e-01
-1.047553472494725746e+00
-8.676322392835824626e-01
-9.592824414091926100e-01
-1.051646084435322592e+00
-5.538510010205661693e-01
-9.106668657591657778e-01
-1.634519974795191288e+00
-2.018368650627423655e+00
-1.734855277439085963e+00
-8.840090590851374941e-01
-1.197217469943523849e+00
-1.679307007156896070e+00
-1.260408538841931936e+00
-1.133101189205046211e+00
-8.343226986057465933e-01
-1.115376905431617161e+00
-1.362586858685371771e+00
-1.431718607852299430e+00
-1.347148097784004905e+00
-8.926489539013321428e-01
-9.730180635125641464e-01
-1.129363378415297214e+00
-1.147720561486558655e+00
-6.733688039078083998e-01
-1.709042513545563802e+00
-1.404768777168999838e+00
-1.838832549798598670e+00
-9.683287045025086304e-01
-8.306835637290072016e-01
-1.009382961662094402e+00
-8.504596572537471699e-01
-1.014438462361856974e+00
-1.152801138302357309e+00
-6.006902355675967087e-01
-1.423245586960523834e+00
-1.989260628535549191e+00
-1.099906766438144556e+00
-1.266452205096062711e+00
-1.204607549621962814e+00
-8.308140303112573344e-01
-1.280976717504712648e+00
-8.418120376175732833e-01
-1.110163724380131445e+00
-1.148949727058235615e+00
-8.720873114647414992e-01
-9.158225249626897879e-01
-9.287757678982663245e-01
-1.030158257237746344e+00
-1.057831262876097522e+00
-1.162512431309447036e+00
-7.437916243164746088e-01
-1.461057913421772270e+00
-1.132952074392904240e+00
-9.247589191077671966e-01
-1.485882709099429766e+00
-9.229832568226845613e-01
-8.529311723070440721e-01
-1.351962343458314342e+00
-7.748009074319720524e-01
-1.435164812824980096e+00
-1.453465885661035850e+00
-1.099022368608318478e+00
-1.695798328616527462e+00
-1.213343246503569617e+00
-1.565349875735288609e+00
-7.732007111300508440e-01
-1.100202812036713773e+00
-1.409914820501518617e+00
-1.809137772746443718e+00
-1.251270377624154273e+00
-8.195011582525790761e-01
-6.993473095579810783e-01
-1.637955111266525154e+00
-1.336647940978699323e+00
-1.164306009489591620e+00
-6.942624577417179088e-01
-1.402145116386085411e+00
-1.134164650136908703e+00
-7.588433886211529700e-01
-1.513445115287426201e+00
-1.370247717007661681e+00
-8.270492692527102729e-01
-9.389807578934395993e-01
-7.296850230775421275e-01
-1.917520257986015775e+00
-8.877800400922756241e-01
-1.005696945064523007e+00
-1.027905527180384970e+00
-1.838738336785197935e+00
-9.690207015945448976e-01
-1.313933616308360808e+00
-1.334087249426255450e+00
-1.982902771575127066e+00
-1.171499300064825277e+00
-1.187702970716741913e+00
-8.461919944906871605e-01
-1.230905622120268328e+00
-1.416988522197824674e+00
-7.648477892213504381e-01
-1.275791999050123859e+00
-1.216821278079379232e+00
-9.943632770126434872e-01
-2.709863495920062704e+00
-1.129050451743640160e+00
-2.574649853659876086e+00
-1.557482536033832687e+00
-2.235782967215135475e+00
-1.468365832449090247e+00
-2.163676194904622818e+00
-1.236912103671908847e+00
-7.404465566851669012e-01
-8.904027627135955303e-01
-1.092824446697116869e+00
-1.676021654514170622e+00
-2.119320910542459746e+00
-1.375580291555847490e+00
-9.162454420650787412e-01
-1.074878512354545901e+00
-2.188204245941077097e+00
-9.576910582463202815e-01
-1.449580508150903002e+00
-1.021160720450313031e+00
-9.938794717126504530e-01
-9.442879583923279307e-01
-1.265930760818841927e+00
-8.663773315774963013e-01
-1.956526923030758924e+00
-6.613224825701513598e-01
-1.130510543084183972e+00
-1.423472074910152374e+00
-9.786002964475020161e-01
-1.569192770699589401e+00
-1.421582698893778529e+00
-1.375303837863533385e+00
-1.143165602408509285e+00
-1.070848641116756594e+00
-1.439190604005353480e+00
-1.307325447821594322e+00
-1.101290375785954012e+00
-1.120717641933387743e+00
-1.167717622552487677e+00
-8.062453291412257084e-01
-3.143941397473236865e+00
-1.388141549816149567e+00
-1.402663586638534410e+00
-8.601789659062439863e-01
-1.111537425614785635e+00
-1.354754653048682034e+00
-1.877314297355548334e+00
-1.159309993412950490e+00
-1.099395317147026985e+00
-8.846925334374936556e-01
-1.475551494328382063e+00
-7.760903544953814404e-01
-1.768986237135314887e+00
-1.008574539484881294e+00
-7.456032944739234836e-01
-1.364314614866637632e+00
-1.256182222892294975e+00
-1.059579831419147355e+00
-9.025787634529662817e-01
-6.771369900708883449e-01
-1.166501392557042660e+00
-1.448423260247162503e+00
-1.077726446767412583e+00
-1.534998774767851293e+00
-9.002690374457714695e-01
-1.506697483788594250e+00
-1.425077620828665070e+00
-7.427534090254551691e-01
-1.158186756479452795e+00
-8.617302477884388745e-01
-1.803892348807708768e+00
-1.162918511214309225e+00
-6.943942447630776504e-01
-1.070755146460886209e+00
-8.913362187346485221e-01
-7.413125535947615585e-01
-9.784141239981127836e-01
-1.365722726897711459e+00
-1.143496982803578810e+00
-1.506839519674102235e+00
-9.637315795577755528e-01
-8.759915265000941531e-01
-1.365180835107482782e+00
-8.894278153658252695e-01
-1.661243931784128769e+00
-7.974933871481165726e-01
-1.064419909957282417e+00
-1.010749030959930739e+00
-8.717881341098315806e-01
-1.613516972947227845e+00
-1.034898099286315265e+00
-1.442994024942048092e+00
-1.530038034156822713e+00
-1.301813958957733552e+00
-8.147904100373084546e-01
-1.151222372281341944e+00
-7.882680348789492530e-01
-1.576725858277178594e+00
-1.083606506108709233e+00
-7.006843721689933746e-01
-7.340079833463055703e-01
-8.015785367838081932e-01
-9.747186418120449281e-01
-1.070059972212522359e+00
-7.678894957546085198e-01
-7.117162385530133584e-01
-8.632796595145192375e-01
-1.071691797910513388e+00
-1.148628282573284531e+00
-7.956515183613036557e-01
-7.341089641748297367e-01
-1.216448823331634843e+00
-9.697128762077660280e-01
-8.847956174851226985e-01
-1.011157466022436280e+00
-1.881581187162978397e+00
-1.665933948278043975e+00
-8.126314199594666388e-01
-1.544400050704392235e+00
-8.657180536943941407e-01
-1.419520472858882165e+00
-1.139139367454983676e+00
-1.332146591710324568e+00
-1.309247983729319387e+00
-1.297711977792868954e+00
-1.020704617160508310e+00
-9.472561308251055134e-01
-1.084690144368831710e+00
-1.139809711517483004e+00
-9.708179077337286689e-01
-2.173188269298492070e+00
-1.629796577948816161e+00
-1.032730383073928060e+00
-1.177320630636726095e+00
-1.460318759152577694e+00
-1.222065927601605928e+00
-9.193979937116620871e-01
-1.024060048145134294e+00
-7.523512367794543687e-01
-9.976776928752771889e-01
-8.114185910704204696e-01
-1.117345431368486297e+00
-1.039906804426781184e+00
-1.176123440848360291e+00
-9.053277667908986581e-01
-8.584347736149413599e-01
-1.407974671822622481e+00
-1.046562200169277590e+00
-1.900457462127586483e+00
-1.128280560401544008e+00
-1.228463283077171564e+00
-1.054401300812590758e+00
-1.658293274790336502e+00
-1.041508268612375554e+00
-1.064925911416939153e+00
-1.671203687762623957e+00
-1.045914354394923862e+00
-6.347014268880563082e-01
-1.185287074035076271e+00
-7.473367737339912109e-01
-1.388661017480237403e+00
-8.951566983572657454e-01
-1.041861495112207603e+00
-1.400752993318824302e+00
-3.947130782186301645e-01
-1.383554938981833127e+00
-9.891511612164231027e-01
-1.264960337865137507e+00
-6.478332134988290525e-01
-9.178557460585649030e-01
-5.803440720536939823e-01
-1.116229556226931097e+00
-1.611675917218507115e+00
-8.105909930188079926e-01
-7.603509604046941872e-01
-8.954765502051867943e-01
-7.300672386974370598e-01
-1.190613101860516831e+00
-1.819881306035632029e+00
-8.876181258083050141e-01
-6.938093147318360465e-01
-1.160704800502094347e+00
-9.798030190835954611e-01
-1.013975834600965964e+00
-2.296071950601019207e+00
-7.621744799407054183e-01
-7.597096700814307546e-01
-1.335881356960025634e+00
-9.705970486097991179e-01
-7.121838818585742859e-01
-9.021335841655935273e-01
-8.378217914680043954e-01
-1.153718037900823168e+00
-2.072414705096464527e+00
-1.944566017213504860e+00
-8.001555013836567642e-01
-9.067827705270641303e-01
-7.426451023273091812e-01
-1.124402927420949272e+00
-1.243954540051546820e+00
-7.085641411730106975e-01
-7.672300813003214426e-01
-8.051985536286682121e-01
-7.623186038448621638e-01
-7.904308327900272380e-01
-1.109980656267256061e+00
-8.385681462174661149e-01
-1.386792637515413817e+00
-1.334345519022201776e+00
-1.455660183405309116e+00
-1.650774134280941663e+00
-1.234191616665571090e+00
-8.972989178091234086e-01
-1.143369283973674655e+00
-1.126988116176674826e+00
-7.777379556570351848e-01
-8.187229133811803061e-01
-2.478056982578752621e+00
-9.664593640781649064e-01
-9.975300736650084543e-01
-1.258524012921004465e+00
-1.187310576967985032e+00
-9.447374970908068992e-01
-1.123607332111801638e+00
-7.669366068108336432e-01
-1.297820472942162073e+00
-8.041591953623751232e-01
-1.943533344513681094e+00
-1.112732876222941147e+00
-1.605235324323154078e+00
-1.504675187341006914e+00
-1.773387542948204443e+00
-1.447384566915384640e+00
-7.607491459642460319e-01
-1.263955949963318171e+00
-1.499187115313976859e+00
-1.498208911603333915e+00
-1.224844276022858169e+00
-7.203234524119879190e-01
-1.867902258546600525e+00
-9.766187364029489393e-01
-1.703966030902453799e+00
-1.025153389938453063e+00
-9.586350001768221274e-01
-6.209205707580962574e-01
-8.540590476415588217e-01
-7.730820017449610004e-01
-7.894043089179522132e-01
-7.864671589791427664e-01
-1.150230389634875339e+00
-8.178002514763296205e-01
-7.406976357005159439e-01
-7.855796607853651192e-01
-1.401095312015451233e+00
-8.497438873371059298e-01
-1.218951202827303071e+00
-8.599141587803286191e-01
-1.091500143670873779e+00
-9.674470376998518528e-01
-9.877623880268902035e-01
-1.165859475490889974e+00
-7.491713552259539055e-01
-7.687921403219192262e-01
-7.785003434555469726e-01
-8.396018153184493515e-01
-1.138880570512163626e+00
-1.223291607799993130e+00
-9.207357484585920737e-01
-8.628321924286861400e-01
-8.010217548250307962e-01
-8.413558557302411867e-01
-1.050332404198293101e+00
-6.255537551514707140e-01
-6.995947246924005825e-01
-1.449737200140214011e+00
-6.659180495499164021e-01
-8.384723741123047969e-01
-1.021879052156602130e+00
-8.004412024300541217e-01
-6.881341906593242408e-01
-7.044324026170467601e-01
-8.671058871783631217e-01
-9.144144728895493568e-01
-7.461728178370549136e-01
-8.429351733416022840e-01
-9.270228525791074370e-01
-1.066518668225394650e+00
-1.216004864435658250e+00
-1.338804050640184151e+00
-1.577557141729502677e+00
-6.374971925977852560e-01
-8.730791816551969342e-01
-1.002563903129753076e+00
-8.154196593605717025e-01
-1.174740850847787677e+00
-1.066731698961144614e+00
-9.202507519328989583e-01
-1.416767195167414561e+00
-7.766207436530102592e-01
-8.616363754020864851e-01
-1.035374471987047906e+00
-7.968540002888014895e-01
-5.913354900489776744e-01
-1.637013573375129427e+00
-9.896342479148647620e-01
-6.255352229924153740e-01
-7.820954736665602924e-01
-7.186572989298107839e-01
-5.779140078505807798e-01
-1.488574517559007049e+00
-1.583238034091697388e+00
-1.056817371256353555e+00
-1.265535697386812153e+00
-1.093035016383775648e+00
-1.184523597024240260e+00
-8.094994355817264342e-01
-8.478828968654763543e-01
-8.886353481531870102e-01
-1.175995115414518732e+00
-1.569102170619704362e+00
-1.662261363323170871e+00
-9.380592457717507049e-01
-1.355318613194741895e+00
-1.095851438629143582e+00
-1.453509568390029427e+00
-1.057365439836257082e+00
-1.495162093280851590e+00
-8.980348857829193454e-01
-1.083467250067415399e+00
-1.338363074795612340e+00
-9.444092635569253380e-01
-9.034719448044394863e-01
-7.200489612754161772e-01
-1.356141369315408740e+00
-9.505278586237543292e-01
-9.690240422254569053e-01
-1.138047838338653861e+00
-1.239982830966013250e+00
-1.086636727822016590e+00
-1.113605898547747497e+00
-1.091707569872611083e+00
-7.798250278199060359e-01
-1.279917087698049238e+00
-7.861086798717149549e-01
-8.008373652953810762e-01
-8.242704107977704142e-01
-1.083438564596691522e+00
-1.016007213767059270e+00
-8.728883630463518672e-01
-9.608494891038493746e-01
-1.646008562325319557e+00
-1.263440550488480918e+00
-1.399631153220970425e+00
-1.521508436756331184e+00
-7.932264998351457042e-01
-1.006803027669522788e+00
-7.656205596948272296e-01
-6.770004809466421136e-01
-1.340722821295910583e+00
-1.169093939289510553e+00
-1.147272867435852772e+00
-1.130749408377445642e+00
-1.194057936082734583e+00
-1.075884239086306815e+00
-1.492544410454686554e+00
-8.088052773752871794e-01
-1.125220762849699296e+00
-1.431687353784641292e+00
-1.192046392059656235e+00
-9.346518630445322939e-01
-9.266468281937169094e-01
-2.011090566603346286e+00
-1.188649814693360618e+00
-9.743756587723751972e-01
-1.205704580064450360e+00
-6.393897249090353396e-01
-9.996427649856981512e-01
-1.436425048394220250e+00
-1.412972999132322993e+00
-6.135464297242038123e-01
-1.057771456021742607e+00
-5.766160418353065698e-01
-7.400155979435081299e-01
-1.221353717073261347e+00
-1.337730610382938501e+00
-1.126840509561426007e+00
-9.671201435085792220e-01
-8.283909546017345082e-01
-1.006641280054703103e+00
-8.715538853367650329e-01
-7.764180134909973718e-01
-8.077745133468887673e-01
-1.253127237254781701e+00
-1.079412998756821729e+00
-6.777157221654915853e-01
-8.420797799731568611e-01
-1.002995923506089904e+00
-1.172174587733934903e+00
-9.721628440042459074e-01
-1.344760034347540767e+00
-1.056010230407021133e+00
-2.087347184447347459e+00
-1.192455764857138778e+00
-9.595287579438060988e-01
-1.238831507467721194e+00
-1.571428961538157365e+00
-7.162460658623313048e-01
-1.368700115502247572e+00
-1.060894676984305063e+00
-8.593825440781305280e-01
-7.274481601770359518e-01
-1.048822645944804233e+00
-1.144855360211687989e+00
-7.157304668921661284e-01
-1.297431471572637385e+00
-8.780973049805549380e-01
-8.883516024193782723e-01
-1.043909863661099502e+00
-1.619573919854177646e+00
-1.415945429862795146e+00
-1.994974476923230711e+00
-1.230414340240697069e+00
-1.057037422314614394e+00
-1.642084153344554709e+00
-1.685117525690126961e+00
-9.785697928234042831e-01
-8.739774172932722740e-01
-8.333841148165139767e-01
-1.414143739525711485e+00
-8.829171578528903774e-01
-7.008610839387202640e-01
-9.839077036045615898e-01
-8.451215519809406329e-01
-1.212169498996829020e+00
-7.438446364952906453e-01
-6.041204436455701599e-01
-1.242337855600955443e+00
-8.824786920113965039e-01
-4.646411385184278098e-01
-1.565673356367678126e+00
-5.651045519548275609e-01
-8.397526980828943222e-01
-1.056936510255593875e+00
-6.606554756886395818e-01
-1.132258408693917362e+00
-1.111989508925032899e+00
-1.143151290730000769e+00
-8.437496818037657498e-01
-8.682127550605367450e-01
-7.710576653058993646e-01
-1.957305378103503690e+00
-9.379130171142299188e-01
-1.472701396115677852e+00
-1.223997062268925573e+00
-1.502620637193373687e+00
-1.350212372454319354e+00
-1.692231636909839132e+00
-1.080784228357559718e+00
-9.006971661829392684e-01
-1.429483720658954127e+00
-1.480266455557159633e+00
-1.778883986592090460e+00
-1.142458796802272358e+00
-1.290860347167715805e+00
-9.866783057775310173e-01
-1.540144865755694648e+00
-7.337199120733439717e-01
-1.425349092619639935e+00
-1.217346669925315483e+00
-1.021195823383626466e+00
-7.921533248834049523e-01
-1.028884791306198254e+00
-8.967272761424280869e-01
-1.125724125087238958e+00
-7.771292349698657453e-01
-7.543815916544762690e-01
-2.762350908163273111e+00
-7.126509528920192960e-01
-1.813067874512761524e+00
-5.885662079720306306e-01
-1.360680266546136830e+00
-8.043344214347816212e-01
-1.509480271157164655e+00
-1.245214753158372600e+00
-1.124458587821717259e+00
-9.352950948449538782e-01
-1.670091938665622111e+00
-5.978177870487887402e-01
-1.215255806550344264e+00
-1.187058451792873726e+00
-8.512085592379771137e-01
-9.675412465627758474e-01
-7.800329688924040328e-01
-1.293825020242005852e+00
-1.046362111788756710e+00
-1.060466896814982851e+00
-6.502584573016773062e-01
-1.215457818461963768e+00
-1.483671223874794665e+00
-1.139326537598071454e+00
-1.562715026226822346e+00
-1.648050087473585723e+00
-8.296406367526186765e-01
-1.327983851958836059e+00
-8.915361973128856921e-01
-1.024319538664742346e+00
-9.653885563648670898e-01
-6.346375034443328955e-01
-1.474689734171745314e+00
-1.516047854244696680e+00
-9.664763511691276676e-01
-6.103152994864324832e-01
-1.327216235010205247e+00
-7.715554474977565080e-01
-7.909355314198862619e-01
-1.084154165268428116e+00
-1.122799828814384338e+00
-1.531425583629978160e+00
-7.731437622237870011e-01
-7.897553643683448144e-01
-9.297431035621880335e-01
-1.015899611184010620e+00
-9.616962812124828508e-01
-1.172106397934530087e+00
-1.400802464093767075e+00
-9.128262990313654734e-01
-1.111304959586393082e+00
-8.228876694691813487e-01
-1.259733355639645724e+00
-8.408333346577497869e-01
-1.046526327430927106e+00
-9.015497828633830535e-01
-9.504781652992450036e-01
-8.124621797440542137e-01
-8.120471379812128632e-01
-1.329750617159587422e+00
-1.026315647115747298e+00
-6.821394690799768012e-01
-1.079838048170747911e+00
-1.125920364442657640e+00
-8.442060749165818390e-01
-8.758992688763445056e-01
-1.150102853406361758e+00
-1.326465987324191520e+00
-1.061429131190878117e+00
-9.152283187958101252e-01
-6.670052151124081785e-01
-9.562959786002777074e-01
-1.099293445642241629e+00
-9.859527734762695284e-01
-1.091343772051946770e+00
-1.069574802734297503e+00
-8.708716021439146804e-01
-1.067639465737898030e+00
-8.409630773094940448e-01
-8.968782555311179960e-01
-1.929990669804126036e+00
-9.941501162841509531e-01
-6.962180471036530927e-01
-8.423874233039477799e-01
-7.522953796354263645e-01
-1.208301900590604827e+00
-5.685923260285143943e-01
-1.072813915386705785e+00
-8.064508071753124785e-01
-8.254366886763855327e-01
-7.423749932423331366e-01
-7.560862357562002645e-01
-8.776752338332376446e-01
-1.249628734591307744e+00
-1.247055914157806145e+00
-9.266181270712638973e-01
-1.832198925729507488e+00
-7.596673684137493776e-01
-8.116829858237856188e-01
-1.066046408654149902e+00
-9.525565630650782989e-01
-8.107823758934935565e-01
-6.189012747202314868e-01
-9.066198107607218448e-01
-9.526774333938800021e-01
-1.535680623238037334e+00
-1.321951591257846559e+00
-1.340118612327036107e+00
-1.875228869308934732e+00
-8.568229482772399264e-01
-8.113060920546040222e-01
-1.279850142247594968e+00
-1.189508936185645460e+00
-6.253875416318659397e-01
-1.109114881082220228e+00
-8.648538460956193274e-01
-8.621122929214047881e-01
-8.747449219548518728e-01
-8.686235152608019483e-01
-9.978032658773576813e-01
-7.797293084750228642e-01
-9.007929889459346251e-01
-1.675438914527405787e+00
-1.095095662854403074e+00
-6.501558527227400130e-01
-1.760758710655486947e+00
-1.289396370879086984e+00
-8.546129091917955556e-01
-8.009806053193444519e-01
-1.195587061984815680e+00
-1.862128197604515201e+00
-7.621540298774404087e-01
-1.085728298238247902e+00
-8.336054548693684341e-01
-1.351728878115819876e+00
-1.297053974524660536e+00
-1.254573125348825924e+00
-8.782535346075068805e-01
-9.321788021690411430e-01
-1.114216830479315634e+00
-1.463054632646876518e+00
-9.084446626328575025e-01
-1.193409934519427118e+00
-8.398338308816470921e-01
-9.571221106174057081e-01
-9.624951350645373216e-01
-8.320456295787053147e-01
-6.263119962954295517e-01
-4.947449177349681482e-01
-9.404258339368710695e-01
-8.614725885124124849e-01
-1.220716373397987775e+00
-1.462762606478359872e+00
-9.129831704127961967e-01
-1.476720132127904872e+00
-1.283586627183434414e+00
-6.948593151899724596e-01
-8.125747498940548708e-01
-9.365548409068730207e-01
-1.716998694145698723e+00
-7.771204290356940048e-01
-1.099228866968524398e+00
-9.603054714868612951e-01
-9.430431855332547242e-01
-8.698164046363577873e-01
-8.503665868620933210e-01
-1.011327079517435612e+00
-7.999949994882473714e-01
-1.338627811009367452e+00
-1.032196337083659099e+00
-9.136389598768438480e-01
-8.866389794934824709e-01
-9.811164820930922126e-01
-8.288035121296929431e-01
-8.331180757598113384e-01
-5.495185394432344772e-01
-1.228903434706325903e+00
-8.473104042241277334e-01
-1.097766729982273537e+00
-1.568432856568712896e+00
-8.851100450967943623e-01
-6.572987739932606432e-01
-1.117878340549235627e+00
-7.802509483927880796e-01
-7.250007739985339095e-01
-9.060652198121280643e-01
-8.436149526753449202e-01
-1.353270647194757093e+00
-1.095750840095937040e+00
-1.260543940528749740e+00
-1.141012402445009233e+00
-1.415519025233634043e+00
-9.885751430182997401e-01
-1.326535822864969738e+00
-8.291529956909384769e-01
-6.151977363246181607e-01
-4.749780286491948056e-01
-1.140129324076229134e+00
-1.108263221867127779e+00
-1.415429339482286331e+00
-9.345454093768224002e-01
-9.294857870866708449e-01
-1.502091002800008068e+00
-7.456224700687326123e-01
-1.023371321727997607e+00
-6.703075921293724093e-01
-1.041978921639999500e+00
-8.340418368892722478e-01
-9.658671554790461133e-01
-7.154022912906032872e-01
-9.817001075924658426e-01
-7.874592710069171497e-01
-6.610633396647432880e-01
-1.065086758960464675e+00
-1.070121584132366133e+00
-7.029227749517773516e-01
-9.398353595611992350e-01
-7.603672867859029294e-01
-1.837437406963690067e+00
-1.693342416265273043e+00
-8.061027808177968490e-01
-1.827790966731926314e+00
-1.806733819137493091e+00
-1.320585521849733102e+00
-1.027295107591268630e+00
-1.197713741563966705e+00
-1.494526607840841015e+00
-1.033228248498396340e+00
-1.272859843728443296e+00
-1.027432006587614577e+00
-8.684315224890832852e-01
-1.292269508649473320e+00
-1.379931891179773995e+00
-2.062081348313730800e+00
-6.266319797577118988e-01
-1.797437142813484545e+00
-1.109788442937371444e+00
-1.131108734023325013e+00
-1.297525772200609717e+00
-1.023173998574630650e+00
-1.036796896492439446e+00
-6.989428007350035887e-01
-1.656130359136228636e+00
-9.089606502478887462e-01
-1.220164421487069273e+00
-1.640901204248249368e+00
-9.289633503411864890e-01
-9.599716380195704168e-01
-7.052909508898300706e-01
