-1.304096310037973261e+01
-1.570063519542834207e+01
-2.311916258242939293e+01
-2.736216573253367201e+01
-9.897876734726441583e+00
-2.606390556422924121e+01
-2.049234123859730516e+01
-2.531724521728598276e+01
-2.707459044200053100e+01
-1.650631524437903153e+01
-1.804250217972100145e+01
-1.499242679284492752e+01
-1.584402525130295381e+01
-1.549226588096906276e+01
-1.426004042017016715e+01
-1.172121032241590299e+01
-1.666172295217788601e+01
-7.942415997895775348e+00
-1.354538196125122695e+01
-1.396682233031460640e+01
-9.065119789889129365e+00
-1.081983998507967115e+01
-5.319558373539866380e+00
-9.711414334563055917e+00
-5.083791544316382804e+00
-4.895704908347194184e+00
-4.924049138345999665e+00
-2.898543470396885979e+00
-1.201013703115812881e+01
-4.728935190856270232e+00
-9.315398349993264659e+00
-3.904905578693601331e+00
-3.587799658223031596e+00
-1.108423441270107013e+01
-6.822743244224078296e+00
-4.598458046489550810e+00
-9.207571367062534762e+00
-3.942921612764321182e+00
-1.061953695180976887e+01
-4.390664430479040981e+00
-7.820553168574127412e+00
-1.292945870061307900e+01
-1.042947680889717965e+01
-8.264004255746664640e+00
-8.111921724422009206e+00
-2.355193342093699904e+00
-1.308275784537194752e+01
-6.920999030481703507e+00
-6.234288666412306057e+00
-5.179061576243753073e+00
-1.516419097507189484e+01
-4.164677135723702683e+00
-6.303216810009358184e+00
-6.696688797034308749e+00
-1.170679702033322123e+01
-1.284684018750918710e+01
-7.894747630201782052e+00
-6.155814221963105126e+00
-5.927079230693506950e+00
-6.204049791340777276e+00
-1.499270285830647609e+01
-1.273865410061706527e+01
-1.567488684752787442e+01
-8.196143419997330426e+00
-1.012427475493081985e+01
-6.935241349803065170e+00
-2.144449948911075055e+01
-3.411103180257271106e+01
-3.875186641577695923e+01
-3.530065328994989926e+01
-4.300399433493263501e+01
-3.627522052417496212e+01
-3.207660007142656156e+01
-2.364456938795371954e+01
-1.668531587177378839e+01
-1.213776574319245150e+01
-4.668151067458891745e+00
-2.134787456324302823e+01
-2.090122962956142061e+01
-1.577238430278514514e+01
-1.522383786150852103e+01
-6.248247080004129650e+00
-4.572639835964133148e+00
-9.441522278442228355e+00
-3.760665732481059287e+00
-6.639299177093693771e+00
-1.100462228321383407e+01
-1.180528671282874420e+01
-8.969537622658723564e+00
-7.145166212506913084e+00
-4.267392071478187887e+00
-5.536396665631033720e+00
-3.687541785304853104e+00
-4.034709427153448935e+00
-7.276999008187118534e+00
-5.061394117643470025e+00
-7.226016867423726175e+00
-7.389027042276176793e+00
-8.243639084528556538e+00
-1.120788188078572389e+01
-9.236435719550012635e+00
-8.285255907411835707e+00
-4.454594937201790117e+00
-1.050955371175197683e+01
-7.854152790035867859e+00
-9.882597962393179003e+00
-4.460726384213462126e+00
-4.926183653001761087e+00
-5.665026008669441282e+00
-4.179373701732315816e+00
-4.414736226022039745e+00
-4.389176369779391962e+00
-4.031239279504465145e+00
-6.725570801884324545e+00
-4.047123149478093040e+00
-4.011296211687740865e+00
-3.601443400385144766e+00
-5.460585708343757005e+00
-5.553768037177688299e+00
-3.944428301915322788e+00
-5.088952148392507091e+00
-9.557832865960131485e+00
-4.352403489033387807e+00
-1.051603483132483774e+01
-2.921605464205467850e+00
-6.094521601129129884e+00
-4.033177402862576422e+00
-8.221356771180662548e+00
-2.741835968952632374e+00
-5.109763337288702800e+00
-4.389535974604640955e+00
-3.566954352573045828e+00
-3.838836530967699723e+00
-5.571342120227580352e+00
-3.798140059043500827e+00
-5.819152824030338955e+00
-1.606979785230743474e+00
-2.975046185241778218e+00
-3.555372954286176057e+00
-2.031179962159277430e+00
-2.056009845987261997e+00
-3.112436270685118966e+00
-2.434450964219055269e+00
-2.530505738894305967e+00
-1.247062307683500570e+00
-3.649480123391402486e+00
-2.566344749489202215e+00
-3.098429090299252842e+00
-2.184482897226319498e+00
-2.475741290066908462e+00
-3.257780303652477283e+00
-2.056583314328422674e+00
-1.740542077077381178e+00
-5.514090052084816840e+00
-2.250806855919500027e+00
-5.647055209451534274e+00
-5.828112646434342459e+00
-3.396427288906036068e+00
-3.574181314444695445e+00
-2.991716790249673519e+00
-8.474448831449173269e+00
-2.084017754887581120e+00
-1.575938735475983954e+00
-2.268838119462011527e+00
-1.210022024289715281e+00
-7.911984144804631747e+00
-2.274008921274489392e+00
-7.362906443360698105e+00
-2.061915474598877474e+00
-7.143427295118259579e+00
-3.559848579566352367e+00
-5.015163676305194329e+00
-4.127949164729361797e+00
-2.382654041550654078e+00
-1.990963481730100515e+00
-2.375212580739994195e+00
-4.727561446856097582e+00
-1.853459196162544398e+00
-1.499978775336616277e+00
-4.281437112944786350e+00
-5.048807070515429984e+00
-3.623188781909064016e+00
-6.449944227433621613e+00
-7.466925439488925953e+00
-3.141135671965764153e+00
-8.324107130185341319e+00
-7.574381256470320345e+00
-7.346243450469584602e+00
-1.031632265096338230e+01
-5.250568725204352027e+00
-9.658237824961810603e+00
-1.353140610133391419e+01
-2.036570261809217897e+01
-1.390141234477327181e+01
-1.610921037520236965e+01
-8.453759567221322158e+00
-1.678104624210322271e+01
-1.669938500136706239e+01
-2.059302624898427680e+01
-1.609033985447708304e+01
-1.492066396423176755e+01
-1.316383637441572318e+01
-4.079789227421929176e+00
-9.577363964494651327e+00
-6.569085051186220880e+00
-8.264026101850454609e+00
-8.405442075462181251e+00
-1.002382072936580926e+01
-1.044986703049049126e+01
-4.469421333550196884e+00
-6.913050463824707670e+00
-8.462375378439915607e+00
-4.917179565125923801e+00
-1.166324987972208582e+01
-8.714985018576285825e+00
-1.042139553223702464e+01
-1.206651097909632675e+01
-6.647857678923143609e+00
-6.036196582009107914e+00
-1.294063456382310662e+01
-1.464579816018402525e+01
-1.159352120575853817e+01
-1.628756421443708291e+01
-1.604612076042442581e+01
-1.271223501987002713e+01
-1.270892322200474567e+01
-1.021759503615431619e+01
-1.130655388240272430e+01
-1.244909400833074642e+01
-1.345836381318617292e+01
-1.014637305975292314e+01
-1.323375433589804118e+01
-1.214407280320839178e+01
-1.022551232317928616e+01
-1.270874090211962937e+01
-1.131236594969592879e+01
-1.121650202132366836e+01
-8.972832363852180748e+00
-1.017036952500342295e+01
-1.013895497668027446e+01
-1.200944561665530763e+01
-8.945524738365252304e+00
-9.874279186187097324e+00
-9.252426583160245244e+00
-6.645028112523640118e+00
-6.513636465263380693e+00
-1.194316574630092020e+01
-9.398983077621471338e+00
-7.150327608091462395e+00
-6.350523600081755760e+00
-6.483903148600990818e+00
-6.721249890170165386e+00
-6.491324935775768523e+00
-7.332297754932681322e+00
-5.833128875187258089e+00
-8.253155742481066426e+00
-6.840472324685663352e+00
-6.088243751053067143e+00
-2.693244894113570265e+00
-3.166745666821492389e+00
-8.107254254303235541e+00
-5.445812337145407689e+00
-2.087301434450243409e+00
-3.150056030957253395e+00
-3.326800060095560951e+00
-5.034372639324762311e+00
-3.603214431527559825e+00
-4.763281184826400505e+00
-2.899432630052590554e+00
-1.622055744722633586e+00
-4.530516776312686567e+00
-4.045395411766829596e+00
-2.509946948661193833e+00
-3.481949215381395124e+00
-1.696958129705701257e+00
-1.377972815901925996e+00
-2.999964612523720486e+00
-2.064648297189425552e+00
-3.068945235857736709e+00
-2.708738871516636948e+00
-2.157927456585437831e+00
-2.811245033432438145e+00
-2.434289006107199338e+00
-2.613413664265314296e+00
-1.580051976366703359e+00
-3.667631851286607958e+00
-5.831045355058661173e+00
-5.983353937331607142e+00
-1.182787716093762853e+01
-1.043777009091253838e+01
-1.069444412315694137e+01
-1.038418533769172392e+01
-1.136537405391321087e+01
-8.940508425958368477e+00
-1.006166240359629249e+01
-9.261022461731235111e+00
-9.801551708195800572e+00
-6.593323922291340011e+00
-8.165726608779259266e+00
-2.331461400036874299e+00
-3.676523329726860467e+00
-4.967176892149244516e+00
-4.855769322609788219e+00
-1.019237645389137192e+01
-7.344769995137457208e+00
-7.424952747903330597e+00
-9.868837075954001392e+00
-6.948996904507332317e+00
-7.051164615041630057e+00
-5.492464664772337635e+00
-6.046647962599178250e+00
-5.660823907632283714e+00
-3.051609515642122794e+00
-2.624389316868330102e+00
-4.505494316896986540e+00
-2.985831384565676760e+00
-4.504408468303881641e+00
-7.392694681074983620e+00
-6.450800530925447696e+00
-8.607689709356108665e+00
-5.466530063542290208e+00
-1.660226434729959566e+00
-2.340022359435372401e+00
-3.778265269666440052e+00
-2.384180811998745764e+00
-2.752989607746460621e+00
-1.951492914881945318e+00
-2.108657409414956163e+00
-2.607971333773603018e+00
-1.240324211899905382e+00
-1.749083493021436508e+00
-1.351232234840952229e+00
-2.298712717407877637e+00
-1.868743249152348129e+00
-2.927690771786054746e+00
-5.950777672356326597e+00
-3.450257212437883414e+00
-2.083303423122614628e+00
-2.914785677614992299e+00
-2.942797477122718330e+00
-4.229902699710208935e+00
-4.776739143469256987e+00
-1.946729955169245407e+00
-1.148642146678278131e+00
-2.008392335324925337e+00
-1.320132539032344399e+00
-6.269679696557455273e+00
-3.227607110956970615e+00
-6.000964448197018797e+00
-3.131803411614052290e+00
-3.710696905844196536e+00
-2.351356416754438072e+00
-2.665794736083696659e+00
-8.812619104876540987e+00
-3.446646798629868336e+00
-2.226907210474246224e+00
-1.401853698151443783e+00
-1.358617021059760344e+00
-3.006638451238094589e+00
-3.553841029285465858e+00
-3.698681938449274398e+00
-3.710410360186788381e+00
-3.672096286911869178e+00
-4.848269865214166252e+00
-1.467130311594104786e+00
-4.316204307674338381e+00
-2.319569390610605186e+00
-4.202941505013988888e+00
-3.361533039754651231e+00
-1.442742791698020444e+00
-4.093985808386547909e+00
-1.372198571596504824e+00
-9.813023553590077830e-01
-1.876641010110980945e+00
-2.293730346144841725e+00
-1.396043729017513835e+00
-9.275428379965054981e-01
-1.834261627619590218e+00
-2.277707004517630640e+00
-1.260335812955863277e+00
-1.844885734676944278e+00
-3.345609421293114227e+00
-2.850981341757373944e+00
-2.215665190313737209e+00
-2.986630630757578064e+00
-1.802780375574843719e+00
-1.138192972164612016e+00
-1.703705963749618579e+00
-8.630755358942057143e-01
-1.178617205608614382e+00
-1.512586446647697924e+00
-1.193472079172046341e+00
-2.246829367282075385e+00
-2.353195839840855896e+00
-1.567749025825493581e+00
-1.897284876140601595e+00
-1.230365845265344982e+00
-1.630391802039451665e+00
-1.906570779168701435e+00
-1.934667155589742338e+00
-1.497976424191826084e+00
-1.069498995127598828e+00
-9.332422144817561493e-01
-2.075555319491417361e+00
-2.315640108184385149e+00
-1.580602321787559328e+00
-1.767290271833863002e+00
-1.350256819147523046e+00
-2.225089798549273912e+00
-1.567385702153020866e+00
-1.978271427907192459e+00
-1.622164884336161794e+00
-1.811224949236863946e+00
-2.795338711160365808e+00
-1.762930093136083842e+00
-1.777916848546752027e+00
-2.984338515585422069e+00
-1.805351208041225730e+00
-2.801184013818231566e+00
-1.168236843247706380e+00
-1.585522010047421215e+00
-1.198821629893032981e+00
-1.695818902180084686e+00
-1.543990771615898705e+00
-1.829782415011675045e+00
-1.660811085899314143e+00
-1.571437651252356460e+00
-1.567911051896044405e+00
-1.849057790650777910e+00
-1.580127024876234021e+00
-1.942485589855346806e+00
-1.576097601510405566e+00
-2.164838952824914120e+00
-1.896563988186597660e+00
-1.521180145232637004e+00
-2.483586130919210433e+00
-1.253304861976578310e+00
-1.768320538496262140e+00
-1.844523915807693815e+00
-2.692098409135392334e+00
-9.690342817691652844e-01
-1.811376823194677188e+00
-2.147363302446074762e+00
-1.409724713349445269e+00
-1.468271220860474902e+00
-1.626039964943166494e+00
-1.022849979439923285e+00
-1.711618318005633244e+00
-1.786178077339853676e+00
-2.631703040821789408e+00
-1.860253729823114988e+00
-1.810560270763680535e+00
-2.895575576134589824e+00
-1.811293380407704268e+00
-9.442270740262563855e-01
-1.839651712661714011e+00
-3.361469969473707575e+00
-1.558196128108749523e+00
-1.344275709835978327e+00
-1.524235855817949403e+00
-9.001044426643424190e-01
-2.086022324636531700e+00
-1.324544362462935609e+00
-2.888154968541860157e+00
-3.201436660173640814e+00
-1.621663443644600022e+00
-2.041549429119746684e+00
-1.562778454578027665e+00
-2.200853700084249187e+00
-2.528225510465984094e+00
-2.321616501441811753e+00
-1.906742847856356171e+00
-1.744526910702256295e+00
-1.489711012481062191e+00
-2.090514370649587672e+00
-3.022465895253704016e+00
-1.530185224478593620e+00
-2.752856681861031607e+00
-7.724934333907997441e+00
-4.638799943772564660e+00
-6.139636491755529057e+00
-7.377799174427767781e+00
-3.713267984418537893e+00
-4.599336521157539437e+00
-3.916800689454305484e+00
-1.511880377902885764e+00
-1.653470227138667648e+00
-2.446439541862734490e+00
-1.783101913464239852e+00
-1.969475057097609616e+00
-2.305731824866284807e+00
-2.268679576215313354e+00
-1.758962613940045827e+00
-1.907229775843174213e+00
-2.290268106922611846e+00
-1.645801854860363456e+00
-1.397641926077961338e+00
-1.163080443635495342e+00
-1.455600164250003159e+00
-1.510053239437002759e+00
-2.277617711581860327e+00
-2.708190217767130648e+00
-3.553508852268787432e+00
-2.095576493778193772e+00
-2.416851910829311834e+00
-2.076874201974666878e+00
-2.850258292516310021e+00
-2.415828005146913426e+00
-2.811830696756343340e+00
-2.821128735318785719e+00
-5.565320083909024440e+00
-5.703024156150690693e+00
-6.175224506660522472e+00
-1.235258170206193284e+01
-7.699019720271166101e+00
-1.251185247781683607e+01
-8.528105401356198101e+00
-4.178339585664066824e+00
-4.555214199417150667e+00
-2.319496340056763195e+00
-2.489106527914254130e+00
-2.411466572019598686e+00
-2.210276203484284885e+00
-3.070189157423111048e+00
-2.543319320434668462e+00
-1.738845595275605671e+00
-2.047939457377251138e+00
-2.222501747474616263e+00
-2.228691728749224055e+00
-1.429042750371974702e+00
-2.003599953165678738e+00
-1.144079269509176600e+00
-1.657368489348248541e+00
-1.230308811583551210e+00
-1.314131303854147559e+00
-2.034825276339521150e+00
-3.977147828474532965e+00
-2.603078202235193039e+00
-1.886374090092432843e+00
-1.298216207954850265e+00
-1.546694459632197427e+00
-7.112669489883570728e-01
-1.072701950658978998e+00
-7.171846698381119101e-01
-1.153776194435273572e+00
-1.150577255138621968e+00
-1.496032091523044283e+00
-1.637384251239847988e+00
-2.241609162484368589e+00
-1.345924149185163232e+00
-1.190328672348003991e+00
-1.169323176676371201e+00
-1.499424940510909909e+00
-8.797952660155566873e-01
-9.000391508500523718e-01
-2.023354342189313204e+00
-1.182441960149371862e+00
-1.439984053303756451e+00
-9.556485243808739982e-01
-1.493601438800088221e+00
-9.885847090495157863e-01
-1.636802908975778070e+00
-1.555504462792246301e+00
-1.337542008862233844e+00
-1.235499257479525381e+00
-1.499058535848111884e+00
-1.592981297853790945e+00
-1.627904221456738521e+00
-1.084832775214710443e+00
-9.437746500835637598e-01
-1.573408005441913504e+00
-6.887157097457194954e-01
-1.223351683709679616e+00
-1.400574403427714776e+00
-1.234799237233124680e+00
-1.387801804035567077e+00
-1.920592578197283018e+00
-2.138721154712586170e+00
-1.073300353112764283e+00
-1.129736525265495617e+00
-1.049249112800385131e+00
-2.311176985646885118e+00
-1.195916472745174763e+00
-6.566618963506933859e-01
-2.033514188047341520e+00
-1.678742606360015710e+00
-1.322021778374362633e+00
-1.142089572491332916e+00
-1.916225619502736510e+00
-1.306222364980134110e+00
-2.122934165142684293e+00
-1.358938795830390900e+00
-1.005587655312928597e+00
-8.925098669649746963e-01
-7.965561471383608705e-01
-1.186729507502318981e+00
-1.379413341179842600e+00
-1.162042945152154783e+00
-1.169155593125843717e+00
-1.923080539065534778e+00
-9.751661839445525670e-01
-1.957377427877317722e+00
-1.788274464610340120e+00
-1.574754984948891323e+00
-1.096510575906634699e+00
-1.073177648103466941e+00
-1.210541874739857082e+00
-1.381467821991757772e+00
-1.218625876590999191e+00
-2.808303614874878562e+00
-1.226793247413186405e+00
-1.185860200144189358e+00
-1.541591664273556317e+00
-1.433817888666974794e+00
-1.091982561356513726e+00
-1.287412395063727510e+00
-2.006893252781963621e+00
-1.466942447204341970e+00
-2.194792469512880206e+00
-1.810566002723518420e+00
-2.013188845195051258e+00
-1.073118772371075558e+00
-1.306791464544058812e+00
-1.299767136547307578e+00
-1.400669633743696796e+00
-1.647924088550007715e+00
-1.238899098127564491e+00
-1.096570730773527069e+00
-8.642134919336709187e-01
-1.224923625276965522e+00
-9.630327452452391856e-01
-1.411324485045148958e+00
-1.148651394512231416e+00
-1.018539362061410269e+00
-1.068410996539640445e+00
-1.108753538490263812e+00
-1.814070221367185543e+00
-1.527707909384325990e+00
-1.338797689996531037e+00
-1.305606463237769299e+00
-1.563858596647560439e+00
-1.351757666247848100e+00
-9.100366171785578828e-01
-1.470516048695739597e+00
-1.880204278251210948e+00
-1.106145653388570738e+00
-1.379306870704386512e+00
-1.298644397866874467e+00
-1.822031517882433782e+00
-1.347935773537952020e+00
-1.210912130490970906e+00
-7.728472154841621311e-01
-1.480991419605655057e+00
-1.456438291243657313e+00
-1.188135726122449443e+00
-1.297452540472874505e+00
-1.017512897600198585e+00
-9.226475853292050999e-01
-1.503859901784244224e+00
-1.562423057837691198e+00
-1.104609278834414177e+00
-1.856444904163379039e+00
-1.160432639459507920e+00
-1.788628970593960421e+00
-1.451913195450947214e+00
-8.723995940650876024e-01
-8.752849523415593413e-01
-1.244853556824815355e+00
-1.598803202110400834e+00
-1.108529812043169249e+00
-2.111592028174900104e+00
-9.844682500937299574e-01
-1.783309117584765069e+00
-1.318238722310317357e+00
-1.616620505026038934e+00
-1.211634279374825152e+00
-1.050882448388628543e+00
-1.964064701530513268e+00
-1.296327929026810821e+00
-2.118531545823983731e+00
-1.444133082831648762e+00
-1.136479011720167520e+00
-1.952230470818477670e+00
-1.733156566004825816e+00
-1.297082835965408742e+00
-1.161405066851235013e+00
-1.213502227803881617e+00
-1.614758200842283831e+00
-1.734384409808442440e+00
-1.659739881411988582e+00
-1.446735453894968160e+00
-2.349992499072348640e+00
-2.392755599226487284e+00
-1.715067134708439411e+00
-1.169711446889814654e+00
-1.591344694219415157e+00
-1.139767263207444925e+00
-1.042951799093964516e+00
-7.735791536801503998e-01
-1.320486871067234169e+00
-1.213774626265038403e+00
-2.933614978134980511e+00
-1.359064632406856932e+00
-1.786259497571387689e+00
-1.604403734492579447e+00
-1.067517454839913338e+00
-3.724186511293227753e+00
-1.906068698827320107e+00
-1.007876928440078368e+00
-1.046640480345846003e+00
-1.772318457578239581e+00
-2.300644130580665081e+00
-1.418679648568046403e+00
-1.482268696054534818e+00
-1.874396790936732948e+00
-1.038609423917961960e+00
-1.581019199825942856e+00
-1.171804935983414397e+00
-1.910697056376566394e+00
-2.061827713794257555e+00
-2.083116503883191140e+00
-2.330834666244808506e+00
-1.373893334731277394e+00
-1.996685971442072383e+00
-1.173931412776012317e+00
-1.695250038880103283e+00
-1.369287028143774787e+00
-8.584266469306455205e-01
-1.722039062371685691e+00
-1.276231707804049487e+00
-1.162300436685904437e+00
-1.439250140000099876e+00
-2.293205459973918448e+00
-2.947570914897458039e+00
-1.897990767129878797e+00
-1.665349769990039475e+00
-1.227621000109692551e+00
-1.057676693150354952e+00
-1.163335420198151615e+00
-1.655039608367723236e+00
-1.151671741875573973e+00
-1.376262491498256191e+00
-1.946162551872488988e+00
-1.456216359208432065e+00
-1.031015391794413816e+00
-1.372765027245391511e+00
-3.065453734118729123e+00
-1.623322143452036626e+00
-1.064551308090976312e+00
-2.211891874813678882e+00
-1.063465542589236090e+00
-1.969382729069821369e+00
-9.541845207873411727e-01
-1.516698656260621725e+00
-1.496902059596588064e+00
-1.224233270928676731e+00
-1.546104930772770336e+00
-1.264693597498008026e+00
-1.090552143145921749e+00
-9.342400160474514381e-01
-1.146992181204123273e+00
-8.725721787882972924e-01
-1.774349101131785122e+00
-1.428023985904967263e+00
-1.562967148384071692e+00
-1.158316916048970802e+00
-1.049762205470245346e+00
-1.147602169443830977e+00
-8.105777808787382188e-01
-1.130169357404351649e+00
-8.155453657957885127e-01
-1.519110166431117737e+00
-1.793826660026340170e+00
-8.987320212775344874e-01
-1.180889589847978760e+00
-1.105008390840282573e+00
-1.920021877394513021e+00
-1.493484395420467070e+00
-1.459299843504911154e+00
-1.228084749423449917e+00
-1.277346144059238853e+00
-2.371656401576132112e+00
-1.525390539090913489e+00
-9.009133306944171471e-01
-1.201355063044052374e+00
-1.622690990197443339e+00
-1.641235914261238049e+00
-1.248148054923852834e+00
-1.493195169920081167e+00
-1.263461039570966893e+00
-8.336230896716463334e-01
-1.254897555815023491e+00
-1.875464192628484517e+00
-1.068735360621325681e+00
-6.986798312075364059e-01
-1.399192014851610155e+00
-1.203321846243650572e+00
-1.246800343126563293e+00
-8.872869395446080221e-01
-1.031539311406597381e+00
-1.262346144902532608e+00
-1.142827329739788178e+00
-1.266334885605170824e+00
-1.024196717835660575e+00
-1.432187060521964650e+00
-1.525030013726629941e+00
-2.016071642966780875e+00
-1.645767794485921032e+00
-2.191241745241756522e+00
-1.596645238983995796e+00
-8.068687900751803088e-01
-1.940659252920020617e+00
-1.197730032171087089e+00
-1.681134268374814722e+00
-1.899284960685631685e+00
-1.955276997937433592e+00
-2.527180049818677166e+00
-1.336218826237509205e+00
-8.824727651821240304e-01
-1.037437152222337788e+00
-1.601177633198920702e+00
-5.782847738473814170e-01
-9.941442122246700874e-01
-9.010852651512730738e-01
-7.783647353189607765e-01
-5.856376512021187475e-01
-1.206534640711474315e+00
-1.199729553425510797e+00
-1.443476622721032721e+00
-9.501433631224964760e-01
-1.147428081633841801e+00
-1.860466981537296949e+00
-1.288742415313798517e+00
-1.761547133634615125e+00
-1.075390426386203524e+00
-1.073294626650102224e+00
-1.632671928167981790e+00
-1.150776212023862044e+00
-8.058739144710359570e-01
-5.772665423199082602e-01
-9.682762573371104242e-01
-8.961893301064786099e-01
-5.114063184242505500e-01
-7.953617295928798736e-01
-1.380775595652645071e+00
-1.408856535656348941e+00
-1.099150559306014463e+00
-8.154176441603082637e-01
-8.967149824320560514e-01
-1.287117169576208253e+00
-9.979917761917822538e-01
-8.109133817279163825e-01
-1.356691042343491249e+00
-7.065430689132841113e-01
-1.021658055497182360e+00
-7.263924570814633830e-01
-7.401962372959236536e-01
-7.114006907832784998e-01
-8.801081732807034541e-01
-1.501826440484753444e+00
-8.509789240966370016e-01
-8.780828571357576218e-01
-8.052535307592800784e-01
-1.266183532779356469e+00
-6.650591214626426773e-01
-9.956396941420148083e-01
-5.213960711950120785e-01
-1.012887684400617827e+00
-1.571966286236621491e+00
-2.764678505202935899e+00
-1.294811710591810217e+00
-1.239872902436369939e+00
-1.146864373947245275e+00
-8.502490318224793509e-01
-1.094180048940365468e+00
-1.387883909345284827e+00
-1.639433170461333189e+00
-1.290168568238926117e+00
-1.189240879762441416e+00
-7.554995659389968088e-01
-1.428891590911717469e+00
-2.197925276727605848e+00
-1.374629602768149272e+00
-1.079324244895185636e+00
-1.026413014257779421e+00
-1.000873845078225965e+00
-9.959694017176234926e-01
-1.098335960701743996e+00
-9.865709139764775593e-01
-1.498454770570168071e+00
-1.097245810351627826e+00
-1.363124100165443942e+00
-1.151526470126238433e+00
-8.134853272808637570e-01
-9.034029311768765336e-01
-1.127624709337024189e+00
-1.044465453348963013e+00
-1.664728646414271207e+00
-1.382566720637391500e+00
-1.750728749507499460e+00
-1.972196849558700560e+00
-1.179970476777280730e+00
-1.979869280861443537e+00
-1.105976144905663761e+00
-2.179393628170505970e+00
-9.936191055608786238e-01
-9.235094731717115035e-01
-1.028374701223061738e+00
-6.835396858897333505e-01
-7.657216326387072947e-01
-1.154588647363334886e+00
-1.881740861783328889e+00
-9.376635067551635228e-01
-9.034697085447646048e-01
-7.784548808672180353e-01
-1.078575657650983288e+00
-1.900958531067818980e+00
-2.021548090507657935e+00
-2.340705367329695363e+00
-1.993797111314086878e+00
-1.382527116283270185e+00
-2.378351571998503555e+00
-1.699679161968599583e+00
-1.063481758408802325e+00
-1.597316770542509312e+00
-2.516434618064803619e+00
-1.349829055056234850e+00
-1.277480627229771626e+00
-1.059688960108414291e+00
-1.829653302701892637e+00
-5.784683654524300778e-01
-8.673038170175660921e-01
-1.182889046571619529e+00
-1.557473965401552141e+00
-3.101025581620655114e+00
-2.165137911833612261e+00
-9.388007120765470281e-01
-1.046344539527755968e+00
-1.110756818418051184e+00
-1.193965007714328896e+00
-1.947459168708313371e+00
-2.378332190971498505e+00
-1.349778780974384196e+00
-7.243781905415095368e-01
-1.134985018853955641e+00
-1.184008200147584455e+00
-3.081482337270993632e+00
-8.110316274429870687e-01
-1.376828374794495602e+00
-8.616574673290189335e-01
-7.728182705687994813e-01
-8.124089897651413095e-01
-9.852061397300956314e-01
-9.434476462036536226e-01
-6.676259207619991143e-01
-1.158768908514953955e+00
-1.193523711506450535e+00
-1.277476172248622310e+00
-1.326508425353328358e+00
-1.070867177949339277e+00
-1.140768646873647096e+00
-1.765243543138578008e+00
-1.463092787508891712e+00
-1.081502772007269408e+00
-1.264355180060493744e+00
-8.984510671450969266e-01
-1.218725710991088285e+00
-1.271181591544030320e+00
-2.271251489405836210e+00
-1.132700177942460806e+00
-9.722527116268657732e-01
-1.104226053472252556e+00
-1.581787506855181658e+00
-9.533049648708842305e-01
-1.788565635788225583e+00
-1.135999233960957255e+00
-9.702631829662915486e-01
-1.037362109240657082e+00
-1.051489902424608047e+00
-1.745242714858086686e+00
-1.047097141107902862e+00
-1.423492844369996124e+00
-1.052632000248329369e+00
-1.282004334035375726e+00
-1.587139052917634352e+00
-1.167588393415972314e+00
-1.029750920275862347e+00
-1.288506732596365278e+00
-7.905286599987978446e-01
-7.218834988953292120e-01
-1.011934984648329650e+00
-1.074855550627661804e+00
-1.053081619560670701e+00
-5.701083999194199725e-01
-1.451443413398200377e+00
-1.446617336059774495e+00
-7.583280873119011556e-01
-1.175299133918323413e+00
-1.241880866753032553e+00
-8.194064312858697630e-01
-9.963390969362234673e-01
-2.018716725523762801e+00
-1.927798605002971399e+00
-2.247870277830093411e+00
-1.838051705948523740e+00
-8.011217855152114042e-01
-1.001978859952748602e+00
-1.434540195883804659e+00
-1.164162579212271176e+00
-1.596956866543289166e+00
-7.746950933641033599e-01
-1.227797897865762877e+00
-1.189162298614331759e+00
-1.350943153169192001e+00
-1.043238990650650067e+00
-7.573223191980889002e-01
-1.720674629408628586e+00
-2.087050062524701044e+00
-1.276431408244947940e+00
-8.442127349256108859e-01
-1.067524345638612981e+00
-7.237293450028959851e-01
-8.125108541955335939e-01
-8.875773412438877630e-01
-1.358879650442142983e+00
-1.967681178100689099e+00
-1.744583552071320653e+00
-1.068819359210639641e+00
-1.177438926501302108e+00
-1.625126644142451005e+00
-1.727402434659877084e+00
-1.672001972297054495e+00
-1.772112448752788172e+00
-1.104567452322590793e+00
-1.616919750135268563e+00
-1.457595301988835024e+00
-1.375554032911062929e+00
-1.591232533596910192e+00
-1.245264806674236446e+00
-1.423012419617362578e+00
-1.657962039959541167e+00
-1.680065816594467965e+00
-2.688778011033648774e+00
-1.466873620020322511e+00
-2.437243214209718456e+00
-2.755862159715984028e+00
-1.446517010848151763e+00
-1.232387280284293007e+00
-9.830219465575736892e-01
-8.369887148494427054e-01
-1.782306500739456512e+00
-1.426960686891959984e+00
-7.561916355791131750e-01
-1.707994264140588747e+00
-1.712452309306537579e+00
-1.112037511583516158e+00
-1.233926143289857169e+00
-1.315733509995415718e+00
-2.355474916994280132e+00
-2.092341175594801594e+00
-1.736346280852543833e+00
-2.241956336971087094e+00
-1.668890676535954354e+00
-3.165299627890518774e+00
-2.117667216663758900e+00
-1.026934682212931271e+00
-1.294326126026544843e+00
-1.698476095624525284e+00
-4.199095764259812569e+00
-1.555697958030222372e+00
-2.320589897961162773e+00
-1.014332565594813218e+00
-1.457602057691574249e+00
-1.754469191308747789e+00
-2.043795391974716935e+00
-1.515046655108217788e+00
-1.115835186916860344e+00
-2.217723542752035648e+00
-2.308552668370016381e+00
-2.971744464287518372e+00
-8.367568992078628920e-01
-1.946157887931537323e+00
-1.594588188842255283e+00
-1.017948081275857453e+00
-1.241419225734446075e+00
-1.250203050574637320e+00
-1.837895388252138940e+00
-1.670601070470812077e+00
-1.618913071471510978e+00
-1.268821412070404220e+00
-9.322671090793468451e-01
-1.259315163102822099e+00
-1.781452683793034009e+00
-1.794711930935180888e+00
-1.613214875287832806e+00
-1.288720052716537223e+00
-1.535765225706596127e+00
-1.772389684483477224e+00
-1.502992066344406741e+00
-2.170236140720450013e+00
-1.529646003274723443e+00
-7.879723108157076217e-01
-1.407912062902898942e+00
-1.059269507555027134e+00
-1.336488943633983295e+00
-1.706256347822570296e+00
-1.432057213455915523e+00
-4.192041930863807941e+00
-3.240541229640821808e+00
-1.294464143813646828e+00
-1.470061342187255926e+00
-2.000042447668215040e+00
-1.844413103843295820e+00
-2.219325216110794141e+00
-3.041173109553267917e+00
-2.538471761885525257e+00
-2.255875984676075863e+00
-1.954559719337825241e+00
-2.455123950874019911e+00
-2.605305784069011477e+00
-2.632068335750296750e+00
-3.822188471794644826e+00
-1.625755965172767326e+00
-4.861170283653987845e+00
-8.735541492850742884e+00
-3.959854263047092093e+00
-4.655170025116282417e+00
-3.324332509210133235e+00
-2.552545316409525533e+00
-2.722052811709529951e+00
-2.335784753672631719e+00
-2.527509815466213450e+00
-1.467532000904678613e+00
-1.357912000284235088e+00
-1.410456181349194704e+00
-2.230605372415445764e+00
-3.054507219115907279e+00
-2.643443847064182339e+00
-1.529864019736735026e+00
-1.587099321136225205e+00
-2.453357901326305601e+00
-2.198853515313738072e+00
-2.155645279304354123e+00
-2.922082008906015105e+00
-2.920260213122432891e+00
-1.453031361758192697e+00
-2.844793478084656879e+00
-2.139667289366427916e+00
-1.245463585638683535e+00
-1.858076836995091297e+00
-1.620551295227394828e+00
-3.296064621063821143e+00
-2.063339403363340541e+00
-2.045893557181348132e+00
-2.564842370724464971e+00
-2.128598184632821244e+00
-1.063637932867072644e+00
-1.304946632002747409e+00
-3.155011685315728176e+00
-1.210851566311547778e+00
-9.859968288667707581e-01
-1.731814441310066011e+00
-1.269173092908572942e+00
-2.372965789219253274e+00
-1.902200523761738316e+00
-9.521103522781895201e-01
-1.284124548726471193e+00
-9.020785687584903512e-01
-1.132325115957604433e+00
-8.682307569037563955e-01
-1.107385429458284110e+00
-1.052101738253553798e+00
-1.351562804251359218e+00
-1.106430727634526434e+00
-1.237009098047745947e+00
-1.055052511437503782e+00
-9.280876290996997735e-01
-1.238676518083097644e+00
-1.506135327573773441e+00
-1.208111718812837188e+00
-1.300637705830011370e+00
-1.495894273434889898e+00
-1.152004675597491090e+00
-1.171114716739139361e+00
-1.650166034061721687e+00
-1.169129651426415117e+00
-1.728117943391928923e+00
-1.808526829722803653e+00
-9.642309490603246935e-01
-8.438357000270317876e-01
-1.116825760165246262e+00
-1.098629800177799654e+00
-9.635906726921538157e-01
-1.059124293042738696e+00
-9.213560883268776536e-01
-1.227132093255282275e+00
-1.540075498886943839e+00
-1.250928680008560390e+00
-1.463079964972369584e+00
-1.312397686782608819e+00
-8.625536469144461371e-01
-1.114513999683622858e+00
-6.948319843253801809e-01
-7.286436589712158574e-01
-1.273721654562882444e+00
-1.175384430658550361e+00
-1.635921579270569914e+00
-1.318434947641866195e+00
-1.798680277223868806e+00
-9.351555521317295172e-01
-7.586888501561531717e-01
-1.237193785604214114e+00
-1.606927925698490522e+00
-1.303001321407766477e+00
-7.094086934276454537e-01
-1.335503446998653532e+00
-1.291741080940707054e+00
-9.096479399384257425e-01
-1.399771413540303433e+00
-8.756181435062778684e-01
-1.040283030388694518e+00
-1.079611256713479461e+00
-1.243154824400649838e+00
-1.095066051674295160e+00
-1.019397280183572896e+00
-1.779996446950216527e+00
-1.844143582927242564e+00
-1.340865686475622764e+00
-8.603535212391693054e-01
-1.294545278960590240e+00
-7.862616572075760146e-01
-8.767213526500322596e-01
-8.365714550368001934e-01
-8.772931990923407142e-01
-1.420967669879080519e+00
-1.104225026111242070e+00
-1.055140449726345908e+00
-1.148320817152770790e+00
-1.607103031450450414e+00
-1.006913497972352411e+00
-7.252245546076668825e-01
-9.345903477684335270e-01
-8.418675004393934014e-01
-8.522153155767141497e-01
-8.114201704165583395e-01
-9.999917798001092262e-01
-1.080194708024081907e+00
-7.889945596320846466e-01
-1.425657895149479382e+00
-9.768854574409102653e-01
-1.101665088467863818e+00
-1.153281115191357564e+00
-1.370033715365762017e+00
-1.490600917126789104e+00
-1.031288950186444175e+00
-1.047830444912459802e+00
-1.175949523064122815e+00
-1.005779489498991985e+00
-1.183935342324315743e+00
-9.750408595996126193e-01
-1.165593719020679098e+00
-1.216475102603070013e+00
-1.414752200623130118e+00
-1.405636180681163694e+00
-8.172613974458472486e-01
-5.888670259288877329e-01
-1.127086112079905611e+00
-7.488834972066741313e-01
-1.148581931139847967e+00
-1.476488382289292245e+00
-7.248148053573227889e-01
-9.728879422315060976e-01
-1.514686326647912917e+00
-1.440627037501240437e+00
-1.391961765230583792e+00
-9.571106378976159679e-01
-6.866560445360353482e-01
-1.681584085280354302e+00
-8.511559061048920016e-01
-7.328650091827012547e-01
-6.100068464048632455e-01
-9.687853076371137906e-01
-9.156433365298662919e-01
-5.146717869795306433e-01
-6.858987689614566285e-01
-1.221767764470700346e+00
-9.243997739851712581e-01
-1.608951364556344465e+00
-1.172809947593098201e+00
-1.191515121211758954e+00
-1.446936844612263240e+00
-1.519318363270932837e+00
-1.006595276176533771e+00
-1.103046929838510382e+00
-9.794108031150040583e-01
-9.985161869594604278e-01
-1.317147911619700906e+00
-7.884825010378690990e-01
-1.175186583226604853e+00
-1.245408797784466337e+00
-1.455367342195554414e+00
-9.824137037921150117e-01
-8.836834164881719467e-01
-1.132277490899035843e+00
-7.400507473392595736e-01
-1.035736851097736722e+00
-8.144276485211821015e-01
-1.001559363968965943e+00
-8.835963797460096858e-01
-9.334892741346006995e-01
-1.844044260355629072e+00
-9.485092163441219970e-01
-8.110273681358175502e-01
-1.107010701382822759e+00
-6.383363461798418070e-01
-1.372771566373942820e+00
-1.084279662361874896e+00
-9.651859295998681532e-01
-1.577294355226516620e+00
-1.267008504051658768e+00
-8.910549016592268501e-01
-9.126652744694214725e-01
-5.988394821624338782e-01
-9.827326280002600667e-01
-9.210158913308599260e-01
-9.903322485122043606e-01
-9.385512243730447235e-01
-5.736244716995870796e-01
-1.304548980573008832e+00
-9.649436212294051352e-01
-1.219365139049847002e+00
-1.147742480388314501e+00
-8.886253838903842572e-01
-6.788784019664775293e-01
-9.537757269388721371e-01
-1.203577078862429151e+00
-9.001582607529429181e-01
-9.481997544588222082e-01
-7.973843272659539849e-01
-9.690175060385078920e-01
-1.247441524697800563e+00
-1.226049146367168552e+00
-1.365421544862767345e+00
-8.189807656693283144e-01
-8.743310043632159800e-01
-6.646341822816894673e-01
-7.369885020198960746e-01
-9.758346324792852577e-01
-1.089256541001857981e+00
-1.669280532221536939e+00
-1.922466387823184908e+00
-1.199656317712750386e+00
-1.797614548422054703e+00
-2.055336929579573813e+00
-6.827002869286395992e-01
-1.558475982319185826e+00
-1.741617919283995564e+00
-1.240481526730889517e+00
-1.329491659649010948e+00
-6.998215467522899136e-01
-8.773655704118632492e-01
-7.852556298690890335e-01
-8.165807735154447800e-01
-1.156873178855719608e+00
-6.532519767937416955e-01
-5.442212607595612317e-01
-4.855827858303474742e-01
-1.432295741741230977e+00
-1.457544867564941393e+00
-1.001103969087904000e+00
-9.788112072821254506e-01
-1.105712238780928836e+00
-7.784019676219579020e-01
-8.751951675985798484e-01
-1.064163459434588122e+00
-1.577734301298484798e+00
-8.162361188982056870e-01
-2.091350289638418847e+00
-9.602392092409294255e-01
-8.190493220744297087e-01
-1.050726973288855781e+00
-7.332842818591334133e-01
-9.133427490350612965e-01
-7.697717046286510767e-01
-4.626508779017520223e-01
-8.083523664310906520e-01
-9.115226186902263272e-01
-7.469869298615932074e-01
-8.765642180399565442e-01
-8.364838377056101892e-01
-7.303834464073301058e-01
-7.416881603688594282e-01
-5.456149052841964275e-01
-8.210823631025557789e-01
-6.270960540337587874e-01
-5.617550778918729559e-01
-9.319901454185066658e-01
-7.469511780123206934e-01
-8.425456283705043958e-01
-5.331813852716199564e-01
-8.580661766062427365e-01
-8.736535145286556947e-01
-1.793679161083137741e+00
-9.735136990762582876e-01
-8.083035210839207840e-01
-1.166923044811121857e+00
-9.814196876635842282e-01
-5.736455629086973929e-01
-1.233228629158060752e+00
-9.148373154714166677e-01
-4.661190703870661256e-01
-9.133158639437037873e-01
-9.065797323804208885e-01
-5.622274119461351249e-01
-7.760562783358292416e-01
-7.295589952669647715e-01
-1.127228523557863404e+00
-1.129792573911781117e+00
-1.280947931331364309e+00
-5.392506890587226431e-01
-5.473089628125007433e-01
-1.490722675931720254e+00
-6.996686440015300601e-01
-6.688035055527363770e-01
-8.282962357235597040e-01
-1.452376314730239537e+00
-1.159264064784234272e+00
-8.736172122703458331e-01
-7.606720825384338802e-01
-9.158664601985371245e-01
-9.985570385086409706e-01
-9.153914595273123789e-01
-1.604219944146251686e+00
-7.741157745476630048e-01
-7.902617379644064632e-01
-7.293981074356346017e-01
-1.129254134758374661e+00
-8.069104005893954490e-01
-1.106720779730179460e+00
-9.483497377725884636e-01
-8.167609154378070446e-01
-7.101402310057938205e-01
-5.062333261812921315e-01
-9.234076020306283272e-01
-8.686485203928944188e-01
-7.084855499442238580e-01
-1.841130433504230002e+00
-1.809707663685037105e+00
-1.060233241129794779e+00
-1.034059524279379971e+00
-8.669967327597437601e-01
-8.957468822719266699e-01
-1.413860201156216689e+00
-8.982927676232711489e-01
-6.296899432254289275e-01
-7.835437127291335901e-01
-4.906583453277555962e-01
-1.031443175096782072e+00
-9.713163542861692479e-01
-8.574113184598723958e-01
-9.790611638731594457e-01
-5.657691139073877107e-01
-5.291579213692406691e-01
-9.522051704581862008e-01
-1.161631450035350399e+00
-8.520113752087118408e-01
-7.881633560911396330e-01
-8.508837146304755183e-01
-5.930709328318118922e-01
-7.073985002289927548e-01
-8.660895462182243154e-01
-1.176402629600059146e+00
-1.268454964681824837e+00
-8.019696497252470913e-01
-9.049096691472475751e-01
-6.832765140200244280e-01
-1.183858287816097921e+00
-1.047514568841137139e+00
-1.512513571118449196e+00
-1.450788383920152524e+00
-9.374044689109501949e-01
-1.680454246258388018e+00
-1.282886316706311813e+00
-1.118140216760454164e+00
-7.085903057651329329e-01
-6.441392253969492332e-01
-6.866710857348171659e-01
-6.894538388417693620e-01
-1.775684133071041559e+00
-3.870200017002964898e-01
-4.567812718541897632e-01
-4.762203615556482861e-01
-8.297835368102466358e-01
-7.279796648387889535e-01
-5.692608073227072296e-01
-5.800930953269798351e-01
-9.628131234637236080e-01
-1.114990244168081013e+00
-1.009265931416438278e+00
-7.889508285156309197e-01
