-2.351770396217865411e+01
-2.196402458461842855e+01
-2.547363459390653873e+01
-3.176673851893508882e+01
-3.578136192837279594e+01
-2.439880907891350503e+01
-2.976985319839318933e+01
-2.642081353333410831e+01
-2.636497051317203955e+01
-1.884543584194737420e+01
-2.172423066023115723e+01
-2.181060794322653607e+01
-2.557855288057378473e+01
-2.771592521488208050e+01
-2.737081655760797005e+01
-1.995960573931220594e+01
-2.625746351337312490e+01
-2.570201029012456573e+01
-1.741973789575968112e+01
-2.931841277549097313e+01
-3.280123443393859617e+01
-3.166924724171544625e+01
-3.223620701526456145e+01
-3.644959038268235219e+01
-4.254176303957186889e+01
-4.246162054165812805e+01
-4.482639696453429679e+01
-3.137858440935776372e+01
-4.353408130206622673e+01
-4.289406426286829799e+01
-4.296332699338363170e+01
-5.656978497308168130e+01
-5.229584455056387782e+01
-3.905046189596257733e+01
-3.645226689927515906e+01
-2.282993607490212185e+01
-2.479653468507548908e+01
-2.642354953353393654e+01
-3.599866802567430568e+01
-3.398737905250420965e+01
-2.958771426856574038e+01
-2.053153136497376607e+01
-2.311652193817883116e+01
-2.373945882853904266e+01
-1.848095190272428212e+01
-2.046270548984423243e+01
-1.900602601202035657e+01
-1.970350451120322788e+01
-1.956624799749092602e+01
-2.195782500071447174e+01
-2.410429484232590625e+01
-1.941642947370632655e+01
-2.434509940043010801e+01
-2.057304988670940915e+01
-2.424231503911785168e+01
-2.759676727450665723e+01
-2.665238618961821615e+01
-2.313487337481788586e+01
-2.869598619097630632e+01
-1.858534841523203340e+01
-2.837108839223069445e+00
-1.842776082356111544e+01
-1.675430872756566103e+01
-2.094878154871057063e+01
-2.211795824350078021e+01
-2.047926370012699238e+01
-2.011961666342553201e+01
-2.129568719545110511e+01
-2.189984429288532297e+01
-2.234849883413799176e+01
-2.283869244171307145e+01
-2.343142181409761093e+01
-2.291009475944174412e+01
-2.423099527962100197e+01
-2.340355349449109212e+01
-2.221243310300152984e+01
-2.228514156176021643e+01
-2.231320523744066264e+01
-2.082426046744329540e+01
-2.410217921978354738e+01
-1.947717619709206360e+01
-2.287294532863733920e+01
-2.526525244756816235e+01
-1.930442208435270146e+01
-1.779249467003517182e+01
-4.056814608335953309e+00
-1.996302685218688211e+01
-1.897839182425032689e+01
-1.456334670687546762e+01
-4.717415546029277706e+00
-1.609489887917749229e+01
-3.783023896209218417e+00
-4.024599169120148368e+00
-1.627842730502919721e+01
-1.809982640818130051e+01
-2.173827469056416462e+01
-2.060763810344314706e+01
-1.433448132757851390e+01
-2.072559878327363947e+01
-2.317529026767171274e+01
-1.946603964404341625e+01
-2.214203758910796083e+01
-3.921411749561447557e+00
-2.441810039730023973e+01
-2.078059906033998416e+01
-1.871972267375181076e+01
-2.649796767432775013e+01
-9.972999842999426434e+00
-1.692637598721826109e+01
-6.065198675777121018e+00
-3.856409240510322523e+00
-1.592098330011802609e+01
-1.917171078578754617e+01
-1.447405584756041286e+01
-1.800919661377466952e+01
-2.160515492399877147e+01
-1.790613002060627323e+01
-2.231060074113321434e+01
-4.350266461354020286e+00
-3.279614801386200540e+00
-7.195597577143652224e+00
-5.422931857640016062e+00
-3.164490218783291731e+00
-1.249618112940284220e+01
-4.319268602403218082e+00
-7.046416014466116984e+00
-3.328724008584065697e+00
-7.021244105592094442e+00
-2.030446773947710071e+01
-2.264712690516264715e+01
-3.866926307709324107e+00
-3.551949975594577591e+00
-3.600212415228255747e+00
-1.237639854786414340e+01
-3.775410968436693882e+00
-3.672183128711496103e+00
-2.073834461372268834e+01
-5.154908347706350646e+00
-2.070983296800715578e+01
-1.650687264038618807e+01
-8.086446854561859965e+00
-2.048459808211735123e+01
-1.817244972549700677e+01
-1.748355281332341349e+01
-1.942068030062628026e+01
-1.864585123015084278e+01
-1.892511748971096353e+01
-2.002899306968273407e+01
-1.804634920521871777e+01
-1.654026512688878725e+01
-1.832102242281703042e+01
-6.632873408790520564e+00
-2.103522475871332986e+01
-1.662694692095734084e+01
-2.523863090865241077e+00
-1.693382821466498811e+01
-1.580174782983145043e+01
-3.579014421418109215e+00
-1.854632733175854398e+01
-9.850686337967355044e+00
-7.046134235713370053e+00
-2.040132061945278608e+01
-2.822337684378423805e+00
-2.139313514262250848e+01
-2.210496479547597559e+01
-2.169327670536674191e+00
-4.526991854565836526e+00
-1.678132083244041795e+01
-2.129885933931003095e+01
-2.612208746306870832e+00
-5.989667587108387536e+00
-1.998362885262046973e+01
-1.677546525351314344e+01
-2.014212950548003178e+01
-2.612170719830956944e+00
-3.866367871867386619e+00
-1.152991315843813247e+01
-1.484820078741927896e+00
-4.575840429127298492e+00
-3.872591273507791421e+00
-2.988337913871160101e+00
-3.407362417723697856e+00
-3.454900941567834227e+00
-6.188600955508329449e+00
-1.857298565331920770e+01
-1.729219528153819496e+01
-3.506742477464863672e+00
-1.357176067639019124e+01
-1.891114561838275421e+01
-1.968525889500299186e+01
-3.869197209946941385e+00
-1.905408377472635806e+01
-7.607049311954243720e+00
-6.673630457499441171e+00
-1.979365479787046667e+01
-1.558422928683500785e+01
-1.213087739481927763e+01
-1.732252992406527170e+01
-2.311342565954184192e+00
-2.008223580624117233e+01
-1.864521380359761693e+01
-9.273114590898416054e+00
-1.266060120613766316e+01
-3.547990924158043669e+01
-3.258892253446192910e+01
-3.361206319221212624e+01
-3.203957478728505492e+01
-2.454498886675094838e+01
-2.059423369174299268e+01
-1.386638279609670654e+01
-1.866923735806961915e+01
-4.841079378471309980e+00
-4.351887907589365945e+00
-9.239560166304993771e+00
-3.674177016596516854e+00
-3.791522217319359456e+00
-2.790734326055688719e+00
-1.629036363507942120e+00
-2.319920001538115173e+00
-2.238307545300585844e+00
-1.874145634558639806e+00
-2.247476728527268097e+00
-1.921702291605184243e+00
-2.025490384635834307e+00
-3.964429111610298317e+00
-2.596068506715347279e+00
-4.550030795958493357e+00
-1.962275342501784037e+00
-2.636811653462079352e+00
-1.651293113218133879e+00
-1.386701323527153695e+00
-1.575785701196367627e+00
-1.510612193185018715e+00
-2.576971271050267909e+00
-2.827914557971387577e+00
-3.893878955571314915e+00
-3.964165290456497903e+00
-1.615131855574118536e+00
-4.503388260599746395e+00
-3.287040939475733392e+00
-6.084286122570979671e+00
-1.686086903559814276e+00
-2.031802826633057890e+00
-2.829272409880719152e+00
-1.998854446441431731e+00
-1.748643195627971325e+00
-1.430285098559180401e+00
-2.483890783433035487e+00
-1.765383615063634393e+00
-1.408815386026682770e+00
-3.361463742871732219e+00
-1.326798109899160583e+00
-4.512500677817877559e+00
-8.861241235258735527e-01
-1.449870506817787952e+00
-1.486459196804206240e+00
-1.158809114112725913e+00
-1.591780537523069405e+01
-2.156644670244433115e+01
-2.207984718552470582e+01
-2.071113921972719041e+01
-2.188865492673764024e+01
-2.202576760104131992e+01
-2.148344012619518040e+01
-2.053378942285796782e+01
-2.026772561077425294e+01
-1.874618376558910526e+01
-1.944756647432145868e+01
-1.285632838976849257e+01
-6.418569078480917511e+00
-3.616808905159687892e+00
-8.425866189257204653e+00
-3.357744330014592382e+00
-1.723587546085167332e+01
-3.137362793609953471e+01
-3.423630475962360009e+01
-3.341910455460379836e+01
-3.414029018933950965e+01
-2.196299731664725741e+01
-2.860224869101494249e+01
-2.538654529935692850e+01
-2.783328094572607370e+01
-3.502500574258161237e+01
-2.597374310936195485e+01
-2.547760241969019646e+01
-2.848977750459537361e+01
-2.923387347597787311e+01
-2.795727179171658605e+01
-2.805527030081726991e+01
-2.554563257624835160e+01
-2.592665173055966932e+01
-2.581402876683543468e+01
-2.352873435790116829e+01
-2.105774613432857834e+01
-2.630118182401825067e+01
-2.001250600969688875e+01
-2.042167470877314273e+01
-2.712656978530770857e+01
-1.787744840040956618e+01
-1.992532105699390499e+01
-2.244682853708108539e+01
-2.856722433622923774e+01
-2.583887044450721859e+01
-1.647371882651653152e+01
-1.884987501691987077e+01
-2.660109326881836722e+01
-2.664927055810845147e+01
-1.736227240460611654e+01
-2.358389004312235215e+01
-6.550624688927455530e+00
-6.129219408270608405e+00
-2.342397340439163145e+01
-2.709130407320018463e+01
-1.959564878434416002e+01
-2.486123149209115013e+01
-1.817961524629473047e+01
-2.213809162154656818e+01
-2.156221533557940617e+01
-2.611787116105238837e+00
-2.540173004089549380e+01
-2.283306578614263316e+01
-2.186142773848618148e+01
-2.409149859332196897e+01
-2.211825776596110771e+01
-1.660559638981049702e+01
-2.948688711574263621e+01
-2.234850158231197170e+01
-1.963354445885228827e+01
-2.116155094833025885e+01
-3.096074827732847012e+01
-2.712307607390652109e+01
-2.189407675676857679e+01
-2.768030896055001477e+01
-1.924037067737725337e+01
-2.395044646856988280e+01
-1.899426824801282621e+01
-2.310556381919962732e+01
-2.649602904509422885e+01
-2.090567523410480177e+01
-3.055230420784302581e+01
-2.517596611710690624e+01
-3.997351599603732097e+01
-4.245832564178279256e+01
-4.079203991157664433e+01
-3.697867390418156219e+01
-2.805100729533176107e+01
-3.535770739159658405e+01
-3.119905765982789347e+01
-3.435609912314195213e+01
-3.223927417822118713e+01
-3.244678174597373044e+01
-3.281436380316856827e+01
-2.707648476890014422e+01
-1.982433424584300852e+01
-2.653994953442508020e+01
-2.774057242153769920e+01
-3.119489601495597597e+01
-3.068947267079810715e+01
-3.194539923837819373e+01
-2.660022677063438223e+01
-2.378450790834546069e+01
-5.950638310828382238e+00
-2.312160691307549243e+01
-1.414758271493609953e+01
-4.225062588763228710e+00
-2.490187822981455668e+01
-8.868117961665760163e+00
-2.362838725972305909e+01
-2.104626594680892282e+01
-2.369963809289802015e+01
-2.600635655775067079e+01
-1.803688443552540832e+01
-1.743893851883249368e+01
-1.542233466219552795e+01
-7.969387956938759565e+00
-1.161950381222058937e+01
-3.358775982695783036e+00
-1.782987148891409035e+01
-1.928499211394855095e+01
-4.774992404139924318e+00
-3.819314449968218117e+00
-1.717462927050672761e+01
-1.259307061078971657e+01
-7.927063944090584791e+00
-2.472209148757309016e+00
-1.587780364313668890e+01
-2.861026563789000665e+00
-3.152697927616046059e+00
-3.096645722807150225e+00
-1.811418165944127168e+01
-1.658017699225080577e+01
-1.696123645233135235e+01
-2.103242454904590275e+01
-2.119152707160315785e+01
-2.120798902044109724e+01
-5.742633548856070469e+00
-2.087531731376033051e+01
-1.818322730068978643e+01
-4.456445090518914576e+00
-2.058612784357172742e+01
-7.014728550895820369e+00
-2.031637837780574785e+01
-3.741616591734370001e+00
-1.985191355977242011e+01
-4.311321603798620394e+00
-1.976718083707691420e+01
-1.445784247172438697e+01
-2.010568652726036021e+01
-1.823212302278484032e+01
-1.781036343613742190e+01
-1.346335507548763744e+01
-1.750494336721648736e+01
-1.329583457564672244e+01
-2.010338245193328532e+01
-2.185860811051903596e+01
-8.587827269292931831e+00
-2.309317576648138726e+01
-2.423720579235830286e+01
-2.465764699439015928e+01
-2.845433068711053792e+01
-2.156374757117835372e+01
-2.641187738899109050e+01
-2.741921532788170168e+01
-2.102681806520944718e+01
-2.683844819021222960e+01
-2.905386999092747757e+01
-2.578527530537373735e+01
-2.415996059197985346e+01
-2.823499358015156346e+01
-2.076992721973533662e+01
-2.682838548961066749e+01
-2.181637410857469561e+01
-2.442244179206225851e+01
-2.523798672274111254e+01
-2.838687075960153550e+01
-3.013607557177433094e+01
-2.082972232219380970e+01
-2.564292341060913571e+01
-1.887834494406749286e+01
-2.293576723838766185e+01
-2.024907284523795425e+01
-2.193144545795863110e+01
-1.085368721489311028e+01
-2.180677689334629576e+01
-7.590569150851069757e+00
-1.968691088746366802e+01
-1.941861459338597840e+01
-9.473092357371559302e+00
-1.854381073568928429e+01
-1.908099956741741110e+01
-3.484924740239496277e+00
-2.261933778549590812e+01
-2.869692161986355217e+01
-3.132068550217839942e+01
-3.197612282768116287e+01
-2.888706837379050540e+01
-3.097177567540793675e+01
-3.163616635569768576e+01
-2.660162796462017809e+01
-2.680767412509712955e+01
-2.502379770532126102e+01
-2.540585006452950267e+01
-1.450998863075264289e+01
-2.250080043063064750e+01
-1.955366223061636077e+01
-2.244353619288633439e+01
-1.924428407443985023e+01
-1.892664074658770090e+01
-2.063916233623011465e+01
-2.051014317045956403e+01
-1.580023770195678345e+01
-2.277692123076224107e+01
-1.036760487842504652e+01
-9.877201532109285864e+00
-1.681138614809564302e+01
-4.158911979601762177e+00
-2.129994810934342908e+01
-2.050254054916958424e+01
-1.132259915476825540e+01
-8.047039664238715417e+00
-1.336664923772759117e+01
-1.168463556999166642e+01
-3.918154644668511377e+00
-2.691881268481392642e+00
-9.499731638757387131e+00
-4.111668767736321506e+00
-1.223257428890920018e+01
-1.872098498462387184e+01
-8.942315857130930468e+00
-1.286054746380484026e+01
-6.687243949011296706e+00
-1.758523455798291835e+01
-1.739230712128973977e+01
-1.927619892660586132e+01
-1.548981872523329173e+01
-4.973001412547961131e+00
-6.643282529026782512e+00
-2.477186535871551687e+00
-1.274949181608630866e+01
-1.834966993604124141e+01
-1.852443627455040343e+01
-3.445822550780155424e+00
-9.130737559291558725e+00
-8.499619856660318717e+00
-4.175565247711289452e+00
-2.461945422020102914e+00
-2.978082369151483277e+00
-2.707984983263425516e+00
-3.159210585403550375e+00
-2.155985783273107970e+00
-1.344940026771863195e+01
-1.576382726299800652e+01
-3.871492932403175047e+00
-2.334148450113337603e+00
-9.861992216013648616e+00
-3.164389600524658341e+00
-3.559419333152002984e+00
-4.231570899463445556e+00
-1.294351215823392565e+01
-1.209636252649199051e+01
-1.963534774049211729e+00
-2.340695482893565327e+00
-2.684789012557033505e+00
-2.439388579820720881e+00
-2.809328523280801626e+00
-2.329125587610956227e+00
-1.773709674895156851e+01
-1.181487139532989694e+01
-1.582620858129787367e+00
-3.827731133778544681e+00
-1.779574103246288175e+00
-1.559232267625114687e+00
-1.775482364197063134e+01
-3.438092858673786889e+00
-1.706285317953325942e+00
-1.465804784613666589e+00
-1.478559404162966384e+00
-1.964033052669799995e+00
-1.432299441050034261e+00
-2.115681748379492966e+00
-1.734650291077504791e+00
-1.735735024874968779e+00
-1.592233235793689028e+00
-2.054883990230170987e+00
-1.557507991409691428e+00
-1.565913439603105139e+00
-2.117831231852478791e+00
-1.190585656161445405e+00
-1.248727693877217382e+00
-1.057099274431230196e+00
-1.363055422254247695e+00
-1.505476121790635391e+00
-1.681082111397127710e+00
-2.244529733847704378e+00
-1.026369819986635346e+00
-1.453233147470321951e+00
-1.519537469086684522e+00
-1.446701449057953281e+00
-1.921205304112377554e+00
-2.950965261152352692e+00
-1.649372101721550576e+00
-1.767717886617746981e+00
-1.902020239401140511e+00
-1.631855490118409246e+00
-1.536837800354638128e+00
-1.545123042420459170e+00
-2.069664646690061005e+00
-1.609951611959593576e+00
-2.118431395527371031e+00
-1.892603058786812120e+00
-2.108102184629945253e+00
-2.147373702258160932e+00
-1.247008120571374556e+00
-1.260561360360124894e+00
-1.642994294648739917e+00
-1.536613065833448255e+00
-1.716759253919580175e+00
-1.637967384752924804e+00
-1.958820502385836271e+00
-1.289352515459843973e+00
-2.028047012859090170e+00
-1.342727289059354012e+00
-1.740070428296851768e+00
-1.932295228309060198e+00
-1.595544884753840487e+00
-1.415597418043812672e+00
-1.474420256744423341e+00
-1.788764933469848106e+00
-1.918467191275584183e+00
-8.704296355214615755e-01
-1.761893346671066229e+00
-1.345584348772204342e+00
-2.515609035481098044e+00
-4.193900339910639374e+00
-4.130384668959742100e+00
-3.817625431428473881e+00
-3.838591776340013695e+00
-2.937382469654174155e+00
-2.799331126779281753e+00
-7.283392151106287571e+00
-2.543892795850122290e+00
-1.528795135417449824e+00
-2.134214121016064336e+00
-2.582567944706196883e+00
-3.271925564432030864e+00
-2.628686925873826130e+00
-2.558620461927834988e+00
-3.233555211790762662e+00
-2.819004351216090498e+00
-2.571483114906090606e+00
-2.025862632539028318e+00
-1.670883312932379239e+00
-1.846491512637902233e+00
-1.729172091337646489e+00
-1.248031263999469065e+00
-1.749960237618995329e+00
-2.027886655268535954e+00
-1.392877850088421132e+00
-2.407198492574377013e+00
-2.055807806721616782e+00
-3.142847563844836767e+00
-3.372427006964549445e+00
-2.498475511828030626e+00
-3.141553492603998077e+00
-2.399876951840569816e+00
-2.346152106208108101e+00
-2.493490520174653557e+00
-1.968194373592095481e+00
-1.420813921768864896e+00
-2.070762751807061264e+00
-2.280846165071793941e+00
-1.954709364072521494e+00
-2.068195320396928771e+00
-2.222825446509107739e+00
-1.778577776259089971e+00
-2.242629423774056274e+00
-2.180938819269535145e+00
-1.893007408992234186e+00
-1.621185090172764465e+00
-1.979902774951225464e+00
-1.515293807821186389e+00
-1.182251290892365914e+00
-1.390875238516037005e+00
-2.189707079775048193e+00
-2.414603702930079532e+00
-1.458766791809224417e+00
-1.774190390669704076e+00
-1.150987875638255442e+00
-1.668273615753155692e+00
-1.445506385662026272e+00
-2.766948369875438019e+00
-1.300803029623326390e+00
-3.374887553360396808e+00
-1.883964670004802056e+00
-1.594841961953228138e+00
-1.369124864981120515e+00
-1.228968614135682147e+00
-1.619849283110601723e+00
-2.004635909174316222e+00
-1.411319801052898448e+00
-3.916025654429668101e+00
-2.408423180292039500e+00
-2.250289928627336344e+00
-2.797935184974683409e+00
-2.091135966982005989e+00
-1.454925080338044241e+00
-2.588214384857959960e+00
-1.948884137397015603e+00
-2.023982120903099258e+00
-1.054498241011522230e+00
-3.472946609839809629e+00
-1.332224612095794347e+00
-2.972025766067059926e+00
-2.161406415135818992e+00
-1.859528443742433979e+00
-2.428062228487363861e+00
-1.758620089302126877e+00
-1.894005670523208673e+00
-4.360184713602202500e+00
-1.385465035584709348e+00
-2.897654922810737776e+00
-1.072044536230109424e+00
-1.057903881082419284e+00
-1.609905344674128935e+00
-3.265854898011970597e+00
-1.904008049327384322e+00
-1.901006361801673039e+00
-1.888896077485061831e+00
-9.027776306900416881e-01
-1.505510396401314122e+00
-1.793201184560674122e+00
-2.016731036645519559e+00
-1.403219826090334577e+00
-1.806625196161962599e+00
-3.267832662447797798e+00
-2.022393968247707452e+00
-1.558327692519457353e+00
-2.052602660780485699e+00
-2.658088004717339192e+00
-1.221705137942834307e+00
-2.879655402088504790e+00
-2.437612271344749892e+00
-2.299957673551947135e+00
-2.578681498080156231e+00
-1.354100317025808575e+00
-1.338122640171768962e+00
-2.089306385672407895e+00
-1.218175556440359575e+00
-1.926490654856376494e+00
-9.756183920699824652e-01
-2.029746958170469018e+00
-1.533871732598026227e+00
-1.830605702320330597e+00
-2.086705814600677389e+00
-1.519982707056668936e+00
-1.660059457097868618e+00
-1.469463223035140986e+00
-1.639796259836837189e+00
-1.983890408003605943e+00
-2.912518006313729924e+00
-3.076840048827942375e+00
-1.637346748323696533e+00
-3.145653190321769710e+00
-1.428528371867850755e+00
-3.196432362335935196e+00
-3.125913877818118358e+00
-2.414009908834338969e+00
-2.915975587145399839e+00
-3.410477347088614941e+00
-2.529255508748265324e+00
-2.273425567551147441e+00
-2.180801944782362334e+00
-2.659072838333668365e+00
-2.674973935612102505e+00
-2.716471607774149088e+00
-1.266421329156185216e+00
-1.470851464259550934e+00
-1.925799448551876125e+00
-1.123189363164055932e+00
-2.772643592419459235e+00
-2.058077323002898140e+00
-3.285620304754254484e+00
-1.749915619223614494e+00
-2.173297308831988239e+00
-2.583438092271904907e+00
-1.799930147321215257e+00
-2.061068030807340357e+00
-1.378683013551336156e+00
-2.904555415651818073e+00
-1.720136679641110611e+00
-1.981579042244834055e+00
-2.292948407059001159e+00
-1.402900940821923292e+00
-2.573359396486587958e+00
-1.459633900347563351e+00
-1.471205252445419998e+00
-3.008567233882370573e+00
-3.043236547849354601e+00
-1.949295090712324097e+01
-1.905950920200924514e+01
-1.750478448941332488e+01
-1.180525473319857888e+01
-3.706210632318170717e+00
-3.327844370853506373e+00
-2.338590432377209094e+00
-4.240070328835538582e+00
-8.172416655655322160e+00
-3.785359604328653038e+00
-2.205317184561316424e+00
-9.964864860450180828e+00
-2.395498345207824453e+00
-1.868877390752313072e+00
-2.550535522494078222e+00
-1.648874597449353274e+00
-1.742895529753628825e+00
-1.361056445726553710e+00
-2.406683419888543618e+00
-1.337795723994253505e+00
-1.044887999195048822e+00
-1.630440354725588126e+00
-2.550930240831163154e+00
-1.230093059851659509e+00
-3.240473790430221435e+00
-1.157772788542056119e+00
-2.543091686148776898e+00
-1.287324823551034392e+00
-1.428805711601017547e+00
-3.138676994255199748e+00
-2.661129667322863046e+00
-1.870389456945412920e+00
-5.437468763692296925e+00
-1.821127553740451210e+00
-3.738510781588004317e+00
-3.480290524399887619e+00
-3.034121277340508627e+00
-2.214979670371421960e+00
-8.636487972296783555e-01
-2.477679274732437431e+00
-2.019195941474383638e+00
-7.607512665800603147e-01
-1.226323795142124196e+00
-1.952983382737453644e+00
-2.380602095928673112e+00
-2.122072530133161994e+00
-2.602651609253444853e+00
-2.730061885544613265e+00
-1.229368519083275713e+00
-1.923957803781999099e+00
-4.864303264357497270e+00
-1.273743863179931823e+00
-1.891907836468430304e+00
-1.769498099467561314e+00
-3.320760142640268864e+00
-3.551928290147921885e+00
-1.828111394924102795e+00
-1.848224306487320279e+00
-4.036868599427279491e+00
-2.204122268529624229e+00
-1.517882012938136294e+00
-2.563910730659214821e+00
-2.017044778811814876e+00
-2.220991983446501283e+00
-2.212239559264419064e+00
-2.202042996716874868e+00
-2.439394333516550883e+00
-1.684319933517384849e+00
-1.303100717016851373e+00
-2.052728611754154997e+00
-1.614369690506209043e+00
-2.334242906452912436e+00
-2.499865705679189976e+00
-2.443777231380091397e+00
-2.327869076941730064e+00
-1.963774827724813044e+00
-3.188662619242767171e+00
-2.102735287670890241e+00
-3.348246565262284591e+00
-2.299820069230629649e+00
-3.229629889107995755e+00
-3.030274628796634229e+00
-1.272933254408433079e+00
-1.822702192976627611e+00
-3.092737035296615922e+00
-2.172672132448118631e+00
-2.206812529243044274e+00
-1.689612115510451762e+00
-1.718573699926929654e+00
-2.292931557695660594e+00
-1.106782812468649624e+00
-1.304266813849222384e+00
-2.013432214872625803e+00
-2.234124259344487218e+00
-2.071003778826343567e+00
-2.071654523275194393e+00
-1.313351404941372591e+00
-3.705346575652785912e+00
-1.242803789409609339e+00
-3.136845293800365031e+00
-2.601487366253359745e+00
-1.927973944534704165e+00
-3.090580057654896073e+00
-1.870712461184673048e+00
-3.620641181327653779e+00
-2.231539785768102302e+00
-2.126705969576550892e+00
-2.406784691032989976e+00
-3.004270442988096868e+00
-2.801864478009007620e+00
-2.435450502272979545e+00
-2.531843799853873644e+00
-2.801708676038878743e+00
-2.072737472427581995e+00
-2.104051983386765912e+00
-2.533411435711792503e+00
-2.747003016338404269e+00
-6.425531919112327905e+00
-3.116359192623265884e+00
-3.102447629777995264e+00
-2.074585425762453639e+00
-3.246281009444944576e+00
-2.036232417479259205e+00
-2.277385988168065811e+00
-2.394747445501594463e+00
-2.619732285235000457e+00
-2.626248642642338371e+00
-3.107200846202504696e+00
-2.099671978432291919e+00
-2.476936255821317712e+00
-1.806380563304715192e+00
-2.478185143978814509e+00
-2.147136314887478914e+00
-3.483820869925169816e+00
-1.368889638180271540e+00
-2.050222956719698342e+00
-1.541008849786406509e+00
-2.184927551298692538e+00
-2.091868449454270529e+00
-2.681015475922649216e+00
-3.822299975894241975e+00
-2.783052865304458834e+00
-2.682450719398815409e+00
-2.158050342969819013e+00
-1.854761421674200994e+00
-2.283100254117213179e+00
-2.357161663438641419e+00
-1.640074764826751963e+00
-2.872536980409576390e+00
-3.619603114243834074e+00
-3.291808886903987652e+00
-2.461520688056430650e+00
-2.093327862254747540e+00
-1.803787453262667206e+00
-2.822798734487509620e+00
-3.239227732674014870e+00
-4.410936660056615111e+00
-2.675886705448271119e+00
-2.635303896543661928e+00
-3.192498479623523178e+00
-1.800746258074072070e+00
-2.587885551000943085e+00
-2.051205745266504010e+00
-2.093577017552664010e+00
-4.881989123624622451e+00
-1.638526416455388990e+00
-1.926749858699885243e+00
-9.522803085489032204e-01
-1.822262681333702172e+00
-2.948944064066882031e+00
-1.351154403816004379e+00
-2.055070537328556046e+00
-2.547668489403284831e+00
-3.315458286323759385e+00
-2.293900304831881343e+00
-2.535449756984863967e+00
-2.236633581594405840e+00
-1.097653171275531081e+00
-2.073180583153795720e+00
-1.893740563022856982e+00
-2.173239582266214498e+00
-2.165643025903891683e+00
-1.779215393637066356e+01
-4.725968002765988274e+00
-1.371299564185372022e+00
-1.944420910717990170e+00
-1.575906378064612845e+01
-6.423974848346132305e+00
-3.402522394607655265e+00
-2.988031883920376774e+00
-2.667094946131409738e+00
-2.231447124488363798e+00
-1.171657967978274373e+00
-2.073071667826704712e+00
-1.977995196565035529e+00
-1.768115421019718969e+00
-1.766981810465337865e+00
-2.117212548267228378e+00
-1.150569015075260992e+00
-2.856647331843005233e+00
-2.498021348040098122e+00
-1.306769709520417155e+00
-1.770137084292604746e+00
-1.949282387133588035e+00
-3.072700506049175218e+00
-3.528609749978864230e+00
-3.636952954653733805e+00
-2.181581865919102636e+00
-2.574827704221553049e+00
-3.529277801539155490e+00
-2.514704211272713597e+00
-2.553178412670922270e+00
-2.090867443585438856e+00
-2.288642708797044012e+00
-2.961941104664745250e+00
-2.319288372810289989e+00
-1.838312390503314964e+00
-3.598777147632065798e+00
-2.813289994606279265e+00
-2.355745277963838813e+00
-2.591368130127428060e+00
-1.994516422190798277e+00
-2.534253606808680281e+00
-1.587320611702054185e+00
-2.373927370005342929e+00
-3.080170431210142556e+00
-2.560644593048146955e+00
-3.489906421177260576e+00
-1.576318277036222959e+00
-2.350936933968464704e+00
-4.744520063355825990e+00
-2.427873612712985185e+00
-3.050669311470964207e+00
-1.534263069843645910e+00
-2.609274056685654042e+00
-2.964632760548066237e+00
-3.109166598308798157e+00
-2.452081493301520698e+00
-2.396702852537524464e+00
-2.402869924648013189e+00
-2.676757216316410393e+00
-1.654177436345084740e+00
-2.151097748726820580e+00
-1.961664438928609533e+00
-2.253008029380486388e+00
-2.086572436791247487e+00
-2.467837874058920633e+00
-2.344252161557965231e+00
-1.777138146339866775e+00
-2.741109815612636336e+00
-3.401915278022743738e+00
-2.444791244215048120e+00
-2.965698366775206818e+00
-2.958153097733239090e+00
-1.694831326238433800e+00
-2.667911284600797295e+00
-2.505353875025765564e+00
-1.381811663331903750e+00
-1.763912966161615081e+00
-2.116391231380545523e+00
-1.468453183606994283e+00
-2.599549501784233385e+00
-1.747912682395731832e+00
-2.708885389566817459e+00
-1.469609871739839591e+00
-2.841083234298441784e+00
-1.507170485049802000e+00
-7.643574486654534095e-01
-1.399607148205152196e+00
-2.333364023275475763e+00
-1.708914260159615894e+00
-1.548895866977896052e+00
-1.828644919995365159e+00
-3.292275894833132988e+00
-1.459148954773283435e+00
-1.362032485151026595e+00
-1.871796394365051741e+00
-2.060940589375049203e+00
-1.406968551640740417e+00
-1.542311719534142478e+00
-2.625317648436311657e+00
-1.468263242225048559e+00
-2.150214817922710520e+00
-1.343520557028112128e+00
-2.999278102880364560e+00
-1.742800362118137603e+00
-2.087740658375978331e+00
-2.028581396155509697e+00
-1.396897060578888627e+00
-3.659844256085334813e+00
-2.986898164511939235e+00
-3.472219546145980829e+00
-2.964034415209256146e+00
-2.218043365126344924e+00
-2.509085209635702363e+00
-2.210320124331580427e+00
-3.126227229902938110e+00
-2.008973242111423918e+00
-2.081107999213579252e+00
-2.422714639034629691e+00
-2.762389193029571199e+00
-1.788469310107432042e+00
-2.167495882889262759e+00
-2.484231300950491050e+00
-1.890425945377411709e+00
-2.112414136919428920e+00
-1.807192300887644931e+00
-2.274886232400004538e+00
-2.704221694661488762e+00
-3.728792971484254259e+00
-4.527032702387310259e+00
-3.522108033281713180e+00
-9.545781548428118768e+00
-3.014213845552255577e+00
-2.419787166337255435e+00
-2.066057319963535921e+00
-1.951580825176349565e+00
-2.093941640074748367e+00
-1.561250087756600680e+00
-2.439562684531453751e+00
-1.636396544710644552e+00
-1.910787597542283223e+00
-1.801668464477772069e+00
-1.346151395275148266e+00
-1.043230388776211326e+00
-3.835563533089466848e+00
-1.350900775770899731e+00
-2.019727686851896298e+00
-1.114616943202898280e+00
-2.435501610411093143e+00
-1.085787555458241238e+00
-2.052155550353602198e+00
-2.854967529191417164e+00
-1.701861806347653161e+00
-1.981370953565126714e+00
-1.981855705976804272e+00
-1.559842499199882715e+00
-1.981497083010472116e+00
-2.118075843904968725e+00
-2.498366485717783636e+00
-3.251904811020053909e+00
-2.977359044284864975e+00
-2.019688424364431079e+00
-1.730270727257793961e+00
-3.106981448151018732e+00
-1.432073957497148609e+00
-1.484408684732983819e+00
-1.133251790548211790e+00
-2.778188662121297892e+00
-7.743163785185734227e+00
-2.546217971244843614e+00
-2.468354644118916141e+00
-1.930220457519246313e+00
-3.043226877312965151e+00
-1.569427069136517972e+00
-3.146221004091716900e+00
-2.017239156449742943e+00
-1.669319824696865240e+00
-1.494916397738352387e+00
-1.962356860391900160e+00
-1.434724375395964424e+00
-2.138287402498347589e+00
-2.034381500102295348e+00
-2.000501581616178637e+00
-2.028297595733532521e+00
-1.963374260413691008e+00
-1.905786315749907311e+00
-2.812702758354799659e+00
-1.897326263315274986e+00
-2.338337492740460988e+00
-1.778456171668825636e+00
-1.599314515301824002e+00
-2.108696662063806126e+00
-1.282261419401985014e+00
-1.521025187533410872e+00
-2.087268535379198653e+00
-1.834430457145196147e+00
-1.839681084670250710e+00
-2.381873707666530393e+00
-2.211195234687929112e+00
-1.950257367132910424e+00
-3.390191763865595398e+00
-2.943250504096698972e+00
-2.088756196301996049e+00
-2.435648271484463834e+00
-1.778673004449833783e+00
-1.819535017263517851e+00
-2.568722191005707867e+00
-1.380172982534078718e+00
-1.199961478576842433e+00
-1.078466988293989681e+00
-1.821872274019189719e+00
-1.977016547373408928e+00
-3.103251087648763118e+00
-3.711447842146126330e+00
-2.610664876991007688e+00
-2.059130518400594134e+00
-2.141112586119945149e+00
-2.758216541892749341e+00
-1.518351267182395326e+00
-1.822492687788740184e+00
-1.473130593678898093e+00
-1.869485878438776449e+00
-1.304699426631596992e+00
-1.831986612259484115e+00
-2.879658998124271729e+00
-1.051880084997776743e+00
-1.417793251162330570e+00
-1.719697051933888332e+00
-2.582013004401552347e+00
-1.082157635519509276e+00
-1.469243086755776417e+00
-1.356449777652959154e+00
-2.325961590293295522e+00
-1.696036762437463041e+00
-1.349380440711172024e+00
-1.765624880778277506e+00
-3.009278456968103477e+00
-1.816722783948717002e+00
-1.695353523849294053e+00
-2.135929990573562254e+00
-1.026969435826228239e+00
-1.144951070400086479e+00
-1.403492977375838224e+00
-2.297792906972016880e+00
-1.137139156801642903e+00
-1.411022160028244876e+00
-2.001584037059045862e+00
-1.117703351013415780e+00
-2.085215048794982984e+00
-1.563924498682250475e+00
-2.301922555567680995e+00
-2.386727169330004727e+00
-1.645229973381741706e+00
-1.569458526512460095e+00
-2.021549910939253181e+00
-2.204753177420677890e+00
-2.543592023594541285e+00
-1.410744521080926184e+00
-1.784625549362305552e+00
-1.165647623705761804e+00
-1.318343220393633608e+00
-1.988772144056702551e+00
-2.017869715571074529e+00
-1.862398266751303044e+00
-1.326321088123975089e+00
-1.580790297181086768e+00
-1.936717535273201785e+00
-1.242360793434740929e+00
-1.910566211901905787e+00
-2.683320791808433636e+00
-1.497097579614895091e+00
-2.040149279945129734e+00
-1.146821445190937983e+00
-2.082119474801007009e+00
-1.722225872570970484e+00
-1.072237755700974127e+00
-1.411973235948934535e+00
-2.198192874014090137e+00
-1.172604653551734710e+00
-1.293277238563926401e+00
-1.313497650933642014e+00
-1.793835008500457295e+00
-1.306882984977382423e+00
-8.887478987574123357e-01
-1.553318039559985042e+00
-1.717994043845052721e+00
-1.651667800664313512e+00
-2.209852849716980483e+00
-1.863426115754310608e+00
-1.523947502885433458e+00
-1.241022580288326127e+00
-3.909668828505671101e+00
-1.221609798125788515e+00
-2.265104513712062229e+00
-1.070018181984186745e+00
-1.017407822283394436e+00
-1.616256761761226901e+00
-1.679909882290480994e+00
-1.719611060541513803e+00
-1.628794484276440802e+00
-1.450564304923686265e+00
-1.347438105420261101e+00
-1.392036000546148955e+00
-2.599477643057312992e+00
-8.733023847152088237e-01
-1.354302580506737907e+00
-1.500683343528321778e+00
-1.714151634162976112e+00
-1.312598993690981430e+00
-1.478506822920782948e+00
-1.199138781934351305e+00
-1.872745091024196729e+00
-1.191303414324423215e+00
-1.734595575756991526e+00
-2.836133573209137726e+00
-2.095138622513907922e+00
-3.064407597154363394e+00
-1.422818409183445043e+00
-1.291180069557122279e+00
-6.822122240564299389e+00
-1.835488331225400893e+00
-1.549077415171133287e+00
-2.403550045713885197e+00
-1.722252661668510765e+00
-2.843844910196920761e+00
-1.094108402715904926e+00
-1.815733760366829319e+00
-2.373936598773691120e+00
-1.322715632512463602e+00
-2.174045830522572942e+00
-2.091432653415814968e+00
-2.403053197366335603e+00
-1.839497691878782426e+00
-2.407721207555189480e+00
-1.342206332305479588e+00
-1.036596664892638575e+00
-2.709783902474403927e+00
-2.167226416694525426e+00
-2.498487965252005782e+00
-2.242214556345770049e+00
-1.848050816466796364e+00
-3.351322203871079264e+00
-2.453216626584531213e+00
-1.718670208435000291e+00
-1.921054248723101265e+00
-2.107003390196478865e+00
-1.350369615179968674e+00
-1.701950227088023349e+00
-2.992676303351317735e+00
-1.624574696281836150e+00
-1.616996236073322768e+00
-1.240891714035537552e+00
-2.151661058591261000e+00
-1.472553810853860279e+00
-2.603141314831196151e+00
-3.089163432943742738e+00
-2.569759846271894688e+00
-1.958221812770170711e+00
-1.530046368888732244e+00
-2.883519516516444003e+00
-2.818799116688001316e+00
-1.280220262205648218e+00
-1.889929446576882999e+00
-2.581390518975434922e+00
-2.532602551054657702e+00
-1.824300395649167683e+00
-2.334612975927148337e+00
-2.335765075008158664e+00
-1.932355001670482464e+00
-1.407614072072166156e+00
-1.651278706625505244e+00
-1.763282993651567487e+00
-1.468241493290220578e+00
-1.605608774306194197e+00
-2.018123067376714097e+00
-1.283225379956643541e+00
-2.022018169792713316e+00
-2.127544150592108441e+00
-1.488351168841451022e+00
-1.649914173317204025e+00
-1.114111402632006254e+00
-1.621283531128508093e+00
-1.416783840369019831e+00
-1.697296114266853895e+00
-1.543253913917668418e+00
-1.885553305620754294e+00
-1.558960562402046168e+00
-1.548327604900364474e+00
-2.187666743784587808e+00
-1.544269528919760326e+00
-1.782319622932158287e+00
-1.477060329401262528e+00
-1.224410678132318075e+00
-2.937357693535342040e+00
-1.617193835877180241e+00
-1.495505651758860521e+00
-1.737221413073394061e+00
-1.456644806050371832e+00
-2.219024175464208604e+00
-2.411447767228785288e+00
-1.788230734233297481e+00
-1.294995558710704486e+00
-2.309040715615767958e+00
-1.996092951867320497e+00
-1.596790543065546686e+00
-2.296174976027138825e+00
-2.348817858286931237e+00
-1.875922213468974364e+00
-1.291326327123771600e+00
-2.075111776410448972e+00
-1.449602279494939250e+00
-1.787496091722945435e+00
-1.467829726653026468e+00
-1.506062369620045471e+00
-1.320158673342172406e+00
-1.753771384067401629e+00
-1.616752793730969140e+00
-1.789542153857257345e+00
-1.408002451335179872e+00
-1.696391225845485407e+00
-2.000807875981120976e+00
-1.582887208968893011e+00
-2.488874732757403230e+00
-1.558464917197780464e+00
-2.022546213083131761e+00
-1.371383403753077879e+00
-1.896791216106612277e+00
-2.151656253026319021e+00
-2.600817333775980345e+00
-2.381318969887820103e+00
-1.244301020099110033e+00
-1.132470593011402515e+00
-1.059157535960818519e+00
-9.698151945805080221e-01
-8.718377267803993913e-01
-9.028998153973034624e-01
-2.248286202958964086e+00
-2.093236672362062123e+00
-2.574725650254126919e+00
-2.054568707278329409e+00
-1.901580993304280209e+00
-1.789031415679942283e+00
-1.958523504744153376e+00
-1.233766964883811879e+00
-1.333911255169498711e+00
-9.027996889708989059e-01
-1.451427969530080020e+00
-1.624789365567807398e+00
-2.108288355155989890e+00
-2.032180425009217473e+00
-2.407684157400159730e+00
-1.519115324167462644e+00
-1.586704475041386342e+00
-1.329883161699380922e+00
-1.358060785125791536e+00
-1.361253939032723181e+00
-1.742201013197339998e+00
-2.042902411059855261e+00
-1.163928926081986948e+00
-1.696775154422201393e+00
-1.062183504654916177e+00
-1.895331243280899969e+00
-1.988760047582467827e+00
-2.129533138516173985e+00
-1.099128744613303343e+00
-8.591641457507760427e-01
-9.516552879449423630e-01
-1.398109806288447610e+00
-1.150415528958230738e+00
-1.941448386597985021e+00
-1.344928317450860389e+00
-1.585775840741835196e+00
-2.087042487042491512e+00
-1.349747196161372953e+00
-2.131126121356940573e+00
-1.642430369188587314e+00
-1.386723414714871705e+00
-1.205252126952229608e+00
-1.072731465951426211e+00
-1.296000083402321978e+00
-1.622337351231011970e+00
-1.323897813703186932e+00
-1.811629199336803442e+00
-1.290851517020178418e+00
-1.371772618119110776e+00
-1.842270717161970328e+00
-9.197607896997789245e-01
-1.384433186043136921e+00
-1.434614931697067552e+00
-1.539135007383966691e+00
-1.081456949995501349e+00
-9.889128591355782483e-01
-1.676866103326910773e+00
-1.049387300985604066e+00
-1.471035132552625191e+00
-1.014411548229444016e+00
-1.768046716001476115e+00
-1.442909809318533743e+00
-1.391267384647550509e+00
-1.122326189382907513e+00
-1.305655252988265458e+00
-1.562084636458167752e+00
-1.384512368793097137e+00
-9.006528097163204460e-01
-1.893075185489553336e+00
-1.703095685085507682e+00
-1.615121826706435781e+00
-1.524345211285170310e+00
-1.400869857076594727e+00
-7.887660150731031772e-01
-1.853645920106786305e+00
-1.407429874454651841e+00
-1.994805535584903478e+00
-1.080008150779147025e+00
-2.492609432690292337e+00
-1.465450614346010649e+00
-1.657385199119579822e+00
-2.501558232318855879e+00
-1.751895307129025969e+00
-1.507194271894633841e+00
-1.493520304800085352e+00
-1.753057674347190620e+00
-9.333086414548397158e-01
-2.533532550186125221e+00
-2.204324802034310249e+00
-1.297032711491004742e+00
-1.617292048625828427e+00
-1.952826832068961016e+00
-1.564727185856053637e+00
-2.015765981791367345e+00
-1.705612186776696904e+00
-1.088773433676321511e+00
-1.859991013687394057e+00
-1.375686283126794862e+00
-9.617528427934367574e-01
-1.358777403981749732e+00
-1.866821664500376121e+00
-1.828444162751098556e+00
-1.935853448588198633e+00
-1.793382790926094206e+00
-2.455189876687369654e+00
-1.724565804141224845e+00
-1.584507250966114000e+00
-9.310965236702622994e-01
-1.881436516788359992e+00
-9.977597713888992637e-01
-2.295498747860480915e+00
-1.926393170951848699e+00
-1.240202995156416632e+00
-1.800357522040571423e+00
-2.792593653151421496e+00
-1.543148500832468351e+00
-2.036605819450902910e+00
-1.989909825797248955e+00
-2.112162633509528487e+00
-1.472367532033324489e+00
-1.513795790713108991e+00
-1.277359273174596410e+00
-1.205598479782900023e+00
-1.949464345325629511e+00
-2.222282942279268703e+00
-1.813379362587280497e+00
-1.466250939639605066e+00
-2.775163669480273043e+00
-1.448367631272524436e+00
-1.683538286923267568e+00
-1.440336471204795465e+00
-1.141976684707942225e+00
-1.998956600821501395e+00
-1.576651967121504017e+00
-1.115625743324065500e+00
-6.611887887038550016e-01
-2.148370585169820934e+00
-3.169192367509769515e+00
-2.287256776896228860e+00
-2.279611473195078286e+00
-2.210216655891847459e+00
-2.144339856349525064e+00
-1.820566605685577821e+00
-1.745678917055591750e+00
-1.316095375858281846e+00
-1.332907038234671493e+00
-1.499912311550321009e+00
-1.368244473642981296e+00
-1.184751299642838651e+00
-1.533693876234494269e+00
-8.163104079591296802e-01
-1.916294298578530286e+00
-1.208662484313216545e+00
-1.491974073860124594e+00
-1.086698353285330709e+00
-1.084640693054624627e+00
-1.026399220850692018e+00
-1.359436641215449493e+00
-1.578960877114638395e+00
-1.287729377835950650e+00
-1.352469869986745010e+00
-2.147786197896336180e+00
-2.257387243597163362e+00
-1.226041506880559462e+00
-1.834114438245875611e+00
-2.011284197581432398e+00
-1.268765406143195662e+00
-1.864739303382636937e+00
-1.094420517517473268e+00
-1.068076410633092443e+00
-1.473010376005456257e+00
-1.640383660892473561e+00
-1.581683396832445299e+00
-1.040878671425096602e+00
-1.524245964625700500e+00
-9.988792828410265612e-01
-1.598702911343063526e+00
-1.492800810425734204e+00
-2.282805078058471882e+00
-1.387808314492329664e+00
-2.002536583319169061e+00
-9.264497806580443973e-01
-1.134423890645879007e+00
-1.236497858699255881e+00
-1.408347706049973835e+00
-1.121154982344257256e+00
-1.100428608140959330e+00
-1.506824360515736760e+00
-1.506616653465179256e+00
-7.179900999717190313e-01
-1.544716134870936397e+00
-1.208599322216439731e+00
-1.521359479554465599e+00
-1.175270170573388562e+00
-1.769781822657236825e+00
-9.379214877623540669e-01
-1.173046900337441967e+00
-1.187005531349897280e+00
-1.303942165872501002e+00
-1.532792075689234590e+00
-2.578305032853418943e+00
-1.541576561937572531e+00
-1.039428292417314603e+00
-1.176855332933767651e+00
-2.220340651113102748e+00
-2.429598690495100577e+00
-1.179887422949337461e+00
-6.310802389913031663e-01
-8.638058870324433203e-01
-9.951955617015542099e-01
-8.829298478684525220e-01
-5.887081541996255218e-01
-1.155117117862228371e+00
-1.334316862840738027e+00
-1.038278697967828457e+00
-1.597274867567308743e+00
-1.623726097279863279e+00
-1.309112311450795429e+00
-9.301992840890427328e-01
-1.075172749258888061e+00
-1.358075003392372082e+00
-1.371201344523043986e+00
-9.826317669107547115e-01
-7.829768762298733309e-01
-1.253213336378861564e+00
-1.049786440107796093e+00
-7.550106050802979363e-01
-1.489578641843739115e+00
-1.637817396916660506e+00
-2.216559738644763744e+00
-1.509630864750731938e+00
-1.795031384240180827e+00
-1.141522528095117117e+00
-2.274663062531050439e+00
-9.481507070514414437e-01
-1.461266066519840479e+00
-9.189349352893750877e-01
-1.614284808435827223e+00
-1.461755416009590025e+00
-1.249321123032698821e+00
-1.741080377093788156e+00
-9.720822949301430871e-01
-1.352255139843917764e+00
-1.272925840666498498e+00
-2.164631930415968686e+00
-1.640877786389266513e+00
-1.100932533850990991e+00
-1.068309275515608059e+00
-7.584733837249233446e-01
-1.169070880553869873e+00
-1.750697499844306781e+00
-1.504892197888198391e+00
-9.873997635488299673e-01
-1.059766699712674454e+00
-1.619208429440063268e+00
-6.943181524315644726e-01
-1.299480644067202206e+00
-1.410537338045796396e+00
-1.532701072006540155e+00
-7.643576335498031282e-01
-1.627052398450371307e+00
-1.520365362807183374e+00
-7.618152613225295244e-01
-9.947460477121684574e-01
-1.234419808041894218e+00
-1.721711069467151578e+00
-1.494198886824464889e+00
-1.061712202819466766e+00
-1.008795551935564250e+00
-1.387670150395995838e+00
-1.089874967049145438e+00
-1.352606473670911358e+00
-1.321363970435686541e+00
-1.564375261714094245e+00
-1.397591357913222199e+00
-5.789132445162309404e-01
-1.519134683996274937e+00
-9.727891195377629252e-01
-1.065038581924347749e+00
-1.253393360200177220e+00
-1.788770906559081553e+00
-8.919330172657217171e-01
-9.089167466262094708e-01
-5.764336699942403941e-01
-1.113683586225008515e+00
-8.207477623545175183e-01
-9.790825758958838776e-01
-1.534360854981850597e+00
-1.025167165874034225e+00
-1.447766966782485953e+00
-1.092214883579119888e+00
-1.172037789368526983e+00
-1.348696684064121909e+00
-1.218320073022739258e+00
-1.370352716009558547e+00
-1.234612458342507768e+00
-1.183973360289506171e+00
-1.557878493036763290e+00
-1.850100445851253328e+00
-1.490491021921503956e+00
-1.419457043620384606e+00
-6.512961861438304467e-01
-8.520178592769577230e-01
-1.181825357855701863e+00
-9.405459048859693416e-01
-1.305207577128667307e+00
-8.121232141347780598e-01
-1.176832870856473923e+00
-1.169848512791122896e+00
-1.179145334756646957e+00
-1.097417006527269479e+00
-1.626028937541657227e+00
-1.358720485856177662e+00
-7.551146571781875982e-01
-1.310725647117963799e+00
-1.296927837605040157e+00
-9.631736223853339940e-01
-2.368832182264454911e+00
-1.384365853625276310e+00
-8.259357657524867280e-01
-1.650340275762996578e+00
-1.881213022120281408e+00
-1.142140008066696577e+00
-1.353793637494743907e+00
-1.087566880653699108e+00
-1.306561846526966830e+00
-1.790142158184982568e+00
-1.658885412596621700e+00
-1.273588370308641693e+00
-1.325661296277622858e+00
-9.022116163081597140e-01
-1.660942292522298969e+00
-1.391691413874256655e+00
-1.222646348218912049e+00
-1.055272954803848862e+00
-1.042213056450219888e+00
-1.140661941638461796e+00
-1.130207059097778632e+00
-8.095569657900920646e-01
-1.362870168238654589e+00
-1.678426851092608585e+00
-1.494059441119710119e+00
-1.037808199899744377e+00
-2.055178551385545394e+00
-1.541183940286947385e+00
-1.912119545554851641e+00
-1.162755271436446192e+00
-8.651876241578158044e-01
-1.290765774575956426e+00
-1.751758246310405331e+00
-1.037506722175078888e+00
-1.739203990981634140e+00
-1.075794437193016151e+00
-5.210403643796057693e-01
-7.332389244498360714e-01
-1.297380883022879461e+00
-7.371555304496963945e-01
-1.128799810682208360e+00
-7.175469430769034762e-01
-1.398192848452979753e+00
-6.780041919634384184e-01
-1.258941904256222655e+00
-1.251080346029795898e+00
-1.476641666083845283e+00
-1.315793976752429373e+00
-1.419171546835874764e+00
-1.216921701808963752e+00
-1.476225186430572434e+00
-1.417702768864019580e+00
-1.110859984027928293e+00
-1.466419750898761309e+00
-1.928763943352675536e+00
-6.972368894602907208e-01
-8.863358636287442804e-01
-1.548650927496862950e+00
-1.413527830889564019e+00
-1.235775750464117140e+00
-1.452922526043789020e+00
-1.342291697303153342e+00
-1.028941343991564450e+00
-8.849668742595031556e-01
-1.484095937934697629e+00
-9.787270498900986215e-01
-8.375607141899980013e-01
-9.464065758077766510e-01
-1.362015823954803473e+00
-1.046447721928925656e+00
-1.047932600578760587e+00
-8.802679885782926927e-01
-9.188800692098997303e-01
-1.058311181498799325e+00
-7.912494462818125962e-01
-1.282088897795659932e+00
-8.626353747088681967e-01
-1.182417612516200922e+00
-1.431815821904852459e+00
-1.412766807125207524e+00
-1.183003040249298143e+00
-1.493000699865448588e+00
-1.894291145015609912e+00
-1.625309339324543467e+00
-1.217975790710586592e+00
-1.137920778928920296e+00
-1.389234653552383847e+00
-1.000190920392664662e+00
-9.961936459232184626e-01
-1.620721930675294020e+00
-8.763176066402190711e-01
-1.166250461214169976e+00
-1.126608833022603839e+00
-1.432552445406848340e+00
-6.558241243478413196e-01
-8.425545828839973161e-01
-1.088627705795901957e+00
-1.167647716311118744e+00
-1.548837513781908148e+00
-1.221490983260284047e+00
-1.163176193293046667e+00
-9.744832987631653065e-01
-8.462220708576501105e-01
-2.102526664412791124e+00
-9.979021168675514808e-01
-7.673835688938609456e-01
-9.925617409895477472e-01
-1.422263652176729121e+00
-8.962704128058038844e-01
-1.041807221568242570e+00
-7.815891426431806899e-01
-7.633896644853477298e-01
-1.771526272875221242e+00
-1.391876902964919838e+00
-1.228407978110746201e+00
-1.755454969071693849e+00
-6.844734015058762111e-01
-8.874252577244116091e-01
-9.571846491554747427e-01
-1.346872277919395566e+00
-1.241347106678102330e+00
-1.206100232660683780e+00
-1.820653532946796327e+00
-1.124464757832934092e+00
-1.423032099775413784e+00
-1.103456926324567711e+00
-9.000461041730269951e-01
-9.431359256629782140e-01
-1.018538729038848789e+00
-1.384671207996005071e+00
-1.202414475508899017e+00
-1.279263485036766124e+00
-1.365839570428249550e+00
-1.851402062377660585e+00
-9.564049629752978676e-01
-1.593969719427803966e+00
-4.957632111510585915e-01
-1.297063692400888701e+00
-6.998343927613766002e-01
-7.835893889165044257e-01
-1.517910348490963957e+00
-1.354907655362391328e+00
-8.874086203014450724e-01
-1.191833268693891723e+00
-1.082995130812445694e+00
-1.488353431212104283e+00
-2.236833404223102395e+00
-1.853499997314080439e+00
-1.795173732248090515e+00
-1.081684269893892214e+00
-1.051887536980175675e+00
-1.739194461648327472e+00
-1.552949322440320579e+00
-1.129563106912149673e+00
-1.120568637817588087e+00
-1.615897023281540612e+00
-1.126806897604434754e+00
-1.836489882129834994e+00
-1.035074548489156365e+00
-8.228198055013083989e-01
-1.138858479714977667e+00
-8.195329332891972962e-01
-1.162310712550536307e+00
-1.587693972758612126e+00
-1.733408868290091887e+00
-1.040122551116913208e+00
-1.127454628251124191e+00
-2.324513102776553097e+00
-7.531944823176138781e-01
-1.160298193387228949e+00
-9.543223188639288201e-01
-8.359895028593362643e-01
-1.597465766501537932e+00
-8.218302751353654401e-01
-1.367101323205398788e+00
-1.014157025242650167e+00
-1.320280360290754462e+00
-1.065149721757690626e+00
-1.430357913184859386e+00
-8.663374156778184121e-01
-1.827282030267119550e+00
-1.617178329386867786e+00
-1.311549553595308559e+00
-1.433625836324853076e+00
-9.343549340872510101e-01
-2.824819867936419371e+00
-1.322303528922479376e+00
-1.603365878450581317e+00
-1.298719010110419569e+00
-1.282810678604377363e+00
-1.093591318996339323e+00
-1.272654512873701016e+00
-1.493899227942072860e+00
-1.602922122832283858e+00
-1.037881736426548462e+00
-2.241198307081302410e+00
-1.570384091658789449e+00
-6.505578003588248226e-01
-1.023898433514262463e+00
-1.320700894891304156e+00
-1.292075998008604731e+00
-1.330055250025127034e+00
-1.026143788605130558e+00
-1.247899017342729122e+00
-7.119418789661626779e-01
-1.738226287682880455e+00
-1.404998337878349712e+00
-1.151116065234903507e+00
-1.300682272953745944e+00
-1.257027209257422617e+00
-8.587308852883597243e-01
-1.048102385137704262e+00
-1.521224498642375966e+00
-1.033165037968931221e+00
-9.165646012986640168e-01
-8.468736475324011304e-01
-1.165435584974480854e+00
-1.055887059009831264e+00
-8.912493536975605313e-01
-1.529058588788514417e+00
-9.555377133698085279e-01
-1.564788907950156682e+00
-1.630097790167837957e+00
-7.705694113651780919e-01
-1.091276761523214178e+00
-1.636847280927175019e+00
-1.323306971138138000e+00
-6.486012999823453917e-01
-1.275150191777396191e+00
-1.517114121050850084e+00
-1.301828442571725475e+00
-1.261441936496065175e+00
-1.687103476765848153e+00
-1.603853148575055121e+00
-1.100140036571884528e+00
-8.203707447904025063e-01
-8.357820818231714854e-01
-1.390191355512760518e+00
-1.350923617612025840e+00
-1.835579561863887932e+00
-1.878095486409419257e+00
-1.400214939175077777e+00
-1.353827726363098449e+00
-1.363886753599745205e+00
-1.521814156492618864e+00
-1.709645086331683439e+00
-1.198566261243495967e+00
-1.027264652076429696e+00
-1.469569233729953295e+00
-9.743858179537356889e-01
-1.284026453501472043e+00
-1.131835476438874277e+00
-1.422125425724668490e+00
-1.301251473864998953e+00
-1.337679629922869484e+00
-1.769213961745182306e+00
-1.454439022242484558e+00
-8.459338652254886348e-01
-1.266092476106476239e+00
-1.254556719341743287e+00
-7.086191604206296679e-01
-1.626243318162403861e+00
-9.483369534772583265e-01
-9.702216469081078598e-01
-2.201817359385108475e+00
-1.043044823819949452e+00
-1.106617690115320629e+00
-1.300705366279105268e+00
-1.229146750833619572e+00
-1.196779354195542711e+00
-2.289156669415161272e+00
-8.071199962546106166e-01
-7.463569152176424693e-01
-1.873137903215603695e+00
-1.882668661095493245e+00
-1.318966341817740640e+00
-1.440012069578991305e+00
-1.092161027452982713e+00
-8.755563297768202968e-01
-7.650604489033717703e-01
-1.101647719457090835e+00
-1.918712530576111908e+00
-9.096413219166101793e-01
-9.938739608961091321e-01
-9.193081474919296836e-01
-8.598279696169474073e-01
-1.094791843068411152e+00
-1.665073769544203941e+00
-1.208309093434013048e+00
-2.120665766582677136e+00
-2.142432159112047874e+00
-1.421239326656051460e+00
-1.785685924114035705e+00
-1.193780968278731258e+00
-1.889741136360845397e+00
-2.662824266989476385e+00
-2.261290752235938672e+00
-2.029862379862704014e+00
-1.331542665502571721e+00
-1.117107541696389594e+00
-1.181559616381659739e+00
-1.789146524430601293e+00
-1.410455068649457688e+00
-1.639718649280853979e+00
-1.011493948338892057e+00
-1.249475584306495968e+00
-7.320287217489671594e-01
-1.525916758097465964e+00
-1.384818564121693685e+00
-1.070826908924583876e+00
-1.861899700436490779e+00
-1.710954362204961443e+00
-1.576288344522062568e+00
-1.736734615405967963e+00
-2.191118559229668250e+00
-1.574550762699638895e+00
-1.252414205529507996e+00
-1.471443266019512253e+00
-1.026716687746565659e+00
-1.041741585653307212e+00
-9.743029339236564113e-01
-1.320508959626880641e+00
-9.393070862429532264e-01
-9.588254219554842583e-01
-1.686554385902773623e+00
-1.306534890738336729e+00
-2.480313704141475117e+00
-1.751221901300405337e+00
-1.369175448257962779e+00
-1.397224954244232542e+00
-1.444567565256597019e+00
-1.507589971329165390e+00
-1.784067560576343192e+00
-1.516309529123069044e+00
-1.453155404595946720e+00
-1.158501176248534215e+00
-7.029159487820447749e-01
-1.337207502749898858e+00
-1.421886091294746413e+00
-9.965001096948022941e-01
-1.138651801020802878e+00
-1.484258502782360267e+00
-1.153251889891396154e+00
-1.335079336364912939e+00
-1.208540260620588835e+00
-1.582476633334741534e+00
-1.141686162628988699e+00
-1.668513273443765321e+00
-1.715609702357177468e+00
-7.399347614712092902e-01
-9.091070665959732899e-01
-6.489882941429546692e-01
-8.074286560509722488e-01
-1.736627558219693279e+00
-1.945474915530267968e+00
-6.933270362564969425e-01
-7.427826863828693726e-01
-9.799570925178443526e-01
-1.813379829029001300e+00
-2.009272269126697541e+00
-1.341414218228585753e+00
-9.168060821382131298e-01
-1.740286553057123653e+00
-1.408422111554858969e+00
-1.093809069835321779e+00
-1.868251735158179994e+00
-1.555829292979270306e+00
-1.422296792078681094e+00
-1.807579374380594350e+00
-1.050024186034222318e+00
-1.013387008365463471e+00
-1.134132233027546510e+00
-1.615442403729114407e+00
-1.444692027583414085e+00
-1.194755349537043543e+00
-8.746150680788894460e-01
-1.661587869481134794e+00
-1.850288003751499266e+00
-1.230602773299658503e+00
-1.506968202171779403e+00
-1.712518930370129144e+00
-9.084022031584608747e-01
-1.474039756913344767e+00
-1.020217838804797550e+00
-1.161876971278293702e+00
-1.072431635466879252e+00
-1.046451816542617319e+00
-1.382419925831354091e+00
-1.586695344253018281e+00
-1.906744053224560087e+00
-2.196416622373702054e+00
-1.234216923321543868e+00
-1.908292972248621044e+00
-1.602207586715846066e+00
-1.562190282934708740e+00
-7.780707943883488076e-01
-8.290707694612123868e-01
-1.306716510036648682e+00
-5.691442542173318353e-01
-1.596150073705708161e+00
-1.256096301447776398e+00
-9.222064180446235548e-01
-1.410188575660906940e+00
-1.060279492805668022e+00
-1.102217242249304396e+00
-2.064143715572949400e+00
-1.394403801988002511e+00
-1.348372851893256286e+00
-9.324156504855067862e-01
-1.602120885432634312e+00
-1.116097903125104596e+00
-1.035625061999473129e+00
-1.377513378379392472e+00
-1.009628849871973877e+00
-1.374094190001093230e+00
-1.465537290306726081e+00
-9.147471731569802866e-01
-1.090607475758922362e+00
-1.567388161368832522e+00
-9.777254074243183490e-01
-8.637365209598892868e-01
-1.478776754973756713e+00
-1.799037110484917212e+00
-1.125786773150011522e+00
-1.434834431746584649e+00
-1.321041138037567730e+00
-6.513986720370694705e-01
-7.035741033244953258e-01
-9.950239331818778732e-01
-1.095198611607792305e+00
-1.873124221053233285e+00
-1.498735178038678173e+00
-1.329120128382577981e+00
-1.029926550448565514e+00
-1.452167882472097826e+00
-9.721487924661913471e-01
-1.969828119407477818e+00
-1.330040891660809521e+00
-9.458365665725168014e-01
-1.819309885337881960e+00
-9.197401374418898712e-01
-1.275672835374273673e+00
-1.898027325542565036e+00
-1.984641155337497187e+00
-8.979014620260988844e-01
-1.643949022526081993e+00
-2.006549914160792980e+00
-1.033584796951444229e+00
-1.362731806267357459e+00
-1.728042262548190378e+00
-1.773858491123445624e+00
-1.347459609346780773e+00
-6.185770125387970442e-01
-1.094266971843464331e+00
-1.343685038675594079e+00
-1.448244488494302207e+00
-1.562363305799304269e+00
-1.164856589937931064e+00
-1.811264352681617229e+00
-9.403442556882225523e-01
-2.161909048194920580e+00
-1.192528280642101146e+00
-1.112048403171585376e+00
-1.453601195134445412e+00
-1.779271487798756546e+00
-1.480089866096505169e+00
-1.044857050033090928e+00
-1.312205947295947972e+00
-1.987046379373184291e+00
-1.326831784193563957e+00
-1.081395018217696125e+00
-7.900978233312957455e-01
-1.521523559261318104e+00
-1.041366437269097833e+00
-9.522562089739304847e-01
-1.301890655846869471e+00
-1.179494739111194956e+00
-1.546274925508266396e+00
-1.768128317367695823e+00
-7.412208062180081214e-01
-1.671892939649179732e+00
-1.971326912151006860e+00
-2.008304048958557075e+00
-1.260922971526376779e+00
-2.165200228409819960e+00
-1.129467792709571095e+00
-1.698847480300067270e+00
-1.575103990636996354e+00
-2.480520816927046290e+00
-1.544041200849502582e+00
-1.022367731202142638e+00
-1.241909522117286224e+00
-1.257084024394214516e+00
-1.722086903220504839e+00
-2.382587184553989879e+00
-1.735739814499176026e+00
-1.219898170237846635e+00
-2.723459498083706354e+00
-1.327851161204303132e+00
-8.857185667141985741e-01
-1.940818576193224176e+00
-1.103143723008927601e+00
-1.121340846050079110e+00
-2.734415585623211076e+00
-1.235962836284902888e+00
-1.644578048224430988e+00
-2.867739410558928892e+00
-2.089108982495383238e+00
-1.335576929829169535e+00
-1.275214312447499054e+00
-1.059075338176761472e+00
-1.250580604377516281e+00
-1.408852978050123106e+00
-9.274319673379997075e-01
-1.171877869570916442e+00
-1.484425862123570417e+00
-1.427053176341948726e+00
-1.359664188540372187e+00
-1.824947543556287410e+00
-1.531331760865846103e+00
-2.168735339107561000e+00
-2.143162539427597491e+00
-1.355192218303470808e+00
-2.483657355582302717e+00
-2.065248004084708988e+00
-1.530526852443581109e+00
-1.458962832803291310e+00
-2.270845087550074748e+00
-2.149972787556899245e+00
-1.265816649415105299e+00
-1.721248431427091274e+00
-1.532821470066713765e+00
-1.659025416935192787e+00
-1.483156918308853323e+00
-1.312543483465838490e+00
-1.493602541647811810e+00
-1.946521758326307472e+00
-1.656556662104922362e+00
-1.525905271224795356e+00
-9.477322410024454635e-01
-1.282321917086246765e+00
-2.848208159061640377e+00
-1.663100375901576777e+00
-1.546942994735249544e+00
-1.237202157635651334e+00
-2.042947975596117516e+00
-1.103913569985099707e+00
-1.579168561407131577e+00
-2.406411031548089774e+00
-3.112631613893223292e+00
-1.671679144293024777e+00
-1.007109820555621260e+00
-1.385286753559360040e+00
-1.397459124502159034e+00
-1.172077806390920074e+00
-1.182272959658185574e+00
-1.236800342308036482e+00
-1.967093504487717581e+00
-1.495001162998059518e+00
-1.598927041134386773e+00
-1.648662035403372306e+00
-1.413992101865907625e+00
-1.119721865372298897e+00
-1.423649678488218662e+00
-1.775378375228444883e+00
-1.374966580227795276e+00
-1.300126293370173602e+00
-2.587824714429068695e+00
-1.631731150737011804e+00
-9.456868960654857270e-01
-1.827520648968690153e+00
-1.925826746933026135e+00
-1.920371594435233753e+00
-1.114359725601999918e+00
-1.294749339476362948e+00
-1.106581418474583911e+00
-1.608012947942216275e+00
-3.070244360577863318e+00
-2.004979771551335332e+00
-1.314514980285515167e+00
-1.313175392813797693e+00
-1.689120516731190236e+00
-1.785690111466466279e+00
-1.129458014295130708e+00
-1.679747580860403433e+00
-1.955395111630537253e+00
-1.869520702786695354e+00
-2.301615524493343834e+00
-8.915559926774290211e-01
-9.763949722919784691e-01
-1.620477314189023188e+00
-1.660798755539127480e+00
-1.662462435844312525e+00
-1.150687662779571907e+00
-1.223267129191855318e+00
-2.486986518971348037e+00
-1.842216898864518893e+00
-1.108693966883612658e+00
-1.608242745670737994e+00
-2.094903738675334193e+00
-1.975300922071599352e+00
-2.248036449204366516e+00
-1.683556076873965024e+00
-1.657861188534860419e+00
-1.535650400917889513e+00
-1.735870984360173841e+00
-1.290761497257309820e+00
-1.228288405997053578e+00
-1.533339250555385336e+00
-1.819759509236561268e+00
-2.306754051775857128e+00
-1.660347576362114275e+00
-1.212752507232961019e+00
-1.894930110983866101e+00
-1.958554139642922021e+00
-9.377414387654401384e-01
-1.054986872535633724e+00
-1.750913338758845361e+00
-8.378469924696512194e-01
-1.315659735968819799e+00
-2.189650190032981225e+00
-2.763527004255990072e+00
-1.961449858000247515e+00
-1.304122311793547428e+00
-1.480989464163153357e+00
-2.110416908438407457e+00
-2.507630542709118338e+00
-1.554822911245713479e+00
-2.343024033033049403e+00
-1.935423619601797540e+00
-1.171734887937067482e+00
-8.034204743170386687e-01
-1.427191261922372556e+00
-1.523498884593392777e+00
-1.091372958666963155e+00
-1.263519681543198159e+00
-1.492917485644703834e+00
-2.733983693688951888e+00
-1.505278296377460689e+00
-1.312480719428506193e+00
-1.674880363984315723e+00
-1.132830831716709952e+00
-6.942476686547793818e-01
-1.565371449599990195e+00
-1.443968929248611754e+00
-1.369382813884472139e+00
-1.819074834967818743e+00
-1.662467211664872879e+00
-3.014574683483951745e+00
-1.795808042861395837e+00
-6.546592866732343641e-01
-1.851162329234470993e+00
-1.728482482305281565e+00
-1.666573625752153731e+00
-6.918308265040375993e-01
-1.361985567902596950e+00
-1.071495836490979237e+00
-2.202250686588047124e+00
-1.822025755277860481e+00
-1.556419062798404473e+00
-1.346768408326138644e+00
-1.498452369344544399e+00
-1.268539477024589912e+00
-2.315308419231751458e+00
-1.878742526046238259e+00
-1.914780282854479765e+00
-1.752948186014398724e+00
-1.854741745333747582e+00
-2.197316901252382770e+00
-1.251771502033420802e+00
-1.779316572775340166e+00
-1.349921099004102398e+00
-2.309335971054554015e+00
-1.668419244047276928e+00
-1.659834496880311816e+00
-1.355956949213720231e+00
-1.171680426512930140e+00
-1.588394455243585135e+00
-1.828268706608455085e+00
-6.452142964296257999e-01
-1.372846365672101943e+00
-1.213852819708590935e+00
-1.279122194278441871e+00
-1.130248436374249321e+00
-1.226038129889164274e+00
-1.540748327096566284e+00
-1.289831078936436226e+00
-1.396869785368624495e+00
-1.175172295074919271e+00
-9.854962934084803283e-01
-1.580907887189723082e+00
-1.348771328930537639e+00
-1.846700644181718642e+00
-1.007546003890535058e+00
-1.683485600243230351e+00
-1.055171321720258959e+00
-1.113011637302396828e+00
-1.176537254039017766e+00
-1.272887567893317140e+00
-2.493361004101989131e+00
-1.806240362105512309e+00
-1.209293568414345543e+00
-1.034553095974241055e+00
-1.053583094150132071e+00
-1.285441468765569972e+00
-1.474518341452077053e+00
-1.617610873507279168e+00
-1.410498033619508318e+00
-2.221314738756098084e+00
-1.280041360289007724e+00
-1.964724446432134730e+00
-1.019198784630303889e+00
-1.018045802523909638e+00
-1.616244515049877872e+00
-9.603532186225692824e-01
-1.333711446853192095e+00
-1.359567025837564724e+00
-5.925919144535202188e-01
-8.555000235003080711e-01
-2.134060846255372734e+00
-8.181605867751770012e-01
-1.213771779496057190e+00
-1.890165563569783824e+00
-9.181111096798448834e-01
-1.148058040700646210e+00
-7.982415790469582495e-01
-1.138162952119904592e+00
-1.015321186537360143e+00
-2.077750772349568287e+00
-1.254423321563295612e+00
-1.968692157432798684e+00
-2.320713963113853584e+00
-1.245516156067171476e+00
-1.534756902469535556e+00
-9.073106050028105773e-01
-1.583973415254807282e+00
-1.903864417378222429e+00
-1.332939434884165664e+00
-1.428729366416435109e+00
-1.365740739400697068e+00
-1.110455016524506400e+00
-1.451421155345707481e+00
-1.121860590273713543e+00
-2.103591991843135389e+00
-1.540994830655127990e+00
-1.132512433613702685e+00
-1.100588477381076347e+00
-1.083582390585156041e+00
-1.189421760092636005e+00
-1.506795818172178780e+00
-1.187161004350475002e+00
-9.448502833477248064e-01
-1.334479776784658123e+00
-1.654721072483567257e+00
-1.458940667766442489e+00
-1.218497343400269273e+00
-1.578262714759301577e+00
-1.300640838290231249e+00
-8.411406209211997886e-01
-9.614370610888356428e-01
-1.225879770960715875e+00
-1.006289986653641666e+00
-8.860950035775563283e-01
-1.560399646780506577e+00
-1.684276101775050050e+00
-1.355062069505264866e+00
-1.012737674726019277e+00
-1.093086193309533494e+00
-1.859446535894147878e+00
-1.575109055353538734e+00
-1.971155761615918101e+00
-1.832732638790276702e+00
-1.569195121138220239e+00
-2.046138294218582843e+00
-7.820664120684587273e-01
-9.729644955084119085e-01
-1.266058512702749050e+00
-2.026043251030538617e+00
-1.846240886313485152e+00
-6.521768081447268939e-01
-1.148218125275208390e+00
-8.779706419732639100e-01
-1.459839603590090462e+00
-1.421163142377535493e+00
-1.046986552665420733e+00
-1.431171483846622294e+00
-5.423220889787272458e-01
-1.040576454571418674e+00
-8.350297805357025371e-01
-2.560406721601838242e+00
-1.185641325618217445e+00
-1.316870264229040854e+00
-1.055605083743572870e+00
-1.169754464572908770e+00
-8.443412568973654997e-01
-1.383573482052604442e+00
-9.269521413486216943e-01
-1.432793288495754380e+00
-1.522897687383998555e+00
-5.878629316210599587e-01
-1.544560995914107115e+00
-1.128136140649388164e+00
-1.500202272728974107e+00
-9.361196873689771047e-01
-9.713667117407825957e-01
-7.118582740040729773e-01
-2.116015567709956358e+00
-1.509272564108258941e+00
-1.845215643585143006e+00
-9.714139005686744932e-01
-1.748276342760268998e+00
-2.277046474911724516e+00
-1.232825122887037272e+00
-1.711472158155610712e+00
-1.614844810620098770e+00
-1.403313078575139983e+00
-1.159528565285415924e+00
-8.719765897778101182e-01
-1.865138246289449464e+00
-7.998303763316270132e-01
-1.044569987912810749e+00
-1.320687397892989390e+00
-9.375946023662896645e-01
-1.552731344841908001e+00
-8.789163039863503446e-01
-1.132399143948683573e+00
-1.599305080819710234e+00
-1.523297059251147889e+00
-1.429252247237242424e+00
-1.936244943848963951e+00
-1.451137092799585915e+00
-1.194519759427620897e+00
-1.127369371828494282e+00
-1.377941564721184564e+00
-1.025637715572975672e+00
-1.234503764115218116e+00
-1.513463747865837261e+00
-1.022812550277580890e+00
-9.885087622108830185e-01
-1.000579107630257258e+00
-1.509776285219285308e+00
-1.693089065528016635e+00
-1.428173166803695882e+00
-7.035393796418216716e-01
-1.885868576883491743e+00
-9.972278447860688511e-01
-1.666539434631466809e+00
-1.333844695252245582e+00
-1.953610019219135463e+00
-1.641267052831226536e+00
-1.332979183160877712e+00
-1.862241128704523296e+00
-7.717568517399265859e-01
-1.114273881076393913e+00
-1.301221950158053975e+00
-1.963363663055364805e+00
-1.677570733868699149e+00
-1.018797021116490953e+00
-1.304102676530976224e+00
-1.626305265643980702e+00
-1.042818517536014955e+00
-1.260830325535910790e+00
-1.156258242752583154e+00
-1.366483400152483707e+00
-1.596947161748378141e+00
-1.980838578894125179e+00
-1.059085478883822207e+00
-7.674231795017560920e-01
-9.487308459667789240e-01
-8.965617228803529626e-01
-1.356126252849988445e+00
-2.130369729259003364e+00
-1.142399069672053846e+00
-1.423422558414060513e+00
-1.328817255151947041e+00
-9.829970470283563300e-01
-8.420793707598919209e-01
-1.682501832957066012e+00
-1.043528549416449014e+00
-1.602442999178389726e+00
-1.700278330086226530e+00
-1.043070864898229866e+00
-1.762250489922850827e+00
-1.723369771226555214e+00
-1.516697724147695325e+00
-1.215310460706712670e+00
-2.008949485803834811e+00
-1.656675833936460229e+00
-7.037115849629813624e-01
-1.023020064182959210e+00
-8.231737039377686749e-01
-6.586738099636042509e-01
-1.587608466575209931e+00
-1.758907674460961745e+00
-6.951717915781978618e-01
-1.870016237899802647e+00
-7.558598114102673682e-01
-9.056873456925491617e-01
-9.841537492914786966e-01
-1.081240057775939123e+00
-1.232470126462483107e+00
-1.254740213087131240e+00
-1.347654271614486809e+00
-1.633249897742685919e+00
-1.493060665288328481e+00
-1.443121771675486054e+00
-1.837797631487227079e+00
-1.035565543475964745e+00
-1.543721723369059662e+00
-1.254917225505812306e+00
-1.492973282943023339e+00
-1.902295962287911646e+00
-1.746056640528450110e+00
-1.887698696162615875e+00
-1.432671339290010559e+00
-1.705871069382293825e+00
-1.335876198943371840e+00
-1.122656218141189877e+00
-1.489726588324184364e+00
-1.224832163321885936e+00
-9.327713833937298915e-01
-8.914239918198570978e-01
-8.092064271947889686e-01
-1.114587994328217313e+00
-1.687901058768337847e+00
-1.407944695739866692e+00
-1.264876362550098277e+00
-1.127409150216192701e+00
-8.599085639005439319e-01
-1.602252696547089572e+00
-1.599819559825051751e+00
-7.324657493617635629e-01
-8.745945441906441964e-01
-1.156571089933038143e+00
-1.155421113184297077e+00
-8.839319599763306723e-01
-1.257406949813966612e+00
-1.482396889182004962e+00
-1.440342971606458189e+00
-1.176587417414646897e+00
-1.176769799968053087e+00
-1.962039689557363742e+00
-7.647715383019840774e-01
-1.518010668389223383e+00
-1.033044119687933415e+00
-1.936601747081343694e+00
-1.091939832283752576e+00
-1.169329092686263616e+00
-1.101035712746469830e+00
-1.263287523576584581e+00
-1.117967858662981762e+00
-1.432150922396037140e+00
-1.008242701839542343e+00
-1.283986840357952630e+00
-8.554081433775166943e-01
-1.099408501796130588e+00
-1.315556719413193854e+00
-1.021037793539785632e+00
-8.758846064406288212e-01
-1.382295452087573651e+00
-1.360205313463017207e+00
-1.655546878514814191e+00
-1.104295401380827046e+00
-1.170842564336408875e+00
-7.231952317391817653e-01
-1.433294895167192440e+00
-1.281095213923263865e+00
-1.157344722651975966e+00
-1.283924404557717613e+00
-1.138324264366711080e+00
-9.622034882894159313e-01
-1.357954039454764450e+00
-1.505782868596559965e+00
-7.866938816773617615e-01
-1.006250016297200123e+00
-1.470421467712069719e+00
-1.052064015310335554e+00
-8.562797445420782250e-01
-1.138619784155169290e+00
-8.750753667136087488e-01
-5.971384523187596161e-01
-1.016889151178219652e+00
-1.264760863098912669e+00
-1.470979325439965457e+00
-1.476641494691411483e+00
-1.014273148278825420e+00
-9.644872759730817036e-01
-1.076550639363571316e+00
-1.113777412835256442e+00
-9.971897912583703727e-01
-9.449130773279329487e-01
-1.132526830642158089e+00
-1.373372421850715730e+00
-7.949669591909026556e-01
-1.316650515647784125e+00
-1.730844588659816274e+00
-1.514124292116945547e+00
-2.040515471471160414e+00
-1.882872548644392463e+00
-1.632685856253569545e+00
-1.244384248573876306e+00
-1.015568467771640560e+00
-1.099250937992336308e+00
-1.213527010672863060e+00
-1.024443402188138785e+00
-1.381029167348275521e+00
-1.420233262897665494e+00
-1.746912435386488216e+00
-1.058215317174199477e+00
-9.449066523664592099e-01
-6.717401036161679828e-01
-1.097108271076669084e+00
-1.552371183259904086e+00
-1.524745804326014698e+00
-1.671751959270646681e+00
-7.335342533377277041e-01
-1.303082581006955731e+00
-9.220039181146386653e-01
-1.166499635048716010e+00
-1.045547970723579967e+00
-1.150173996185540171e+00
-9.647532906301505840e-01
-9.259067651520588305e-01
-1.220283531600347526e+00
-1.171589431251802038e+00
-9.916884982351735767e-01
-8.856485358283305853e-01
-1.379633883319188570e+00
-1.236725691818173933e+00
-1.380453587639785651e+00
-7.603594442797770858e-01
-1.254117389047193054e+00
-1.414828455290163989e+00
-9.422193713353868016e-01
-7.645751562464103701e-01
-1.197018340458640084e+00
-8.443371966319290767e-01
-1.243737710069017899e+00
-1.230704951747488840e+00
-1.242370006910393121e+00
-1.576514100946137198e+00
-1.188521022106306724e+00
-1.366925359192836975e+00
-8.923197744477229243e-01
-1.009655308556843600e+00
-7.070672190197184737e-01
-8.389540637514906196e-01
-1.030122125967459112e+00
-1.537242799970559570e+00
-1.037101098218005335e+00
-9.218861034067388216e-01
-1.072992285555819159e+00
-5.913523603914772053e-01
-7.620101454898574600e-01
-1.183425261152930341e+00
-1.487770854800146259e+00
-1.150075483324087600e+00
-9.523186333349346055e-01
-1.301248043842438307e+00
-1.212138532322763584e+00
-1.016022194981118565e+00
-8.720671335881472475e-01
-1.226425234949310772e+00
-1.288942747782134690e+00
-9.623497137025024406e-01
-5.816816570585138235e-01
-1.555783151668804765e+00
-1.099219493278896342e+00
-1.764532050415173803e+00
-1.073530516186637973e+00
-8.814137960917073356e-01
-1.031619783762445897e+00
-8.569793716667074568e-01
-8.778056067293176223e-01
-1.441305958787648223e+00
-1.106373820794557039e+00
-1.409930970407242024e+00
-1.080621916471071531e+00
-6.576875677778463158e-01
-1.305584549613117540e+00
-1.154966795705979044e+00
-9.273603552200212485e-01
-8.390754256901395980e-01
-1.263501206830684565e+00
-1.094540015679829725e+00
-8.659316687214796415e-01
-9.601078813557520908e-01
-9.485297154677446718e-01
-1.288323680455147224e+00
-7.328820200650368877e-01
-1.170162224544215146e+00
-1.156622600845015114e+00
-1.227211463310926565e+00
-7.789374404382369832e-01
-7.672605059096833102e-01
-1.047871347704521616e+00
-1.269229314777539530e+00
-6.929092937363360294e-01
-1.313616756468882096e+00
-1.065383518593818968e+00
-8.188979254194124202e-01
-7.899426304410308575e-01
-1.453279365827185199e+00
-1.353559155214533405e+00
-9.833375468777902917e-01
-5.180181067317470855e-01
-7.108000417173396812e-01
-1.234754020587860657e+00
-1.637155881229252152e+00
-1.060023457484818188e+00
-9.059435350576195978e-01
-9.262567309151450434e-01
-9.810916063164757395e-01
-9.871703747482861724e-01
-8.187562100625981332e-01
-8.403418873320640525e-01
-1.123886721806921063e+00
-6.375709996338576602e-01
-1.087732079874829560e+00
-6.228267011062157410e-01
-8.400514851961781160e-01
-1.306634401164818104e+00
-1.441383258020668023e+00
-1.169960989215253822e+00
-1.087967065538462341e+00
-1.067902182032583136e+00
-1.181835610795786806e+00
-1.123945380717185527e+00
-1.124655035265198499e+00
-1.179625140880472545e+00
-9.633316989852778178e-01
-9.755675046510063897e-01
-9.975298984987994722e-01
-7.634765700096163288e-01
-8.536794472288172786e-01
-7.248425573082170059e-01
-1.127267032957131487e+00
-9.580245752329684672e-01
-7.313430077865564760e-01
-9.709748927369428184e-01
-6.947331577787776435e-01
-1.050662338105967430e+00
-1.637658720522162437e+00
-1.231887127369936996e+00
-9.387060388308319236e-01
-9.757468632672658959e-01
-5.934618407316852862e-01
-1.156550257215513078e+00
-8.626964242504711056e-01
-1.115726868119017112e+00
-8.459173084575074553e-01
-7.562515764395938422e-01
-1.074655169359885587e+00
-9.006748230620731377e-01
-1.124049431852851777e+00
-1.513653756174925702e+00
-9.845118249029474189e-01
-8.043966479160996608e-01
-1.657400619037818768e+00
-9.082011344304896650e-01
-1.279375579246446737e+00
-9.264581790611733370e-01
-1.111812042667405187e+00
-1.122879411293201901e+00
-1.112584222361299613e+00
-1.242789588385785793e+00
-1.121062790461047953e+00
-9.189358827752051040e-01
-7.324593916095022417e-01
-8.116614189209435670e-01
-8.242063065494547036e-01
-1.114924879336500085e+00
-1.006580779594110187e+00
-1.204360736512983143e+00
-8.799711169253290333e-01
-1.227390699712997302e+00
-9.473694598651856147e-01
-1.067107835684232064e+00
-6.517338251525525150e-01
-7.739867628624751417e-01
-1.248526231011558574e+00
-1.781951888097356385e+00
-8.314378909351155533e-01
-9.954002784243464186e-01
-9.294473291562075357e-01
-1.363962097005535501e+00
-5.047668299642885659e-01
-1.213372362337249655e+00
-1.142783067225306093e+00
-1.001468017236221586e+00
-1.625016914001284229e+00
-9.052077476690331137e-01
-9.389698655220894974e-01
-1.260329356778093990e+00
-1.143078953534179654e+00
-5.648040720740046261e-01
-1.080685178229480847e+00
-1.000305560000817051e+00
-1.677219975212566050e+00
-1.019068120329698068e+00
-1.076585302278064482e+00
-1.213450170238377979e+00
-8.084342405954713096e-01
-6.912580647974565506e-01
-1.105892836870860263e+00
-1.224635360128850659e+00
-1.047857352764738570e+00
-1.442414498523178379e+00
-7.395961933271032462e-01
-8.496677179658360668e-01
-8.805038538689252681e-01
-1.119471565804643465e+00
-9.843795818289161614e-01
-9.112832818388315603e-01
-6.784637338462843337e-01
-1.661178277260100700e+00
-9.664569756791471233e-01
-8.316462129184454266e-01
-8.190594605238638026e-01
-1.375697493146198269e+00
-1.258608096069953941e+00
-1.243131068943496231e+00
-1.530961198616649144e+00
-9.285863448187707814e-01
-1.751582575839721656e+00
-1.073692786987488601e+00
-9.124307467804327887e-01
-1.248843034951065745e+00
-1.294903002181806428e+00
-7.185894056187104306e-01
-1.227460722314464014e+00
-1.034687530630529873e+00
-1.034881766490107102e+00
-1.009006366640133656e+00
-1.794237097316282670e+00
-5.272526140837193731e-01
-1.022878118127888980e+00
-1.134395860813652623e+00
-1.270495434522180611e+00
-1.907949621189280798e+00
-1.137042540577636762e+00
-1.346363338651490826e+00
-7.200689589874680330e-01
-1.040634278332522422e+00
-1.004050073147118471e+00
-8.968189951535968651e-01
-1.126648691407171166e+00
-9.098262052528531818e-01
-1.142043831444809365e+00
-1.062198634264055697e+00
-8.907013375440221425e-01
-2.205515483935355903e+00
-9.227130070714339993e-01
-1.187311508643832170e+00
-1.353990227615516684e+00
-2.198136617093085832e+00
-1.133451449386956966e+00
-1.320995292816515843e+00
-1.141689275169109452e+00
-1.129146311950241399e+00
-1.116734158291032175e+00
-1.014342585779662409e+00
-5.974324993630867331e-01
-1.135380424768046348e+00
-7.304359400502539179e-01
-1.346382693218550530e+00
-1.121104797137101761e+00
-1.346021278575491031e+00
-1.330656094276075452e+00
-7.472410471707240376e-01
-1.264495388955845678e+00
-9.382557655844704358e-01
-1.106674422434838601e+00
-1.290853390389764321e+00
-1.037338411845061259e+00
-6.256264575885133183e-01
-1.576732216366862893e+00
-1.295222221644754201e+00
-7.640804141523698245e-01
-1.458173911324171401e+00
-1.142539656320433750e+00
-9.461547460123299613e-01
-7.397772135002120830e-01
-8.979976554442055114e-01
-1.232283293586557749e+00
-1.147596522528521179e+00
-1.385946196587039214e+00
-1.886113372220402207e+00
-1.042570713738561361e+00
-1.124524992462928585e+00
-1.306987964223071286e+00
-1.448980310872279187e+00
-1.330518098350030876e+00
-1.086142751152882280e+00
-1.000696578671330439e+00
-1.118382594562107979e+00
-1.317227036649424532e+00
-8.839803219010594626e-01
-1.389054974357464056e+00
-1.722555218492264562e+00
-5.359319934005135622e-01
-1.551927119303053049e+00
-1.369174346621816252e+00
-1.156062322922851271e+00
-1.440246773103345035e+00
-1.346734080630322072e+00
-1.322883969010444138e+00
-1.023812991669475148e+00
