-2.204929509403443433e+01
-2.893361260595067108e+01
-3.230685049188847557e+01
-3.459469099462779695e+01
-3.659544753702267883e+01
-2.535523621831987029e+01
-3.736851926612512642e+01
-4.251692110646634148e+01
-3.256835728305897248e+01
-3.504864391261311596e+01
-3.123671501355165603e+01
-2.150044938755179302e+01
-2.015508606864112195e+01
-1.867407678574423358e+01
-1.253721273524993940e+01
-2.036301992486588475e+01
-3.566620598625075189e+00
-1.275757317416855408e+01
-2.293373108416286144e+01
-1.129917782138371685e+01
-2.251919652341797828e+01
-4.144070503168302722e+00
-5.971166812170725535e+00
-2.864797886930919901e+01
-2.162727051410578127e+01
-1.814071229236972371e+01
-2.047743765575112462e+01
-1.946873021019932537e+01
-2.500533586693298460e+01
-2.049352370370662513e+01
-2.136776543502595160e+01
-1.443938092184588307e+01
-1.821305181723726463e+01
-1.991609304116430579e+01
-2.287560085189542747e+01
-9.077598914662679874e+00
-1.893575982604041741e+01
-1.880873686863613869e+01
-2.346480069689830472e+01
-1.834789592889013221e+01
-1.801284275493392073e+01
-1.623008240755919473e+01
-2.083029198128406634e+01
-3.028696617555410420e+00
-1.619606745511192614e+01
-1.747149655567329418e+01
-2.131740238769597617e+00
-4.875406407549761845e+00
-2.272903708607550399e+01
-2.928890124507292825e+01
-2.631995446293275975e+01
-2.204690983120166337e+01
-3.006054526755106693e+01
-3.341485743709145595e+01
-3.278738778070223248e+01
-3.405778402101813640e+01
-4.195179532463712491e+01
-4.058078544774254226e+01
-4.409655010513262141e+01
-4.331172958215477564e+01
-4.161390447358827771e+01
-3.248453606852044118e+01
-3.239109295210607087e+01
-3.301078036316769015e+01
-2.196877232323224405e+01
-9.842715789641934165e+00
-1.828425132284676735e+01
-1.948643584046301669e+01
-9.933341920202206410e+00
-1.517237363953572427e+01
-1.958466485886930286e+01
-2.221880385434205252e+01
-2.736775066489303754e+01
-2.075461078166219053e+01
-1.923843137273359361e+01
-1.882724113738572669e+01
-2.655480440092135552e+01
-2.501100001349067625e+01
-2.657827938874340745e+01
-1.732791060415614837e+01
-2.261071045320823103e+01
-2.897183850694097984e+01
-3.038104057497664812e+01
-2.416988564102268455e+01
-2.711772310025301280e+01
-2.447110028306704166e+01
-1.752209477162884710e+01
-2.598276000481787662e+01
-2.771304605668635190e+01
-2.515068695301253854e+01
-3.016599011906324179e+01
-2.512256295271164319e+01
-2.090378114983613145e+01
-2.385411611844144275e+01
-2.032138549598761657e+01
-1.902485420512735814e+01
-8.221818969471126337e+00
-2.152819672290108244e+01
-2.814015537463723149e+01
-2.700789836243470532e+01
-2.424991257441462267e+01
-2.554274651446904087e+01
-2.458930591559347434e+01
-2.192720763251044858e+01
-2.871426905617607162e+01
-2.783088655239435383e+01
-3.035423029052119404e+01
-3.262879116921591560e+01
-2.939258643686966366e+01
-2.784150846462798157e+01
-6.452834463497642226e+00
-2.087615987871244982e+01
-2.813607428120090859e+01
-2.953908499969599433e+01
-1.755311073326742388e+01
-1.858661634098518789e+01
-2.855191480543592775e+01
-2.608615714842187927e+01
-1.800048480459549793e+01
-2.457732711529990510e+01
-1.728379310734133512e+01
-2.011727116429089790e+01
-3.141940328025284668e+00
-2.768421213020140570e+01
-4.344277553811989989e+00
-2.365673178884890149e+01
-2.006862436077504341e+01
-7.086955313523171540e+00
-3.156601921368783259e+00
-2.097864658157600815e+01
-2.328002959975281527e+01
-2.334911897529254432e+01
-2.490524031725533405e+01
-4.804182490675092509e+00
-2.289210682850137957e+01
-1.888930100030855286e+01
-2.407072054839047581e+01
-2.011686266967568315e+01
-2.940511214707675336e+01
-2.630585732023248724e+01
-2.925073966787643442e+01
-2.466769073944929147e+01
-1.997567739094875705e+01
-2.105393780769855283e+01
-2.399237609105747637e+01
-2.483760096905976411e+01
-2.357674318106330702e+01
-2.147741414172666552e+01
-2.482134879621003520e+01
-2.462861730727961174e+01
-1.832430624896941040e+01
-2.919246157295875577e+01
-2.699328159171777841e+01
-1.316772120371237165e+01
-2.713977848402632276e+01
-2.697042788693261528e+01
-1.851906437196358723e+01
-1.428983330348940761e+01
-2.841842325407911574e+01
-3.049550825958586131e+01
-2.992372534042709376e+01
-2.880958561828570907e+01
-2.577848465291448221e+01
-3.401005308184380027e+01
-2.799702242043709433e+01
-3.083948764192121672e+01
-2.512247716442152168e+01
-3.238600484857111894e+01
-2.431140009223815213e+01
-2.401236528073603083e+01
-2.714375471385950434e+01
-3.012232103804252503e+01
-2.338237640596556588e+01
-2.208493817241881985e+01
-2.878246940883320448e+01
-2.279228163144756181e+01
-2.179546866158347740e+01
-1.896452159466435816e+01
-3.212625549889636289e+01
-3.313088100518344703e+01
-2.807069824042428863e+01
-3.795483627666344262e+01
-3.033678460978988056e+01
-2.519692935157774372e+01
-2.199280654754232245e+01
-2.660606765640146776e+01
-1.938891243981591828e+01
-4.534096691882135488e+00
-1.670053868956127019e+01
-6.877656282530521636e+00
-3.035931858240805781e+01
-2.434551461824128182e+01
-3.455348978405535121e+01
-3.074734697725410371e+01
-3.060544938514884450e+01
-1.222059849206484472e+01
-1.691065295524627032e+01
-1.931213998633795725e+01
-3.339208891979963401e+00
-2.077915550867076178e+01
-1.948286833578127286e+01
-1.717747553019555085e+01
-1.743840294901164967e+01
-2.032783888784712545e+01
-1.874986720099080628e+01
-1.905187777970210661e+01
-2.003899811738870795e+01
-3.299458194360831698e+01
-4.519154263440068320e+01
-3.077761606620978796e+01
-3.804655675092127609e+01
-2.383278849823262391e+01
-2.318079474210986035e+01
-1.428143129999262229e+01
-2.296492769225936481e+00
-1.888997710299021549e+01
-1.613490629364283890e+01
-1.594971276870484544e+01
-1.049635139915203119e+01
-1.100655273501069153e+01
-2.974671292722932403e+00
-1.033804769007907076e+01
-1.218167784570199252e+01
-1.004873316058621135e+01
-3.291186089676197746e+00
-3.113650870478998467e+00
-9.717700809494349556e+00
-3.479518766554732689e+00
-2.081971944592447610e+00
-3.431514809312647518e+00
-2.531930207150657086e+00
-1.070727410392402490e+01
-3.098701518425784229e+00
-1.291998167026395983e+01
-7.910117830549785900e+00
-2.370021153159265204e+00
-2.398102358018472380e+00
-2.997984577446163978e+00
-3.089068294337415033e+00
-2.843545589596778278e+00
-8.055544171956956490e+00
-3.198955253311036806e+00
-1.409340281477334322e+01
-5.607933694490530918e+00
-3.081226341706113647e+00
-1.588878568757987431e+01
-5.087233546048491206e+00
-3.463735447112824328e+00
-1.142284588985116400e+01
-2.334898502144527299e+01
-2.021122957974941770e+01
-2.374918055514641324e+01
-4.366183937568803408e+00
-2.207274204206378343e+01
-2.100818023937971191e+01
-2.044105983653134828e+01
-2.252948283412549202e+01
-1.409289827738962764e+01
-1.694228216349598881e+01
-1.897013649288421888e+01
-1.845364651575556891e+01
-2.109733229426348444e+01
-1.671949084079903614e+01
-1.783494996837803015e+01
-1.712460177275323048e+01
-3.941416185445636877e+00
-9.102696100065504226e+00
-1.848159740977115817e+01
-3.290124643996108933e+00
-1.553725614860179149e+01
-3.524251083745697510e+00
-1.495250554404088206e+01
-6.616803672600610753e+00
-1.651159398003809997e+01
-1.924761847494361433e+01
-1.844166808610764319e+00
-3.487594480461118085e+00
-2.238986302905637871e+01
-2.714251370825705667e+00
-1.867712267850694019e+01
-1.871537173631265460e+01
-3.960236501644833762e+00
-1.834549423033044135e+01
-2.635637562131408540e+00
-2.638866849795181935e+00
-4.720206709073752727e+00
-8.390004583590986442e+00
-2.502157653049361219e+00
-1.466653619789739338e+01
-6.634768428390015238e+00
-2.293980188869038628e+01
-2.778586713929317398e+01
-2.457783708724346639e+01
-2.455019980696746629e+01
-2.806572908634264607e+01
-2.043901786288696343e+01
-2.270290689402005313e+01
-6.769927124180224354e+00
-1.964574035684873010e+01
-1.834632836282447244e+01
-1.896500358751238835e+01
-1.905523526759406039e+01
-1.625292345480060163e+01
-2.283365433706066128e+01
-2.059552606885426229e+01
-2.197955257703262077e+01
-2.062729216258923870e+01
-2.178280159047901421e+01
-2.154744398802187177e+01
-2.460893689622753655e+01
-2.061972778163395859e+01
-2.253053438080680237e+01
-1.906531103533771443e+01
-1.935120550352879576e+01
-2.276427564827418237e+01
-2.214819030047716097e+01
-2.182582663161328540e+01
-1.052676887580864573e+01
-2.144753585774439486e+01
-1.940142802676411904e+01
-2.335643429961012885e+01
-2.210226550636021159e+01
-1.068820451116848069e+01
-1.941096794956791172e+01
-1.133046681471541461e+01
-2.020387987222366988e+01
-1.870475824573911794e+01
-7.420689922678176842e+00
-1.764523260792547887e+01
-3.788515635094216627e+00
-4.847397375745789994e+00
-3.589732229265587993e+00
-1.334471611174570427e+01
-1.796068054254098811e+01
-2.546237466649360126e+00
-1.926215258975513223e+01
-6.279649962015599662e+00
-1.676654520609881871e+01
-2.215003895611867080e+01
-1.946949680066309796e+01
-9.043340050640511052e+00
-1.744602078130741063e+01
-1.960347492859013485e+01
-5.346378466891454906e+00
-1.559971873548412935e+00
-2.863302663747188337e+00
-6.027388134372407613e+00
-2.498063374328946651e+00
-2.421090639574608350e+00
-4.030598716553384087e+00
-2.947781749878791935e+00
-2.292921304274544436e+00
-1.762172599779182836e+00
-1.788729200302182187e+00
-4.312675870677770362e+00
-2.898896723807220521e+00
-5.575369982866126506e+00
-3.116403138554671770e+00
-1.890356359745970849e+01
-3.337012659067868814e+00
-2.145100875138166074e+01
-1.861036552894629281e+01
-2.006459757378697262e+01
-2.958126536700794063e+00
-3.565635588135486422e+00
-3.528879944094444276e+00
-3.085274454887090734e+00
-2.518978691405700854e+00
-2.281570101405519857e+00
-2.383385700160181475e+00
-4.342968520387110232e+00
-2.925252112408306626e+00
-3.774193305700153545e+00
-2.355841427719117753e+00
-2.008508042524605575e+00
-3.256780357709083695e+00
-3.752496259440459614e+00
-6.493542114324569958e+00
-3.183112552110691773e+00
-7.945943126796722211e+00
-3.736631941384190192e+00
-3.357854572209181487e+00
-6.448499634493503940e+00
-2.164129976359843166e+00
-1.273935121292721107e+01
-5.905543697113651014e+00
-8.414497570729301046e+00
-1.971667361829678722e+00
-9.768319032203624630e+00
-2.680498512529692956e+00
-1.845764712259261753e+00
-2.318675548519668617e+00
-1.578640865472544563e+00
-3.519105345792918005e+00
-2.535314968211106468e+00
-5.255988458747528291e+00
-2.647019708588537412e+00
-3.272390542703886851e+00
-2.411995311347048698e+00
-2.835024963661766151e+00
-6.914648680974356587e+00
-2.169434450310184559e+00
-1.822308750046883219e+01
-6.389625086344391747e+00
-1.952129021869021486e+00
-4.399614177330311016e+00
-3.056814773444154199e+00
-2.307632537247724436e+00
-3.011209685886104381e+00
-9.964723494213560073e+00
-2.146962849963941267e+00
-1.944348313250201299e+00
-1.875735448350112078e+00
-2.241970384907053138e+00
-1.130562694526538792e+00
-2.665543063315827688e+00
-2.694195456533321043e+00
-1.737724609514957663e+00
-1.303921476632400767e+00
-1.974700662301584586e+00
-1.713841371042405415e+00
-2.549339839868677071e+00
-2.235649985181005217e+00
-1.963386203553274090e+00
-1.036894348888641293e+00
-1.980867959611792850e+00
-3.628362992417313748e+00
-2.873010057833379260e+00
-6.145614163082017356e+00
-1.539786793560136502e+01
-3.604429041718555826e+00
-3.084920896481412989e+00
-3.625166362763074357e+00
-3.311142517225701187e+00
-3.560502744450389390e+00
-2.819670260436858200e+00
-3.771960106985412065e+00
-2.721560947423403487e+00
-3.462050585625467747e+00
-3.392266314782041992e+00
-1.628273575672703544e+01
-3.206684808985540425e+00
-2.637630232539174280e+00
-3.214173879829991698e+00
-3.042763269161174566e+00
-3.074978875914808452e+00
-2.688183931289937600e+00
-5.090938558147299453e+00
-3.691871163379933041e+00
-2.809834149620817900e+00
-3.156833814763062573e+00
-2.463336153337627454e+00
-2.300768885969884714e+00
-2.038279080435389634e+00
-2.664145977319028358e+00
-3.323275452174554445e+00
-2.131279757136066877e+00
-2.262038831442876763e+00
-1.678085457178730699e+00
-2.670207757786049907e+00
-4.248040247107484291e+00
-8.282920345350450742e-01
-2.527897506667345251e+00
-3.732329660853946240e+00
-3.036118656293352647e+00
-3.152165172121944359e+00
-3.232888131961032308e+00
-3.212559017853033883e+00
-2.409411406258834543e+00
-2.085058658499131301e+00
-3.105942952091476084e+00
-2.157325593569907163e+00
-2.155207402852680421e+00
-3.026058227085645758e+00
-1.959976219483340643e+01
-5.660340938590286974e+00
-2.109299589127838104e+00
-2.279366414505849203e+00
-2.320988916572972460e+00
-1.789872141824465190e+00
-3.131001024789000109e+00
-2.752741266698239375e+00
-1.297450285009968596e+01
-3.093074609644804962e+00
-1.753755584392359124e+00
-1.162199528045827046e+00
-1.268209766461576926e+01
-3.104619427938826615e+00
-9.651056002663452205e+00
-9.974959393665887575e+00
-1.809264957119792783e+01
-1.082398314343537926e+01
-4.335427159458500768e+00
-1.392458720223425317e+00
-2.368822310201636583e+00
-3.886783347721806781e+00
-2.421450310482794688e+00
-5.574168880982320218e+00
-1.749390884758529330e+00
-1.708957009472404698e+00
-1.478917712762840342e+00
-3.040154187520248463e+00
-1.943925179580585638e+00
-1.497193524678848142e+00
-2.463914198632036534e+00
-1.862811111864759672e+00
-3.627529809183818177e+00
-2.376618191076687037e+00
-2.710322613823198612e+00
-6.100492928035278872e+00
-1.587631441921400821e+00
-1.766100959890608113e+00
-1.564956383975256493e+00
-1.934778591714151785e+00
-2.186567192479698551e+00
-3.476038270271514463e+00
-3.315515934847287571e+00
-1.810763644502924041e+00
-2.159530469689099341e+00
-1.403422227217309137e+00
-1.558202593225424204e+00
-2.851559721585505525e+00
-2.694414443691516059e+00
-2.596797374397437963e+00
-1.367876100196492084e+00
-4.246037593996484283e+00
-3.687878147694799935e+00
-1.904585392208508310e+01
-1.143555120659961455e+00
-1.761437718820733300e+00
-3.238467700199306520e+00
-1.812314252148051308e+00
-1.966934939252441561e+00
-1.974217559308302228e+00
-3.342258242468092888e+00
-1.455600838644833583e+00
-2.350496750649230471e+00
-4.741925975751415834e+00
-3.732775954903138071e+00
-5.879421249089475054e+00
-1.173867370657513121e+01
-3.311215183497643100e+00
-3.876959860051560902e+00
-3.706505447994974833e+00
-6.505677036387540468e+00
-5.298291444219151991e+00
-6.375567056904663410e+00
-2.785924796921897872e+00
-2.548807716204646301e+00
-2.826691255276856829e+00
-2.541122367641497348e+00
-3.141997703861850955e+00
-2.534373596848141119e+00
-3.525228992719230181e+00
-3.197870802109351374e+00
-3.487353671374579633e+00
-2.621254571627867680e+00
-2.779708608800786518e+00
-3.676541030450213743e+00
-1.749813430156437422e+00
-2.985735956477361785e+00
-1.424194035936658720e+00
-2.855537629656124121e+00
-3.380659633111791074e+00
-3.292232631653050134e+00
-4.924340885572731530e+00
-2.555758592314060440e+00
-2.495026798465183049e+00
-1.463827714211113795e+00
-1.634505745552329525e+00
-3.343877764129360219e+00
-2.730555813638618545e+00
-1.733002708004558245e+00
-1.576249024746443128e+00
-2.442357690086549127e+00
-2.894302366172334384e+00
-4.321028363402738215e+00
-2.112630141263294181e+00
-4.645098957740377621e+00
-8.688239465330855893e+00
-2.238841800361051071e+00
-3.297636867105190994e+00
-2.534571039744908827e+00
-3.314100951762795955e+00
-1.924390797378653373e+00
-3.425525798788704446e+00
-2.226690684175032686e+00
-3.203775006878585074e+00
-3.031590883870503017e+00
-2.154551792347165762e+00
-3.137645119532096682e+00
-1.883678593225718734e+00
-2.089045876484398434e+00
-2.367639612921534908e+00
-2.750326142479240676e+00
-2.836202460933840541e+00
-1.789116928972170895e+00
-2.045520736944796525e+00
-1.522352259428896515e+00
-2.952478495145850257e+00
-2.106756374796532771e+00
-1.857072380902653252e+00
-1.438807872485797112e+00
-1.421874145465053196e+00
-1.866781944629360535e+00
-1.451475948133075677e+00
-2.574564961101535321e+00
-1.940390710930678608e+00
-2.972223012236432371e+00
-3.275144009627058317e+00
-7.141656227629976428e+00
-3.362140398832801580e+00
-2.541358671854129447e+00
-2.476123976569467811e+00
-2.270212903828506157e+00
-1.145220234090560840e+00
-1.798969419322719476e+00
-1.336503759658472346e+00
-1.407660225324829151e+00
-2.547985346719124689e+00
-3.337269659378665931e+00
-2.246861773057641454e+00
-2.471963704462557310e+00
-1.064301283833091860e+00
-2.172902247840737822e+00
-2.387460122414211128e+00
-3.148271973934087864e+00
-1.248888378182190229e+00
-1.606293798171404719e+00
-2.060148874191170876e+00
-2.813449772836760676e+00
-1.474750323340518365e+00
-1.672779205331145658e+00
-2.433650631375945839e+00
-1.837221909105133122e+01
-2.596127811774737726e+00
-3.654744246329474588e+00
-3.206639377586581574e+00
-3.144844002305737352e+00
-2.679805866516172586e+00
-2.224967007092303106e+00
-1.918841891219348339e+00
-2.108274970456284869e+00
-2.576890955502750824e+00
-2.889266898290514085e+00
-2.207660345670731772e+00
-4.214199446853487352e+00
-2.083779180630162209e+00
-1.449675876905219374e+00
-2.536735877224175262e+00
-2.114517717940101349e+00
-2.195242224500892902e+00
-2.947769720398679905e+00
-2.767148971781891564e+00
-2.345741169131323467e+00
-2.579690400156648078e+00
-3.260024979404587242e+00
-2.820372530086377338e+00
-1.164203087231305922e+01
-3.682343383290115568e+00
-5.003925430375947947e+00
-3.937510792994795228e+00
-3.283097630703854186e+00
-2.378362570763864259e+00
-2.131551477098044156e+00
-2.193861073544540741e+00
-1.537513252698830879e+00
-2.863212634148876390e+00
-2.021565224411787653e+00
-4.471621039222647198e+00
-2.423318600439949844e+00
-2.436867551657202036e+00
-3.208043284017034313e+00
-2.587702015213209528e+00
-1.915800459355385676e+00
-2.393340655924486082e+00
-1.768952582607619561e+00
-1.532102097797634954e+00
-2.587055673719157678e+00
-1.889615157621730601e+00
-1.690128856102101285e+00
-4.297327222701093241e+00
-4.665511370443638839e+00
-3.583902634597119441e+00
-2.402097853219655743e+00
-2.114446090530257116e+00
-7.625294789937695050e+00
-2.526989021035614069e+00
-2.582148417746493063e+00
-1.722991454466624051e+00
-6.201646712295659114e+00
-4.380269064714800820e+00
-3.983056287920999861e+00
-2.877224566273891337e+00
-3.138261786512714480e+00
-1.652227248449062325e+00
-1.586163267082510320e+00
-2.151061578646271677e+00
-2.229478955287646169e+00
-2.118608001333942781e+00
-3.241781578581377055e+00
-3.209485537874276595e+00
-2.087733894000272539e+00
-2.592202508868657773e+00
-1.916608458650346680e+00
-3.177378586282964434e+00
-2.913052709451416700e+00
-1.683738290923771919e+00
-1.514107971372071981e+00
-1.731907581686962683e+00
-1.647143288192996158e+00
-3.619036554547973683e+00
-2.592643575536603961e+00
-3.978353120249717545e+00
-3.275864221960851363e+00
-3.357970369169330560e+00
-2.063093112282966768e+00
-1.839545634070363533e+00
-1.648134427785832523e+00
-1.199248058419339014e+00
-1.725897209203919758e+00
-1.370141081152805418e+00
-2.320368679041366011e+00
-2.107279136541141629e+00
-2.292159858628500579e+00
-8.330732006520872091e+00
-1.880648621568424872e+01
-9.792876487673071395e+00
-8.896983289982269838e+00
-1.600221209970577263e+01
-2.460233225680471314e+00
-2.331103143839177161e+00
-1.824829897984811655e+00
-1.726512108220803476e+00
-1.466687892288868644e+00
-2.648492597293448991e+00
-8.649109434500829252e+00
-5.187143261061739175e+00
-2.971751891566348114e+00
-2.333434774276863077e+00
-1.661045402510371805e+00
-1.875098254508007711e+00
-1.343573752973740820e+00
-1.733958000322506132e+00
-7.658753117174772029e+00
-3.739138666185720883e+00
-1.172461877436433930e+01
-2.067881662016506805e+00
-1.951397889353801540e+00
-2.250966126189391403e+00
-3.344885127730219843e+00
-3.356947853992872766e+00
-2.004459575820460859e+00
-1.442011021679557858e+00
-1.846667132973537795e+00
-2.620131096956724637e+00
-1.649187109121398098e+00
-2.361168780418263946e+00
-1.272475090764669803e+00
-2.118523679265524873e+00
-2.979147775461751912e+00
-1.730664536961850741e+00
-1.489485486717210483e+00
-4.718162543213650473e+00
-1.332644848918792313e+00
-4.071815249416837368e+00
-3.694139359705080672e+00
-2.000490316935441548e+00
-1.886290920129906290e+00
-1.791566126741276355e+00
-3.271450065791453810e+00
-3.251201303602283321e+00
-2.960482923175199232e+00
-2.837297323536429161e+00
-3.194672294954820302e+00
-2.260247436892173667e+00
-1.694417083478583663e+00
-2.309258403577841623e+00
-2.228011556917864677e+00
-2.504764185397501564e+00
-2.145501924675775829e+00
-1.514256243445890382e+00
-2.140425413554964962e+00
-1.971020111413639198e+00
-2.038741098567940835e+00
-1.582601893504768764e+00
-1.345035820286987205e+00
-4.821401625852808515e+00
-1.749292424708029481e+00
-1.326380286955386012e+00
-1.099859524999804217e+00
-1.566748804685222485e+00
-1.351877528713374632e+00
-2.664534086981994676e+00
-2.965154987128343134e+00
-2.262278651831481024e+00
-2.784446965196885060e+00
-1.660131067030276908e+00
-1.770500941363940317e+00
-2.868100511820300902e+00
-1.243731780694546707e+00
-1.967758074637694143e+00
-1.519078234456047394e+00
-2.227945902149945478e+00
-3.454136835168485131e+00
-2.775477562165727718e+00
-1.506272831571412896e+00
-3.236520442096810779e+00
-1.259337201434399534e+00
-1.548121019508032381e+00
-3.124513491379025787e+00
-2.040544079963116264e+00
-1.266281937548934478e+00
-2.286160495442408180e+00
-1.235582385825958252e+00
-1.888546815248516975e+00
-1.552167643850260959e+00
-1.735858397066365688e+00
-2.245627709336293076e+00
-2.013113590277966214e+00
-2.511872804928220404e+00
-2.387211713716757000e+00
-2.238789348892103348e+00
-2.435119733080298055e+00
-2.224632375554429053e+00
-3.200726524613656476e+00
-2.260952397310520112e+00
-1.977800731332741035e+00
-2.663936761795177688e+00
-2.216465641600309233e+00
-2.511732900171805838e+00
-1.995794395164323776e+00
-2.237870141098347254e+00
-2.125176724945288420e+00
-1.579682783459078310e+00
-2.565041831445415976e+00
-2.105106283513670018e+00
-2.454330529322892307e+00
-3.501981345281532931e+00
-1.938765780036554309e+00
-2.123984927355409891e+00
-3.071114137557760859e+00
-1.832714793965897426e+00
-1.619880147701607154e+00
-2.329123289643976857e+00
-1.954410392842799382e+00
-2.232848816143976567e+00
-2.156766202695552082e+00
-2.738371106798550336e+00
-2.826672617032854440e+00
-2.696639843044871032e+00
-1.087157890580320974e+00
-1.230228302110653038e+00
-1.897453808906735651e+00
-2.166060336916093565e+00
-2.004809105450565898e+00
-2.163609262254016397e+00
-2.907296322795700494e+00
-1.111957781856917737e+00
-1.568299694751736917e+00
-1.176194782254043947e+00
-1.501112845364745985e+00
-1.981707042746728487e+00
-1.544518922312781761e+00
-1.658684576020375001e+00
-1.463878310362455970e+00
-2.009302489604748665e+00
-1.933977948170365613e+00
-2.191003641364840160e+00
-1.485490645520451958e+00
-2.102001477128510931e+00
-1.706639275755154728e+00
-3.566739654231174672e+00
-1.491129910719201312e+00
-1.335866041038688667e+00
-2.813594537516875604e+00
-2.927819634316104036e+00
-1.168584344981945078e+00
-1.156285054643544363e+00
-1.174353584402510142e+00
-1.574763195228871426e+00
-2.805040697638479852e+00
-3.042226606940146905e+00
-2.260432907242325484e+00
-1.353032916065036284e+00
-1.040376928325083883e+00
-1.226410832961345454e+00
-1.772505091455007342e+00
-1.734104232686366709e+00
-1.064591108022115096e+00
-2.494454202829623934e+00
-2.437481604028627125e+00
-1.887784421410981128e+00
-1.530457431778577293e+00
-1.719995515528863317e+00
-1.300367807732800474e+00
-9.902255759900990828e-01
-1.458224091175406523e+00
-6.346606231280882415e-01
-9.047695040726387861e-01
-2.064504397872549468e+00
-1.368155159621833317e+00
-2.285788585415962082e+00
-2.198101789177113741e+00
-2.579084576039822885e+00
-1.777974329824967725e+00
-1.309491472757204678e+00
-1.650914930161827332e+00
-1.103333710538674906e+00
-1.515385585554792192e+00
-1.203597529054272419e+00
-1.371802452718270393e+00
-1.983373394536186440e+00
-1.754937809449073960e+00
-2.963967786968142892e+00
-3.697918938851303849e+00
-1.388047484817150234e+00
-2.175366204220529731e+00
-1.309868950611829064e+00
-1.724250433231004243e+00
-4.139708806678715547e+00
-2.004066916758668881e+00
-2.750478367926355361e+00
-1.951471168714300264e+00
-2.436923560772550346e+00
-3.638623387378567831e+00
-1.725729280251253828e+00
-1.544518294469618747e+00
-1.995420615217607052e+00
-1.521562309337359586e+00
-1.118201280057957048e+00
-1.794072611457870892e+00
-1.627323901672183881e+00
-2.319003492084201756e+00
-1.884358933784508139e+00
-1.733426542360913869e+00
-2.618665010681914040e+00
-2.373214668010351858e+00
-2.008812363302427517e+00
-1.789670122655220741e+00
-1.439549572736952721e+00
-2.151820557494105390e+00
-1.454893182738024482e+00
-1.827237147595137223e+00
-1.690983589296336742e+00
-1.281997215192445472e+00
-2.283383129548726576e+00
-2.100663360012993142e+00
-2.706942767148057261e+00
-1.329152792996290300e+00
-9.707317831054758095e-01
-1.764293581518332044e+00
-2.732510661203142899e+00
-1.628745794789760781e+00
-2.336465734966781671e+00
-2.651180517768806588e+00
-2.897577958382552943e+00
-2.745201994207204343e+00
-2.025753916175696112e+00
-1.738241872546772981e+00
-1.815196203041939960e+00
-1.334228602035757438e+00
-1.649624083183186984e+00
-1.449366091226335085e+00
-1.091152861078410252e+00
-1.550287436129067942e+00
-1.825077389442169906e+00
-1.082820630417733909e+00
-1.600211326092551678e+00
-1.673228040734543232e+00
-1.652143558462057182e+00
-9.271187440381079004e-01
-1.307489569977243526e+00
-1.263877780260474593e+00
-2.388338349228659396e+00
-1.258304946663342694e+00
-3.506665303374226994e+00
-2.569766880447990953e+00
-1.279979487824972173e+00
-1.969226707224921435e+00
-2.569516093406952528e+00
-3.372237795245503822e+00
-1.610132476904461818e+00
-2.987001814594912652e+00
-2.505851303050291801e+00
-1.199348268974870457e+00
-3.811286431881641512e+00
-2.924705767984707272e+00
-1.213852911185933747e+00
-2.713047579339086024e+00
-2.113683331413812816e+00
-1.113182988751082458e+00
-1.182516692741808040e+00
-2.167278567309419923e+00
-1.215907336602267907e+00
-2.339454048425129606e+00
-1.325769397096917546e+00
-1.914720521157678101e+00
-1.869717404018024220e+00
-2.611126254624434040e+00
