-4.365807207268102502e+04
-5.616962559524168319e+04
-5.586417069842191995e+04
-1.287010728391649536e+04
-7.151174729189167556e+04
-8.076375066376350333e+03
-6.284013985584565671e+04
-5.618520775876630796e+04
-1.485918009615355732e+04
-3.701405610297005478e+04
-4.217638710597260797e+04
-5.731345200483261578e+04
-8.484175046640139772e+04
-1.024435295803723857e+05
-8.344388637567555998e+04
-6.049578141758373386e+04
-1.062867573883435834e+05
-7.855437074715927884e+04
-1.483132010570371349e+05
-1.019431437327663880e+05
-1.582579430876288097e+05
-1.840354418193209276e+05
-1.468241092790946714e+05
-1.830026550546544313e+05
-1.982631855373934668e+05
-2.951065420734256040e+05
-3.288702928201871109e+05
-3.983762638082163758e+05
-4.390921993953284109e+05
-3.503365558715348598e+05
-4.098774910489717149e+05
-5.066799188147346140e+05
-2.670305118489626329e+05
-3.970664269545691204e+05
-2.001878340531325957e+05
-2.120117645567814761e+05
-7.379485156524610647e+04
-4.710015195262181805e+04
-4.617958033674729813e+04
-4.647644228184258100e+04
-8.389625669997101068e+04
-7.869580769564988441e+04
-7.208057129049859941e+04
-7.642565985454745532e+04
-8.273263970840742695e+04
-7.809356759854702977e+04
-5.790480471079050767e+04
-1.801927746059399215e+05
-1.296349977198919369e+05
-4.493256433795863268e+04
-9.313032833544956520e+04
-1.629496608271038567e+05
-1.699503320254282153e+05
-1.163514528803379217e+05
-1.613541740311883914e+05
-1.027637492521174572e+05
-1.442945986579837045e+05
-9.294116778442720533e+04
-8.506293752693304850e+04
-1.815115688080909022e+05
-1.593636004450244945e+05
-9.166238460813146958e+04
-1.666175141898598231e+05
-1.439267688291762897e+05
-1.505289771568471624e+05
-1.504303644273816608e+05
-1.354665315923364833e+05
-6.471175376429490279e+04
-5.815879715282614779e+04
-9.481630312562121253e+04
-6.370929930909071118e+04
-1.614551624559981283e+05
-1.132642724836411071e+05
-1.353193152633602440e+05
-1.884160485708840424e+05
-9.021776336026168428e+04
-1.173426950894768670e+05
-1.090990328180410579e+05
-8.656449110022804234e+04
-7.127619999748370901e+04
-7.633500421539867239e+04
-1.580731907170824998e+05
-6.766104643914526969e+04
-1.936025178446059581e+05
-1.456146359172631928e+05
-1.647678815403222980e+05
-1.729740475271409086e+05
-1.557961599301985116e+05
-1.550677164988961304e+05
-1.211813092400590394e+05
-1.053126354891704395e+05
-1.883893022897299670e+05
-9.412933573750843061e+04
-1.370409208454665786e+05
-1.335415481650134607e+05
-9.559171948560944293e+04
-1.745256595757908071e+05
-9.438927364302086062e+04
-1.373585004161689430e+05
-1.169408199231867620e+05
-1.329319611869507644e+05
-1.518939383355204773e+05
-7.656166137798469572e+04
-1.441543288530037971e+05
-1.489126415883886511e+05
-6.388686138028660207e+04
-1.586595460169988219e+05
-1.527085650503042270e+05
-5.712474925161284045e+04
-1.532190958769701829e+05
-2.056945317877485650e+05
-7.762096937666212034e+04
-1.688054422087421699e+05
-7.821256217686153832e+04
-9.747168273251115170e+04
-1.056060009111467953e+05
-7.494681010574681568e+04
-1.419762867721130315e+05
-6.581692105321960116e+04
-6.501015874826276558e+04
-6.494363973551609524e+04
-1.143851685941788455e+05
-9.331462698679658934e+04
-1.473324441510785255e+05
-1.208347856074010051e+05
-1.102693365822132037e+05
-1.286103956395960995e+05
-2.420300963612580381e+05
-2.630866512536795344e+05
-3.380642349697847385e+05
-7.178810130000246863e+04
-3.385188666239728336e+05
-3.009696397065677447e+05
-4.773737922032956267e+05
-3.632977728279222501e+05
-4.194533803801505710e+05
-5.165560183735239552e+05
-4.776998432358762366e+05
-3.456213442836345639e+05
-3.675474304233407020e+05
-3.908208811674966128e+05
-3.238837580049546086e+05
-3.192222831938986201e+05
-4.659419534030715586e+05
-5.581270705587620614e+05
-4.622894526241269778e+05
-3.304391850178587483e+05
-3.093011493670484633e+05
-5.014017207478039199e+05
-4.400985878500326653e+05
-3.859106788594989921e+05
-3.918441379308479954e+05
-4.301049508442962542e+05
-4.112758304149296018e+05
-4.817522192798954784e+05
-5.763778676607557572e+05
-3.782267897498151287e+05
-4.196966606600630912e+05
-3.852549602200247464e+05
-3.639459073291458772e+05
-3.363808757320583099e+05
-4.760519196892357431e+05
-4.107200148551751045e+05
-4.468044012408638955e+05
-3.840975075509042945e+05
-5.195501862904718728e+05
-4.584313682339385268e+05
-3.680461722293483326e+05
-3.389372521226430545e+05
-2.631133935720197624e+05
-3.367115608577725943e+05
-4.647738979447184247e+05
-3.693791928957812488e+05
-3.720077660060996423e+05
-4.968492084640398389e+05
-3.450713299998939037e+05
-4.470335032532779733e+05
-3.447493606275501079e+05
-5.499663338820709614e+05
-4.592510656823334866e+05
-2.698694763338025659e+05
-4.141995567609895952e+05
-4.763435182469519787e+05
-5.997907486005487153e+05
-4.929462039027992287e+05
-4.646487063493355527e+05
-4.006409523091433803e+05
-4.070366218426225823e+05
-3.591281797040168894e+05
-4.648324019048874616e+05
-4.657503330150031834e+05
-4.288935038114840863e+05
-4.076314387581713381e+05
-2.158335745702797722e+05
-1.194910356243405404e+05
-1.697928637688827584e+05
-1.315852175487653003e+05
-1.956614590701202105e+05
-8.882423911778401816e+04
-1.247594764421985601e+05
-1.454926031911720347e+05
-8.135188698222109815e+04
-1.357898433294403367e+05
-1.602477997281595308e+05
-6.760236883665894857e+04
-2.194212815789360611e+05
-2.362050368408772920e+05
-1.841180108307811606e+05
-9.688975668221741216e+04
-1.815130507514356577e+05
-1.094080324817946675e+05
-1.163687865022866463e+05
-9.919469879250433587e+04
-8.585831667559550260e+04
-8.483795087339755264e+04
-1.826879971537929086e+05
-8.483686312125848781e+04
-1.299972874590684951e+05
-1.266486428013785480e+05
-4.894544364098303049e+04
-7.205558839145023376e+04
-1.605919044400346465e+05
-1.099459044584621151e+05
-1.530856499689971097e+05
-9.660538431156291335e+04
-1.428420856049630966e+05
-1.474900331059221062e+05
-6.496482236301981175e+04
-1.385386604839214997e+05
-1.118383091135802242e+05
-1.942994842553909402e+05
-1.283724201473383146e+05
-1.262212248282325745e+05
-7.408758668769845099e+04
-2.133187421731431095e+05
-5.302985681312568340e+04
-7.645288198614485736e+04
-1.154355484496959689e+05
-1.394070810718180728e+05
-2.098028300836529233e+05
-1.169817106698918506e+05
-1.530150811334903701e+05
-6.991319316954874375e+04
-1.420301239492159220e+05
-2.062772328101419262e+05
-1.092573882794539677e+05
-1.570079430941845058e+05
-1.254218085532525583e+05
-6.053713641124249989e+04
-1.255240282227068819e+05
-1.222915558014060516e+05
-8.752365606848904281e+04
-9.403312423220115306e+04
-1.018215366285690980e+05
-1.212818372521316924e+05
-1.186636013224908675e+05
-1.711785441833469085e+05
-7.503519272154287319e+04
-1.116199038878207793e+05
-1.276571545425520162e+05
-6.848310173899224901e+04
-1.281046979773519415e+05
-1.005939831318412471e+05
-9.882609438252742984e+04
-1.154714155007374211e+05
-1.026259546064296883e+05
-1.264306608050329523e+05
-1.499493481591714954e+05
-1.674315486041101103e+05
-9.645609830130224873e+04
-1.797966593360821716e+05
-9.302847480773925781e+04
-7.831657304467365611e+04
-8.415675890709197847e+04
-1.168871422677472437e+05
-1.567334797980419535e+05
-7.862412012809130829e+04
-1.480461244774328952e+05
-7.212530811983095191e+04
-1.152770270804969332e+05
-1.167201744207210286e+05
-8.953261340556779760e+04
-1.457235896337335289e+05
-1.467335659608629649e+05
-1.448910420479740133e+05
-9.034123006866345531e+04
-1.884480811328581476e+05
-1.233875241621375899e+05
-1.509126735363828775e+05
-1.426623030236577906e+05
-7.673574245427509595e+04
-1.860315931525476917e+05
-7.105452931364250253e+04
-7.045100292123031977e+04
-1.633583003165180853e+05
-1.875626279135321383e+05
-9.903308028813716373e+04
-9.026472020470254938e+04
-1.250615677528462402e+05
-7.240790878795337630e+04
-1.568672978378799453e+05
-1.194202861101296585e+05
-1.194688075194747944e+05
-1.186202774008793640e+05
-1.308346395908591658e+05
-1.882899615688987542e+05
-6.996833957163697050e+04
-1.424695771306476672e+05
-1.224302217472171615e+05
-7.913081954400353425e+04
-1.116908762817124370e+05
-9.397663444151014846e+04
-1.694753573168918083e+05
-2.058800026071926695e+05
-1.102433080340133019e+05
-1.190781349023742223e+05
-1.554672838334334665e+05
-1.453625069845883409e+05
-6.510598898500374344e+04
-1.155349770310886088e+05
-1.445920957826712111e+05
-1.485786111347108672e+05
-1.494550783814329479e+05
-2.194467620621237729e+05
-1.367464500208119280e+05
-1.649851583064295410e+05
-7.422845825599829550e+04
-1.488078391695983591e+05
-1.491855688800509088e+05
-1.527030976265642093e+05
-1.062790228473296738e+05
-6.463065399840913597e+04
-1.240877328885880852e+05
-1.333059574690763839e+05
-7.623628628393186955e+04
-8.979177735402861435e+04
-1.120796785417272331e+05
-1.217952581317924632e+05
-1.309067685665004537e+05
-2.207716508357111888e+05
-1.946431565921486181e+05
-1.292826510579285241e+05
-1.102718867228615272e+05
-7.877726094934782304e+04
-1.161757729258415347e+05
-9.939827245001876145e+04
-1.734778454216730315e+05
-9.117011706534364203e+04
-2.129641081006934983e+05
-1.483704446004265919e+05
-9.460960252694276278e+04
-2.045241484227791952e+05
-5.988766478732031101e+04
-1.643585733488004771e+05
-1.498686038938639103e+05
-1.306576110537646600e+05
-2.014769104830847646e+05
-1.807855186734094168e+05
-7.065662435525556793e+04
-1.415814272045218386e+05
-1.152544296413376142e+05
-6.694149430334323552e+04
-1.500651166588437336e+05
-1.583151446713292971e+05
-1.244731666253535514e+05
-1.454803260295615182e+05
-1.505306776329392160e+05
-7.249539335452963132e+04
-1.168491693450965831e+05
-1.059282557610679942e+05
-2.284937611838554440e+05
-9.651985748444883211e+04
-1.188203214641754894e+05
-1.722854924347006890e+05
-1.505412756941894186e+05
-2.017801713173985772e+05
-2.190908224952080345e+05
-1.053355262180711434e+05
-8.630758683065956575e+04
-1.212838495086781622e+05
-1.308717560197900311e+05
-1.437157468791636347e+05
-1.154242309244505741e+05
-1.133945365441480826e+05
-1.198214528467411292e+05
-9.554880870566713565e+04
-1.475282897828386631e+05
-6.107157040761965618e+04
-1.770910395708017168e+05
-1.837057413955364609e+05
-7.207008999542052334e+04
-1.506597375018957537e+05
-7.145166854098114709e+04
-5.546075246873706055e+04
-1.296136800126304006e+05
-1.634590677893847751e+05
-5.358095817552863446e+04
-2.081943997091684141e+05
-1.029785203722534643e+05
-1.912021415402497805e+05
-1.247139704609624605e+05
-1.524042810581519152e+05
-1.532733917225787882e+05
-9.843251067569937732e+04
-1.682784281962162640e+05
-1.518784502131856279e+05
-1.171915750929176720e+05
-8.580167964675808616e+04
-1.396236341968165361e+05
-1.199585930589794734e+05
-1.166848585733904183e+05
-9.323904042259810376e+04
-8.520804987514379900e+04
-1.542849628355340683e+05
-1.534867651007155073e+05
-1.695087471275420103e+05
-8.565751031775870069e+04
-1.029862535158778628e+05
-1.422268198367589212e+05
-1.149101162777683639e+05
-1.002503429308768391e+05
-9.616688833138116752e+04
-1.273356990001791855e+05
-1.447448849077330378e+05
-1.624607279670154385e+05
-1.309351091819588328e+05
-1.505840120910419791e+05
-5.649520706043430255e+04
-9.766943052115956380e+04
-7.887628905573886004e+04
-7.370539703478170850e+04
-6.945684448890501517e+04
-9.327513001805946988e+04
-4.406112998461725510e+04
-1.408768468245090044e+05
-8.893975226244311489e+04
-7.898046006355513236e+04
-6.385111686745729821e+04
-1.581916680095897173e+05
-9.395717033410536533e+04
-1.462454133994285658e+05
-1.186690882207580144e+05
-5.335400183695100714e+04
-1.761435555784258468e+05
-1.424938750267940923e+05
-1.572484214432917652e+05
-1.355199597233264649e+05
-1.330085991402759391e+05
-1.124725133955383062e+05
-1.309073098307895707e+05
-8.005949903040460777e+04
-6.093345390589961607e+04
-1.466225767496922927e+05
-8.237280398565880023e+04
-8.141447196858526149e+04
-1.333609905880108126e+05
-6.798426935615124239e+04
-1.355211986895536538e+05
-1.251191046180544654e+05
-1.171391388330164918e+05
-1.103040347751536319e+05
-9.954788199293160869e+04
-1.650014169676129532e+05
-1.259861466864182585e+05
-1.788829077625266509e+05
-1.006779628940289549e+05
-8.853724980013855384e+04
-1.079454510199069773e+05
-8.870377903130812047e+04
-8.511845664408497396e+04
-1.225711224961916887e+05
-1.960137824301440851e+05
-2.123993405072292662e+05
-1.152198100675353198e+05
-1.045529759367721854e+05
-1.036938517530662793e+05
-1.344979295605609077e+05
-5.720860232431570330e+04
-1.254735438967905939e+05
-1.212948149921734148e+05
-1.227701710196635249e+05
-1.356583994894014613e+05
-8.276540185070008738e+04
-1.467738287580554315e+05
-1.220985529084474110e+05
-1.527207556515540637e+05
-1.340414815588634228e+05
-9.159776497234539420e+04
-9.787109282285133668e+04
-1.755529988461715693e+05
-1.024028033816965763e+05
-5.840228797681999276e+04
-1.511083066258708423e+05
-8.379592715151798620e+04
-5.297941170365083235e+04
-9.153682048184105952e+04
-6.136038286215612607e+04
-1.656001831438884838e+05
-1.300577587308226066e+05
-1.277080422551994852e+05
-1.259259712687692809e+05
-1.456129654549101542e+05
-1.514984309825655364e+05
-9.486483937413481181e+04
-1.075590516335835273e+05
-1.032719173390539654e+05
-7.915387085453540203e+04
-1.124821940122931410e+05
-1.237149847178068158e+05
-9.493276036248696619e+04
-1.431144667984031257e+05
-1.441124696479171107e+05
-1.101832047228938463e+05
-1.383063399602303398e+05
-1.070527145310685883e+05
-8.188651404984315741e+04
-1.785429874146981165e+05
-1.001891092660024151e+05
-1.323588485883678077e+05
-5.376806363001457066e+04
-1.543658786910343915e+05
-1.033019349484119739e+05
-6.839521328337566229e+04
-1.734706939765123534e+05
-7.513020559107231384e+04
-1.250794463195770804e+05
-9.800111679885305057e+04
-6.933691163683994091e+04
-1.847680213807639957e+05
-6.920885531673711375e+04
-1.132939618368193769e+05
-7.918261858634075907e+04
-7.064102009050430206e+04
-1.275123319979691296e+05
-1.231454227943166334e+05
-1.223773482276350260e+05
-9.613771844973073166e+04
-1.310137301324914879e+05
-5.846735591026816837e+04
-5.934365929917416361e+04
-1.284774088447418762e+05
-5.515923692505311192e+04
-1.211418885726757289e+05
-1.236674369266417198e+05
-1.327855159283530666e+05
-8.356142322868770862e+04
-5.709149610132937232e+04
-5.940856246881146217e+04
-8.764229775523800345e+04
-1.221722587235578394e+05
-9.485454668869636953e+04
-1.179050400184423488e+05
-1.705675261882396589e+05
-1.326120599892037280e+05
-9.808463509139453527e+04
-7.638414102690317668e+04
-7.595670340486752684e+04
-6.446709461052985716e+04
-1.664510872114659287e+05
-9.404319843169106753e+04
-6.998666880691294500e+04
-1.464990854787369899e+05
-8.150235028676869115e+04
-1.374204914317897055e+05
-1.053155827108893282e+05
-1.291028775840362941e+05
-1.818515103411345917e+05
-1.002745811436954391e+05
-1.129286645317873918e+05
-9.381945517200644827e+04
-1.458918373077716678e+05
-1.512166388822401641e+05
-9.571395311941106047e+04
-1.237983763906792738e+05
-6.595148512577441579e+04
-1.526713771972486284e+05
-6.036807281891242746e+04
-1.849314483268864860e+05
-7.357480601279062103e+04
-1.573272950864305603e+05
-1.126106922307031200e+05
-1.646542151075245929e+05
-7.684905455830943538e+04
-1.199308858681438578e+05
-1.263660590506378212e+05
-1.058416127256031614e+05
-1.852254503629655519e+05
-1.463196030214670172e+05
-1.205031087161530595e+05
-1.119146606700570264e+05
-9.479385247855183843e+04
-4.394188142270408571e+04
-5.885744761418121925e+04
-1.568847148910419783e+05
-9.054530028116113681e+04
-5.910419130476377177e+04
-1.313812233964591578e+05
-1.230172374289402214e+05
-7.850103958600397164e+04
-1.443428920734647254e+05
-6.504090288626008260e+04
-1.182396707269298786e+05
-1.312598772569190187e+05
-1.047944462550224562e+05
-1.209057545595137344e+05
-1.520167558718672371e+05
-1.212648786990440276e+05
-1.170497079781124194e+05
-1.259981766491803282e+05
-8.402887985976869822e+04
-1.516861532985547092e+05
-1.124479293723845039e+05
-9.179516322069747548e+04
-5.446403311012758058e+04
-4.449280563669163530e+04
-7.853676533896067122e+04
-8.566576901717641158e+04
-9.595578151136207453e+04
-8.379557198399923800e+04
-1.549365978915901505e+05
-1.070566247289632011e+05
-1.054260138123645593e+05
-9.801679793812883145e+04
-7.562687693385791499e+04
-1.132384140246457100e+05
-8.116355422110867221e+04
-6.787476130863557046e+04
-6.271858258226324688e+04
-1.296451758679969789e+05
-8.500922633410201524e+04
-1.101416280069022614e+05
-7.479141125646283035e+04
-1.902818293538263242e+05
-9.260663742033332528e+04
-9.782605738643067889e+04
-9.348171054529801768e+04
-1.853512687371740758e+05
-1.077611132799746556e+05
-8.808930422352782625e+04
-9.830647412488947157e+04
-9.335934160548466025e+04
-1.006504020405020274e+05
-1.892635300261456869e+05
-1.834351127825663425e+05
-9.115940308119609836e+04
-5.974913999055003660e+04
-8.868255509215203347e+04
-1.176195832180895522e+05
-1.038198337483828509e+05
-4.506549794954518438e+04
-4.154014246171848208e+04
-1.323132983857741929e+05
-1.267876500271947443e+05
-1.062534931975581712e+05
-1.454386338059745904e+05
-1.852952094990989426e+05
-1.682053651538934791e+05
-1.920236033868054510e+05
-1.557424401128417812e+05
-1.318973433701080794e+05
-7.860684266775699507e+04
-1.180785851882716233e+05
-1.676603802970605902e+05
-1.057417390721770498e+05
-1.162502114736873773e+05
-1.013895931886318867e+05
-1.252750833376307419e+05
-6.280635560227912356e+04
-1.093839645533499133e+05
-1.300165884422178933e+05
-9.103683792525628814e+04
-2.176361170581656334e+05
-1.429282435057738330e+05
-4.617176789838136756e+04
-1.513587647817793768e+05
-1.316085005673826090e+05
-1.407916001637053560e+05
-1.028804899347229803e+05
-9.108084332561180054e+04
-1.503652310281720129e+05
-6.493527600972557411e+04
-1.001110154429272225e+05
-1.327210195513090293e+05
-1.428797224534302659e+05
-1.344751360153055284e+05
-1.134492860446933191e+05
-9.701056322693840775e+04
-1.580275097618049476e+05
-5.672874007987936784e+04
-1.943341193245034083e+05
-1.025593679724632530e+05
-1.424051930593177385e+05
-1.347356844117491855e+05
-1.498156794259588060e+05
-9.404321425712115888e+04
-1.293472882748288539e+05
-8.149193481801284361e+04
-8.509141710086297826e+04
-1.513035205547942896e+05
-9.311602799073747883e+04
-1.270315132049611857e+05
-4.673553360912825883e+04
-1.415903301372165151e+05
-1.067761515856971964e+05
-8.076890929930051789e+04
-1.571682671122484317e+05
-9.961691501329302264e+04
-1.421828748202298884e+05
-1.363161054041042516e+05
-1.572794355237337295e+05
-9.539246573590648768e+04
-1.443011679173283046e+05
-1.682959556223732361e+05
-8.067028293046302861e+04
-1.507690092983105569e+05
-1.410578164230358962e+05
-1.060759138780159847e+05
-1.409013236040784395e+05
-8.503902224687812850e+04
-1.494563096400937939e+05
-1.877173689281275729e+05
-1.346459424139979237e+05
-1.595554148408781912e+05
-6.632470862686989130e+04
-1.231411684594155377e+05
-5.409447000379726524e+04
-7.068416121201671194e+04
-8.818978234324387449e+04
-7.598051813361907261e+04
-6.288696203727054672e+04
-6.967890953360965068e+04
-4.391683035570148058e+04
-1.415112750669564703e+05
-8.208572984539454046e+04
-1.825711604434387118e+05
-9.144631050544076425e+04
-1.383493810753303696e+05
-1.356074479683549143e+05
-8.758822952395607717e+04
-2.002711504695769981e+05
-1.597627659590921830e+05
-8.846557058052564389e+04
-1.555045598416901194e+05
-1.393424522177732142e+05
-1.189988071118132793e+05
-9.167488859182360466e+04
-1.114481196940090013e+05
-1.764683608217200672e+05
-8.924717850006742810e+04
-1.109111308870331413e+05
-5.352809812938178220e+04
-1.397302399584673694e+05
-9.989892712181234674e+04
-7.667423723042824713e+04
-7.735781762650398014e+04
-1.156523549853474251e+05
-7.006109833401009382e+04
-1.176894238286345353e+05
-2.014071584402599838e+05
-7.877320783425508125e+04
-1.162807627741275501e+05
-1.234833535703328962e+05
-5.881079016566381324e+04
-1.127156712968221109e+05
-1.113311715027448081e+05
-7.652378367092291592e+04
-8.768482316873123636e+04
-7.065368504635644786e+04
-1.344977410403388203e+05
-8.983135054641544411e+04
-7.409830404545195051e+04
-1.472368609079694725e+05
-1.436663921426441229e+05
-1.547379724583137140e+05
-9.740499189609775203e+04
-1.031220678726310580e+05
-1.324264370125374699e+05
-9.535204624132906611e+04
-1.361022459397678031e+05
-1.256511857484371285e+05
-9.173767918682833260e+04
-1.183104587802522437e+05
-9.734985213228964130e+04
-1.404053369310384733e+05
-1.088845129104174557e+05
-1.800600585322015395e+05
-6.144629887926815718e+04
-9.535076537511458446e+04
-1.442068479662867321e+05
-9.528585661012615310e+04
-1.920532077297011565e+05
-8.819222280670261534e+04
-1.377566795174280123e+05
-1.389904735767608800e+05
-1.009482242815699283e+05
-1.043853536934498406e+05
-1.481150000844233728e+05
-1.070768548733117495e+05
-5.043906497864923585e+04
-9.548463559775101021e+04
-9.396957205445799627e+04
-1.104652528021942999e+05
-1.261441822879278188e+05
-9.803838138098099444e+04
-1.234020551028889458e+05
-1.097653300427491486e+05
-8.335827033029851737e+04
-6.130976093379915983e+04
-1.663282073066903686e+05
-1.706371758847359160e+05
-1.171192054031038570e+05
-1.598492617374607944e+05
-1.342244882561951526e+05
-1.349360800323311414e+05
-7.196463986137295433e+04
-1.815792600206604111e+05
-7.803964941236104642e+04
-1.919816127991316025e+05
-1.732009813145426160e+05
-1.275629353035909444e+05
-9.089272021105165186e+04
-5.324372282187287783e+04
-1.264896859073157539e+05
-1.082961710549092386e+05
-4.646793748945818515e+04
-8.591969856009400974e+04
-8.672198345406104636e+04
-1.162093840307173668e+05
-1.998307069036971661e+05
-1.251660241484480212e+05
-1.267828047665905906e+05
-1.177754371895454096e+05
-1.162359816088748339e+05
-7.904749522110885300e+04
-1.490143463937560155e+05
-9.318124663491384126e+04
-1.265214311710070324e+05
-1.463666879576595384e+05
-9.801971171067556133e+04
-1.996903666344244848e+05
-1.578321908597750880e+05
-8.557258303292750497e+04
-9.064690785026116646e+04
-1.113017684761818527e+05
-1.617717113301366917e+05
-6.907406927185136010e+04
-1.530490184696478245e+05
-9.182464351081888890e+04
-1.814081987864728726e+05
-4.355803387861505325e+04
-7.191396562744818220e+04
-1.289198470923855493e+05
-1.160189313563907635e+05
-1.267967600547721668e+05
-1.171087851826561819e+05
-1.041996190684218309e+05
-1.264067899260742852e+05
-8.137970284870806790e+04
-1.092259448775035853e+05
-1.488968969711016398e+05
-9.556550287852367910e+04
-1.961697511912588088e+05
-9.662853419447661145e+04
-6.404240788467652601e+04
-1.460515279126721434e+05
-1.660018720957281475e+05
-8.434923745615385997e+04
-1.586828077539263468e+05
-1.324906764201475016e+05
-1.598627900241283060e+05
-1.086817952500242973e+05
-1.771767987928746443e+05
-1.779633951326794631e+05
-1.239501044431816408e+05
-8.205845178286920418e+04
-7.556927207553347398e+04
-7.218766690612163802e+04
-8.530729319830601162e+04
-1.263018794503430545e+05
-1.201278525428636931e+05
-7.122205919383981382e+04
-1.151128724259249575e+05
-8.656910605078419030e+04
-1.608142103390361590e+05
-8.555048726480767073e+04
-7.470025354553807119e+04
-1.073293736120554531e+05
-8.392000465471610369e+04
-1.574252430112393049e+05
-1.467296857579477946e+05
-1.058312132013787632e+05
-1.522774581129318685e+05
-1.024850439941803925e+05
-7.843979141555987007e+04
-1.266052699569629476e+05
-1.013744790953801275e+05
-1.201857038786750491e+05
-1.051873276094970643e+05
-1.978692269098831457e+05
-1.128662171328408294e+05
-9.672156969551061047e+04
-7.458166594226867892e+04
-6.982909388135984773e+04
-1.477908246997349488e+05
-8.724182049729640130e+04
-7.487768469639074465e+04
-1.003553518758265564e+05
-1.342001379520765913e+05
-1.376280606347227586e+05
-1.116981040487723803e+05
-1.458428142727812519e+05
-8.562104636353481328e+04
-1.216521054380363930e+05
-7.562526631132255716e+04
-7.891403697452576307e+04
-1.372416182808149606e+05
-8.904042731856195314e+04
-6.744983882772247307e+04
-1.389348230818733282e+05
-1.818473686388219066e+05
-1.817486834121764987e+05
-9.322237132246039982e+04
-6.674904577992596023e+04
-1.291687851051306789e+05
-1.206659582026775315e+05
-1.174837372179293307e+05
-1.277207691654938535e+05
-1.563343719440446293e+05
-8.099507648690807400e+04
-1.070832305573773338e+05
-1.320144245652488316e+05
-1.366109995025736571e+05
-1.258532999060028960e+05
-1.156670877199867100e+05
-1.186543434588367672e+05
-1.620431569330244092e+05
-9.674322094543487765e+04
-8.966638408308301587e+04
-1.442041401384521741e+05
-7.250581862578757864e+04
-9.638947977573491517e+04
-8.923774985512458079e+04
-7.821232210932916496e+04
-1.183823645865876315e+05
-1.896956357453234668e+05
-4.793108697822541581e+04
-9.474373185877501965e+04
-1.067716624286091974e+05
-1.107708178177928930e+05
-8.564014905398710107e+04
-8.076046111363927776e+04
-1.389152560779948835e+05
-6.621105691150971688e+04
-1.505902737564085692e+05
-8.553102875563743873e+04
-1.591154038257836946e+05
-6.740177586094025173e+04
-1.161446497513432259e+05
-1.025175972133269825e+05
-7.315730997359068715e+04
-1.345801034777551831e+05
-9.961630257315485505e+04
-1.118303073183277011e+05
-1.122849792042493209e+05
-1.453689736552729155e+05
-1.150698042590682162e+05
-1.379110914844765502e+05
-1.118896693942522834e+05
-1.893525439803151239e+05
-2.020419465088744764e+05
-1.745519231959188182e+05
-1.355985659969163826e+05
-1.433288494446137047e+05
-7.271801025781790668e+04
-1.162267460880550643e+05
-9.293620769358647522e+04
-1.265795573537635792e+05
-1.032011926299215847e+05
-9.197680676864199631e+04
-1.205894503575839190e+05
-1.005429920008402696e+05
-6.628334845287760254e+04
-1.103187881061946391e+05
-1.451954689809747797e+05
-1.343736855053723266e+05
-1.033666894823879265e+05
-1.842835728939718974e+05
-4.783998200115966756e+04
-1.827066578427134082e+05
-1.205372998294735735e+05
-1.155789482117850275e+05
-1.545299142215443717e+05
-1.051480275608291849e+05
-7.120440014697567676e+04
-9.910292936986383575e+04
-1.341175590165159665e+05
-1.634004919201851590e+05
-8.616777694500228972e+04
-8.307003426211079932e+04
-1.529806474641370878e+05
-1.373487936869421392e+05
-9.537301277764383121e+04
-7.540911906024056952e+04
-9.488923718284047209e+04
-7.309018513348299894e+04
-1.522234178737023321e+05
-1.671752020271793590e+05
-1.094529178110239445e+05
-1.286500912875339272e+05
-6.714170810639722913e+04
-1.170159373715852707e+05
-1.117718710368608008e+05
-1.191003499260633398e+05
-1.644125048487633467e+05
-1.390565864965256478e+05
-9.028930693071478163e+04
-9.232187502061827399e+04
-6.889378633167131920e+04
-8.044815827875552350e+04
-1.568648819082842965e+05
-1.376803992587538960e+05
-1.430222405419985880e+05
-7.904825014468363952e+04
-1.206485404273750028e+05
-7.765571814425730554e+04
-1.900963721967523161e+05
-1.225812744595906406e+05
-9.553904012576375681e+04
-7.730945275472747744e+04
-1.405578165247641446e+05
-1.322843874393639271e+05
-1.038861279973290511e+05
-6.567216034840133216e+04
-1.402608882690235332e+05
-1.344184707532646717e+05
-1.224044070441057847e+05
-2.037438721094404464e+05
-1.888203840063257376e+05
-1.192980525355119607e+05
-1.395854419843042851e+05
-1.086678823506650951e+05
-1.692383592108077428e+05
-1.383058730092578626e+05
-9.318571705418180500e+04
-1.059555786203980097e+05
-1.079877833156669221e+05
-1.126808058995190513e+05
-1.599091530223877344e+05
-9.707233753864202299e+04
-8.260220941302592109e+04
-1.768493512284693716e+05
-1.160190970781340147e+05
-6.842227096041645564e+04
-6.981821496896035387e+04
-1.623445590750974661e+05
-1.141902312094826048e+05
-2.039360067472575174e+05
-6.877310304631509644e+04
-1.095408149402685958e+05
-1.120888685797861399e+05
-1.541959103052065475e+05
-1.923790909464975703e+05
-1.660873877991850313e+05
-1.189888500170338666e+05
-8.935315268512564944e+04
-7.358819916051506880e+04
-1.730963540815627493e+05
-8.444831086443114327e+04
-1.048009968640872103e+05
-1.202459362843632116e+05
-1.403849059790252068e+05
-1.492440969545425614e+05
-9.105427851816762995e+04
-1.704510112574474770e+05
-1.528246902138327132e+05
-1.160208222415028722e+05
-1.090980959868302307e+05
-9.006438810141773138e+04
-1.383952761257720413e+05
-1.474759576689354435e+05
-9.253431506593423546e+04
-1.504171218190017389e+05
-1.490021853188936657e+05
-1.230855761223494337e+05
-1.096897987276947679e+05
-1.544629134049642889e+05
-9.551473880337736045e+04
-7.357873679010604974e+04
-8.664453492758335778e+04
-8.952003939466770680e+04
-7.949933850244837231e+04
-1.061965247547122854e+05
-1.303653421408793365e+05
-1.400564743979633786e+05
-1.820963422295828641e+05
-9.569160262419513310e+04
-5.769879624636326480e+04
-9.662577314529106661e+04
-1.006394082337287255e+05
-8.160082236830046168e+04
-1.410210027763512917e+05
-7.333391910480450315e+04
-1.423333364138436154e+05
-1.784729848510407028e+05
-1.382674169801953249e+05
-2.165111838670950674e+05
-1.001806989635972277e+05
-1.563585480875544308e+05
-9.251784089150608634e+04
-1.376103452154484985e+05
-8.197068075826366839e+04
-7.022991884746127471e+04
-1.061405076919533021e+05
-1.537391925707341579e+05
-9.621723697389599693e+04
-1.299894535739437270e+05
-1.181747871050171234e+05
-1.443403468515911372e+05
-1.012890946316948975e+05
-8.453348187771832454e+04
-5.081411444454427692e+04
-9.356437416383360687e+04
-1.278260487285638810e+05
-1.424221508518806077e+05
-1.830182897886720311e+05
-5.845458113130918355e+04
-1.032418864330670040e+05
-1.286647578034074249e+05
-1.087167091415920586e+05
-8.653680172839225270e+04
-8.394367040177420131e+04
-1.115986441873928416e+05
-1.696290035200294224e+05
-1.464957525268237805e+05
-1.044387477825327078e+05
-1.250335754292753409e+05
-1.245611456013164425e+05
-1.481556551094130846e+05
-8.871319914030772634e+04
-9.545433948012914334e+04
-1.483717474704154592e+05
-7.783995755061254022e+04
-1.587905980842524441e+05
-1.489362638695147762e+05
-1.054336755312732566e+05
-5.762971277351307072e+04
-7.296491701439637109e+04
-1.383711101409544644e+05
-8.197435658324342512e+04
-1.990387692833083565e+05
-7.195803008804531419e+04
-7.352136193347914377e+04
-4.751776712492744991e+04
-1.282496874178934086e+05
-1.056504631429226283e+05
-1.002582435264951200e+05
-1.158400594929959625e+05
-7.588262652281681949e+04
-1.126851418146968208e+05
-1.159415615809886804e+05
-1.418991205805367499e+05
-1.026004235230459890e+05
-4.874505248190669226e+04
-1.722290048994425160e+05
-1.383993585831348901e+05
-1.133048687146655866e+05
-1.706569273017094238e+05
-1.430389934889490542e+05
-9.768565230863611214e+04
-1.522572665690194699e+05
-1.095698901409044920e+05
-1.043743210188259836e+05
-8.853769475087567116e+04
-1.143582509164659423e+05
-6.039943464547540498e+04
-1.370642790332142904e+05
-5.749616691620031634e+04
-8.225120127678851713e+04
-1.808101769588923198e+05
-1.288527552106714284e+05
-8.814630305118819524e+04
-9.503855370935935935e+04
-8.206315255162870744e+04
-1.335262866665205220e+05
-1.594438783406702278e+05
-1.133339307508907368e+05
-1.377725872024442360e+05
-1.207013476028837031e+05
-1.006537141480973223e+05
-1.110698754961437517e+05
-9.733924312135689252e+04
-1.287652553395172436e+05
-1.352612378285628511e+05
-7.131420502534597472e+04
-6.503525978502442740e+04
-9.537724913452031615e+04
-1.595007059337396640e+05
-1.598494990660883486e+05
-8.321001810363559343e+04
-1.386120006251559826e+05
-1.167443244601961778e+05
-1.489984745350114245e+05
-1.035680309045395552e+05
-1.288009232679680717e+05
-8.476009128379341564e+04
-1.408337291575821582e+05
-1.595573999221859849e+05
-1.236208495811925677e+05
-8.927552460701834934e+04
-7.334679591205668112e+04
-1.153847835370267421e+05
-2.014064590874683345e+05
-6.339993831446777040e+04
-1.492879274667357968e+05
-1.309623212438245682e+05
-1.178457132672031730e+05
-8.948207578607255709e+04
-7.119686075461283326e+04
-1.295418397896873794e+05
-1.680581745886282588e+05
-7.420385706855078752e+04
-1.430786470879986300e+05
-1.185413121343583771e+05
-1.135465004520491639e+05
-1.042444749231945316e+05
-9.681252361054699577e+04
-1.729594516462266620e+05
-6.892094214367057430e+04
-7.580804797876291559e+04
-1.002235383825588215e+05
-1.221351008307668817e+05
-1.614987903028653527e+05
-1.143206484023525409e+05
-1.601860990651040338e+05
-1.559818204425384465e+05
-1.595847688749933441e+05
-1.617783085098786105e+05
-1.533642683072313666e+05
-1.024621160999427666e+05
-1.639475402874222491e+05
-9.217768340467990492e+04
-1.314923874304623459e+05
-1.288025196337417874e+05
-1.433608664267016866e+05
-7.141740357686548668e+04
-1.067385708674162015e+05
-1.798144922114119981e+05
-1.118894842124226561e+05
-1.588138229012094089e+05
-1.117249847707224981e+05
-1.136320525816769223e+05
-1.028242294492699730e+05
-1.305585606961273879e+05
-9.141855851721880026e+04
-1.438210238284177030e+05
-6.817700445604634297e+04
-5.663630296606347838e+04
-1.288109503087156336e+05
-1.444987272065853467e+05
-8.269751137168558489e+04
-1.225877207936881168e+05
-1.407227569556768867e+05
-1.228693643078169698e+05
-1.483395247659942252e+05
-1.238117720436899108e+05
-1.593627260057851090e+05
-2.017279952759017760e+05
-7.722632287481328240e+04
-9.982501596131108818e+04
-1.360585583961433440e+05
-1.237587554616481939e+05
-1.043424432466176804e+05
-9.893625644045832451e+04
-5.183040840762092557e+04
-1.621644759219057742e+05
-1.195817536225049407e+05
-4.757467119877364894e+04
-7.743627594096031680e+04
-1.153244784872657619e+05
-1.610023937890562229e+05
-1.223213227503638627e+05
-1.178499738065590354e+05
-9.472225751328573097e+04
-7.969485583319378202e+04
-1.032386687843975524e+05
-1.253517774443404633e+05
-1.317463160079203954e+05
-1.063395053075195319e+05
-6.958150611387139361e+04
-1.681854975009105401e+05
-1.243786542461157660e+05
-1.818497688680959982e+05
-1.214938119822774897e+05
-1.404609642022411863e+05
-6.048455930551816709e+04
-1.062830201376579935e+05
-1.138782047235006612e+05
-1.114531893915509718e+05
-1.037853701838002744e+05
-6.770398335771984421e+04
-1.747611516693362501e+05
-1.100728804948317847e+05
-1.059022547543416295e+05
-9.049200487918434374e+04
-1.024511958103108045e+05
-1.061876027938705083e+05
-1.064524361283339676e+05
-8.873613023572231759e+04
-8.809580082432800555e+04
-9.919453158099100983e+04
-1.434896123238418950e+05
-8.369566767980878649e+04
-1.557912805748292303e+05
-8.784991530288990180e+04
-1.439359556847306958e+05
-8.110476725591054128e+04
-8.066016683534147160e+04
-1.758489466755445756e+05
-1.185916454346007667e+05
-8.580054682466336817e+04
-1.068560326715543342e+05
-9.993014851779355376e+04
-9.883546772441700159e+04
-1.647517095052256773e+05
-6.677162982071909937e+04
-1.180442141938437708e+05
-7.087002996858136612e+04
-8.720070224726812739e+04
-1.356277301427200437e+05
-1.222957737856446474e+05
-1.249012642317644495e+05
-1.338925969789734809e+05
-1.682944769923036511e+05
-6.648266600700397976e+04
-1.296901830846184603e+05
-1.229758847216964059e+05
-1.483929142222730152e+05
-9.862138272389443591e+04
-1.184104841941866471e+05
-5.084045604938707402e+04
-1.764625777668637165e+05
-1.377060431518424884e+05
-1.323217368210114655e+05
-1.545327276636205206e+05
-8.382065253798163030e+04
-9.281490259875303309e+04
-1.092164531556930742e+05
-1.617929850115037989e+05
-1.563625774512806966e+05
-1.219189088739816507e+05
-1.616042584176573146e+05
-1.120475237520016090e+05
-1.173277197328394395e+05
-8.714753956096075126e+04
-1.264957805314375000e+05
-1.057302500948187517e+05
-7.781260218197884387e+04
-1.369165142756731948e+05
-1.067946025797686889e+05
-1.289961336855509144e+05
-1.082929700705995201e+05
-1.754657717343015247e+05
-6.454021980955662002e+04
-6.951732502121142170e+04
-8.582358685734419851e+04
-1.751688454926483100e+05
-1.141711762518219039e+05
-8.435755121857755876e+04
-7.067689669485874765e+04
-1.428814340740234184e+05
-1.511916406177547469e+05
-1.183744050601654308e+05
-1.020487130311885267e+05
-1.506453667725953273e+05
-1.069980350269814226e+05
-1.273865703063387919e+05
-1.397606057606509130e+05
-1.247785105223640858e+05
-1.796574174848650291e+05
-1.635995507211777440e+05
-1.076183256603754562e+05
-1.289723709733806900e+05
-1.614497815625489457e+05
-1.136547910413753270e+05
-1.368894158005031932e+05
-1.192219084816297254e+05
-7.286006283540515869e+04
-1.371377623397090356e+05
-1.618345684012890270e+05
-1.083138006948062539e+05
-1.178987820823412330e+05
-1.135833425750757451e+05
-1.502556056192691030e+05
-1.603710945201831637e+05
-1.447417528954793816e+05
-7.373647082374490856e+04
-1.437444149621091492e+05
-1.455498574065519788e+05
-1.003591659460490482e+05
-8.448255519884199020e+04
-1.389596216997230949e+05
-8.606573694816912757e+04
-1.185067512936816493e+05
-6.347882195879239589e+04
-1.379317160774482181e+05
-9.517406426818438922e+04
-1.206993144447793020e+05
-1.187832769393792842e+05
-8.473152353409655916e+04
-1.030703527542766387e+05
-1.148999442166221852e+05
-1.523465001198688406e+05
-1.082427639035962638e+05
-1.361768356545419956e+05
-5.861474057977124176e+04
-1.823891260320479923e+05
-7.148190242209188000e+04
-1.409744195220130205e+05
-9.781874020440691675e+04
-1.695861670198451611e+05
-8.640056649765517795e+04
-7.005532685835119628e+04
-5.597008271484058059e+04
-5.272350480404326663e+04
-6.825429567045501608e+04
-1.169419570857974759e+05
-1.505741515740290924e+05
-6.138653344000013021e+04
-1.869864866361735621e+05
-1.361876843965326261e+05
-7.635427336834637390e+04
-1.271453183942477772e+05
-1.078196912136705068e+05
-1.784870625842024165e+05
-8.634224221351074812e+04
-7.819184431939601200e+04
-8.942312240442245093e+04
-1.856756432105624117e+05
-1.958161981744763616e+05
-1.427898464444921701e+05
-6.469836160483624553e+04
-1.872647263263459026e+05
-1.251618587055850658e+05
-1.293350040638829087e+05
-1.722320002747983672e+05
-1.335474466154792171e+05
-5.976883077731615049e+04
-9.881763936896249652e+04
-1.587187383329801669e+05
-1.338994585398855561e+05
-1.341228807812618033e+05
-1.775029816699287621e+05
-1.290677019847809424e+05
-1.865663765470869257e+05
-1.739996263847021619e+05
-9.512280947228171863e+04
-4.683337051945782878e+04
-1.351563578071613447e+05
-9.153431509465056297e+04
-1.269524320177475747e+05
-1.101244604998621799e+05
-1.399188423571743770e+05
-5.990332712263568101e+04
-1.505533635204040620e+05
-9.198912705931293021e+04
-1.235271549659762968e+05
-1.571833524848785892e+05
-9.012240991341425979e+04
-1.571935776954002504e+05
-7.279336023200237832e+04
-4.791312754882587615e+04
-1.348142410859631200e+05
-8.544419932790822349e+04
-1.150301433281356585e+05
-1.180138475156964269e+05
-1.068339656628071098e+05
-6.161263420629563188e+04
-6.037696725092848646e+04
-1.037248815573696193e+05
-5.360022838930490980e+04
-7.451645199730322929e+04
-7.255253167403989937e+04
-9.345766235045026406e+04
-1.341297219980429218e+05
-9.932772561387224414e+04
-1.601770596775419835e+05
-1.260622129061798769e+05
-4.268360830649323907e+04
-1.224089116061117675e+05
-1.379328571314547735e+05
-1.725523066813656187e+05
-1.320907055666284286e+05
-8.349220240347740764e+04
-1.323434970111422299e+05
-7.932032173122858512e+04
-4.287786187048827560e+04
-7.802902123353371280e+04
-1.374268823447245231e+05
-1.297784370646257157e+05
-2.050803135220460535e+05
