-6.796039253149709839e+04
-5.605237466479989962e+04
-8.335369040579951616e+03
-6.185436392281596636e+04
-5.155734628853791946e+04
-2.858402911376944758e+04
-5.246946717206056201e+04
-3.080417337414242138e+04
-4.071795554570533568e+04
-5.849821118848786864e+04
-8.115446913503392352e+03
-3.313578646231853054e+04
-6.086937895320724783e+04
-2.934706558951426996e+04
-2.073313141157652717e+04
-1.677298546149609683e+04
-8.662862774732794787e+04
-4.850319234755780781e+04
-8.887744163324464171e+04
-1.590032529499957745e+05
-9.698272510627549491e+04
-5.935893943702882098e+04
-8.700834446653351188e+04
-1.039555543111042934e+05
-1.526638858890148113e+05
-5.994254362696576572e+04
-1.339549743445119238e+05
-1.834450756835380744e+05
-1.764899123677417520e+05
-1.872670465814156341e+05
-3.083000071100016939e+05
-2.227338887269592087e+05
-2.246975307585141854e+05
-2.261130708129556733e+05
-2.996299529305052711e+05
-2.748887627148654428e+05
-2.819916793217483209e+05
-1.720098808579634933e+05
-1.169932316007970076e+05
-2.760997784934977535e+05
-2.615432760639613261e+05
-1.911661034330652619e+05
-9.924488526375945366e+04
-9.798758607300424774e+04
-3.283411577377640060e+04
-1.455879979330408241e+04
-1.675959507581419530e+04
-7.601044701522987452e+04
-1.388178048568833328e+05
-5.001447677945970645e+04
-1.292204208688293293e+05
-1.134007975134719600e+05
-1.821266527825949597e+05
-8.474002929986882373e+04
-1.420510156893788080e+05
-1.269717064363991667e+05
-1.351996683889976703e+05
-1.376827137389506388e+05
-1.003746509254779230e+05
-1.854261775128363515e+05
-1.089695147870212677e+05
-9.114185373229249672e+04
-1.382659402703579981e+05
-8.061845714039659651e+04
-8.070553810202608292e+04
-1.017230850776835432e+05
-1.618505353901888593e+05
-1.398359473943732446e+05
-8.267065761027751432e+04
-7.310597508797729097e+04
-1.190320157012140844e+05
-1.529364508721974562e+05
-8.599702846708892321e+04
-1.577778837862406217e+05
-9.400728851025614131e+04
-7.294382847081225191e+04
-8.946154070924152620e+04
-7.686726101075491169e+04
-1.564446065332704457e+05
-7.358093646182844532e+04
-1.657820765608040965e+05
-1.993560755015016475e+05
-7.018380445546108240e+04
-2.014230436219348339e+05
-1.432038829089472129e+05
-2.072342145040899049e+05
-1.001870458613435039e+05
-1.439218363889989560e+05
-7.581884936913564161e+04
-1.558270590483600099e+05
-6.534663676073886745e+04
-1.268172842874587077e+05
-1.387939299214543717e+05
-1.088775752225712349e+05
-7.792268895082574454e+04
-1.178748809388114751e+05
-7.506667443582057604e+04
-8.366654063208268781e+04
-1.676631889104706061e+05
-1.970047951854790736e+05
-1.828981259968211816e+05
-1.472892759006312408e+05
-6.536686739160039724e+04
-1.115512191017568839e+05
-1.423275077165051771e+05
-1.165265631331250479e+05
-8.636373524468654068e+04
-1.062926921601147333e+05
-8.392377519992818998e+04
-1.985880964033945929e+05
-1.748785047055719187e+05
-1.866825643014256784e+05
-1.532594905192812148e+05
-2.169825333994750399e+05
-1.025475128976055130e+05
-1.608620258248957107e+05
-1.887099974816784961e+05
-1.758309823721481080e+05
-1.180534923926183546e+05
-6.854261787747044582e+04
-1.547347868025827338e+05
-1.555375089828562341e+05
-3.037416564074867638e+05
-3.793067283067923272e+05
-2.120330861393941159e+05
-4.923321940214080969e+05
-3.432730450035048998e+05
-3.114149827642759774e+05
-4.281336757244382170e+05
-3.648615855734547949e+05
-3.164838674158331123e+05
-3.044233329971136991e+05
-3.969423048629645491e+05
-3.511611223019699682e+05
-1.982017634197720618e+05
-2.765196869933485868e+05
-4.030267036078390665e+05
-3.894322806949527585e+05
-4.179749492034948198e+05
-3.359002123623061343e+05
-4.216512361745275557e+05
-3.907390765259320033e+05
-2.368184644290296419e+05
-2.611100999235827767e+05
-2.025156913948181900e+05
-3.089241145303982776e+05
-4.615086131070929114e+05
-3.681312618865396362e+05
-3.246990187156575266e+05
-4.489665589483509539e+05
-4.054535875849876320e+05
-3.723254370210679481e+05
-3.736623903164946823e+05
-2.063646766049005964e+05
-2.483123784469358216e+05
-5.253544165802999632e+05
-3.339705458595452365e+05
-2.935243999687801697e+05
-3.611369447385148960e+05
-3.171656301956943935e+05
-2.832480013546168921e+05
-3.938594273487508181e+05
-2.892317359662993113e+05
-3.323972626265881117e+05
-1.774333756813253858e+05
-2.357202101070462668e+05
-3.993195732988753589e+05
-2.410495107751039031e+05
-3.202697790505021694e+05
-2.506272558878025739e+05
-3.567922606669795932e+05
-3.502112254796618363e+05
-4.169162340637248708e+05
-3.042875253079782706e+05
-3.461806002387472545e+05
-3.710487672470263788e+05
-3.252752467209339957e+05
-3.072347053231627215e+05
-3.096112186710510287e+05
-3.169935154818277224e+05
-3.615377222071331344e+05
-3.001442416594032547e+05
-2.628314069840707816e+05
-2.570828670650021231e+05
-3.641759510659810621e+05
-3.299190048106483882e+05
-4.784199187538718688e+05
-2.929662767766634352e+05
-3.774295159366105800e+05
-2.417963021334410878e+05
-2.859715013697178802e+05
-3.147048937094712164e+05
-3.242648306869824883e+05
-4.464895029514099588e+05
-4.107653138163098483e+05
-3.199745203792026732e+05
-4.748443805747443112e+05
-4.462501532136559254e+05
-4.675363389523244696e+05
-5.639400862898945343e+05
-5.410450713543919846e+05
-4.293542037249595742e+05
-3.458915414142627269e+05
-3.107268346166710835e+05
-2.958520030946090701e+05
-2.074504930168650171e+05
-1.055003849896471511e+05
-1.073005703865014802e+05
-1.460256875582339417e+05
-1.040952263627647772e+05
-1.212836064528420393e+05
-6.846878166306676576e+04
-1.450194981882742723e+05
-1.573341654569465900e+05
-1.080054499424556707e+05
-7.968577182261450798e+04
-1.213240400504032295e+05
-1.471668813368444389e+05
-1.547409105644203955e+05
-1.316761978164607426e+05
-1.140079921225437865e+05
-1.507530896674261894e+05
-8.118643491578151588e+04
-1.204425263491088554e+05
-1.345731434870525554e+05
-1.913956270408861456e+05
-1.733298958264958055e+05
-1.552582339785408112e+05
-1.063775558389813523e+05
-1.609437164881069621e+05
-1.025012096595693147e+05
-1.105020956053859263e+05
-1.070464368968060735e+05
-6.002825220148323569e+04
-1.724182915753172128e+05
-9.372835425818593649e+04
-1.036939804591044958e+05
-1.371147641451528762e+05
-9.366493999567112769e+04
-1.498091238899369491e+05
-1.375987386454731750e+05
-1.984224948891566892e+05
-1.242163933560920414e+05
-1.604494939469626988e+05
-7.356369398579395784e+04
-1.244160892024040659e+05
-1.215109018403356167e+05
-9.560588567117496859e+04
-9.561920542602214846e+04
-1.131446602656284667e+05
-1.935764192812741094e+05
-1.349007471041952958e+05
-7.507480933461905806e+04
-1.569850591493122338e+05
-9.758829026840580627e+04
-1.542861800730490068e+05
-8.794287521135908901e+04
-1.945375997551894980e+05
-1.903843640274085628e+05
-1.527802679393837752e+05
-5.323711363449807686e+04
-1.107714088942115195e+05
-1.388411418569055386e+05
-1.173030551248648262e+05
-1.069982349757080519e+05
-1.588505765094366507e+05
-8.750170180206505756e+04
-9.090260738824114378e+04
-7.406652326767399791e+04
-1.176982782640179357e+05
-5.724865259203529422e+04
-1.441852546794504742e+05
-8.110664365560622537e+04
-1.979629038487795915e+05
-1.349097294519539864e+05
-8.936494527551140345e+04
-1.037873694929783815e+05
-1.503201871394295595e+05
-8.610083905808073177e+04
-1.739687015616400167e+05
-1.087169354788618366e+05
-1.056649240092003747e+05
-6.819732859230162285e+04
-1.128221157673339039e+05
-1.574851823776657693e+05
-1.680176972504398145e+05
-8.651986918248294387e+04
-1.097120533398709085e+05
-1.263973468837188411e+05
-7.630806845098918711e+04
-1.374043873423791665e+05
-8.116961175304149219e+04
-8.844977815065816685e+04
-5.901893088952768449e+04
-1.461027798629874014e+05
-9.822135923447628738e+04
-1.350221522690642742e+05
-1.018489968590737990e+05
-1.189511743211217254e+05
-9.562543524361918389e+04
-1.164626464603757049e+05
-9.056298988858025405e+04
-1.701922655029255257e+05
-1.174671733572473458e+05
-9.455838628493841679e+04
-1.664231719004181214e+05
-1.856542026823057677e+05
-1.458945267947749817e+05
-6.884111440760354162e+04
-1.390224156531892368e+05
-1.575653227523922687e+05
-7.385805001013871515e+04
-1.394610544186334009e+05
-1.787374533963066351e+05
-6.252616737310788449e+04
-1.593101912939569738e+05
-1.464557418531579606e+05
-1.499050403780871711e+05
-1.312131920838441874e+05
-1.139363055145883554e+05
-7.784018048916751286e+04
-1.571641416130237340e+05
-1.688063672885915439e+05
-9.438830550866204430e+04
-1.677189166309641732e+05
-9.022325589539363864e+04
-1.521324523758175201e+05
-6.180814599252369953e+04
-1.492410575860427634e+05
-1.034343891619458300e+05
-9.410895877404834027e+04
-6.352414308265017462e+04
-7.407903613946677069e+04
-1.571092450241530023e+05
-1.217920008993808879e+05
-1.364241195280831016e+05
-1.377227982565121783e+05
-1.347066520542543440e+05
-1.211664266848505940e+05
-1.622541410384110641e+05
-1.474045290381003870e+05
-7.869106365874569747e+04
-1.456093787810703798e+05
-1.659271386797206942e+05
-1.703161936755067727e+05
-1.952558519220194430e+05
-8.010547094037453644e+04
-1.772147650369085022e+05
-1.169322728791489499e+05
-1.035026466957453522e+05
-1.155295573887932551e+05
-8.544860181916924194e+04
-1.107285647133705497e+05
-1.768168366711336421e+05
-6.732675262524170103e+04
-1.318788710514914128e+05
-1.462014902723276173e+05
-1.924921034705903730e+05
-2.185803128765568545e+05
-1.347329339072588482e+05
-1.260668647808304959e+05
-1.780252424305358727e+05
-1.495563170674190042e+05
-1.108692362378262042e+05
-1.764980051314673910e+05
-1.819259300778089964e+05
-1.329202160092325939e+05
-2.354227283730977506e+05
-7.158056534794946492e+04
-1.718629668558349367e+05
-1.640234081017981225e+05
-1.655697812215539743e+05
-1.018572536951790535e+05
-1.145053212218043918e+05
-1.456369188386347087e+05
-2.264826950665024051e+05
-1.441051157547549810e+05
-2.206903432777146809e+05
-1.083715509260899562e+05
-8.152851223506146926e+04
-1.516295434518858965e+05
-1.205188700382694369e+05
-9.768868179006749415e+04
-1.251839142690726294e+05
-1.446964881333205558e+05
-1.480909470722283877e+05
-2.243706324555126776e+05
-9.428809497422435379e+04
-8.717402254223423370e+04
-1.102750706674661051e+05
-1.829316433482191351e+05
-7.299294411355926422e+04
-1.086003461193841213e+05
-1.988108890971392975e+05
-9.015287719224991451e+04
-1.404974714379097568e+05
-1.440617310661887459e+05
-1.702645994231907534e+05
-1.984841062642817851e+05
-1.320835548647917167e+05
-1.074638659720028227e+05
-1.756296922736366396e+05
-1.069387597210576932e+05
-1.888744076141695841e+05
-1.476073774232869328e+05
-1.385228110849293298e+05
-1.551976943401797907e+05
-1.964964761048644432e+05
-1.459433976343683025e+05
-9.171174330576248758e+04
-1.310924314928633103e+05
-1.249996298633363476e+05
-2.000816871378618525e+05
-1.217728836492847913e+05
-1.432369959939522669e+05
-6.588779704231658252e+04
-7.682412980765012617e+04
-9.219806639215865289e+04
-5.920751892809499259e+04
-1.489512617141828232e+05
-7.958085658236115705e+04
-1.413536745797001640e+05
-1.539590158484859858e+05
-1.514194197522564791e+05
-8.690567761011817493e+04
-1.541854215117981075e+05
-1.553713521321742155e+05
-1.519270641216848453e+05
-1.119114384360241384e+05
-1.344022928832118050e+05
-5.037000077302766294e+04
-1.842443157275507401e+05
-1.860507180137201212e+05
-8.713451300064777024e+04
-1.039253144750985812e+05
-1.007314251142229623e+05
-1.545246449118972523e+05
-1.644015451938561164e+05
-1.112159148128349334e+05
-7.270953991266727098e+04
-1.775133820809231547e+05
-1.479477968760319927e+05
-1.052870920060225617e+05
-1.221207988899355696e+05
-9.431600612443774298e+04
-9.486866056082767318e+04
-1.389167952061168617e+05
-1.154013127721583442e+05
-1.059876588373495906e+05
-7.216748705073042947e+04
-1.010078090813218150e+05
-1.388580794458906166e+05
-1.370079054195023491e+05
-1.304869646052697208e+05
-7.012287529340483889e+04
-1.369974784091167385e+05
-1.763884768086635158e+05
-1.671278230058727495e+05
-9.872559083331076545e+04
-1.072851981822525267e+05
-1.113084129702527571e+05
-1.432271593517890142e+05
-1.588410522477569757e+05
-7.984168174120664480e+04
-1.439314051602329127e+05
-1.203127051976615767e+05
-9.765965472784647136e+04
-1.092467659911003284e+05
-6.981615495595388347e+04
-7.727252182937673933e+04
-5.755628946836182149e+04
-1.213560187541027408e+05
-1.032563236046595848e+05
-7.631991988693158783e+04
-1.601517421388148214e+05
-1.234343308079864073e+05
-1.131401244395747490e+05
-7.089238463453635632e+04
-1.060081440608336707e+05
-1.298692566105446604e+05
-1.424967300705050875e+05
-1.097172031879508868e+05
-1.040066303443661454e+05
-1.091776309653873177e+05
-6.383539855219811579e+04
-9.569771288087702123e+04
-1.191145730441417982e+05
-1.584345264471361879e+05
-8.125525494392047403e+04
-1.181685301675118390e+05
-6.647727359157754108e+04
-5.569505302429742005e+04
-1.117023679927119374e+05
-1.159593612033113459e+05
-9.340651669902911817e+04
-1.933062138973409892e+05
-1.203242031609165570e+05
-1.307777751557668234e+05
-8.766377970430391724e+04
-1.011765633764344675e+05
-1.000406503575483803e+05
-1.291913395566537802e+05
-1.854777065441234154e+05
-1.518240236560320482e+05
-1.416309900308444921e+05
-7.521331770386848075e+04
-9.406229156965368020e+04
-1.356805373476787063e+05
-1.368259909430214029e+05
-1.195731709148540103e+05
-1.512204123251722485e+05
-2.028491053796833148e+05
-7.328052824542109738e+04
-1.229009425832832057e+05
-9.813670629318153078e+04
-8.976156487729024957e+04
-1.754539692455705663e+05
-9.775647682098463702e+04
-1.179078339512959064e+05
-7.723020424489186553e+04
-9.941551171334473474e+04
-1.475275347531190782e+05
-1.628856887660029752e+05
-1.488735383857059933e+05
-1.409229639442372718e+05
-9.545137112400191836e+04
-7.613218601798194868e+04
-9.847525202856070246e+04
-7.465541161907365313e+04
-8.391486458814499201e+04
-5.368346246590322698e+04
-9.863489899833567324e+04
-1.830127523722001351e+05
-7.402060551899642451e+04
-7.292995881564558658e+04
-1.306952769795949571e+05
-5.178184492598980432e+04
-9.378607880270107125e+04
-5.592420370961234585e+04
-1.309503620815420436e+05
-6.894178031819479656e+04
-1.386883474010462232e+05
-1.109497602200477122e+05
-1.019083336655889725e+05
-8.829613635567777965e+04
-9.992452997374697588e+04
-1.580096765624629916e+05
-6.880766430767535348e+04
-1.191463190015048167e+05
-1.611559751689352852e+05
-1.749715063708468224e+05
-6.571970928946824279e+04
-1.052829332184547093e+05
-1.084913556591251399e+05
-1.369920534092815651e+05
-8.475665495741693303e+04
-9.675528725939636934e+04
-5.459637993616006133e+04
-1.486480303468516504e+05
-6.173048489501630684e+04
-8.150677625784152769e+04
-7.542397329968278063e+04
-7.943201782513593207e+04
-1.557311043457416235e+05
-8.830397174048658053e+04
-6.051067655949147593e+04
-1.013099772955948138e+05
-1.282241711095495994e+05
-1.740374416154753999e+05
-8.901354160076043627e+04
-6.129811686920952343e+04
-4.847907204830124829e+04
-7.747854096858231060e+04
-1.470303721706706274e+05
-1.009384254845538962e+05
-1.303772487351337913e+05
-1.546786515105382714e+05
-7.321899984512309311e+04
-7.348849788419777178e+04
-1.683723787834281102e+05
-1.132573638388771651e+05
-1.523090498447493592e+05
-1.126383465530211834e+05
-9.600557278491894249e+04
-5.840960224596779153e+04
-1.150684213247633597e+05
-1.151121340974266059e+05
-5.868534082004293305e+04
-1.275354652134509670e+05
-1.634337642342023901e+05
-1.381650114251913619e+05
-1.781292389553405519e+05
-7.477625520607220824e+04
-1.807520079783630208e+05
-1.510840411860427121e+05
-7.066746893000906857e+04
-5.979177058673249121e+04
-6.939308258396583551e+04
-8.587437168860564998e+04
-1.598318611515727534e+05
-6.311795374399161665e+04
-8.357792469683209492e+04
-1.261840377931106341e+05
-1.481636924834654492e+05
-8.439172167556593195e+04
-4.606535258687299211e+04
-9.965605935138052155e+04
-1.800816148738882039e+05
-1.495475942846055259e+05
-1.398788687961745018e+05
-9.605626092825895466e+04
-1.103523304362058116e+05
-1.261906042190618609e+05
-8.946964643228429486e+04
-1.160587994859006576e+05
-8.489985544970532646e+04
-1.174202781310601858e+05
-1.567209349016360356e+05
-1.228115454981530202e+05
-1.394531585426047677e+05
-1.149160227329110494e+05
-1.224789690854509681e+05
-1.070255535621674208e+05
-5.558558530144369433e+04
-1.553593857294307381e+05
-5.801688994817448838e+04
-1.008049975367607985e+05
-1.143817079085917358e+05
-1.011793625320779101e+05
-9.171641368344919465e+04
-7.333584963570658874e+04
-1.027487659223296068e+05
-1.503751456909200060e+05
-1.792556864759429882e+05
-1.136117213838682801e+05
-1.489455698095550179e+05
-8.059648186383995926e+04
-8.644675222744226630e+04
-1.078395863172320533e+05
-1.703630631795505760e+05
-1.314262173873041756e+05
-6.365997367149803176e+04
-1.435098656229812186e+05
-8.475691944990208140e+04
-1.190205578243891941e+05
-8.920041057132472633e+04
-1.288802795922750083e+05
-1.535825260542818578e+05
-1.225904162462545064e+05
-4.482454929283239471e+04
-1.071438708245516173e+05
-1.464887098122797324e+05
-8.440475856940020458e+04
-1.854044112097650068e+05
-8.754348866109109076e+04
-1.033632605819066230e+05
-5.325018930156018178e+04
-1.430300248733703047e+05
-1.223021643250110938e+05
-1.089034666688123252e+05
-6.989948637672199402e+04
-1.792530580015291343e+05
-1.339974821701688634e+05
-1.528984938419514801e+05
-1.224631074622955784e+05
-1.282266627407978376e+05
-8.744864515439349634e+04
-1.496956219290303416e+05
-1.372236831844304106e+05
-6.377830400236233254e+04
-7.896490099654086225e+04
-5.840209560439254710e+04
-7.625688681402245129e+04
-8.484598093622662418e+04
-6.354584262127753027e+04
-1.075630103197247226e+05
-8.283082054932040046e+04
-1.399072526419372298e+05
-1.303308031317727000e+05
-9.565008892277241102e+04
-1.618928991410856834e+05
-1.325506968552887556e+05
-1.829217981319268292e+05
-1.587997956700170471e+05
-1.256489672933555266e+05
-7.139582088618978742e+04
-1.663040501617235132e+05
-1.278452430830221128e+05
-1.404430479398487951e+05
-1.261634450278295262e+05
-1.179456464649455738e+05
-1.137888138948106935e+05
-5.376503123973854963e+04
-1.668118498218983877e+05
-1.228477488082169730e+05
-1.511548003226270957e+05
-1.073023639056195680e+05
-1.014887748685803817e+05
-1.899951578133909788e+05
-7.829803909506663331e+04
-1.389894947585316550e+05
-8.478169752689175948e+04
-1.211626881908518262e+05
-8.282207260655151913e+04
-5.214941717530530150e+04
-5.750142073734384030e+04
-1.160763886258856655e+05
-1.029858664590349945e+05
-1.592858863289674337e+05
-1.366844853097309533e+05
-6.826351668195605453e+04
-1.875932431336579029e+05
-1.005206569192863244e+05
-9.179160507308589877e+04
-1.414121142375978816e+05
-4.312663305142116587e+04
-7.430065521810934297e+04
-1.607276578197719064e+05
-1.869073976547386847e+05
-1.415355964348651469e+05
-1.561565439597597579e+05
-1.595067967859777273e+05
-1.257214944175290584e+05
-6.996155039323416713e+04
-7.778909105475370598e+04
-9.434957948356500128e+04
-1.029466166977384128e+05
-1.137319436526942736e+05
-9.813480041494178295e+04
-1.839040416942692536e+05
-7.791326424797545769e+04
-9.144645094991824590e+04
-1.643164814796112478e+05
-9.542088618929564836e+04
-1.722656598304598010e+05
-1.663680659835546685e+05
-1.518834262714474462e+05
-1.396302359284014383e+05
-1.667151027871349943e+05
-1.478944316775606712e+05
-1.484321242007082328e+05
-1.325977651757572021e+05
-7.080787627786309167e+04
-1.253774576502187556e+05
-2.036784615220975247e+05
-8.705278393931503524e+04
-1.733903165223528340e+05
-6.757721956127478916e+04
-9.089094635000999551e+04
-1.123305513857827755e+05
-1.621125082860712719e+05
-1.220527561166990490e+05
-7.464679011689402978e+04
-2.183240474385790003e+05
-1.666580008619735308e+05
-1.245934376884220546e+05
-1.513554697837953281e+05
-1.479342694355327112e+05
-1.968889166376054927e+05
-2.003849723500169348e+05
-1.810181632470632030e+05
-1.905035632536397025e+05
-1.555808854719266528e+05
-5.555071618394029792e+04
-7.134742455682248692e+04
-8.740692996759094240e+04
-1.170135894820251415e+05
-1.548125669177522359e+05
-8.693764424331379996e+04
-1.685496460827724368e+05
-1.980609370065512485e+05
-1.541724912772612588e+05
-1.665551686754199909e+05
-6.900646313364748494e+04
-1.005922028417832480e+05
-9.655642815527033235e+04
-1.488093666534986405e+05
-1.341006675394180347e+05
-1.510064578819765593e+05
-1.220488659635710792e+05
-1.568674709619099449e+05
-1.067944384645231476e+05
-1.154697652057819942e+05
-1.235450572969864879e+05
-5.349439828374741774e+04
-7.834011815817188472e+04
-1.260013007482865505e+05
-1.343908087517892418e+05
-6.250027371599499020e+04
-7.361070972187037114e+04
-1.297220395231036237e+05
-6.701873998962731275e+04
-1.609129917732037138e+05
-1.571655210692438995e+05
-1.054645183141171874e+05
-1.094212734131687030e+05
-5.710865996063064085e+04
-1.780578600655074988e+05
-1.135649556201520318e+05
-1.065910117195152561e+05
-1.324977488767204632e+05
-1.752760438531127002e+05
-9.831731267164659221e+04
-1.162663027669895673e+05
-1.249436169648494833e+05
-1.194654023826383491e+05
-1.026467107929368067e+05
-7.577820546039997134e+04
-1.268834583511294622e+05
-1.516850679040873365e+05
-1.088825597841435956e+05
-8.272982181384720025e+04
-1.273381991232863802e+05
-6.236873691733035230e+04
-1.081621970732472109e+05
-1.172379011504293449e+05
-1.273516447269236669e+05
-6.265755522450520948e+04
-1.410791298425333807e+05
-1.494761590523424093e+05
-1.477440483959624835e+05
-1.634786557411453396e+05
-1.228609406175611221e+05
-1.277919786340659339e+05
-1.822872250192991341e+05
-1.191112787642421463e+05
-7.420917215475154808e+04
-1.154073517372518982e+05
-7.757588256559836736e+04
-1.431865452532733034e+05
-6.904544431782700121e+04
-1.093969025860954716e+05
-1.492812754094428674e+05
-8.269056063825992169e+04
-1.763066028143579897e+05
-1.671970398225303506e+05
-1.713047799217315041e+05
-1.340352954332466470e+05
-1.408907602556848724e+05
-1.118613638916817144e+05
-1.659770337242212554e+05
-1.235017154428520298e+05
-1.436274693349878653e+05
-1.457041977259414562e+05
-1.613076828387093556e+05
-1.697289779248327250e+05
-1.418766467042814766e+05
-1.169946257934599562e+05
-1.352782162227311346e+05
-7.930181995017611189e+04
-8.174129710632249771e+04
-1.735742736674962798e+05
-9.091297939392701664e+04
-8.100721595552605868e+04
-1.581721867265648034e+05
-5.656565668566524982e+04
-1.337384472606452182e+05
-6.883843845233882894e+04
-7.508403950872221321e+04
-1.525145492826753471e+05
-1.980227263489186880e+05
-1.386966485689239344e+05
-8.609764944134168036e+04
-9.327013584389234893e+04
-1.093795553511774924e+05
-1.377515210376228206e+05
-7.595918183167395182e+04
-1.526015830587520322e+05
-4.400739694332027284e+04
-2.143015053171763429e+05
-1.788655057901570108e+05
-7.929644677022180986e+04
-1.163579080015240761e+05
-1.121677724863241456e+05
-8.588028622499907215e+04
-1.583858569868380437e+05
-1.976880574781309406e+05
-1.094913537771493866e+05
-1.805240671557746537e+05
-1.339511118495266419e+05
-1.185961834404882247e+05
-1.379514866629190801e+05
-7.724714813132847485e+04
-1.758707027037033695e+05
-9.545328035839737277e+04
-1.087982188805098558e+05
-8.134186342261318350e+04
-1.015878339820622932e+05
-9.579534358427814732e+04
-1.020083574139590201e+05
-1.781879032096872397e+05
-8.036906126379266789e+04
-1.219576973001176520e+05
-4.908822190697160113e+04
-1.691538982625371136e+05
-9.149450979047258443e+04
-1.232839051048018155e+05
-8.019904972432792420e+04
-1.796104630226721056e+05
-1.142553411956391792e+05
-8.880354866455905722e+04
-9.828452027505105070e+04
-1.099348373356733064e+05
-1.298876675462934800e+05
-1.330524070491817547e+05
-1.672970540724651073e+05
-8.610301688377630489e+04
-8.275938422581214400e+04
-1.369967291114936525e+05
-1.295102370924081042e+05
-1.188543962639913225e+05
-1.447903267072748276e+05
-7.464213915508786158e+04
-1.251913409548003256e+05
-1.614203130413643084e+05
-1.045911454109285260e+05
-1.150819668040852994e+05
-1.002258687063695397e+05
-1.908729469415651984e+05
-1.463672576335100166e+05
-1.080470626015731541e+05
-8.860504215791219031e+04
-1.854621159476980974e+05
-1.122472327148288459e+05
-5.448338737082493753e+04
-1.451493716760893876e+05
-1.098249345402049221e+05
-1.404329730501869926e+05
-8.280773238936623966e+04
-9.220865876402628783e+04
-1.346296289416666550e+05
-1.168799066113933222e+05
-1.233510001220969134e+05
-8.625106871807694552e+04
-7.382978387855815527e+04
-1.322268404137160396e+05
-1.379832844483747613e+05
-1.329886587528118398e+05
-1.229066313151376671e+05
-7.566461199036164908e+04
-1.684745181527732639e+05
-1.481332192640903813e+05
-1.337757866880207730e+05
-6.574815037218014186e+04
-1.617336440964217763e+05
-6.199734204891636182e+04
-1.882304304684673261e+05
-1.614767767144560930e+05
-9.431190918273164425e+04
-1.696310021675264579e+05
-9.933099727699127106e+04
-1.429889606063811516e+05
-8.651296166661304596e+04
-1.443521112883561582e+05
-1.361879987316394690e+05
-1.696984037953672814e+05
-2.033853824201235548e+05
-1.239062924684204918e+05
-2.115730264066187374e+05
-5.810966952286315063e+04
-8.995879159760301991e+04
-1.408475338480462378e+05
-1.844978886542365362e+05
-1.254248219712081773e+05
-7.026297873703214282e+04
-1.170298103611737752e+05
-8.976090049883481697e+04
-1.085180703294826380e+05
-1.884263654736461758e+05
-1.793330300433821685e+05
-1.321758828533520864e+05
-1.216629586887874320e+05
-1.621510366638479463e+05
-1.362848987081074156e+05
-5.360999530692194821e+04
-1.536530736850809481e+05
-1.599595236212755553e+05
-1.225724390717546339e+05
-1.085955519883687375e+05
-2.112169353040858987e+05
-1.138724889709475974e+05
-1.274858340899719042e+05
-1.240708315463204199e+05
-2.115906639858873386e+05
-6.786687333661198500e+04
-9.681132531601990922e+04
-1.901523480945162300e+05
-1.578004445347443689e+05
-1.159530520275195886e+05
-1.094388518390832905e+05
-1.124538038623103494e+05
-1.101952645208968752e+05
-1.412291432500047376e+05
-1.045064418039154843e+05
-1.146465800208749570e+05
-1.226323814502111636e+05
-1.460952096355762624e+05
-1.625982180775293964e+05
-5.598028417461032222e+04
-1.481334794161296159e+05
-1.520069904551447835e+05
-1.100606658092983998e+05
-1.396233732131227443e+05
-1.776231787554034381e+05
-1.118100339685443323e+05
-9.245484372742350388e+04
-7.526110447599957115e+04
-1.182746006878438056e+05
-1.088879549653401191e+05
-9.835211756288874312e+04
-1.031484258262395451e+05
-5.928578883505594422e+04
-1.557278488882562960e+05
-1.126698778759086563e+05
-1.556145176339951868e+05
-1.141814431045355450e+05
-8.180231223782006418e+04
-1.282690760201126541e+05
-1.273810035126209405e+05
-1.191592097872865706e+05
-9.291499532581373933e+04
-9.379797464425953513e+04
-1.953776458498015418e+05
-1.201171938626693736e+05
-1.765261559156569419e+05
-1.414991829605784151e+05
-5.443834489989680878e+04
-8.143406085368159984e+04
-1.717144213497744640e+05
-7.214383909831210622e+04
-9.008976755287851847e+04
-1.198315547775310552e+05
-5.572909552223696664e+04
-7.376064139551739208e+04
-1.515170191213147773e+05
-1.595987985448588734e+05
-1.693990836424462032e+05
-1.419410256394825119e+05
-9.377016509227070492e+04
-8.026601650585881725e+04
-1.393587017159165407e+05
-8.439933738059154712e+04
-1.011218585477614542e+05
-1.286995010226039449e+05
-1.402844369641637313e+05
-1.497694322082740255e+05
-1.191585237989094312e+05
-1.064100613704032148e+05
-8.774295994461199734e+04
-7.085718247969192453e+04
-1.840750418220799475e+05
-1.045656083104620629e+05
-1.662272738291615678e+05
-8.900586564531852491e+04
-1.291577358552486403e+05
-1.993138394589375239e+05
-8.425570702705682197e+04
-1.047871066568357928e+05
-1.608966447887099057e+05
-1.956553511809197371e+05
-9.424356963185207860e+04
-1.531678462593182921e+05
-1.502885287747403199e+05
-9.063649616542473086e+04
-1.499958165902444453e+05
-1.284438290823572024e+05
-1.693927170165213756e+05
-9.915106135601583810e+04
-6.754856438157189405e+04
-8.710540865654015215e+04
-9.621680242773701320e+04
-1.160558767412797024e+05
-6.448200064195587038e+04
-1.076613351747787819e+05
-1.109308235483417375e+05
-8.777567141299367358e+04
-1.391945068671210029e+05
-1.095765850102690310e+05
-6.907926831495838996e+04
-6.965276321843307232e+04
-1.285746025254173146e+05
-1.482750753616691218e+05
-1.364570957436632016e+05
-1.046639611161295616e+05
-5.753290459094515245e+04
-1.451372002359925536e+05
-1.309187065773230279e+05
-6.624784608459421725e+04
-9.810663228577634436e+04
-1.760148328697290272e+05
-1.240931430530668149e+05
-1.446713458809359290e+05
-9.657924103087547701e+04
-1.639863946883882163e+05
-1.889785394822016533e+05
-1.654040917748326319e+05
-1.918830552820003068e+05
-1.691112506299968809e+05
-5.852397430077796162e+04
-9.252267458232591162e+04
-6.950301799745298922e+04
-8.385254531429514464e+04
-8.949929303629227798e+04
-1.387374191567698144e+05
-1.033439020912770648e+05
-1.427710547038414516e+05
-6.725383193328786001e+04
-1.341651736345921236e+05
-1.438941047919751436e+05
-1.564757356582906796e+05
-9.487676083857842605e+04
-9.998149253723995935e+04
-1.388163086756404082e+05
-5.203147398380938102e+04
-1.207512989731038542e+05
-1.363740057774197776e+05
-1.012075313251291518e+05
-1.605400566327817796e+05
-1.080964602353949012e+05
-1.572942814212072117e+05
-1.438443792378730432e+05
-1.424238704586393433e+05
-8.684264711125873146e+04
-8.558540842480944411e+04
-1.503328557908438088e+05
-6.892566952268418390e+04
-1.495683572916683042e+05
-5.598320180425832950e+04
-1.211723744986292440e+05
-1.093969403669298481e+05
-1.052740130307954096e+05
-1.585994401915545750e+05
-5.353726165287508047e+04
-1.493182082283502968e+05
-9.867733143680612557e+04
-1.647220793590206304e+05
-6.679455710818109219e+04
-1.412846654016231478e+05
-1.095153095754074166e+05
-1.156182148759558186e+05
-8.162409739508845087e+04
-1.657761721070243802e+05
-1.631741529071831610e+05
-1.162245683121305628e+05
-1.206226135044215625e+05
-8.491128077288858185e+04
-1.507623447964952211e+05
-1.810405050923186645e+05
-1.047045558434807026e+05
-1.580589723892935726e+05
-1.298130781534409325e+05
-9.615851321652172192e+04
-1.086709780600850063e+05
-1.013599472274806321e+05
-1.033478605973207159e+05
-1.197916303545773553e+05
-6.941517467678544926e+04
-1.651504336637454107e+05
-1.276294819939605368e+05
-1.974391685558065365e+05
-1.478297787344195822e+05
-9.526843723841320025e+04
-8.965436458656247123e+04
-1.107375639279550232e+05
-1.566046542982157844e+05
-1.653941249027754529e+05
-1.789245042483083380e+05
-1.471087783375993022e+05
-1.171438506963407126e+05
-1.453564916108619655e+05
-1.387343714951254951e+05
-8.108240406861819793e+04
-8.672059758602711372e+04
-1.190007503222597152e+05
-5.975277657329921203e+04
-7.867323161246978270e+04
-1.727126662754248828e+05
-1.582711344859783421e+05
-1.270221600943738740e+05
-8.356063493505075166e+04
-1.096331073832134280e+05
-6.832587403597409138e+04
-1.010699828814442299e+05
-1.706473052255988296e+05
-1.830103072897647216e+05
-8.048918559933155484e+04
-6.635641928832721896e+04
-1.626729808304604085e+05
-5.102426353380666114e+04
-1.672586887700187508e+05
-1.105235704811926989e+05
-1.773915399701237620e+05
-1.270972587123199191e+05
-1.575297196185132780e+05
-9.966057362401347200e+04
-1.586761463763720822e+05
-7.025642494064421044e+04
-1.344113951462321565e+05
-1.220329881477638701e+05
-1.173052676458296046e+05
-6.985029790306427458e+04
-1.538356529192306916e+05
-1.180239362554102117e+05
-6.893340277099510422e+04
-1.725833680562936061e+05
-1.564591269964365056e+05
-1.746214869555362966e+05
-6.160677640848826559e+04
-1.715656071095987572e+05
-5.293248498714529705e+04
-5.389612347481089091e+04
-5.192999744913631730e+04
-9.513561454021016834e+04
-9.205891014747750887e+04
-1.781870418311729445e+05
-7.975397242422623094e+04
-1.778326642659322242e+05
-1.117567727812845405e+05
-1.189271642522980546e+05
-1.163447845921325643e+05
-9.658531568206401425e+04
-1.762722580647609720e+05
-5.594637701226008357e+04
-1.144449419969403825e+05
-1.375760986256060714e+05
-1.548347512232042500e+05
-1.722497660784546752e+05
-1.667619673906332755e+05
-8.497525913543599017e+04
-7.425502520801856008e+04
-1.311651631341197353e+05
-1.133852788890365337e+05
-1.125700919987302041e+05
-1.419576042861405876e+05
-8.978355892792515806e+04
-1.575209521313181031e+05
-1.423406272761446889e+05
-7.695008761584678723e+04
-1.242460998078919365e+05
-1.022422079024685954e+05
-8.233938803873441066e+04
-1.019238585563074885e+05
-1.493775934585351788e+05
-2.069577748978164163e+05
-8.511873932387192326e+04
-7.755086115382422577e+04
-5.730061524515501515e+04
-1.285177990381972922e+05
-7.196035471602241159e+04
-1.729598253155419079e+05
-1.206181624265666469e+05
-1.238600278645273793e+05
-1.886719426343635714e+05
-8.837583155652981077e+04
-1.286283448873047309e+05
-1.049119521223014453e+05
-8.301322377412610513e+04
-5.406865687460768822e+04
-6.475392802102687710e+04
-1.307763853236631112e+05
-1.166610215098202607e+05
-1.631877344299398537e+05
-1.618120470155919902e+05
-1.204180261144035612e+05
-8.900684736852980859e+04
-1.058755299936660012e+05
-1.165412915378897742e+05
-7.221844931954884669e+04
-8.567862659482049639e+04
-9.584836327970058483e+04
-8.459965519448033592e+04
-9.200070314122890704e+04
-1.234194199361273495e+05
-1.630409637192131777e+05
-1.653351502327575872e+05
-1.268478517478317954e+05
-1.867754698594474175e+05
-1.460174683438372740e+05
-1.303260805850119068e+05
-1.154539314519353065e+05
-1.060623094068178179e+05
-1.225268987869815319e+05
-8.566355318674027512e+04
-8.402206155073657283e+04
-1.765412871153645101e+05
-1.602208944576268841e+05
-6.150021628490972216e+04
-9.669802561771565524e+04
-8.931012868005431665e+04
-8.514893321685449337e+04
-1.346599943096739298e+05
-1.316635597124741180e+05
-1.224870254732530884e+05
-1.442019901549586502e+05
-2.048221693819306965e+05
-7.379381179045565659e+04
-1.631736117568182235e+05
-1.005159874475057732e+05
-1.204969842862541409e+05
-1.291837690097563609e+05
-1.515223500886387483e+05
-1.689586056102958973e+05
-1.551629488889472559e+05
-9.079329292914466350e+04
-1.272343906460419093e+05
-1.015744111744059046e+05
-1.519947493605606142e+05
-1.375930051714020956e+05
-1.130130348192725069e+05
-1.736764272646378668e+05
-1.445736812113830820e+05
-1.718664556319587864e+05
-9.558786130465914903e+04
-9.850901168435186264e+04
-1.924118835723396915e+05
-9.164025784618548641e+04
-1.727687422252918186e+05
-7.966056401768905926e+04
-8.095727403559522645e+04
-8.893593898306503252e+04
-5.834447055699536577e+04
-1.921710293022147671e+05
-6.094958718334340665e+04
-1.322075571394063300e+05
-1.160031103069219243e+05
-8.519310401661030483e+04
-1.375761843022609828e+05
-9.501386918798649276e+04
-1.667767223957105598e+05
-1.887448579820372397e+05
-1.434235630632039101e+05
-8.882921610757065355e+04
-8.148160245970041433e+04
-5.168439375058025325e+04
-6.286665014947058808e+04
-1.527276598158734560e+05
-5.845513299852018099e+04
-8.259131316727254307e+04
-1.324599749620952643e+05
-5.527858129346579517e+04
-6.216701477202077513e+04
-6.661024143400887260e+04
-1.061579503345667035e+05
-9.841827871470917307e+04
-1.717348866338260414e+05
-1.489858038772894943e+05
-1.507286548030661943e+05
-9.613288463319139555e+04
-1.216432318764279044e+05
-5.891386903269310278e+04
-2.056989204534730816e+05
-9.662449171168642351e+04
-8.289300139357490116e+04
-1.614642720397385710e+05
-9.899213054174026183e+04
-9.376327495171388728e+04
-1.220204271244158444e+05
-1.517011966595509439e+05
-8.931443978396228340e+04
-1.643376803740728355e+05
-8.742460171624769282e+04
-8.517329524016025243e+04
-8.845752285961844609e+04
-1.518634330330054800e+05
-1.698034991316464439e+05
-1.432703066801801906e+05
-8.134066189260761894e+04
-1.074042338381214067e+05
-1.278317879146947525e+05
-6.452045026304896601e+04
-1.366189362120513979e+05
-1.027901121174828149e+05
-5.396629859050860250e+04
-9.369199269444712263e+04
-9.768742649786591937e+04
-1.817482833520087879e+05
-9.868054489078534243e+04
-1.602266096108970232e+05
-1.483137476346746262e+05
-9.363357203584967647e+04
-1.328137393859756994e+05
-1.018320023349198018e+05
-1.098257960502105125e+05
-1.659370757015726704e+05
-9.718159558828160516e+04
-9.211271075089131773e+04
-1.196206303067027911e+05
-1.306105275316001353e+05
-1.640877270219074562e+05
-1.257064929613699060e+05
-6.301484418128566904e+04
-1.478322656424587767e+05
-1.934543335483274132e+05
-1.170364032643223618e+05
-7.388617012654118298e+04
-8.061301682976636221e+04
-9.240679278620563855e+04
-7.934573173163803585e+04
-8.235338413326887530e+04
-9.400834137054612802e+04
-9.010138858916162280e+04
-8.982541177323422744e+04
-6.854485238312340516e+04
-5.900862884902275982e+04
-1.471247423526474158e+05
-1.010774809229474922e+05
-1.086790314253327524e+05
-1.396573144975533651e+05
-1.469464408683174988e+05
-1.510957102951397537e+05
-1.124399013836027734e+05
-7.292769065481025609e+04
-1.202338784914599673e+05
-1.102966171240962431e+05
-1.339215434208828665e+05
-1.095435369033554744e+05
-6.180213663948889007e+04
-8.149979731329737115e+04
-1.634768859340263298e+05
-1.541488630871479400e+05
-6.728877979934233008e+04
-1.054729512533060479e+05
-5.655886818703402241e+04
-1.540231324307853647e+05
-6.212784694411620148e+04
-8.076039115665674035e+04
-1.154264114188921521e+05
-8.701971660462777072e+04
-7.837783199394315307e+04
-1.701008294816364942e+05
-1.352348251085600932e+05
-1.098543917140576377e+05
-9.946604983463730605e+04
-1.127138088467480993e+05
-1.596074212480133574e+05
-7.336457940591023362e+04
-9.815495275001542177e+04
-7.451069429361159564e+04
-8.282822815878743131e+04
-1.730827704676075955e+05
-5.273452802114270162e+04
-1.396000359886037186e+05
-1.404254486560499936e+05
-6.779473555126794963e+04
-1.406338969171014614e+05
-1.599301843929932802e+05
-5.365730141380750138e+04
-1.001651514536036993e+05
-6.703356668511366297e+04
-1.136898825949208112e+05
-1.295137100836731843e+05
-1.436544736950639344e+05
-5.828530458337630262e+04
-9.826194018783228239e+04
-1.688430101392777287e+05
-1.121834551479401707e+05
-1.079059877007741597e+05
-1.723981980654168001e+05
-7.972540539701971284e+04
-1.595498672838165658e+05
-1.183708027902853937e+05
-8.967244264444221335e+04
-1.147015013374297851e+05
-7.690152371803043934e+04
-5.675392825359096605e+04
-8.047152128123604052e+04
-1.526290196638665802e+05
-9.449609448793472257e+04
-1.490622480983742571e+05
-8.255621872774232179e+04
-1.868423741352951911e+05
-1.255035834077402105e+05
-1.398522080450109788e+05
-1.599899011096893519e+05
-7.093195011722535128e+04
-1.031553026632288093e+05
-5.595897564700793009e+04
-6.010608178541329835e+04
-1.196531988890973589e+05
-1.303702098583126208e+05
-7.465104429581521254e+04
-7.679213991061531124e+04
-1.360617357774406846e+05
-1.797797348706953344e+05
-6.392928008321296511e+04
-1.582062488165037648e+05
-9.940824797916278476e+04
-1.443604916061485419e+05
-1.197569288393450988e+05
-1.376383094193716533e+05
-1.054141321346015757e+05
-8.636920059224494617e+04
-1.035715189007898734e+05
-9.230172478961029265e+04
-1.258832105183285603e+05
-8.172620112304207578e+04
-1.648960367181034817e+05
-5.772791738576693024e+04
-6.843777189632342197e+04
-1.792499612693676027e+05
