-2.018137650216750956e+01
-2.225981689573560018e+01
-1.749896151034536729e+01
-2.321947007213105252e+01
-3.948387388426542799e+01
-2.732967683790536029e+01
-2.647420253975449711e+01
-2.985722447533668245e+01
-2.832680068569649734e+01
-3.838449271582388178e+01
-3.252654748810681440e+01
-3.169757221599993713e+01
-3.827234933916536619e+01
-4.301550094395270207e+01
-3.254439945586833005e+01
-3.845124460258436727e+01
-3.862245093676845897e+01
-2.795301374893813673e+01
-3.091904543816061235e+01
-3.056221125408877981e+01
-4.019787768706826370e+01
-2.932178536325637452e+01
-3.975138204248909801e+01
-3.594023525034294408e+01
-3.122488210431982125e+01
-3.322255558050196100e+01
-4.166534361345371451e+01
-3.948155738303822915e+01
-4.313782826644689550e+01
-3.547344271441761521e+01
-2.937806479836545748e+01
-3.479999069715568538e+01
-3.758893113177401801e+01
-3.294670368944906613e+01
-4.298837638682464046e+01
-3.927598195695801309e+01
-3.318995862570744748e+01
-3.029904236862716616e+01
-3.038765112301564386e+01
-2.799691293243858325e+01
-3.138807532732841565e+01
-2.971498424380983394e+01
-2.259105714933607345e+01
-3.022758318933040655e+01
-2.337777571890102379e+01
-2.477548342209792764e+01
-2.160442595808310173e+01
-2.732006585930140474e+01
-2.305267157511942955e+01
-2.902014855930208981e+01
-1.854490598835798920e+01
-2.363212881056104919e+01
-3.058726665326470950e+01
-2.013745184948830413e+01
-2.174044879673656183e+01
-2.272442235927266552e+01
-2.641551914015297342e+01
-2.400822083324035816e+01
-2.149757739994753081e+01
-2.507999627415681587e+01
-2.002363375475673024e+01
-1.875242197905624053e+01
-2.511860098591732182e+01
-2.261126478152842267e+01
-1.767486370535219820e+01
-2.709026562656064030e+01
-2.202411926275545540e+01
-2.659109369219816443e+01
-3.005969326373570638e+01
-3.409618372716192880e+01
-2.305667683498989007e+01
-2.420628381281211006e+01
-2.633053904210010643e+01
-1.992845009927468425e+01
-2.644493779638187547e+01
-1.561496280088683619e+01
-2.593526806039280430e+01
-2.055493928774571444e+01
-2.537835536882722209e+01
-2.842159751805241541e+01
-2.855753971221507825e+01
-1.978535835145953214e+01
-2.792446988367056449e+01
-1.909570705558147097e+01
-2.155482763073213803e+01
-1.889875706857810655e+01
-1.640020766803498375e+01
-1.765464411610840045e+01
-2.762020794358603482e+01
-3.280433308900833111e+01
-3.330063023421881496e+01
-2.664359519103289387e+01
-2.998219163075937388e+01
-2.648398529965505688e+01
-2.674877611381143794e+01
-3.408370177280529134e+01
-3.959533776620222767e+01
-3.309715497040782139e+01
-3.357003631695226176e+01
-3.581119711364421931e+01
-3.104867882978509641e+01
-3.886887157705536566e+01
-3.086654237762272146e+01
-3.889450821412704329e+01
-3.879911534500836723e+01
-4.425612896747550451e+01
-3.876299837105182178e+01
-4.104206799746231127e+01
-3.484653256913894381e+01
-3.791177138996367546e+01
-3.787310526471618743e+01
-4.433668250533724375e+01
-3.393448105024334893e+01
-4.002901256061812063e+01
-4.589468533587299959e+01
-3.930940399360208204e+01
-3.119339191977858050e+01
-3.696923155531965932e+01
-3.688204884535821293e+01
-2.979119388508848942e+01
-1.623206042238318858e+01
-9.649004884627654377e+00
-1.918835652548992954e+01
-2.388440994436390596e+01
-2.607084368377570982e+01
-2.377655659371191277e+01
-1.877498475364011910e+01
-2.351616665572090881e+01
-2.105946904017811150e+01
-1.992349003382869910e+01
-2.190237083015633957e+01
-2.886718091989008173e+01
-2.130189229357207026e+01
-3.232732394148804644e+01
-2.892336834359940667e+01
-2.586934353868061365e+01
-2.244845324382639973e+01
-1.867510336251469383e+01
-2.371695560667876990e+01
-2.949817473870206186e+01
-2.309758251912812099e+01
-1.995227778550132314e+01
-2.538994013842201980e+01
-2.548218752222840422e+01
-2.219353480072393481e+01
-2.285697691594900860e+01
-2.043801699777996106e+01
-2.127524210000164118e+01
-2.610520277623516350e+01
-2.288686599727074977e+01
-2.653856679826679255e+01
-3.088107089993415499e+01
-2.316181031890034703e+01
-2.215410801667153251e+01
-2.799921628361701309e+01
-2.990111691375883751e+01
-2.515512085769205086e+01
-3.025269541455981326e+01
-3.167586511230316759e+01
-2.499911702755089493e+01
-2.437443300158399140e+01
-2.565247517185920145e+01
-2.824477759831443535e+01
-3.153910997411413675e+01
-2.913774365413408773e+01
-2.437222904854599648e+01
-3.142829986769841710e+01
-2.838786426654585071e+01
-2.718318647785855546e+01
-2.115202644035508328e+01
-1.474686058570400071e+01
-1.856569269066180539e+01
-2.182958144225952424e+01
-1.663253121697511716e+01
-1.632585963261475115e+01
-2.089113639400953204e+01
-1.998790619393416534e+01
-2.735508428558075167e+01
-2.158490719734768604e+01
-2.635182750964830944e+01
-2.337356761505777669e+01
-2.160141814647574421e+01
-1.925957890342780843e+01
-2.249372944209840952e+01
-2.006043443876875187e+01
-2.219228302249542395e+01
-1.878831408861739760e+01
-2.658142951016149880e+01
-2.463645682848482465e+01
-2.257548872373121540e+01
-2.362573302354420335e+01
-1.562479166668048514e+01
-1.639878017340170047e+01
-2.112445761233465902e+01
-2.118906098415145323e+01
-2.332171534770552057e+01
-2.755531100302360414e+01
-2.582569901972263082e+01
-2.049428134752712083e+01
-2.581899864187808191e+01
-1.633758072295374575e+01
-1.864862013909104022e+01
-1.755078676854085984e+01
-2.303339601221635036e+01
-2.553875960634638531e+01
-7.445397341402486546e+00
-1.251345681391938847e+01
-1.450748885388927256e+01
-2.177693808978575163e+01
-1.330341098906371400e+01
-1.816930577071943276e+01
-5.619415016219289960e+00
-2.787009688869397195e+01
-2.193563760253984896e+01
-2.076070018796798777e+01
-2.773782964499126180e+01
-1.438693867027920348e+01
-2.266797561140948858e+01
-2.329586278394637588e+01
-1.871049576816793802e+01
-2.456225963005653767e+01
-2.379673623835915208e+01
-1.369468222008355163e+01
-2.399918537744306235e+01
-2.155321777085201873e+01
-3.109528019050283021e+01
-1.379856362346155763e+01
-3.097577367869655518e+01
-2.303322865917875717e+01
-2.903508513586553619e+01
-3.140774573231529843e+01
-2.293436356809640486e+01
-2.521855707515475231e+01
-2.159367610084988343e+01
-2.098611984891648063e+01
-2.350927987623328974e+01
-2.236560267315725525e+01
-2.074417313021142206e+01
-5.556279934854582159e+00
-1.242756555943543972e+01
-2.305077638195717071e+01
-2.293284099329261494e+01
-2.204432786413012124e+01
-2.581940654301748594e+01
-5.214264962533688319e+00
-2.971530179961222018e+01
-2.665161017548554057e+01
-2.163800615300061736e+01
-2.839914272455293798e+01
-3.086472800070472289e+01
-2.218453396393286070e+01
-2.042778303342741353e+01
-2.900619469138064233e+01
-1.527750666752378983e+01
-3.101387309369155787e+01
-3.154978336290622565e+01
-1.969347902061987909e+01
-2.663789911950912170e+01
-2.077888136757897541e+01
-2.521370077993793757e+01
-2.186691516827253778e+01
-2.951262212958861397e+01
-2.498533728316982661e+01
-2.518984887239214387e+01
-2.572904330163508035e+01
-2.865843543424831452e+01
-2.785579203677200155e+01
-2.698303149438851989e+01
-2.693106684274076912e+01
-2.512601254978338261e+01
-3.075275678947535951e+01
-3.140011578574607753e+01
-3.446150853399137759e+01
-2.542795666214357908e+01
-2.631503660905780961e+01
-2.158579251990332892e+01
-2.517360217913920195e+01
-2.529865710243599608e+01
-3.152251422971230710e+01
-2.246452762407153614e+01
-2.659133059117907649e+01
-2.533159520301375878e+01
-2.706757532637250208e+01
-2.444689862783567236e+01
-2.902198673032336629e+01
-2.956336797448310705e+01
-2.577651544253859228e+01
-2.618345252194741590e+01
-2.820123621346959197e+01
-2.877428955553263989e+01
-3.195578623575255861e+01
-2.616328280901269920e+01
-2.192472618342018009e+01
-1.723308952627853685e+01
-1.845762856628128645e+01
-1.884766450837508245e+01
-2.338050089274896948e+01
-2.187854285327685133e+01
-1.598535954132496784e+01
-2.689960846901436753e+01
-1.914545059345740796e+01
-2.126790109509243365e+01
-1.731602391874077895e+01
-1.930893535615658507e+01
-2.337634261579246342e+01
-2.160888800369157181e+01
-2.420550851600712150e+01
-2.149553780946896708e+01
-2.313064133651684529e+01
-2.031144178841816483e+01
-2.821133059148303701e+01
-2.223266646228675469e+01
-2.018711841378843630e+01
-2.379511688052305374e+01
-1.571330772292666822e+01
-5.104021083241200074e+00
-2.509098724612946540e+01
-2.748298121653006376e+01
-2.372697699187644105e+01
-1.989302056326849311e+01
-1.963071970472915240e+01
-2.640686801926191052e+01
-2.615417609540704547e+01
-2.003584714046697712e+01
-2.369925405810458230e+01
-2.657504122579899430e+00
-2.011065687370548360e+01
-2.170484216922697129e+01
-1.901557574492305136e+01
-2.241404924048010372e+01
-2.817935085444446131e+01
-2.289633621679951148e+01
-2.057973683209486637e+01
-2.020486962205121628e+01
-1.948966918597000486e+01
-2.213946950448073281e+01
-2.315806084218580807e+01
-1.673696511630166839e+01
-2.435791557932869011e+01
-7.973276445615963048e+00
-1.770690186181227688e+01
-2.169847032182907398e+01
-1.612404890111816158e+01
-1.047931593163931829e+01
-1.823557326376143450e+01
-3.065803993801889060e+00
-9.770750647608444694e+00
-4.447756747052164172e+00
-2.136730069129317755e+01
-2.123973858579503826e+01
-2.055718899121188770e+01
-1.449132479171049326e+01
-1.699591062054964041e+01
-1.808856337981826456e+01
-4.255763337998355489e+00
-1.431038071350095819e+01
-4.154444175099453851e+00
-5.501983612105998844e+00
-4.255164586341526167e+00
-1.854992379277134873e+01
-1.558323708077186964e+01
-1.370817928909703376e+01
-2.226982461603748220e+01
-2.345792541533687725e+01
-2.012500968721951722e+01
-1.799342402120331030e+01
-1.825252722854842702e+01
-1.022163477534228804e+01
-2.298442230062488179e+01
-2.088063160462082024e+01
-2.634820090098396861e+01
-2.102087742347150723e+01
-2.101632962217158251e+01
-2.680239815190668651e+01
-2.437564117616312487e+01
-2.524893213792983460e+01
-2.714282916093639386e+01
-2.589387859809264469e+01
-2.761615986520420307e+01
-2.780263259008623322e+01
-2.446467458113879800e+01
-2.784973899008124576e+01
-2.947716554979224313e+01
-2.734780736250035105e+01
-2.776002975068778866e+01
-2.551859168878556972e+01
-2.671670352090313116e+01
-2.737496502046100133e+01
-3.462250433536722483e+01
-2.849374541129134286e+01
-3.310171088278689666e+01
-3.458991393714490670e+01
-2.800297286329206514e+01
-2.884320370551609969e+01
-2.712362242297832182e+01
-3.005178948536818950e+01
-2.718112218637551791e+01
-6.036955495806600958e+00
-2.244081428824658886e+01
-2.323965445660719453e+01
-2.475088985636643102e+01
-2.138499708536764032e+01
-1.706152963666006173e+01
-2.154072480645651666e+01
-1.809270662880093994e+01
-2.137071992139675558e+01
-2.449475532992823545e+01
-2.583124498377386757e+01
-2.184906055331609664e+01
-2.151378956506846407e+01
-2.086364798653971064e+01
-2.382678068340416289e+01
-2.139966576446469304e+01
-2.388607480542135519e+01
-2.107233001344490475e+01
-2.048244918165092088e+01
-1.556979546683017546e+01
-1.756281529030373179e+01
-2.092205780313173946e+01
-2.155537610589897568e+01
-4.546410114838317362e+00
-7.971604066240137065e+00
-8.161807763819641792e+00
-2.403075403849478153e+00
-3.743867272746415953e+00
-2.126837705856845417e+01
-2.352549813633515186e+01
-1.005125404138152589e+01
-2.831922933807047738e+00
-1.497334510670560270e+01
-3.674323226491644778e+00
-3.578062545174427012e+00
-2.186073024231987105e+01
-5.376231435329930974e+00
-1.210366276879051384e+01
-1.981142390242236573e+01
-1.928449713951415134e+01
-7.252696600258364157e+00
-2.902760963326410426e+00
-4.313095733021849121e+00
-1.975228320220080747e+01
-1.119854111742315617e+01
-2.170210386487692045e+00
-2.960348501405605681e+00
-8.286232107035013783e+00
-1.616157150523852337e+01
-2.154645339777523461e+01
-1.496568430605936939e+01
-4.257282527530900751e+00
-3.115022730854322575e+00
-2.221493977304254575e+00
-3.533133708838239961e+00
-1.842192900000457811e+01
-3.752149253274081442e+00
-2.811319867543886630e+00
-4.128898960675477348e+00
-1.565690279341975355e+01
-4.083595297727764084e+00
-3.564840884384020914e+00
-3.592640100239225642e+00
-3.543193478882834313e+00
-1.888986433145797861e+01
-5.133961871722035220e+00
-4.552727843640059113e+00
-1.378060299988763049e+01
-1.917645889648595059e+01
-3.717855820950571211e+00
-8.356126472147460404e+00
-4.132109647951688558e+00
-3.031819227601013189e+00
-9.832349096613411277e+00
-8.503160007972459411e+00
-1.428124273060201155e+01
-1.834916397335777205e+01
-3.634371089132048205e+00
-1.839642144939474377e+01
-1.426885576427991964e+01
-1.870808699055929125e+01
-2.016057210520951415e+01
-2.210550298934984781e+01
-2.233533559219152309e+01
-2.044905125787278521e+01
-2.266903616575470792e+01
-2.047753474387823047e+01
-1.880488110505482169e+01
-1.754781746718610336e+01
-1.734144763099271813e+01
-2.321301746925460208e+01
-1.902075976093911791e+01
-2.299577281765372305e+01
-1.615813838865160079e+01
-2.023664854659628531e+01
-1.860303304293416460e+01
-1.915277770073984343e+01
-2.066118038809618085e+01
-2.097047060381799000e+01
-2.063997546391392035e+01
-1.899321756147215368e+01
-1.815076167664972218e+01
-1.511073033182955960e+01
-1.646396800486396472e+01
-3.857850228629014833e+00
-9.357561075421408248e+00
-1.112892461889790496e+01
-1.470915061734150875e+01
-3.447526697811605256e+00
-1.205029303643483019e+01
-2.908042006760648501e+00
-3.259752367427527275e+00
-3.068696642893089965e+00
-1.895295859257269555e+01
-2.108628210020297544e+00
-1.968836241872148785e+00
-2.895824773885341319e+00
-7.928898286075475532e+00
-2.713968997481856160e+00
-9.877253222167642122e+00
-2.797836522650622992e+00
-3.396507899268667252e+00
-4.204375725863844337e+00
-1.916397402345845435e+01
-2.021918768051254744e+01
-1.580123174555484589e+01
-1.539565906893532166e+01
-2.055244971228229911e+00
-2.220511848692083401e+00
-1.463703427349884345e+00
-1.282836249976339538e+01
-1.008499932569833391e+01
-1.435767315755237838e+01
-6.023587982419658537e+00
-1.085899735630776242e+01
-2.291503338037312876e+00
-1.581714618600152633e+01
-1.602957261059160698e+00
-1.935366699894071374e+01
-1.591056295228206530e+01
-3.773518686040442383e+00
-2.552304969391805400e+00
-2.506175214693057374e+00
-3.632526444858679149e+00
-8.708194805258058224e+00
-3.544932330318608216e+00
-1.816578755741674156e+00
-1.087631235673118724e+01
-3.236688942981966299e+00
-1.642357916284473518e+01
-2.891615352767903158e+00
-4.776404735357529852e+00
-1.367938814167624706e+01
-1.264563414954800402e+00
-3.971140076935371077e+00
-2.729824403468229299e+00
-2.976308222589017394e+00
-3.488171953180321250e+00
-2.518584157394221368e+00
-3.177874448219036196e+00
-2.996194042634383159e+00
-3.390756199152062944e+00
-1.906676122346405711e+00
-1.596751952715322531e+01
-3.075355085343136174e+00
-1.670739040959301702e+00
-2.615810757340974124e+00
-1.402347918193140686e+01
-2.564840767334500171e+00
-2.101411046767252433e+00
-3.087739288551728301e+00
-2.393467081158852316e+00
-2.558856857463614798e+00
-4.030406429708631499e+00
-1.473161328491702671e+00
-1.499578380828782143e+00
-8.894410903901242005e-01
-2.062735592630890125e+00
-3.859679862648062176e+00
-3.716638954382886606e+00
-1.276362178045891760e+01
-2.105738421479820044e+00
-3.691625084827657943e+00
-3.865161473642654943e+00
-4.057448465850459485e+00
-4.618369165075986160e+00
-3.183179635058788648e+00
-4.299391264785928257e+00
-1.792989456072040078e+00
-5.234954149210891750e+00
-2.912470913829424912e+00
-3.034877211811185305e+00
-1.752296137944644450e+00
-2.257955798974553563e+00
-2.255727595769217331e+00
-2.376899645552267071e+00
-3.489963114593823690e+00
-2.451060521278917825e+00
-1.863496260668741744e+00
-2.657349255135275534e+00
-2.013364149393713110e+00
-3.120511879689471524e+00
-3.571595390871008302e+00
-1.664911684967347538e+00
-3.405691396979051433e+00
-1.532810178560928938e+00
-3.391113720683777366e+00
-1.133447938853477943e+00
-1.658474837126176027e+01
-2.656261944409057385e+00
-3.630279893122863921e+00
-3.148249154187418686e+00
-3.191989090432404641e+00
-5.093246878673511446e+00
-3.389186073494689033e+00
-6.076614030495383290e+00
-1.912564389239705953e+00
-4.496349569635167853e+00
-2.849815483219034551e+00
-1.471096058500301895e+00
-5.559348375362932693e+00
-5.355915579926205261e+00
-3.610037524900889583e+00
-4.172394636910394361e+00
-2.849075444703718762e+00
-4.401665945340453412e+00
-5.821274707996409781e+00
-1.886453016461044641e+01
-2.395499312520010360e+00
-2.928673114935223420e+00
-2.857681211920290565e+00
-2.570852454507342788e+00
-2.739546982229196903e+00
-3.633469524490708924e+00
-6.125482857287601668e+00
-1.557931363361934718e+00
-2.900035826405165107e+00
-2.011425593688038305e+00
-4.410149345701984913e+00
-3.180704865240801649e+00
-3.430838007295743619e+00
-4.327476130472929228e+00
-8.121755209604785364e+00
-7.170989385107258585e+00
-3.369510355211770669e+00
-3.480362100670678416e+00
-5.817211647556968401e+00
-3.893991204829013508e+00
-4.765722225336371132e+00
-2.073544314396424060e+00
-1.889524000755610000e+00
-1.076156958366833472e+01
-4.909293284695554149e+00
-3.253767586717463800e+00
-1.684159496319460914e+01
-3.158001879851934479e+00
-3.916118605589310242e+00
-1.455612153752860038e+01
-4.073052223417706230e+00
-4.798626700014319901e+00
-1.473446309190062919e+01
-2.871629069296367298e+00
-2.867074494554244790e+00
-2.601889076694706482e+00
-2.168609227950685003e+00
-3.974376073919782204e+00
-3.912247564133464639e+00
-3.661796474843538984e+00
-6.262202825102547443e+00
-4.321722857043878818e+00
-2.902619236648960044e+00
-6.411803779839504003e+00
-1.961121431045957708e+00
-3.299407001866728528e+00
-3.195710993720051629e+00
-8.482071973912939100e+00
-3.629172188246648112e+00
-2.143250289025078192e+00
-1.454052101362434568e+00
-2.636283837583047518e+00
-2.645680215420929571e+00
-4.451037533083509246e+00
-2.725541118190374146e+00
-2.995317704642431522e+00
-9.650016044265891324e+00
-1.841498784935461686e+01
-1.919224998548777350e+01
-1.893605358022944429e+01
-3.280608296011256364e+00
-2.047821148606279706e+01
-2.113142597394586097e+00
-2.096592439337102931e+00
-4.038164624163963268e+00
-1.211023305715308318e+01
-8.124495513761257115e+00
-2.072094408305493740e+00
-2.766398189020883969e+00
-3.359313886402864657e+00
-7.356271121620773457e+00
-2.974637825476601716e+00
-2.623492928958609305e+00
-1.942922426944134973e+00
-2.456426917763196993e+00
-2.564421275350493801e+00
-3.050256560097467595e+00
-2.857493641925762162e+00
-3.193327494072704553e+00
-1.297735430246498112e+01
-2.412723600908271759e+00
-3.002256133270935656e+00
-2.912961858474250931e+00
-2.645864127677309163e+00
-3.941938458402547862e+00
-8.530747581935017365e+00
-4.175032515316862813e+00
-3.741421413612537883e+00
-3.204028192584762902e+00
-2.387720332082680308e+00
-4.288857095014427578e+00
-2.077329590425907035e+00
-1.337563949782999728e+01
-2.042668985042259688e+00
-3.149843539499125544e+00
-4.899077462029216790e+00
-2.839093809841024996e+00
-7.926324886506574074e+00
-3.465924263869000210e+00
-4.032287178960238805e+00
-1.266862922923938317e+00
-2.120341753788451911e+00
-4.702341882696018160e+00
-3.179947478674291617e+00
-2.610165358013877501e+00
-2.285331716177781747e+00
-2.489691389130861410e+00
-4.774329068151782707e+00
-1.529277020211058824e+00
-1.913559457564511623e+00
-3.652772597033443258e+00
-2.026490951942767627e+00
-1.700230279376123921e+00
-1.972678702500381576e+00
-1.867098318462786288e+00
-1.915286398343821750e+00
-3.100117622290101238e+00
-5.356389869723105157e+00
-1.633233616789069087e+00
-3.615409106474665180e+00
-4.060572710314762190e+00
-2.863827615388144121e+00
-1.146132679447693592e+00
-1.794045431451175787e+01
-1.944451295607503960e+00
-2.301179891160113566e+00
-1.783549387798430530e+01
-3.423908024271739237e+00
-2.098089448293491976e+00
-2.447953525088046423e+00
-2.487536022433736171e+00
-1.952239704038352119e+00
-3.870404090563539512e+00
-3.253168592116200575e+00
-3.054546301477531589e+00
-3.976451803077054592e+00
-4.445254646287222222e+00
-3.192311815203306757e+00
-1.254069714429704829e+00
-1.595833079245263297e+00
-1.359270604821140482e+00
-1.937837731230799054e+00
-1.409418879394286117e+00
-4.124500025929188851e+00
-1.331634067991723391e+01
-4.640763993044807911e+00
-1.840995361741758707e+00
-3.532708218297501812e+00
-2.684079763199497926e+00
-3.783743477051766835e+00
-1.534501087814893472e+00
-1.996052601747239530e+00
-3.285207978574899101e+00
-1.774772880148802656e+01
-2.944381337445632685e+00
-2.449502205229356910e+00
-3.260987188781883539e+00
-3.856460064929225773e+00
-2.757156698917801574e+00
-2.197414737170979127e+00
-3.160095306803512916e+00
-2.411139876693831674e+00
-2.393347634422145820e+00
-2.571693169141427759e+00
-2.261986553898959418e+00
-1.701154881385858131e+00
-3.818801925846272649e+00
-3.320644076253996602e+00
-2.804673825877614046e+00
-1.547735213551334255e+00
-9.250603645774759798e-01
-4.040819519334733378e+00
-2.578654680119889964e+00
-1.948857218299155702e+00
-2.668857541853787652e+00
-1.050509054820537358e+00
-2.761414848977597813e+00
-2.835927525647196745e+00
-2.182441984044213079e+00
-4.294703495469342158e+00
-3.040315447131327620e+00
-3.030767953012045268e+00
-4.327019786933269607e+00
-1.204246115227796343e+00
-2.046132103528891744e+00
-1.585466049897794383e+00
-2.296804174823883216e+00
-2.425112926094357135e+00
-5.092802110776412761e+00
-3.082307053831941257e+00
-4.337801833856484102e+00
-3.561185315307321186e+00
-2.091770702350976840e+00
-2.085949060377785713e+00
-1.514943094299242121e+00
-3.460735041334118023e+00
-2.383665179015447944e+00
-3.136470673829518496e+00
-2.423986104485672755e+00
-4.331641538071349551e+00
-2.748346965730991798e+00
-2.495739594011731732e+00
-2.827865216443302465e+00
-3.196503344704405780e+00
-2.871727484792480301e+00
-2.140627482998101794e+00
-4.434661893857636095e+00
-2.384343550595619199e+00
-2.551390293589001157e+00
-1.723063016475431919e+00
-2.496815671503169742e+00
-3.036334845661344151e+00
-3.574269623418550257e+00
-2.222638504937537896e+00
-4.053429062201498567e+00
-3.114007202851969858e+00
-2.924334114345878977e+00
-1.790061449966763751e+00
-2.562589940585832338e+00
-2.709360234537653511e+00
-3.222644500227701769e+00
-2.250340468897961799e+00
-1.054993292914652869e+01
-1.220950387829317085e+00
-5.907994789964429394e+00
-1.886705965737377921e+00
-1.080156295650259723e+00
-4.504464395327571147e+00
-1.299908158167444316e+00
-1.923936311095840512e+00
-3.386615673312150410e+00
-3.579678983702701434e+00
-1.487763638545089417e+00
-3.195000531153933565e+00
-2.049610360027913192e+00
-3.824857037527129577e+00
-2.239126538875090944e+00
-2.135670535240103973e+00
-5.604784644317779119e+00
-2.747968697736846710e+00
-3.513023543024954787e+00
-2.485125614352814427e+00
-2.561281096770453569e+00
-2.646869086064802090e+00
-2.259679712128217499e+00
-2.346955055075796714e+00
-2.567769210558741744e+00
-2.455819293825358685e+00
-2.476700959840466787e+00
-3.852300644286551279e+00
-3.355144952079331944e+00
-1.981530510987879801e+00
-1.191079319059931363e+00
-2.121342382441131491e+00
-2.711367493685315821e+00
-1.318499812975120644e+00
-2.684106624478427072e+00
-1.675517398642976996e+00
-3.066090495816367056e+00
-3.121820672308558198e+00
-1.952350554015048090e+00
-3.059172242582696377e+00
-3.494988725233203919e+00
-2.332984581144088132e+00
-2.874327118855070751e+00
-3.378875174752892896e+00
-3.810678095595229298e+00
-2.727005851054516317e+00
-1.558999929949006047e+00
-1.149263234966455771e+00
-1.678781490360653494e+00
-2.249496515157141108e+00
-2.609455882797755866e+00
-2.503061903543545519e+00
-2.881489044227934393e+00
-3.328608602700024122e+00
-1.158359957864627976e+00
-2.096924994299351308e+00
-1.952513232310001179e+00
-3.056073699123027065e+00
-2.061430470613666799e+00
-1.759960008595687686e+00
-2.272794101038306813e+00
-2.240631333698876571e+00
-2.705268635590559523e+00
-3.476909703994596867e+00
-2.617731612159683419e+00
-2.506803483373912123e+00
-2.719421545509421723e+00
-2.499756668817469940e+00
-1.361688806169766286e+00
-3.083659491649608952e+00
-1.513969774564761783e+00
-1.689626923779057321e+00
-1.878231448359409805e+00
-2.294956136872330354e+00
-3.820759969389694088e+00
-2.172796198104582466e+00
-1.862127743118888956e+00
-1.588319367246044056e+00
-2.308503368756453344e+00
-2.197841533666974101e+00
-1.543822135100322734e+00
-2.910927795348661196e+00
-2.763501335950342419e+00
-3.002095591520706375e+00
-2.384029334173181081e+00
-2.801270970128612703e+00
-2.869526854886661038e+00
-1.608270170126464782e+00
-1.989403180373112034e+00
-2.828276663206688024e+00
-2.694630925090896412e+00
-1.824131703500747381e+00
-2.913362581149050001e+00
-1.068450301836661787e+00
-1.006423324501912964e+00
-1.410210440410775146e+00
-3.378556684909953756e+00
-1.582339939071030210e+00
-2.409412329053322921e+00
-3.118291383810210426e+00
-3.110967854762027862e+00
-4.030523577954249426e+00
-3.690338294493410221e+00
-3.198690651879692481e+00
-3.771427761567121895e+00
-3.871956849520124422e+00
-3.265495138888483417e+00
-1.887848702066766693e+00
-3.656308552178774374e+00
-3.252722291471914051e+00
-2.522830181518767922e+00
-3.370432626750171412e+00
-1.367889033872856652e+00
-4.145586754015416098e+00
-2.932977140846265485e+00
-2.713629470141765587e+00
-3.731529811544770148e+00
-2.224050061823547697e+00
-1.780476159604620356e+00
-1.783800909689998493e+00
-3.062232006562710662e+00
-2.162117172374780516e+00
-2.869505801809708601e+00
-2.670603341920452234e+00
-1.739510381536871986e+00
-7.052959254029939729e+00
-3.358355052551045272e+00
-3.549172266879949689e+00
-2.729449179332739117e+00
-2.492171927240980356e+00
-2.886196657442577695e+00
-4.337897767079336830e+00
-1.562691394711564596e+00
-2.218077930894330141e+00
-1.958274966820277019e+00
-1.136358736713299011e+00
-1.684920916741879715e+00
-2.484358057080323423e+00
-4.072390729965515099e+00
-3.413944983718234294e+00
-2.256962845585326782e+00
-2.421113937673961658e+00
-2.665550131981485382e+00
-2.170150214470444094e+00
-2.700365296422934769e+00
-3.871132967892414900e+00
-7.884704798642289347e+00
-2.041677414238755262e+00
-1.981559794591836621e+00
-2.694961669618023414e+00
-2.510309950292507253e+00
-2.021278605522972782e+00
-3.090204240111254386e+00
-2.410292906804593738e+00
-1.533346738245970897e+00
-1.202476327762336927e+00
-1.230214357457869001e+00
-2.289996121316606015e+00
-2.249315696552857347e+00
-6.105708811520859314e+00
-2.051656580590560441e+00
-1.975925715494996515e+00
-2.499951107052994725e+00
-7.389691668147011505e+00
-2.815495614665575630e+00
-1.285155704352742845e+00
-4.177380643077393430e+00
-4.181435481761951678e+00
-1.732225957384097015e+00
-2.837903468313293764e+00
-1.698134252401350519e+00
-4.796439398174057622e+00
-2.839671096291429109e+00
-2.102194223956777464e+00
-3.034724575685802783e+00
-5.712241786136167399e+00
-2.149017398323227024e+00
-3.180774939394368062e+00
-1.185883100013237268e+00
-2.133639571221953357e+00
-1.953683236823577252e+00
-2.791093785940603311e+00
-4.138339742197826077e+00
-1.476523852848717011e+00
-2.256001028275063991e+00
-3.448645649965597304e+00
-3.274118876797948552e+00
-3.989050083100809108e+00
-2.397701231501667252e+00
-2.045985046826302778e+00
-2.628610373766742558e+00
-3.013130567332624743e+00
-3.156188839639296084e+00
-2.088138902863317714e+00
-1.698039668639130806e+00
-1.796030705647589487e+00
-3.292278160566931344e+00
-1.503737706697978460e+00
-1.855728050979428723e+00
-2.150038873968874054e+00
-8.348762175722541645e-01
-4.438591076836457816e+00
-1.076387054725109316e+00
-2.048649299991032180e+00
-3.057555046153344946e+00
-1.802461869097630842e+00
-1.652581129966545159e+00
-1.316648863999612118e+00
-3.699899085876520832e+00
-1.858245471429306406e+00
-2.006501387722029239e+00
-2.559978211523912695e+00
-3.591096605283614185e+00
-1.175524633177262857e+00
-1.958696367961903384e+00
-2.111581857109840143e+00
-1.847745330740352632e+00
-1.891884355606780810e+00
-2.431195404128646320e+00
-2.823118763290443756e+00
-1.242153911552253742e+00
-1.113734912615691641e+01
-2.060617747038986813e+00
-2.035938845763856087e+00
-4.213312361565677122e+00
-4.320086451052606691e+00
-2.427754278653436071e+00
-3.092982566851654624e+00
-3.115842574516540342e+00
-1.874732256856455503e+00
-1.003705113422821205e+00
-3.282316742829722411e+00
-2.845527807679007370e+00
-1.855206166021373670e+00
-7.758738227703313228e+00
-3.857132099146263648e+00
-1.222426795483006590e+00
-2.885453797883232863e+00
-1.541840408331707879e+00
-2.238236710865459944e+00
-3.202878120411656759e+00
-2.186512249430375476e+00
-4.165893821126553043e+00
-2.650800526259629031e+00
-4.410976821339418485e+00
-4.617027089487302227e+00
-3.989132130008727462e+00
-2.900063401743661284e+00
-6.044093931858708579e+00
-4.559419553931612690e+00
-4.326288655026725216e+00
-4.213242445713372142e+00
-1.884205250658790298e+00
-2.992126296486306458e+00
-2.715164119005566867e+00
-5.616601362793895547e+00
-4.007891181165612160e+00
-4.182458791897063044e+00
-3.060467705790877346e+00
-1.632884663093826738e+00
-2.751641467356806370e+00
-1.324882482815553653e+00
-2.845981089474778347e+00
-2.708157080579334242e+00
-2.223510244632315835e+00
-3.401354823202059396e+00
-1.598995567262612383e+00
-1.948807548359312491e+01
-2.973965956541626099e+00
-1.648124941800992005e+00
-1.575261589344062463e+00
-3.191461131040411736e+00
-1.375430419861890741e+00
-2.206862949661220430e+00
-2.643938284931315330e+00
-2.361066517465995496e+00
-1.810519882245492873e+00
-2.067323888655148156e+00
-2.905722908433559404e+00
-3.571564460369323957e+00
-2.431467178533985418e+00
-3.312748417515126498e+00
-2.826181301620626751e+00
-2.959301701488246117e+00
-1.837814260250304921e+00
-4.168490214159874085e+00
-2.024476969580609076e+00
-1.868602852424008365e+00
-3.300508832680149052e+00
-2.081944456945771016e+00
-1.951563478762326387e+00
-2.466832445082633996e+00
-3.337765352250218864e+00
-1.435256446024992272e+01
-3.532141837137821483e+00
-4.056724807527388954e+00
-2.242359292650191627e+00
-1.937881698608876713e+00
-2.815758646742746674e+00
-1.583178801187279827e+00
-3.433168933692456459e+00
-2.011232895401182219e+00
-1.868558556630350198e+00
-2.445593784435200924e+00
-3.387749321027448968e+00
-2.163443259978620858e+00
-2.128084028965787855e+00
-1.477104690303759682e+00
-3.592572997715340222e+00
-3.685937940715074745e+00
-1.667632661019290863e+00
-3.337068252889349385e+00
-2.859419900675705506e+00
-3.158692890950658416e+00
-3.473645043325552795e+00
-3.751820197481903207e+00
-3.113217339282221996e+00
-3.395660140293425666e+00
-2.843660840044818450e+00
-3.077403768948803187e+00
-3.066166395040576642e+00
-3.777620731127479647e+00
-2.812670141241148780e+00
-1.573733557448167675e+00
-5.657907497014252662e+00
-2.851080918956770294e+00
-3.693166120866071100e+00
-2.673912472388337402e+00
-2.870247044348470222e+00
-2.304841970338737056e+00
-2.612500442070393447e+00
-1.569287342946511954e+00
-1.578250648485864716e+00
-3.535579552850567353e+00
-4.077826029945800457e+00
-2.221512407640006348e+00
-1.937723038535146491e+00
-1.899931512045556659e+00
-2.157763779088349043e+00
-3.076547311606374624e+00
-2.075954858301368500e+00
-2.813728265483620650e+00
-3.367327862506443115e+00
-3.476192967635792552e+00
-1.835820776238506813e+00
-2.991525434796580285e+00
-2.491702094555020341e+00
-2.872279565233534893e+00
-1.730071356421290929e+01
-3.216641211834773806e+00
-4.512737817045392674e+00
-2.070290207310498509e+00
-2.810414855639747245e+00
-2.079522659914616600e+00
-2.574148763346628677e+00
-1.172114533245022905e+00
-2.749178895595866923e+00
-3.633553972497977291e+00
-1.960194465234970096e+00
-4.489445770067234776e+00
-2.539505721035675734e+00
-2.440197749042709141e+00
-1.871949277806829182e+00
-2.407888916377417310e+00
-1.661249936986025943e+01
-3.487433056144217502e+00
-1.139285300055543537e+01
-1.585884008003775270e+00
-1.903953092390116009e+00
-2.572868237808600078e+00
-2.679312306442594327e+00
-2.310242432759762821e+00
-1.929074615658847858e+00
-2.739312221342728115e+00
-1.885240232523804460e+00
-1.534254990032470456e+00
-2.028762748147086015e+00
-2.901467254366504545e+00
-2.679644423863462244e+00
-2.333254929333931305e+00
-2.406605747149374697e+00
-2.543434466469667754e+00
-2.927567744182118403e+00
-2.069817286395969180e+00
-2.791567089990945050e+00
-2.279931938503186650e+00
-2.433951822810929588e+00
-1.819442041775199081e+00
-2.311856171373526614e+00
-2.899620135416530964e+00
-1.856526571514877544e+00
-1.820611408483405080e+00
-4.106023045642287705e+00
-1.974429017535443087e+00
-2.798392746018357080e+00
-1.988237848606653868e+00
-2.585364833348211544e+00
-1.773757694881736180e+00
-2.318106361347017863e+00
-1.890662142098305409e+00
-2.783791314525675187e+00
-4.613879989586118668e+00
-2.519977665469380401e+00
-2.496413774762527460e+00
-1.378519647562089112e+00
-2.880127709468471409e+00
-2.139432652723864958e+00
-3.442527380260784309e+00
-2.200138154909814681e+00
-1.299241419693215427e+01
-2.479455178349722733e+00
-2.549626123376377063e+00
-3.520065843660219240e+00
-3.233455037313754943e+00
-1.021558056970091943e+00
-1.011522671921465832e+00
-2.413866291053954782e+00
-7.894311826150308242e+00
-1.487415280547286001e+00
-3.826311824949069518e+00
-3.321499480569969354e+00
-2.182085681226522578e+00
-1.810844825933321411e+00
-1.334025925170719162e+01
-2.116741455864887378e+00
-1.061020341536404121e+00
-2.987666415278539933e+00
-1.922085405638327194e+00
-2.679247568180719963e+00
-4.089082588608739854e+00
-2.972424420494182318e+00
-2.498650455181639529e+00
-1.027704228042150891e+00
-5.769307699983026616e+00
-1.540486017294482757e+00
-2.045782868969784118e+00
-3.092363036491839967e+00
-2.672280399256665717e+00
-1.745602607621571600e+00
-1.298620816700091884e+00
-1.187730170542011354e+00
-1.511473274448526638e+00
-1.934912752932358204e+00
-1.396898137865608236e+00
-1.950044016283123627e+00
-1.539275354935496498e+00
-1.359658028772078975e+00
-1.435407370684223860e+00
-3.746003678164544937e+00
-1.878234067138379926e+00
-7.562400423950810247e-01
-9.878855318158268339e-01
-3.107392377667178351e+00
-2.693664477451753303e+00
-3.341518415700977407e+00
-2.333398694486144898e+00
-3.166595788206643114e+00
-5.800046470390401998e-01
-2.208150154217883188e+00
-1.599335612200793566e+00
-1.939453732312093281e+00
-2.557261053922545102e+00
-2.329040248144328640e+00
-2.884651130303795608e+00
-1.718110171071916881e+00
-1.426435193806633972e+00
-4.204712797422731185e+00
-1.417741044053717037e+00
-2.026504381776612185e+00
-9.527819421008113521e-01
-3.407471674844595899e+00
-3.131671726905437936e+00
-2.965846573359947946e+00
-2.358951296105793460e+00
-2.611736254575157901e+00
-1.600783489249530955e+00
-2.130387196032722308e+00
-1.272649155751337302e+00
-1.885048465173400745e+00
-1.283942326356668939e+00
-2.620430809650136972e+00
-1.530578747850437793e+00
-2.822101776422034192e+00
-1.925220149042216056e+00
-1.969116375688449105e+00
-7.006239054859405568e-01
-1.331015518402780096e+00
-1.664837616454584390e+00
-1.155817289295591577e+00
-2.356648405527063339e+00
-2.923738064902763778e+00
-2.925899627926686453e+00
-2.564572742958213691e+00
-2.036477524309773468e+00
-1.499735430613114762e+00
-2.079556505195742755e+00
-2.676260898810494560e+00
-1.250679006224072465e+00
-1.643583940286860612e+00
-1.034223599656772352e+00
-2.787759997547822888e+00
-2.206443737391337478e+00
-1.102292244653460207e+00
-2.862719084909993494e+00
-2.223232775243650039e+00
-2.400980336162965578e+00
-1.181033265932925458e+00
-2.624124763081375988e+00
-2.235606440618465918e+00
-2.835721514035821400e+00
-2.359934315303781727e+00
-2.494784623038702964e+00
-2.139427437918355768e+00
-1.992906340421158440e+00
-1.752493914932849117e+00
-1.399713792469954532e+00
-1.499334843611988433e+00
-1.738343883423907110e+00
-1.775967304076031983e+00
-1.127048851377295158e+00
-2.036478135255136213e+00
-2.388950027494460393e+00
-2.356143492676759710e+00
-1.777663622390952547e+00
-1.928574736446636795e+00
-2.278522638312153070e+00
-3.416558228062918978e+00
-2.555637372911081062e+00
-2.342574978447542033e+00
-2.223556401299686236e+00
-1.868775441973351326e+00
-2.174386669604372102e+00
-2.413175923573178672e+00
-1.143106290162035688e+00
-2.011136810205377934e+00
-1.149960849261073337e+00
-1.942128835080358051e+00
-1.836492980728313462e+00
-1.765273048349702112e+00
-2.281196773256989552e+00
-2.639709237312204415e+00
-1.648223440003639739e+00
-2.840835461378138582e+00
-2.861820652491134265e+00
-1.328930039753266623e+00
-1.671713348570295743e+00
-1.724753249348405681e+00
-2.067805648343457037e+00
-1.660586236207726829e+00
-2.077727698762705355e+00
-2.142480014720059334e+00
-3.093925546908366186e+00
-2.038410333406466268e+00
-2.956985902127689414e+00
-2.260502637092392852e+00
-1.837568238171779056e+00
-2.806914193329646423e+00
-1.781836879552002539e+00
-1.272703587838074135e+00
-3.018804141834937838e+00
-2.118319994386472782e+00
-3.304618681233055799e+00
-1.558067301893877099e+00
-9.529529613939247135e-01
-1.390522964224125912e+00
-2.497178325210130279e+00
-2.012801951305421166e+00
-2.302890943392176926e+00
-2.924640340811984984e+00
-1.695056746235532374e+00
-2.320071940014765133e+00
-1.379672864608828098e+00
-1.653857851969411819e+00
-1.300422590671321155e+00
-2.372596106752848044e+00
-1.501429767247141500e+00
-1.570664183423733373e+00
-2.440099776411567500e+00
-1.445524037790712146e+00
-2.276986772672586312e+00
-3.355629620670718349e+00
-1.533489492438165014e+00
-1.044503060380275850e+00
-2.067799500310714134e+00
-3.843967276105935582e+00
-3.466932167004507459e+00
-2.527652793592316982e+00
-2.070209663533919109e+00
-2.640912007481195811e+00
-2.244067787902639832e+00
-2.245529764356362534e+00
-1.811046737169380361e+00
-2.244556638897968970e+00
-1.489582610917055350e+00
-2.308424554658991212e+00
-2.423551043247828218e+00
-2.446214456943884397e+00
-1.658873439353129919e+00
-1.422536186744385311e+00
-1.973923698001438520e+00
-2.653164431560850467e+00
-2.492580799615189413e+00
-2.900856840192282959e+00
-1.223665497671701186e+00
-1.072203172900875190e+00
-1.395889821367575445e+00
-1.103306309945462749e+00
-1.695955242695491361e+00
-2.941253626455577308e+00
-2.348289433201566023e+00
-2.147353516679912921e+00
-4.060656168011652412e+00
-2.487284556128760205e+00
-1.985015136623876630e+00
-1.467917295933344635e+00
-2.912922485008756279e+00
-2.273627746180260534e+00
-8.591411730798736990e-01
-2.802618267690463405e+00
-1.985331114506024397e+00
-1.584523985383414990e+00
-2.211423864187443300e+00
-1.277615081166511901e+00
-2.289116946098283645e+00
-1.741681864113861611e+00
-1.316850786084521552e+00
-2.276962732414458568e+00
-2.110188876490186605e+00
-1.767632934246229359e+00
-1.605109880084570229e+00
-1.915338038564260215e+00
-2.372912563145660680e+00
-1.841564503597770353e+00
-3.053179102712260118e+00
-1.763533901980408825e+00
-2.583371685662517070e+00
-1.664387852209502139e+00
-2.645287274931943600e+00
-2.740905703838494301e+00
-2.274485900686176176e+00
-8.191219150049366959e+00
-1.802875451459733158e+00
-6.059976960326778794e+00
-2.198182825053478950e+00
-2.699746508205018269e+00
-2.280245083590711541e+00
-3.014071932275335097e+00
-3.191759543283429590e+00
-3.987356272041974403e+00
-2.175891212637298899e+00
-3.810554508260404205e+00
-2.051977438923190178e+00
-2.118591900288151031e+00
-2.208086889440163958e+00
-2.687868957310103557e+00
-1.627731445406131128e+00
-3.817067979991690230e+00
-2.467658088791645277e+00
-1.455640513760712906e+00
-2.113380875522444580e+00
-2.871902615432789130e+00
-2.584178793640799832e+00
-1.677828772500696619e+00
-2.995039714986107438e+00
-4.015620460264092806e+00
-1.529114739411082224e+00
-1.774154122575414272e+00
-2.510175199781741640e+00
-5.190880613148509681e+00
-3.079312472106648713e+00
-2.984041082576383008e+00
-2.404883283217395640e+00
-2.819653008580297104e+00
-2.201320587549102203e+00
-2.808883981683663933e+00
-9.422390751235923290e+00
-5.416670332234061469e+00
-2.459833860546194018e+00
-1.491007091249646921e+00
-2.410588037781552728e+00
-1.436226808487384154e+00
-3.396532790968461057e+00
-2.619353292519329912e+00
-1.921530212628929535e+00
-2.283429619707822322e+00
-2.608169645113868729e+00
-2.601852721546233482e+00
-2.096996099933745139e+00
-2.144096691702721103e+00
-1.392834520585460201e+00
-2.513327630353092257e+00
-3.122523749570097262e+00
-1.436456144467226137e+00
-2.336792284875678138e+00
-2.445569766733477923e+00
-3.095623361603247581e+00
-3.420204500594959729e+00
-1.828751692312291288e+00
-4.879721305294668632e+00
-1.684360923730618964e+00
-2.929443553849480519e+00
-2.455127005427397702e+00
-9.346810116138370983e-01
-1.392012211833885127e+00
-2.607443237227018873e+00
-2.563043657761104210e+00
-1.672292344106661499e+00
-2.932691610016274542e+00
-2.901968456541842656e+00
-3.408790835389549745e+00
-1.090946235763912586e+00
-3.178958025285024025e+00
-4.080190899868949117e+00
-3.243883487107120267e+00
-4.014742264275627193e+00
-1.477487784209485966e+01
-1.319462448168835422e+01
-1.271585201593059322e+00
-3.934596558615751860e+00
-1.442938363100758181e+00
-3.371907988142551993e+00
-3.975572064053299215e+00
-2.894922443395063549e+00
-1.768691309000794076e+00
-2.977053985525223823e+00
-2.543935340493296948e+00
-3.761892836176242483e+00
-1.716393135911916001e+00
-2.070378589223397459e+00
-2.255127461153801693e+00
-1.892180632961215414e+00
-1.786955884884749324e+00
-1.693633646599323361e+00
-1.053761199634162482e+00
-2.157247548112929181e+00
-2.536280495517317934e+00
-1.145170202208678267e+00
-1.961085573875570143e+00
-2.949725642306385343e+00
-2.390971233840167187e+00
-3.815798934952474575e+00
-2.942034538223690543e+00
-1.817867408653904837e+00
-1.438583642632853099e+00
-8.487492704910465369e-01
-1.698835896311792437e+00
-2.541380049472294900e+00
-2.167565703241679742e+00
-2.471883207522560522e+00
-1.709895073530683041e+00
-1.110250456596719726e+00
-1.597488890050663635e+00
-1.555258783777138554e+00
-2.720799276217705120e+00
-1.722371386244609948e+00
-2.031513487317482269e+00
-2.442397364925556591e+00
-3.036782637772549531e+00
-2.438950010814039615e+00
-2.179880397637920186e+00
-3.135907709983342784e+00
-2.089792176349863251e+00
-1.346148736794329670e+00
-2.327916449372789298e+00
-3.443647530499688081e+00
-2.023433137550139982e+00
-2.732097833939938436e+00
-3.407269664988425983e+00
-2.830416844376518526e+00
-2.952448866130277683e+00
-1.633510950104710258e+00
-1.442292516300307303e+00
-3.214047458368741506e+00
-2.389802624409103959e+00
-1.503551279860045664e+00
-1.675656719128825856e+00
-2.507265224530993208e+00
-9.888371081750826352e-01
-1.301787513077651059e+00
-1.490268182842978684e+00
-1.411502753207626970e+00
-9.479098212358385567e-01
-2.067990393608018174e+00
-2.393869428811840283e+00
-1.953029516269205734e+00
-2.634718254268286319e+00
-1.698930241336852331e+00
-4.529085891467389935e+00
-2.310729037242112316e+00
-7.820758603630580952e-01
-1.772335216904616484e+00
-1.669164939406808434e+00
-2.606256775358092970e+00
-2.318029876743231465e+00
-2.327777931657469157e+00
-1.514119555974528408e+00
-3.673243552527352573e+00
-1.258951142766741915e+00
-2.148121663259299208e+00
-2.498074625093606560e+00
-4.207304907237682912e+00
-4.130840085892911517e+00
-2.897296233327579351e+00
-1.471407971818855298e+00
-2.750344449816469528e+00
-2.342123670728744944e+00
-1.960278537340138794e+00
-2.110020129734440975e+00
-9.585826960558081478e-01
-1.344771741510965013e+00
-1.744980276332213087e+00
-3.319124962742763252e+00
-3.443356035438652984e+00
-1.543014373793213156e+00
-2.342145335164410813e+00
-1.370942168831891461e+00
-1.835811921802334767e+00
-2.507317230809696706e+00
-1.773995419811365437e+00
-1.332932918420912216e+00
-1.863169234381186534e+00
-1.111755088332265995e+00
-1.908286681939268314e+00
-2.657027252135470530e+00
-2.788406599851258605e+00
-2.178627312750545553e+00
-1.697594724150709666e+00
-2.773135327849516329e+00
-2.543824358158336629e+00
-2.772081307530756433e+00
-2.745714469900329302e+00
-1.544518738746704090e+00
-2.492507721459493286e+00
-2.069704128232089158e+00
-3.185045230371257752e+00
-3.487100101220601545e+00
-2.212757924681469479e+00
-3.008414343828922810e+00
-2.918785676656936445e+00
-2.818481053487640331e+00
-1.608611877770152132e+00
-1.657757765199337818e+00
-1.701737368260586969e+00
-1.712470715190834269e+00
-1.767883089842102740e+00
-1.977204673101026655e+00
-1.703095809176293995e+00
-2.578099609406480752e+00
-2.347479161146330817e+00
-1.194309380063048875e+00
-8.637414960673566178e-01
-1.480035940350610923e+00
-1.663408015836414400e+00
-2.300523366373840695e+00
-1.792418877306489078e+00
-1.741885944387380647e+00
-1.869958918230033129e+00
-2.763133876696953983e+00
-1.171777721839312836e+00
-3.502060169974755333e+00
-2.277543647518890602e+00
-2.676390362011542123e+00
-3.161010271807426442e+00
-2.212091384228255908e+00
-3.302236845488929706e+00
-1.817893379723346303e+00
-1.761543400757723532e+00
-2.141891998471227687e+00
-1.430691811713722172e+00
-1.795576834114236409e+00
-1.607979387109605440e+01
-2.950037810652889725e+00
-1.835996524633081828e+00
-2.048289269591919926e+00
-1.569521633383273995e+00
-3.897027609449832397e+00
-3.404628178502099534e+00
-1.199722432552301044e+00
-3.319191819050382186e+00
-2.827631965644930467e+00
-1.666199829025505119e+00
-1.683248983063221571e+00
-2.061864209962825711e+00
-1.609073818543836687e+00
-2.718704526820944434e+00
-2.427433713696762307e+00
-1.765353856965002910e+00
-1.574147125944218129e+00
-1.161570289213164298e+00
-8.976136850511655663e-01
-2.398028089348788416e+00
-1.389082066976754293e+00
-1.824015977080609918e+00
-2.104403749716053262e+00
-1.923892296379322353e+00
-2.399469656550545338e+00
-2.842227686727067493e+00
-1.480540298169775726e+00
-2.250043787529607098e+00
-1.071622244932576962e+00
-1.515996325047007209e+00
-3.456600340361354551e+00
-1.802870254890988067e+00
-1.713291403588131256e+00
-1.888456313032142120e+00
-1.676727390425936104e+00
-2.249749872628294067e+00
-1.055701601870482342e+00
-2.477574025433940452e+00
-1.895138982818358908e+00
-1.628783369529863911e+00
-2.022619600652234784e+00
-1.893071592065396214e+00
-2.108365578346406810e+00
-3.324780483355610272e+00
-1.427843204391606058e+00
-2.882228060146490023e+00
-1.386566537345385264e+00
-1.800235816261558375e+00
-1.700454514046391585e+00
-1.767384817503127259e+00
-1.253059909388646309e+00
-1.115383200094075766e+00
-3.605286308128371697e+00
-1.433365582840773644e+00
-2.154811584333463426e+00
-1.650493942792855107e+00
-1.683919929196461718e+00
-3.744424197217850914e+00
-1.929015702993254644e+00
-2.613753870619380582e+00
-3.344169458025049835e+00
-3.556172343088244592e+00
-1.885053778822828985e+00
-2.292127884860317266e+00
-2.099218935866744129e+00
-3.059642828247523205e+00
-2.148776095945950981e+00
-1.137250080538472208e+00
-2.093342585881148299e+00
-1.988711844963908737e+00
-2.571107922430572401e+00
-2.076264460240313969e+00
-1.629437763012592910e+00
-1.460556036388801493e+00
-9.604771072528903719e-01
-2.978999756645857033e+00
-1.567413709506410235e+00
-2.197707737960883811e+00
-2.195755103995751689e+00
-2.053415908544176549e+00
-1.849580074783924166e+00
-2.566814690475167193e+00
-3.111995759381820825e+00
-2.538774901065841139e+00
-2.608596108825141702e+00
-1.861852366812654758e+00
-1.774819219738050124e+00
-2.322756573238306199e+00
-3.560002995506359458e+00
-2.160977280402697431e+00
-2.713967361312697779e+00
-1.801618419122442472e+00
-2.906193338867686826e+00
-1.184423134218256068e+00
-2.489170698711502983e+00
-2.115665067615012163e+00
-1.437249298832284250e+00
-3.732518100263475525e+00
-1.239710408402308284e+00
-1.543242651636545615e+00
-1.336559012571248761e+00
-1.224198509885367603e+00
-1.700368778954510551e+00
-1.325377056563028733e+00
-1.393825165970940416e+00
-1.554563843472643203e+00
-1.266843105287369431e+00
-3.151310936538129770e+00
-2.014480725471507583e+00
-2.334234862697533330e+00
-2.699655076640417484e+00
-1.811849741486248666e+00
-2.494653969745191713e+00
-2.438676976598849411e+00
-1.729492857246054838e+00
-1.692555272414308698e+00
-1.715263579882894129e+00
-1.307223349861255102e+00
-2.015128709954203678e+00
-2.346108285591057996e+00
-1.534234997408840950e+00
-1.069911765797143977e+00
-1.020904622829420294e+00
-1.353752323790230250e+00
-1.391775159484033075e+00
-2.455998332464201628e+00
-2.501322004531730592e+00
-1.413507981256772794e+00
-8.465994356088859529e-01
-1.194255556572480170e+00
-2.586607559721830096e+00
-2.860149760283847709e+00
-1.859305757474220444e+00
-1.618623567106183936e+00
-1.577855157218211568e+00
-1.698044103609072319e+00
-1.786178845618862976e+00
-9.750527924075095276e-01
-1.708815889049458914e+00
-2.316794517096192774e+00
-1.323779310951606281e+00
-2.152763406023653570e+00
-1.458580925390354999e+00
-1.908333743913982472e+00
-1.363014869697605880e+00
-1.431068970972027898e+00
-2.222154753288066775e+00
-2.101882122697233957e+00
-1.228665534093619227e+00
-1.701207249620689588e+00
-1.957236685632205875e+00
-1.873831362533580291e+00
-1.741778668452093948e+00
-1.933195022812872255e+00
-2.054790017871579888e+00
-2.653732936866418868e+00
-1.335120575043344804e+00
-1.729674035516341579e+00
-2.172099757051578539e+00
-1.294507454807339641e+00
-3.106396610691668503e+00
-1.186440984056568393e+00
-1.418358907806423819e+00
-2.672977908729344154e+00
-1.121670707763560593e+00
-1.321339368962854310e+00
-2.127151529557064435e+00
-1.867365319417598979e+00
-1.857048601316418468e+00
-2.734870213771130487e+00
-2.539046601232900713e+00
-2.230517246629894146e+00
-1.456287752155444704e+00
-2.386859237079698826e+00
-1.363048804106081535e+00
-2.283193162889139760e+00
-2.127494680179451869e+00
-1.633015706049230076e+00
-1.478124878171339862e+00
-2.193840397156279209e+00
-1.279931836887463037e+00
-1.004333790236844326e+00
-1.027441043295965528e+00
-2.259543028114791685e+00
-1.607821437803551579e+00
-1.597023820600222965e+00
-1.497630341384336594e+00
-1.782762021996578516e+00
-2.538478384001407573e+00
-2.208535650849873466e+00
-1.437929300348006700e+00
-2.227428610655071139e+00
-1.582561210510537109e+00
-1.854883031578122399e+00
-1.728659557467190799e+00
-1.809290304551824935e+00
-1.762885743999428545e+00
-1.432857265114487744e+00
-1.347463317774960423e+00
-1.579648263371723704e+00
-1.400660703516317440e+00
-2.478969432640109272e+00
-1.335749764432196063e+00
-7.283217342077031864e-01
-1.330241926601321456e+00
-1.555540790457899503e+00
-1.530854109801202512e+00
-2.079724938394265088e+00
-1.432639836652532361e+00
-1.822060312401119431e+00
-1.053255492181595088e+00
-1.997650287617545484e+00
-2.161430587814476834e+00
-1.213171997923919943e+00
-2.875907659059176336e+00
-1.776739421168114896e+00
-1.402759861145847164e+00
-1.216238622812320536e+00
-2.319495487059972216e+00
-1.478575750530444877e+00
-2.370518776122513938e+00
-2.238734912222465123e+00
-1.928512456507435857e+00
-1.313408274080694271e+00
-9.940729879075534958e-01
-1.959328506900708922e+00
-2.173087863187835644e+00
-2.306631516625430312e+00
-2.124668878079412071e+00
-2.588148397184500737e+00
-1.706205500730964442e+00
-1.799085748404133600e+00
-1.423893360808017317e+00
-2.117936415962037966e+00
-2.655371386681502077e+00
-1.986423851590904066e+00
-2.157822627190420395e+00
-2.107000836139826028e+00
-1.198409177171215090e+00
-2.012130293516070534e+00
-2.520193120951291110e+00
-2.327007135297505247e+00
-1.294080000322241464e+00
-2.442961312499243309e+00
-3.677959675279792506e+00
-1.934626482313472007e+00
-1.482511046922741826e+00
-1.291161151307941068e+00
-1.760313952579490193e+00
-1.574961761435865748e+00
-1.947978922375067201e+00
-2.283311922647651038e+00
-2.084351763020005244e+00
-2.351813013746843595e+00
-1.736455760350391175e+00
-1.693409472730260656e+00
-1.266592185667272163e+00
-1.337349797458024181e+00
-6.016308138367399971e-01
-1.680691124322212682e+00
-8.041530199963340397e-01
-2.697240930877489618e+00
-1.519284278736067639e+00
-3.487932499768393146e+00
-1.913064017982570642e+00
-2.873136348853591038e+00
-1.615872061508808466e+00
-1.104609578535554082e+00
-2.242327749765520295e+00
-1.774668309355097451e+00
-1.901515847155083039e+00
-1.669751742487820989e+00
-2.112336023877597224e+00
-1.089926089570257384e+00
-2.448908404539524408e+00
-1.570428443622105874e+00
-1.096101924109067038e+00
-2.092183872466407912e+00
-2.050210620230850989e+00
-1.606792814922388901e+00
-2.082733025705851393e+00
-2.635471904213827266e+00
-1.921849865439134275e+00
-1.358177546532599811e+00
-2.181296669164614510e+00
-3.063369415663065531e+00
-1.926495243005956537e+00
-1.860326422688678427e+00
-2.159441935816270863e+00
-2.509305995439783388e+00
-1.729632664548130583e+00
-1.606535401138721175e+00
-2.553504418776137541e+00
-1.328111850566159768e+00
-8.503124743212622239e-01
-1.107118006521102371e+00
-2.646789252759534694e+00
-1.160685526637071252e+00
-1.479531092127732705e+00
-2.358695776260798738e+00
-2.454861952541136372e+00
-2.384864563427460116e+00
-1.361709128665933077e+00
-1.906848078848230044e+00
-1.386985588950458315e+00
-2.824866198858169586e+00
-2.715682483292293448e+00
-1.523331753800356569e+00
-2.378250309565103748e+00
-1.680325680493397034e+00
-8.301284453587659540e-01
-1.397758348206230350e+00
-9.056846970164162958e-01
-2.098576264220372245e+00
-8.625159027668825029e-01
-1.769097028264336791e+00
-1.774736148026199833e+00
-2.985472300138586110e+00
-1.264453408790207956e+00
-1.553236758411158380e+00
-1.890584915646054354e+00
-1.707990415494644809e+00
-1.426075113684266427e+00
-2.426355329179341158e+00
-9.932631866726092662e-01
-1.365955348004564529e+00
-2.018710253714497416e+00
-1.546241563339868286e+00
-2.145542346749107931e+00
-1.285046087247581292e+00
-1.114360677375532127e+00
-1.967143425633028908e+00
-1.678704587497920508e+00
-2.009220696289075292e+00
-1.309075008179265254e+00
-1.011663487559383290e+00
-1.421632817604150612e+00
-2.246948133178691798e+00
-1.803224397135572366e+00
-1.822093299117895526e+00
-1.781902430899713341e+00
-1.491846852827503289e+00
-1.192168101681891246e+00
-2.811550805199873881e+00
-3.170678730768700326e+00
-1.504283093022918072e+00
-9.725229826477950201e-01
-1.732449159371675318e+00
-7.846552672106957838e-01
-1.399681026714385101e+00
-2.278580417086114362e+00
-1.018919900778532783e+00
-1.169126343783742028e+00
-1.361600557635959774e+00
-1.968766581374974844e+00
-1.537927592759998685e+00
-1.604979186786743117e+00
-1.732409573668911351e+00
-1.732220030968038005e+00
-1.625360459331437024e+00
-2.980499725916158749e+00
-1.284911348085987504e+00
-1.502870340389049542e+00
-3.297773719566345463e+00
-1.465875545431447602e+00
-7.702818100066718410e-01
-2.986000544731316708e+00
-1.156958747693312306e+00
-1.717098211815919928e+00
-1.770147753602893115e+00
-2.510594907986483992e+00
-1.575172572315173491e+00
-1.865611113229727724e+00
-1.827316632258626283e+00
-3.103048669922154001e+00
-1.485473654394529275e+00
-1.904626190581311329e+00
-2.128368927889296103e+00
-1.798931273266296538e+00
-1.483122501952413019e+00
-1.149431000741843345e+00
-1.437111685354778512e+00
-9.021247429249736882e-01
-3.082112177155346799e+00
-1.168838114269084016e+00
-2.271580457243907780e+00
-1.564542258153093224e+00
-8.229722266420087529e-01
-1.908624097382545681e+00
-1.261367129118881714e+00
-2.430847334781163216e+00
-2.866035289820007659e+00
-9.283620682275047775e-01
-1.666528020186465842e+00
-1.501467207372614077e+00
-2.433379451233018465e+00
-1.676058858438473242e+00
-1.388141053538019642e+00
-1.065261468864777461e+00
-1.536054667252777728e+00
-1.689924397336222572e+00
-2.149115964335540419e+00
-9.398590442653041999e-01
-2.155855632516005649e+00
-2.733532641581700062e+00
-1.869307979343727055e+00
-1.369722732547151933e+00
-1.285589766267821954e+00
-2.094211451073614061e+00
-1.363721816684099197e+00
-2.101641476347070991e+00
-2.235557708048672154e+00
-1.654921621458946390e+00
-2.897075541221515227e+00
-2.459370699037050745e+00
-2.006550828805315767e+00
-1.099400663534120026e+00
-1.629549864539458381e+00
-1.494343467560220962e+00
-1.226599608135315433e+00
-2.292580267390011972e+00
-2.006913506100046707e+00
-1.402853295262795452e+00
-1.667670626649122356e+00
-1.627115073293067260e+00
-1.600873460722050057e+00
-6.307103381139255172e-01
-1.454965773880210200e+00
-1.778993186806212323e+00
-1.939988208462241293e+00
-1.358444104134401309e+00
-1.274802278606301353e+00
-2.400942452677103489e+00
-2.845893800175472332e+00
-1.459870543425061173e+00
-1.717496691537093723e+00
-1.793516426948775111e+00
-1.226270363969717669e+00
-2.398187061139127607e+00
-1.679555352206277385e+00
-2.141762918886250144e+00
-1.277214843417431078e+00
-1.388619239512846715e+00
-1.834072412535886043e+00
-9.810768537052705351e-01
-1.458831719215387679e+00
-3.093169129289749630e+00
-1.083288351175215825e+00
-8.714123362201269263e-01
-1.634669364320123996e+00
-1.158962482017515505e+00
-2.277656915406801819e+00
-8.147377228136561955e-01
-1.514360460798345409e+00
-1.435618066392361225e+00
-1.152889267260558848e+00
-1.815560853086284787e+00
-1.733241110753746650e+00
-1.151579814980960847e+00
-1.426397445586941704e+00
-1.561718015291745143e+00
-2.429871005776174986e+00
-1.708566537557320908e+00
-2.062425213408869418e+00
-1.101672609993943341e+00
-1.431827832742815776e+00
-1.317167005718012263e+00
-1.417566083445239267e+00
-1.007416667071970195e+00
-1.885422246343325225e+00
-2.593964435562375659e+00
-9.991145165064976297e-01
-1.783307104841825197e+00
-1.299077519494912680e+00
-2.386577129475611070e+00
-1.981311016363873856e+00
-1.555904851511159093e+00
-1.615545332771063824e+00
-9.550430784014204422e-01
-1.908845357610433391e+00
-1.563022439760955118e+00
-2.305090994321111530e+00
-2.154293635939775520e+00
-1.251763646031957666e+00
-4.186203763004256118e+00
-2.346754973873716121e+00
-1.464909321904603878e+00
-3.255140147971446130e+00
-2.143364465972366961e+00
-2.880568016549089894e+00
-1.509623560268345210e+00
-1.915227446567515868e+00
-2.315548996337799093e+00
-1.538665354848810063e+00
-1.151388495083352614e+00
-1.126109128452175145e+00
-1.672429605997765689e+00
-2.593549457858466578e+00
-1.418441667555346841e+00
-1.022075803483023959e+00
-1.356238681382467615e+00
-1.702485182191574298e+00
-2.065437175025670147e+00
-1.507304641141917978e+00
-1.307265720444272805e+00
-2.053694166426814682e+00
-1.007076998052077288e+00
-2.793906834778282278e+00
-1.443801199677338110e+00
-2.063632632162555325e+00
-1.347403260864127761e+00
-2.245473927968812067e+00
-3.017505519234419786e+00
-2.209561933918342991e+00
-1.567162826651765872e+00
-1.099631575458459354e+00
-1.730841085129187107e+00
-1.868521043543155180e+00
-1.807745160892051173e+00
-1.223243309728806905e+00
-1.104744624190696856e+00
-9.495844604910884668e-01
-1.739300353440091929e+00
-9.083078248840422697e-01
-1.650607645338763696e+00
-1.250312197419408689e+00
-1.911592629864322879e+00
-1.184942940060606853e+00
-1.580259813005550296e+00
-1.576428142544720856e+00
-1.530704838447740634e+00
-1.259955501133704692e+00
-2.143335978978086587e+00
-1.512477888356477784e+00
-1.384484237722898303e+00
-1.761622786312481592e+00
-1.197034651446312603e+00
-1.610378368676502969e+00
-1.564859666235284497e+00
-2.867224155056499857e+00
-1.462690422706756310e+00
-1.930190675015597046e+00
-1.258448065198966681e+00
-2.232961667936301353e+00
-1.556382306176416375e+00
-1.486494748655558196e+00
-2.113877141700178264e+00
-1.962892042569973627e+00
-1.828532973621197488e+00
-1.357778656443136001e+00
-2.017434696306348751e+00
-1.413278926251561263e+00
-1.894090326854281470e+00
-1.596019092826500785e+00
-1.544078475307701703e+00
-1.184809628359181577e+00
-1.818273604166258828e+00
-1.453283343900660496e+00
-1.869637373614685183e+00
-1.113141484063166597e+00
-2.294562546861926400e+00
-2.153916417440212783e+00
-1.557604283706259141e+00
-2.526196760071679481e+00
-1.370268303325098636e+00
-1.607625633677719712e+00
-1.370695062124144270e+00
-1.802978880973060472e+00
-2.263290241369895206e+00
-9.206743474133701755e-01
-2.952690958373584085e+00
-1.304483966722852939e+00
-4.286173584721109542e+00
-1.272423270040463406e+00
-2.266781061401724529e+00
-1.899670534568863145e+00
-1.416266140557136843e+00
-1.683692092072069935e+00
-1.507173341394023591e+00
-1.815441756136084051e+00
-2.110506253673422705e+00
-1.136738180637751228e+00
-1.824595770676625373e+00
-1.533713376747563029e+00
-1.406583593727063208e+00
-1.673127369884746196e+00
-1.792855665452872005e+00
-1.858253049479310803e+00
-2.084867814562172850e+00
-1.083210219869330748e+00
-8.712225705959516509e-01
-1.730418005173030682e+00
-1.531061589663706091e+00
-1.510403254092622216e+00
-7.771666401062438112e-01
-1.429527869447758226e+00
-1.298898803110287492e+00
-3.121309469653870128e+00
-1.734467442835074813e+00
-1.905819577524245467e+00
-2.430678562912081730e+00
-1.848966295465731990e+00
-1.900965599081564150e+00
-1.526536659960747278e+00
-1.621802668166925532e+00
-1.442917929067506932e+00
-1.336805350454828956e+00
-1.446160488610479078e+00
-1.944170086836870537e+00
-9.284793673646560830e-01
-1.684722865923182544e+00
-1.721005148252463313e+00
-2.565153745444467503e+00
-1.331639610018814590e+00
-1.641292090249055757e+00
-1.577151502539753336e+00
-3.061941707977406946e+00
-1.142968389929159834e+00
-3.203266505649388751e+00
-1.782621194195697978e+00
-1.429519897838128939e+00
-1.507155508006678746e+00
-1.619011330251633130e+00
-1.731072942034035389e+00
-1.473895913125945478e+00
-2.132487460799870505e+00
-1.611119499975746328e+00
-1.897032629961972638e+00
-1.021679136974015245e+00
-3.112389507968572389e+00
-3.242094276768398231e+00
-2.348319683359874954e+00
-1.846576139806779260e+00
-1.120218245897617093e+00
-1.159433909948642372e+00
-1.585592325657329438e+00
-1.107541186191570937e+00
-1.371494014255494553e+00
-1.202442008730620016e+00
-1.528185536929394406e+00
-1.735124522525848478e+00
-1.725879261172804879e+00
-2.036828070204431462e+00
-1.353061042739098108e+00
-1.555544854289717449e+00
-1.391382805576332649e+00
-1.808884781476374215e+00
-2.727498695667958994e+00
-3.048917629373672167e+00
-1.444917100123348952e+00
-2.071851867463482044e+00
-2.045519287818544196e+00
-1.930372436343452458e+00
-9.202258722284194503e-01
-2.547456936516853343e+00
-1.258478909563798043e+00
-2.566877689049529288e+00
-1.042505953824521825e+00
-2.252194699597981575e+00
-1.022115998343212429e+00
-1.880198652624948341e+00
-1.329664748421639731e+00
-2.880449014266244667e+00
-1.549221134495579522e+00
-1.444737933007089303e+00
-1.886282837746314334e+00
-2.717735309467849358e+00
-2.202246546453203724e+00
-1.260591627194801223e+00
-3.134943274891892617e+00
-1.708683293315614415e+00
-1.405743219842891190e+00
-1.582306509836890474e+00
-1.485589961684249172e+00
-1.621846647635576621e+00
-1.858252475749384347e+00
-2.237953565776017228e+00
-2.004340605704378664e+00
-2.165574869796797142e+00
-2.157351964493205543e+00
-1.788240462356201599e+00
-1.475298548538093169e+00
-1.164763370589843694e+00
-1.613146727580188067e+00
-1.291314882037188250e+00
-1.839205560839956233e+00
-1.100693467877027709e+00
-1.769595590027669418e+00
-1.964738727382992156e+00
-1.626356533278323635e+00
-1.919093795047772444e+00
-4.146531402119531862e+00
-9.952164051042186044e-01
-1.815698316623326480e+00
-3.414582572994795395e+00
-1.717385657080214401e+00
-3.647027415730952349e+00
-1.452309768664455270e+00
-2.000483760761829100e+00
-3.145264802467943266e+00
-1.099377894491234686e+00
-1.229088512086402352e+00
-1.775528069455498237e+00
-1.275964701994459993e+00
-1.295867333774907593e+00
-1.620477873210002695e+00
-2.342260511670601897e+00
-2.001436465321426716e+00
-1.628974656271949373e+00
-2.435779960775457553e+00
-1.096060128193202310e+00
-2.228849365954521211e+00
-1.801334057633162677e+00
-1.658335435211604203e+00
-1.764469809117775734e+00
-2.014056864574195416e+00
-1.545945120827200370e+00
-1.560396487658166853e+00
-1.694096941433130832e+00
-1.910199453598625530e+00
-1.942798259778434122e+00
-1.378861666680871734e+00
-1.388704585668432800e+00
-2.173688942571589511e+00
-2.167591261476897291e+00
-2.286760077394117463e+00
-1.397492868581988956e+00
-1.529415979317409136e+00
-1.379385538372196018e+00
-1.130427973367147843e+00
-2.185385992421989609e+00
-1.468277558297238272e+00
-1.543065900546423119e+00
-1.718698568767693002e+00
-2.818928901986221369e+00
-1.416302123207641817e+00
-1.395706881614605432e+00
-1.178588571092338722e+00
-1.718437688083173098e+00
-1.792956297210320127e+00
-2.267430968595945284e+00
-1.391447425956027661e+00
-1.452873991144730592e+00
-1.804149344492928408e+00
-2.466024926496126035e+00
-1.699790168989644634e+00
-1.657483768930839929e+00
-1.300883034134411531e+00
-2.259361392668105761e+00
-2.447825405319504988e+00
-2.470140011063682639e+00
-1.609754637123613996e+00
-1.872730095002812511e+00
-1.653289878299025295e+00
-2.107443308193037268e+00
-1.714275361400535491e+00
-1.357156946975083045e+00
-1.673116110518988453e+00
-2.512819848959008784e+00
-1.744626420159740565e+00
-1.092988428149136437e+00
-2.156005054105491148e+00
-1.922153050947972286e+00
-2.181212129929885890e+00
-2.476339418719281316e+00
-2.171812760989053626e+00
-1.306303379585649571e+00
-2.221247887640736440e+00
-1.335799686987768187e+00
-1.401203738998091808e+00
-1.608974533721461153e+00
-2.590813771271669008e+00
-1.779208268165254347e+00
-2.304001761161662110e+00
-1.720640047115004956e+00
-1.724518632308108756e+00
-1.787490938936572737e+00
-9.690213345609541840e-01
-9.991444760473772169e-01
-1.551741528427515782e+00
-1.496079280791562383e+00
-1.363000003617889977e+00
-1.168959521029708570e+00
-2.027450435381229710e+00
-1.672632153495031249e+00
-2.152610959888217490e+00
-1.651293994960914890e+00
-1.386130921268104554e+00
-1.781534125699935744e+00
-2.960621990849310770e+00
-1.729267146324336091e+00
-1.463994548339708102e+00
-1.161938308376989637e+00
-1.260294373232146325e+00
-1.920485958953357164e+00
-1.525115165630303915e+00
-1.748644757432266328e+00
-1.827820340114729714e+00
-1.298373233382545289e+00
-1.289047692353205266e+00
-1.434768127306630836e+00
-2.164787926528280337e+00
-1.569559912535552160e+00
-2.214188619721250362e+00
-1.525221016466735247e+00
-1.384482954283262846e+00
-2.000748903990480887e+00
-1.898375707301506399e+00
-2.412940869659402132e+00
-1.700625036692484437e+00
-1.872156168680846555e+00
-1.835778179959796530e+00
-1.836186051617885617e+00
-1.550904741256940778e+00
-1.643519457787070204e+00
-1.549419287391112343e+00
-2.463489917122481110e+00
-1.350793431427259605e+00
-1.541570243756092307e+00
-1.378271731965347691e+00
-1.844073217948417831e+00
-1.628139268150560648e+00
-1.984787090043553137e+00
-1.366660491918132658e+00
-1.731541848081242785e+00
-1.097028290600575273e+00
-1.325767138942385071e+00
-2.671654142879172245e+00
-2.310753880391895443e+00
-1.279086415685698475e+00
-1.302971683999738062e+00
-1.053415144627442901e+00
-1.210961947648267589e+00
-2.381753342154544484e+00
-1.957698928010978889e+00
-1.243292562315714278e+00
-9.949171250625106211e-01
-1.510682119392817047e+00
-1.269118578298460420e+00
-1.613311445079683049e+00
-2.760827216815414431e+00
-1.716080358226431013e+00
-1.766650709263347219e+00
-1.513644256555256806e+00
-1.713606409068954006e+00
-1.639996089127895296e+00
-1.846405933498745267e+00
-1.663774280574343178e+00
-1.822482063994655066e+00
-1.384814368377724092e+00
-1.884394422767825761e+00
-1.806961577493526372e+00
-1.324484590473778978e+00
-1.203471543273718414e+00
-2.178833172372614424e+00
-1.044157201233584686e+00
-1.927476835598827876e+00
-1.311489113794873429e+00
-1.216926457372293546e+00
-2.209007077083029902e+00
-1.271546142630906040e+00
-1.174711888057019760e+00
-9.394726184484785136e-01
-8.239280225742241504e-01
-1.204843487763474164e+00
-1.141878492252831778e+00
-1.808046900508695209e+00
-1.586322065242162349e+00
-1.520463354983271342e+00
-1.539944073014296810e+00
-1.649645343449412938e+00
-1.351423487014868030e+00
-1.357163006860335530e+00
-1.560103557988489209e+00
-1.577104012952161183e+00
-1.954709376565991752e+00
-1.529735103092231485e+00
-1.531394952196129200e+00
-1.690826199390284001e+00
-1.649367120636612061e+00
-1.380673526043662447e+00
-1.874486088694165664e+00
-1.661760424138633452e+00
-1.588638817678054815e+00
-1.607983422033323562e+00
-2.084595044921015994e+00
-1.547991090273382664e+00
-1.652376320425650524e+00
-1.476834256004314616e+00
-1.341913111166001427e+00
-1.754547031043592442e+00
-1.143539153586527801e+00
-2.185692270125176861e+00
-1.577381722065300140e+00
-1.582897741987479234e+00
-1.734422789392903175e+00
-2.084200982707939520e+00
-2.450847202693692939e+00
-2.169337149203331538e+00
-1.792436764582911790e+00
-1.674898662744128908e+00
-2.203555957272733679e+00
-1.563516776418300225e+00
-1.588661744240715823e+00
-1.846647877040477281e+00
-1.605013233872417899e+00
-1.547573445694524930e+00
-1.901478818196470577e+00
-1.555784721551904504e+00
-2.214763653862297232e+00
-1.560835951678565925e+00
-1.220155523129772712e+00
-1.411578715369391723e+00
-1.594192043187716346e+00
-1.523669222368370546e+00
-1.333364593672885068e+00
-1.555311986253589573e+00
-1.833090715868133547e+00
-9.999022877774798035e-01
-2.042032117055937679e+00
-1.635164174394099668e+00
-1.906937395828745219e+00
-1.737934183331308668e+00
-2.193022169239800423e+00
-1.514928724851175357e+00
-1.206702751261226281e+00
-1.291653959946417851e+00
-1.678486094715170518e+00
-1.192610103897567386e+00
-1.427503228287978709e+00
-2.480049642380100394e+00
-1.544503176544341549e+00
-1.748774792123711119e+00
-1.381904704197248535e+00
-1.483547468779660372e+00
-1.250183962365066570e+00
-7.659503248986333501e-01
-1.854790550532397830e+00
-1.417778270896838499e+00
-2.108729110211019275e+00
-1.169969974957379311e+00
-1.452132893956911808e+00
-2.351170626569864641e+00
-1.694458238817445173e+00
-1.570071932993554631e+00
-1.710619396482022880e+00
-1.412786262982316687e+00
-1.690024016629968706e+00
-1.976532574661887809e+00
-1.270333598829153754e+00
-8.648712720614678551e-01
-1.799476463757334388e+00
-1.324178311213950909e+00
-1.093275634557952625e+00
-1.596295937401723153e+00
-2.627427448155108092e+00
-2.522132790826066451e+00
-1.217597960379075639e+00
-1.805602485050956885e+00
-1.899334925977801625e+00
-1.120730956067063966e+00
-1.417916884340825190e+00
-1.939924592274508974e+00
-1.274974724084969591e+00
-1.280874047625190748e+00
-1.356908099689531300e+00
-1.358940518736049263e+00
-1.119193560654570208e+00
-1.735686638677677918e+00
-1.293727910031540640e+00
-1.289918034417518955e+00
-8.374596139253193128e-01
-1.328348705305321564e+00
-1.951193876348984890e+00
-1.270264047194457291e+00
-1.090508751682571109e+00
-1.912561301997242058e+00
-2.724265876984065748e+00
-2.131450903923364670e+00
-1.763161942096615808e+00
-2.356692228563319169e+00
-1.517144507300494771e+00
-2.277964267222245098e+00
-1.429851803724626391e+00
-1.257790751956329389e+00
-1.534980016478207476e+00
-2.283764769118976190e+00
-1.177651675879919813e+00
-1.376082464120575777e+00
-9.590646976025879455e-01
-1.413684660517596781e+00
-9.556085080446997670e-01
-1.448271480640322961e+00
-1.365823232291870859e+00
-1.242002805255234765e+00
-1.190918159412434507e+00
-7.100996911678630896e-01
-2.588729119607707574e+00
-1.700365437047745232e+00
-1.720982490375660090e+00
-1.863166908653659970e+00
-1.766984497015237299e+00
-2.474072043512384411e+00
-1.619697238402132866e+00
-1.023537560267741231e+00
-2.626393154472212554e+00
-1.728964327231697684e+00
-1.326642589380333082e+00
-1.474191386392759373e+00
-1.182809136768167457e+00
-1.609930109674122090e+00
-1.473985105442251919e+00
-2.269136322962544750e+00
-7.353148534051946461e-01
-2.370075533854011596e+00
-1.070119073740102955e+00
-1.753693028987668656e+00
-2.299106498723408443e+00
-9.598797531933513927e-01
-2.125279302840151097e+00
-1.567829866830973140e+00
-9.930159814547449004e-01
-2.105060981514000673e+00
-2.415943687035278842e+00
-1.324438002289423100e+00
-1.810837315854034957e+00
-1.258195655084525244e+00
-9.907635148055209395e-01
-1.414645321784443022e+00
-1.582807470856402610e+00
-1.385554171247779021e+00
-2.567238177879482830e+00
-1.356023758389954592e+00
-9.481664554423577806e-01
-1.844856171524724919e+00
-1.146648573344484001e+00
-1.905837729145855253e+00
-1.613579081489933564e+00
-8.550848267891543175e-01
-9.500682456847788782e-01
-1.581214124112888531e+00
-1.953897466624860968e+00
-1.541884449791530054e+00
-1.118251684775426913e+00
-1.113519757977991409e+00
-1.094395618013663585e+00
-1.948839038592416584e+00
-1.545383170908519066e+00
-1.890880160125530063e+00
-1.272595044506125816e+00
-8.345403445886677707e-01
-1.619504043006692262e+00
-1.274025856445335503e+00
-1.370510059237302736e+00
-1.463925611782969316e+00
-1.813929260275422006e+00
-1.842782931857541939e+00
-2.113017073360572873e+00
-2.826505798787741774e+00
-1.326920287943937682e+00
-1.391197182701107593e+00
-1.062526497217735955e+00
-1.194286360843448191e+00
-2.047280172968181322e+00
-1.800242546422439416e+00
-1.858631404795743514e+00
-1.261699575918710403e+00
-1.718469614375105481e+00
-1.557929027824011436e+00
-1.465202129210737336e+00
-1.692957380353453223e+00
-1.313365302578597626e+00
-1.299283026703848654e+00
-1.234673226884699160e+00
-1.469486111485234225e+00
-1.570778364021687690e+00
-1.311153846042259818e+00
-1.126160863770560239e+00
-1.196816397191511561e+00
-1.402866763698546348e+00
-9.019654680446429484e-01
-1.533539883637936141e+00
-1.529124068671005254e+00
-1.609258120295261829e+00
-1.263144183997791714e+00
-1.253851177476200007e+00
-1.477897452426715885e+00
-1.753833930829636012e+00
-1.714663360454793617e+00
-1.070125916873902350e+00
-9.244766637262479270e-01
-1.124135698421695695e+00
-1.801163692472058209e+00
-9.837722870257712415e-01
-8.605314602245831557e-01
-9.565209354457415714e-01
-2.803762584634607702e+00
-1.507342648295786125e+00
-1.618614688900923859e+00
-1.362161156905793646e+00
-1.502829942044908940e+00
-1.616526048439069330e+00
-2.341167029631012753e+00
-1.022286414971127932e+00
-2.010910002213865955e+00
-1.559080565360154491e+00
-1.510625828888954691e+00
-1.245410179401420514e+00
-9.503083638173958070e-01
-1.953998463075167003e+00
-1.775217515262496049e+00
-1.033778741813578428e+00
-1.117283178762267903e+00
-1.778404169426103021e+00
-1.216484489686676218e+00
-1.533341951795778035e+00
-9.106092278564394960e-01
-1.245712833907992811e+00
-1.235091968079374158e+00
-8.847339419697056728e-01
-1.504014849516503993e+00
-1.771468883402459671e+00
-1.386586840417139976e+00
-1.550319546899114664e+00
-1.159595480110772181e+00
-1.914741443919765418e+00
-2.010442251737400543e+00
-1.031668903784872082e+00
-1.766647549948550111e+00
-1.433608809359001812e+00
-1.102434794216140324e+00
-1.094782289531578856e+00
-1.920389585555419165e+00
-1.369110557011625762e+00
-7.142286205390150355e-01
-1.223777302302615499e+00
-2.004615382373740484e+00
-1.829045378681059875e+00
-1.018822701893993710e+00
-1.067208196584700231e+00
-1.222524685447814896e+00
-9.816777402857490564e-01
-1.448944978176610388e+00
-7.181536598169477870e-01
-2.089666402620715235e+00
-1.953403388120466655e+00
-1.481731822648169716e+00
-1.579432334374924363e+00
-1.707803646621349758e+00
-1.493969594459787720e+00
-1.626638582484558615e+00
-1.483412930913971195e+00
-2.497126122258088277e+00
-2.116019062044479426e+00
-2.674475872444701974e+00
-1.604727997652802163e+00
-1.708285504467204285e+00
-1.171400884216551086e+00
-2.289585585482652341e+00
-8.091843784244839854e-01
-1.503526310456760884e+00
-1.066803564805773652e+00
-2.008883828621328860e+00
-1.610774959893213731e+00
-1.566696633635713765e+00
-1.240516319935102585e+00
-1.680455482857548200e+00
-1.122606549180485302e+00
-1.236585767810258973e+00
-1.349469402152831510e+00
-1.070642592713793473e+00
-1.290812995517542916e+00
-8.864851346953527278e-01
-1.906817142732710080e+00
-2.104714822261794183e+00
-1.883551527167837358e+00
-1.215423172357821047e+00
-2.817293020433542683e+00
-1.737555766033590965e+00
-1.092064158901936866e+00
-1.144474828267223687e+00
-2.306246222932308854e+00
-1.289845794983699223e+00
-2.096986890597596354e+00
-2.096635923707005578e+00
-1.346028704839740575e+00
-1.527316995765053198e+00
-1.244547594565087678e+00
-1.784359601056014988e+00
-1.141214169817373669e+00
-9.515745774728552320e-01
-1.211979034049075477e+00
-1.610653864493063692e+00
-2.055662081981631584e+00
-1.164362890839230724e+00
-1.013371640204045576e+00
-9.736016261028492824e-01
-1.440105582339444190e+00
-1.120237278976078610e+00
-1.057657939573340533e+00
-2.663887967824102088e+00
-1.181112947140554370e+00
-1.921613956621181396e+00
-1.403024399577460724e+00
-1.795705878652330112e+00
-1.872895768406049211e+00
-8.563852749464286873e-01
-1.844237676795419167e+00
-1.418136351122455174e+00
-1.391992677243615306e+00
-1.278163718626660561e+00
-1.150043945012425572e+00
-2.366230375461967128e+00
-1.228552857896617168e+00
-1.155352220493236937e+00
-1.115373428968710945e+00
-1.419539199995897505e+00
-1.375621303054781919e+00
-1.120456539811309327e+00
-1.717465752227525178e+00
-1.181399512505531657e+00
-1.453657462508911147e+00
-1.184085406833615073e+00
-1.424254927611367627e+00
-1.112469420141740217e+00
-1.372523358676685401e+00
-1.083859851731756363e+00
-1.409476140698993296e+00
-1.367209655878402597e+00
-1.537985932863761507e+00
-1.120817640007826910e+00
-7.350854510166455746e-01
-1.098821953626742065e+00
-1.926703678361944894e+00
-1.699920649288494623e+00
-1.164363119724364015e+00
-1.064723898847576233e+00
-1.677669637037101369e+00
-1.500690787347595201e+00
-1.892785342020279593e+00
-1.342131353509527392e+00
-1.099053076765531989e+00
-8.994234859937414450e-01
-1.934584168098222312e+00
-1.017834443009432155e+00
-1.203013888688274191e+00
-1.473625815380631199e+00
-1.348693298089056025e+00
-1.058075407537463875e+00
-1.257395148181296829e+00
-1.053841558407879742e+00
-1.198627102507120235e+00
-1.465395544323082166e+00
-1.844823452642253336e+00
-1.576174255654855028e+00
-1.131647880516643889e+00
-1.637138926036532549e+00
-1.927035412678749671e+00
-1.265849728206918101e+00
-1.244767902398452142e+00
-1.525879756826981959e+00
-2.265582339119207589e+00
-1.516522971660947627e+00
-1.630111113497687114e+00
-1.391201793464799330e+00
-1.580414462628363159e+00
-2.413877270202023251e+00
-1.335104527134213237e+00
-1.839850398438453105e+00
-1.128734694607031130e+00
-1.658311757324485214e+00
-1.401675040665084859e+00
-8.855318811703449811e-01
-1.178297122185872903e+00
-1.137657243119857498e+00
-7.601086103092186130e-01
-9.646118788480069206e-01
-1.382533051700580939e+00
-8.882439905563171978e-01
-1.969412696413114006e+00
-1.032931240548899732e+00
-9.923181781044322358e-01
