-5.510999999999999943e+01
-6.153000000000000114e+01
-6.225000000000000000e+01
-6.118999999999999773e+01
-6.225000000000000000e+01
-6.225000000000000000e+01
-6.225000000000000000e+01
-6.225000000000000000e+01
-6.225000000000000000e+01
-6.225000000000000000e+01
-6.225000000000000000e+01
-6.225000000000000000e+01
-6.225000000000000000e+01
-6.225000000000000000e+01
-6.223999999999999488e+01
-6.221999999999999886e+01
-6.123999999999999488e+01
-6.225000000000000000e+01
-6.225000000000000000e+01
-6.225000000000000000e+01
-6.225000000000000000e+01
-6.225000000000000000e+01
-6.225000000000000000e+01
-6.225000000000000000e+01
-6.225000000000000000e+01
-6.225000000000000000e+01
-6.225000000000000000e+01
-6.221999999999999886e+01
-6.225000000000000000e+01
-6.225000000000000000e+01
-6.225000000000000000e+01
-6.225000000000000000e+01
-6.217999999999999261e+01
-6.225000000000000000e+01
-6.215000000000000568e+01
-6.121999999999999886e+01
-6.225000000000000000e+01
-6.225000000000000000e+01
-6.225000000000000000e+01
-6.223999999999999488e+01
-6.170999999999999375e+01
-6.225000000000000000e+01
-6.225000000000000000e+01
-6.215000000000000568e+01
-6.225000000000000000e+01
-6.225000000000000000e+01
-6.212999999999999545e+01
-6.225000000000000000e+01
-6.004000000000000625e+01
-6.225000000000000000e+01
-6.225000000000000000e+01
-6.225000000000000000e+01
-6.225000000000000000e+01
-6.225000000000000000e+01
-6.225000000000000000e+01
-6.225000000000000000e+01
-6.225000000000000000e+01
-6.225000000000000000e+01
-6.225000000000000000e+01
-6.218999999999999773e+01
-6.225000000000000000e+01
-6.225000000000000000e+01
-6.225000000000000000e+01
-6.225000000000000000e+01
-6.225000000000000000e+01
-6.215999999999999659e+01
-6.225000000000000000e+01
-6.225000000000000000e+01
-6.223999999999999488e+01
-6.225000000000000000e+01
-6.225000000000000000e+01
-6.225000000000000000e+01
-6.225000000000000000e+01
-6.225000000000000000e+01
-6.225000000000000000e+01
-6.225000000000000000e+01
-6.225000000000000000e+01
-6.221999999999999886e+01
-6.225000000000000000e+01
-6.225000000000000000e+01
-6.223999999999999488e+01
-6.225000000000000000e+01
-6.225000000000000000e+01
-6.225000000000000000e+01
-6.225000000000000000e+01
-6.225000000000000000e+01
-6.225000000000000000e+01
-6.004999999999999716e+01
-6.215000000000000568e+01
-6.225000000000000000e+01
-6.225000000000000000e+01
-6.225000000000000000e+01
-6.225000000000000000e+01
-5.208999999999999631e+01
-5.857000000000000739e+01
-6.225000000000000000e+01
-5.570000000000000284e+01
-6.179999999999999716e+01
-5.889000000000000057e+01
-6.225000000000000000e+01
-6.110999999999999943e+01
-6.221999999999999886e+01
-6.225000000000000000e+01
-6.225000000000000000e+01
-6.198000000000000398e+01
-6.198000000000000398e+01
-5.753000000000000114e+01
-5.679999999999999716e+01
-6.225000000000000000e+01
-6.190000000000000568e+01
-6.225000000000000000e+01
-6.225000000000000000e+01
-6.209999999999999432e+01
-6.225000000000000000e+01
-5.702999999999999403e+01
-6.225000000000000000e+01
-6.189000000000000057e+01
-6.225000000000000000e+01
-4.575000000000000000e+01
-3.414999999999999858e+01
-5.896999999999999886e+01
-3.700000000000000000e+01
-6.217999999999999261e+01
-5.385000000000000142e+01
-3.000000000000000000e+01
-4.906000000000000227e+01
-6.225000000000000000e+01
-6.179999999999999716e+01
-6.129999999999999716e+01
-6.225000000000000000e+01
-6.225000000000000000e+01
-2.844999999999999574e+01
-6.004000000000000625e+01
-6.009999999999999432e+01
-6.210999999999999943e+01
-6.225000000000000000e+01
-6.225000000000000000e+01
-6.225000000000000000e+01
-6.225000000000000000e+01
-6.218999999999999773e+01
-6.225000000000000000e+01
-6.225000000000000000e+01
-6.225000000000000000e+01
-6.225000000000000000e+01
-6.225000000000000000e+01
-6.225000000000000000e+01
-6.225000000000000000e+01
-6.215000000000000568e+01
-5.629999999999999716e+01
-4.000000000000000000e+01
-6.225000000000000000e+01
-6.221999999999999886e+01
-6.225000000000000000e+01
-6.220000000000000284e+01
-6.185999999999999943e+01
-6.225000000000000000e+01
-6.225000000000000000e+01
-6.210999999999999943e+01
-5.993999999999999773e+01
-6.225000000000000000e+01
-2.989999999999999858e+01
-6.189000000000000057e+01
-5.426999999999999602e+01
-6.132999999999999829e+01
-6.225000000000000000e+01
-4.689999999999999858e+01
-5.065999999999999659e+01
-6.225000000000000000e+01
-6.150000000000000000e+01
-4.221999999999999886e+01
-4.500000000000000000e+01
-5.278999999999999915e+01
-5.078000000000000114e+01
-5.025000000000000000e+01
-6.225000000000000000e+01
-6.225000000000000000e+01
-6.196999999999999886e+01
-6.225000000000000000e+01
-6.225000000000000000e+01
-6.225000000000000000e+01
-6.215000000000000568e+01
-6.015000000000000568e+01
-6.134000000000000341e+01
-6.225000000000000000e+01
-6.209999999999999432e+01
-6.209999999999999432e+01
-6.225000000000000000e+01
-6.215000000000000568e+01
-5.131000000000000227e+01
-6.225000000000000000e+01
-5.970000000000000284e+01
-5.834000000000000341e+01
-6.223999999999999488e+01
-4.697999999999998977e+01
-5.846999999999999886e+01
-6.054000000000000625e+01
-6.196999999999999886e+01
-6.225000000000000000e+01
-6.225000000000000000e+01
-6.223999999999999488e+01
-5.350000000000000000e+01
-5.849999999999999289e+01
-6.225000000000000000e+01
-6.218999999999999773e+01
-5.964000000000000057e+01
-4.400999999999999801e+01
-6.090000000000000568e+01
-5.000000000000000000e+01
-6.223999999999999488e+01
-6.054999999999999716e+01
-6.225000000000000000e+01
-6.225000000000000000e+01
-6.225000000000000000e+01
-3.900999999999999801e+01
-6.218999999999999773e+01
-2.000999999999999801e+01
-6.225000000000000000e+01
-5.326000000000000512e+01
-2.600999999999999801e+01
-4.674000000000000199e+01
-5.498999999999999488e+01
-4.953000000000000114e+01
-4.100999999999999801e+01
-5.196999999999999886e+01
-3.500000000000000000e+01
-3.365999999999999659e+01
-5.021000000000000085e+01
-4.100999999999999801e+01
-4.700999999999999801e+01
-5.246000000000000085e+01
-5.221999999999999886e+01
-6.179999999999999716e+01
-6.221999999999999886e+01
-6.225000000000000000e+01
-6.225000000000000000e+01
-6.223999999999999488e+01
-6.225000000000000000e+01
-5.450999999999999801e+01
-5.740999999999999659e+01
-6.225000000000000000e+01
-6.221999999999999886e+01
-6.015000000000000568e+01
-9.029999999999999361e+00
-5.846999999999999886e+01
-4.103000000000000114e+01
-5.227999999999999403e+01
-3.900000000000000000e+01
-4.009999999999999787e+00
-2.969000000000000128e+01
-5.635999999999999943e+01
-4.539000000000000057e+01
-6.223999999999999488e+01
-5.499999999999999289e+01
-3.606000000000000227e+01
-5.690999999999999659e+01
-5.184999999999999432e+01
-6.225000000000000000e+01
-6.225000000000000000e+01
-6.215000000000000568e+01
-6.204000000000000625e+01
-6.225000000000000000e+01
-6.218999999999999773e+01
-5.611999999999999744e+01
-6.223999999999999488e+01
-6.192000000000000171e+01
-5.241000000000000369e+01
-3.835999999999999943e+01
-4.600000000000000000e+01
-3.400000000000000000e+01
-5.006000000000000227e+01
-3.703000000000000114e+01
-4.106000000000000227e+01
-4.303000000000000114e+01
-3.514999999999999858e+01
-5.372999999999999687e+01
-5.550000000000000000e+01
-5.789000000000000057e+01
-4.364000000000000057e+01
-5.003000000000000114e+01
-5.350999999999999091e+01
-5.288000000000000256e+01
-5.729000000000000625e+01
-5.564000000000000057e+01
-5.267999999999999261e+01
-4.406000000000000227e+01
-5.982999999999999829e+01
-6.025000000000000000e+01
-6.210999999999999943e+01
-5.000999999999999801e+01
-3.300999999999999801e+01
-5.438000000000000256e+01
-3.900000000000000000e+01
-5.550999999999999801e+01
-6.018999999999999773e+01
-3.700999999999999801e+01
-4.889999999999999858e+01
-4.500000000000000000e+01
-5.221000000000000085e+01
-4.800000000000000000e+01
-4.300000000000000000e+01
-6.225000000000000000e+01
-6.007999999999999829e+01
-5.721999999999999176e+01
-6.121999999999999886e+01
-5.035999999999999943e+01
-4.432999999999999829e+01
-6.218999999999999773e+01
-6.118999999999999773e+01
-5.943000000000000682e+01
-1.800000000000000000e+01
-5.029999999999999361e+00
-6.225000000000000000e+01
-6.223999999999999488e+01
-6.225000000000000000e+01
-6.225000000000000000e+01
-6.221999999999999886e+01
-6.225000000000000000e+01
-6.221999999999999886e+01
-6.223000000000000398e+01
-6.206999999999999318e+01
-6.210999999999999943e+01
-5.812999999999999545e+01
-6.225000000000000000e+01
-6.225000000000000000e+01
-6.225000000000000000e+01
-6.225000000000000000e+01
-6.225000000000000000e+01
-6.225000000000000000e+01
-6.223999999999999488e+01
-6.225000000000000000e+01
-6.225000000000000000e+01
-6.225000000000000000e+01
-6.225000000000000000e+01
-6.225000000000000000e+01
-6.218999999999999773e+01
-6.225000000000000000e+01
-6.225000000000000000e+01
-6.225000000000000000e+01
-6.225000000000000000e+01
-6.225000000000000000e+01
-6.200000000000000000e+01
-6.225000000000000000e+01
-3.235999999999999943e+01
-5.901000000000000512e+01
-5.685999999999999943e+01
-6.225000000000000000e+01
-6.221999999999999886e+01
-6.225000000000000000e+01
-6.225000000000000000e+01
-6.225000000000000000e+01
-6.225000000000000000e+01
-6.225000000000000000e+01
-6.221999999999999886e+01
-6.225000000000000000e+01
-6.225000000000000000e+01
-6.225000000000000000e+01
-6.225000000000000000e+01
-6.225000000000000000e+01
-6.225000000000000000e+01
-6.225000000000000000e+01
-6.209999999999999432e+01
-6.223999999999999488e+01
-6.225000000000000000e+01
-6.225000000000000000e+01
-6.225000000000000000e+01
-6.225000000000000000e+01
-6.225000000000000000e+01
-6.204999999999999716e+01
-6.225000000000000000e+01
-6.221999999999999886e+01
-5.189999999999999147e+01
-5.848000000000000398e+01
-6.221999999999999886e+01
-6.225000000000000000e+01
-6.225000000000000000e+01
-6.225000000000000000e+01
-6.225000000000000000e+01
-6.225000000000000000e+01
-6.209999999999999432e+01
-6.204000000000000625e+01
-6.225000000000000000e+01
-6.225000000000000000e+01
-6.223999999999999488e+01
-6.225000000000000000e+01
-6.225000000000000000e+01
-6.225000000000000000e+01
-6.225000000000000000e+01
-6.225000000000000000e+01
-6.225000000000000000e+01
-6.225000000000000000e+01
-6.209999999999999432e+01
-6.225000000000000000e+01
-6.221999999999999886e+01
-6.223999999999999488e+01
-6.223999999999999488e+01
-6.225000000000000000e+01
-6.223999999999999488e+01
-6.223999999999999488e+01
-5.616000000000001080e+01
-5.793999999999999773e+01
-5.000000000000000000e+01
-2.800000000000000000e+01
-3.938000000000000256e+01
-6.026999999999999602e+01
-5.225000000000000000e+01
-9.000000000000000000e+00
-2.600999999999999801e+01
-4.994000000000001194e+01
-5.779999999999999716e+01
-5.634000000000000341e+01
-4.403000000000000114e+01
-3.000000000000000000e+00
-6.225000000000000000e+01
-5.520000000000000284e+01
-2.200999999999999801e+01
-6.225000000000000000e+01
-5.889000000000000057e+01
-5.690000000000000568e+01
-6.225000000000000000e+01
-5.380999999999999517e+01
-6.217999999999999261e+01
-6.104000000000000625e+01
-6.225000000000000000e+01
-5.904000000000000625e+01
-6.118999999999999773e+01
-6.223000000000000398e+01
-6.225000000000000000e+01
-1.314999999999999858e+01
-5.935000000000000853e+01
-4.200999999999999801e+01
-6.225000000000000000e+01
-6.218999999999999773e+01
-6.221999999999999886e+01
-3.210000000000000142e+01
-5.711999999999999034e+01
-6.225000000000000000e+01
-6.204000000000000625e+01
-5.996999999999999886e+01
-5.000999999999999801e+01
-5.239000000000000057e+01
-6.089000000000000057e+01
-5.000000000000000000e+01
-6.204000000000000625e+01
-6.204000000000000625e+01
-5.896999999999999886e+01
-6.225000000000000000e+01
-3.703000000000000114e+01
-2.200999999999999801e+01
-6.225000000000000000e+01
-5.740999999999999659e+01
-6.204000000000000625e+01
-8.029999999999999361e+00
-1.000000000000000000e+00
-3.821999999999999886e+01
-6.223000000000000398e+01
-6.225000000000000000e+01
-3.009999999999999787e+00
-5.698000000000000398e+01
-5.324999999999999289e+01
-6.225000000000000000e+01
-6.221999999999999886e+01
-6.218999999999999773e+01
-6.179999999999999716e+01
-6.225000000000000000e+01
-6.221999999999999886e+01
-5.749000000000000909e+01
-6.218999999999999773e+01
-5.560999999999999233e+01
-6.209999999999999432e+01
-5.831000000000000227e+01
-5.871999999999999886e+01
-6.221999999999999886e+01
-6.225000000000000000e+01
-5.779999999999999716e+01
-6.217999999999999261e+01
-6.218999999999999773e+01
-6.225000000000000000e+01
-6.225000000000000000e+01
-5.875000000000000000e+01
-5.900999999999999801e+01
-5.254999999999999716e+01
-5.006000000000000227e+01
-5.364999999999999858e+01
-6.218999999999999773e+01
-6.221999999999999886e+01
-5.989000000000000057e+01
-1.200999999999999979e+01
-4.000000000000000000e+00
-6.225000000000000000e+01
-6.223999999999999488e+01
-5.412000000000000455e+01
-6.223999999999999488e+01
-5.246999999999999886e+01
-6.204000000000000625e+01
-5.575000000000000000e+01
-5.009999999999999787e+00
-4.100000000000000000e+01
-5.000000000000000000e+01
-4.200000000000000000e+01
-4.500000000000000000e+01
-5.021000000000000085e+01
-5.125999999999999801e+01
-3.000999999999999801e+01
-3.900000000000000000e+01
-6.225000000000000000e+01
-6.225000000000000000e+01
-4.300000000000000000e+01
-5.000000000000000000e+01
-6.143999999999999773e+01
-6.218999999999999773e+01
-4.682000000000000028e+01
-5.190999999999999659e+01
-5.003000000000000114e+01
-6.009999999999999432e+01
-5.904000000000000625e+01
-6.221999999999999886e+01
-6.225000000000000000e+01
-6.215000000000000568e+01
-6.218999999999999773e+01
-6.223000000000000398e+01
-5.900000000000000000e+01
-2.303000000000000114e+01
-3.700999999999999801e+01
-5.100000000000000000e+01
-3.597999999999999687e+01
-4.000000000000000000e+01
-4.503000000000000114e+01
-6.225000000000000000e+01
-6.225000000000000000e+01
-5.000999999999999801e+01
-6.118999999999999773e+01
-3.506000000000000227e+01
-6.215000000000000568e+01
-4.100000000000000000e+01
-2.700000000000000000e+01
-5.656000000000000227e+01
-4.500000000000000000e+01
-5.094000000000000483e+01
-6.198000000000000398e+01
-5.805000000000001137e+01
-6.089000000000000057e+01
-6.109999999999999432e+01
-5.803000000000000824e+01
-4.000000000000000000e+01
-5.000000000000000000e+01
-5.078000000000000114e+01
-5.535000000000000853e+01
-5.485999999999999943e+01
-3.800999999999999801e+01
-5.525000000000000000e+01
-6.048000000000000398e+01
-6.225000000000000000e+01
-5.484000000000000341e+01
-6.215000000000000568e+01
-6.225000000000000000e+01
-6.159000000000000341e+01
-2.200000000000000000e+01
-6.225000000000000000e+01
-6.225000000000000000e+01
-6.225000000000000000e+01
-5.989999999999999858e+01
-6.215000000000000568e+01
-4.100999999999999801e+01
-6.009999999999999432e+01
-6.225000000000000000e+01
-6.225000000000000000e+01
-6.225000000000000000e+01
-6.225000000000000000e+01
-6.225000000000000000e+01
-6.225000000000000000e+01
-6.225000000000000000e+01
-6.225000000000000000e+01
-6.225000000000000000e+01
-6.225000000000000000e+01
-6.225000000000000000e+01
-6.220000000000000284e+01
-6.225000000000000000e+01
-4.900000000000000000e+01
-5.000999999999999801e+01
-5.532000000000000739e+01
-5.021000000000000085e+01
-6.225000000000000000e+01
-6.225000000000000000e+01
-6.121999999999999886e+01
-4.600000000000000000e+01
-3.714999999999999858e+01
-4.800000000000000000e+01
-6.223999999999999488e+01
-5.006000000000000227e+01
-4.600000000000000000e+01
-5.901000000000000512e+01
-4.845000000000000284e+01
-6.215000000000000568e+01
-5.475000000000000000e+01
-5.438000000000000256e+01
-6.225000000000000000e+01
-5.737999999999999545e+01
-6.225000000000000000e+01
-6.225000000000000000e+01
-6.221999999999999886e+01
-6.215000000000000568e+01
-6.225000000000000000e+01
-5.993999999999999773e+01
-5.903000000000000114e+01
-6.104999999999999716e+01
-5.600999999999999801e+01
-5.682999999999999829e+01
-5.100000000000000000e+01
-4.760000000000000142e+01
-3.000000000000000000e+01
-4.700000000000000000e+01
-4.900000000000000000e+01
-1.500999999999999979e+01
-5.332000000000000028e+01
-3.000999999999999801e+01
-4.785000000000000142e+01
-5.100000000000000000e+01
-2.000000000000000000e+01
-2.300000000000000000e+01
-2.500999999999999801e+01
-1.400999999999999979e+01
0.000000000000000000e+00
-2.500000000000000000e+01
-6.015000000000000568e+01
-2.900999999999999801e+01
-5.482999999999999829e+01
-5.156000000000000227e+01
-3.000000000000000000e+01
-4.009999999999999787e+00
-3.500000000000000000e+01
-5.054999999999999716e+01
-2.000000000000000000e+00
-2.000000000000000000e+00
-7.000000000000000000e+00
-4.303000000000000114e+01
-1.700000000000000000e+01
-1.800000000000000000e+01
-4.500000000000000000e+01
-2.700999999999999801e+01
-3.100999999999999801e+01
-4.903000000000000114e+01
-2.700000000000000000e+01
-5.010000000000000142e+01
-4.800000000000000000e+01
-2.200000000000000000e+01
-2.000000000000000000e+00
-5.000000000000000000e+00
-2.000000000000000000e+00
-7.000000000000000000e+00
-6.223000000000000398e+01
-1.000000000000000000e+00
-5.029999999999999361e+00
-1.100000000000000000e+01
-1.000000000000000000e+01
-1.500000000000000000e+01
-1.800000000000000000e+01
-7.000000000000000000e+00
-4.400000000000000000e+01
-1.400000000000000000e+01
-1.600000000000000000e+01
-4.800000000000000000e+01
-4.100000000000000000e+01
-5.021000000000000085e+01
-9.009999999999999787e+00
-3.600000000000000000e+01
-3.500000000000000000e+01
-3.300999999999999801e+01
-3.000000000000000000e+00
-3.000000000000000000e+00
-1.500000000000000000e+01
-3.200000000000000000e+01
-2.000000000000000000e+00
-1.300000000000000000e+01
-3.009999999999999787e+00
-1.400000000000000000e+01
-2.900000000000000000e+01
-2.200000000000000000e+01
-4.009999999999999787e+00
-1.500999999999999979e+01
-2.500000000000000000e+01
-2.600000000000000000e+01
-3.000000000000000000e+00
-1.000000000000000000e+00
-2.000000000000000000e+00
-8.000000000000000000e+00
-5.000000000000000000e+00
0.000000000000000000e+00
-1.000000000000000000e+00
-8.000000000000000000e+00
-2.000000000000000000e+00
-2.300000000000000000e+01
-4.859999999999999432e+01
-2.200999999999999801e+01
-4.000000000000000000e+00
-7.000000000000000000e+00
-3.000000000000000000e+00
-8.000000000000000000e+00
-7.000000000000000000e+00
-3.009999999999999787e+00
-2.700999999999999801e+01
-2.103000000000000114e+01
-3.000000000000000000e+00
-4.500000000000000000e+01
-1.700000000000000000e+01
-1.000999999999999979e+01
-4.000000000000000000e+00
-3.100000000000000000e+01
-3.000000000000000000e+00
-3.500999999999999801e+01
-6.000000000000000000e+00
-7.000000000000000000e+00
-1.000000000000000000e+00
0.000000000000000000e+00
-3.000000000000000000e+00
-1.000000000000000000e+00
-2.000000000000000000e+00
-4.009999999999999787e+00
-3.000000000000000000e+00
-1.600000000000000000e+01
-3.000000000000000000e+00
-3.000000000000000000e+00
-2.000000000000000000e+00
-2.000000000000000000e+00
-1.000000000000000000e+00
-2.000000000000000000e+00
0.000000000000000000e+00
0.000000000000000000e+00
-5.000000000000000000e+00
-2.000000000000000000e+00
-8.009999999999999787e+00
-2.000000000000000000e+00
-3.009999999999999787e+00
-2.000000000000000000e+00
-4.000000000000000000e+00
-1.400000000000000000e+01
-4.009999999999999787e+00
-6.000000000000000000e+00
0.000000000000000000e+00
0.000000000000000000e+00
-2.100000000000000000e+01
-1.000000000000000000e+01
-3.000000000000000000e+00
-2.000000000000000000e+00
-3.000000000000000000e+00
-3.000000000000000000e+00
-2.000000000000000000e+00
-2.000000000000000000e+00
-3.000000000000000000e+00
0.000000000000000000e+00
-2.200000000000000000e+01
-6.000000000000000000e+00
-5.000000000000000000e+00
-5.000000000000000000e+00
-2.100000000000000000e+01
-2.000000000000000000e+00
-2.000000000000000000e+00
-3.000000000000000000e+00
-1.000000000000000000e+00
-1.000000000000000000e+00
-2.000000000000000000e+00
-4.009999999999999787e+00
-2.000000000000000000e+00
-2.000000000000000000e+00
-3.000000000000000000e+00
-2.000000000000000000e+00
-2.000000000000000000e+00
-3.000000000000000000e+00
-3.000000000000000000e+00
-2.000000000000000000e+00
-4.009999999999999787e+00
-9.000000000000000000e+00
-4.000000000000000000e+00
-5.000000000000000000e+00
-1.000000000000000000e+00
-2.000000000000000000e+00
-2.000000000000000000e+00
-3.000000000000000000e+00
-2.000000000000000000e+00
-2.000000000000000000e+00
-2.000000000000000000e+00
-3.000000000000000000e+00
-3.000000000000000000e+00
-2.000000000000000000e+00
-2.000000000000000000e+00
-2.000000000000000000e+00
-7.009999999999999787e+00
-1.000000000000000000e+00
-1.000000000000000000e+00
-1.800999999999999801e+01
0.000000000000000000e+00
-2.000000000000000000e+00
-4.009999999999999787e+00
-3.000000000000000000e+00
-2.000000000000000000e+00
-2.000000000000000000e+00
-1.000000000000000000e+00
-3.000000000000000000e+00
-1.000000000000000000e+00
-3.000000000000000000e+00
-3.000000000000000000e+00
-1.000000000000000000e+00
-2.000000000000000000e+00
0.000000000000000000e+00
-2.000000000000000000e+00
-4.009999999999999787e+00
0.000000000000000000e+00
-1.000000000000000000e+00
-3.000000000000000000e+00
-4.000000000000000000e+00
-6.000000000000000000e+00
-3.000000000000000000e+00
-3.000000000000000000e+00
0.000000000000000000e+00
-6.000000000000000000e+00
-3.000000000000000000e+00
-1.000000000000000000e+00
-3.009999999999999787e+00
0.000000000000000000e+00
-1.000000000000000000e+00
-1.000000000000000000e+00
-2.000000000000000000e+00
-7.009999999999999787e+00
-2.000000000000000000e+00
-3.000000000000000000e+00
-4.000000000000000000e+00
-2.000000000000000000e+00
-2.000000000000000000e+00
-1.000000000000000000e+00
-2.000000000000000000e+00
-3.000000000000000000e+00
-3.009999999999999787e+00
-3.000000000000000000e+00
-3.000000000000000000e+00
-2.000000000000000000e+00
-2.000000000000000000e+00
-3.000000000000000000e+00
-3.009999999999999787e+00
-3.000000000000000000e+00
-2.000000000000000000e+00
-2.000000000000000000e+00
-4.009999999999999787e+00
-2.000000000000000000e+00
0.000000000000000000e+00
-1.000000000000000000e+00
-2.000000000000000000e+00
-3.000000000000000000e+00
-3.000000000000000000e+00
-2.000000000000000000e+00
-2.000000000000000000e+00
-2.000000000000000000e+00
-3.000000000000000000e+00
-1.800999999999999801e+01
-1.000000000000000000e+00
-2.000000000000000000e+00
-1.000000000000000000e+00
0.000000000000000000e+00
-2.000000000000000000e+00
0.000000000000000000e+00
-5.009999999999999787e+00
-3.000000000000000000e+00
-1.000000000000000000e+00
-1.000000000000000000e+00
-2.000000000000000000e+00
-1.000000000000000000e+00
-3.000000000000000000e+00
-2.000000000000000000e+00
-3.009999999999999787e+00
-2.000000000000000000e+00
-3.000000000000000000e+00
0.000000000000000000e+00
-3.000000000000000000e+00
-1.000000000000000000e+00
-2.000000000000000000e+00
-5.009999999999999787e+00
-2.000000000000000000e+00
-2.000000000000000000e+00
-1.000000000000000000e+00
-2.000000000000000000e+00
-2.000000000000000000e+00
-2.000000000000000000e+00
0.000000000000000000e+00
0.000000000000000000e+00
-3.000000000000000000e+00
-2.000000000000000000e+00
-2.000000000000000000e+00
-2.000000000000000000e+00
-1.000000000000000000e+00
-2.000000000000000000e+00
-1.000000000000000000e+00
-4.000000000000000000e+00
-3.000000000000000000e+00
-2.000000000000000000e+00
-2.000000000000000000e+00
-3.000000000000000000e+00
-1.000999999999999979e+01
-1.000000000000000000e+00
-5.009999999999999787e+00
-2.000000000000000000e+00
-3.000000000000000000e+00
0.000000000000000000e+00
-2.000000000000000000e+00
0.000000000000000000e+00
-2.000000000000000000e+00
-3.000000000000000000e+00
-1.000000000000000000e+00
-3.000000000000000000e+00
-3.000000000000000000e+00
-8.000000000000000000e+00
0.000000000000000000e+00
-3.000000000000000000e+00
-2.000000000000000000e+00
-3.000000000000000000e+00
-1.000000000000000000e+00
-3.000000000000000000e+00
-2.000000000000000000e+00
-3.009999999999999787e+00
-2.000000000000000000e+00
-1.000000000000000000e+00
-2.000000000000000000e+00
-1.000000000000000000e+00
-4.009999999999999787e+00
-1.000000000000000000e+00
-3.000000000000000000e+00
-3.009999999999999787e+00
0.000000000000000000e+00
-3.000000000000000000e+00
-4.009999999999999787e+00
-1.000000000000000000e+00
-1.000000000000000000e+00
0.000000000000000000e+00
-3.000000000000000000e+00
-2.000000000000000000e+00
-1.000000000000000000e+00
-3.000000000000000000e+00
-2.000000000000000000e+00
-2.000000000000000000e+00
0.000000000000000000e+00
-4.000000000000000000e+00
-3.000000000000000000e+00
-3.000000000000000000e+00
0.000000000000000000e+00
-1.000000000000000000e+01
0.000000000000000000e+00
-9.009999999999999787e+00
-2.000000000000000000e+00
-2.000000000000000000e+00
0.000000000000000000e+00
-2.000000000000000000e+00
-2.000000000000000000e+00
-1.000000000000000000e+00
-2.000000000000000000e+00
-3.000000000000000000e+00
-4.000000000000000000e+00
-2.000000000000000000e+00
-4.000000000000000000e+00
-3.000000000000000000e+00
-2.000000000000000000e+00
-2.000000000000000000e+00
-3.009999999999999787e+00
-2.000000000000000000e+00
-3.009999999999999787e+00
-6.000000000000000000e+00
-7.000000000000000000e+00
-5.009999999999999787e+00
0.000000000000000000e+00
-3.000000000000000000e+00
-3.000000000000000000e+00
-3.000000000000000000e+00
-3.000000000000000000e+00
0.000000000000000000e+00
-1.600999999999999801e+01
-8.000000000000000000e+00
-3.009999999999999787e+00
-3.000000000000000000e+00
-2.000000000000000000e+00
-2.000000000000000000e+00
-3.000000000000000000e+00
-9.000000000000000000e+00
-1.000000000000000000e+00
-1.600000000000000000e+01
0.000000000000000000e+00
-3.000000000000000000e+00
-1.000000000000000000e+00
-2.000000000000000000e+00
-3.000000000000000000e+00
-3.000000000000000000e+00
-1.000000000000000000e+00
-2.000000000000000000e+00
-1.000000000000000000e+00
-2.000000000000000000e+00
-1.100000000000000000e+01
-2.000000000000000000e+00
-1.000000000000000000e+00
0.000000000000000000e+00
-4.000000000000000000e+00
-1.000000000000000000e+00
-3.000000000000000000e+00
-2.000000000000000000e+00
-3.009999999999999787e+00
-1.000000000000000000e+00
-1.000000000000000000e+00
-3.000000000000000000e+00
-5.000000000000000000e+00
0.000000000000000000e+00
-2.000000000000000000e+00
-3.000000000000000000e+00
-3.009999999999999787e+00
-3.009999999999999787e+00
-2.000000000000000000e+00
-2.000000000000000000e+00
-2.000000000000000000e+00
-2.000000000000000000e+00
-1.000000000000000000e+00
-2.000000000000000000e+00
-2.000000000000000000e+00
-2.000000000000000000e+00
-1.000000000000000000e+00
-1.000000000000000000e+00
-6.000000000000000000e+00
0.000000000000000000e+00
-2.000000000000000000e+00
0.000000000000000000e+00
-2.000000000000000000e+00
-3.000000000000000000e+00
-4.009999999999999787e+00
-4.000000000000000000e+00
-3.000000000000000000e+00
-2.000000000000000000e+00
-1.000000000000000000e+00
-1.000000000000000000e+00
-1.000000000000000000e+00
-2.000000000000000000e+00
-3.000000000000000000e+00
-2.000000000000000000e+00
-3.009999999999999787e+00
-3.000000000000000000e+00
-1.000000000000000000e+00
-2.000000000000000000e+00
0.000000000000000000e+00
-1.000000000000000000e+00
-2.000000000000000000e+00
-2.000000000000000000e+00
-2.000000000000000000e+00
-1.000000000000000000e+00
-3.009999999999999787e+00
-3.000000000000000000e+00
-2.000000000000000000e+00
-2.000000000000000000e+00
-2.000000000000000000e+00
-1.000000000000000000e+00
-6.000000000000000000e+00
-3.000000000000000000e+00
-5.000000000000000000e+00
0.000000000000000000e+00
-1.000000000000000000e+00
-1.000000000000000000e+00
-3.000000000000000000e+00
0.000000000000000000e+00
-2.000000000000000000e+00
0.000000000000000000e+00
0.000000000000000000e+00
-2.000000000000000000e+00
-1.000000000000000000e+00
-1.000000000000000000e+00
0.000000000000000000e+00
-3.000000000000000000e+00
0.000000000000000000e+00
-3.009999999999999787e+00
-3.000000000000000000e+00
-1.000000000000000000e+00
0.000000000000000000e+00
-2.000000000000000000e+00
-1.000000000000000000e+00
-3.000000000000000000e+00
-2.000000000000000000e+00
-1.000000000000000000e+00
-3.009999999999999787e+00
0.000000000000000000e+00
-1.000000000000000000e+00
-1.000000000000000000e+00
-2.000000000000000000e+00
-3.000000000000000000e+00
-2.000000000000000000e+00
-1.000000000000000000e+00
-1.000000000000000000e+00
-1.000000000000000000e+00
-2.000000000000000000e+00
-2.000000000000000000e+00
-1.000000000000000000e+00
-3.009999999999999787e+00
-2.000000000000000000e+00
-3.009999999999999787e+00
-2.000000000000000000e+00
-2.000000000000000000e+00
-3.000000000000000000e+00
-2.000000000000000000e+00
-4.000000000000000000e+00
-2.000000000000000000e+00
-5.000000000000000000e+00
-2.000000000000000000e+00
-2.000000000000000000e+00
-3.000000000000000000e+00
-2.000000000000000000e+00
0.000000000000000000e+00
-2.000000000000000000e+00
-2.000000000000000000e+00
-2.000000000000000000e+00
-1.000000000000000000e+00
-2.000000000000000000e+00
-1.000000000000000000e+00
-2.000000000000000000e+00
-3.000000000000000000e+00
-1.000000000000000000e+00
-2.000000000000000000e+00
-1.000000000000000000e+00
0.000000000000000000e+00
-3.000000000000000000e+00
-2.000000000000000000e+00
-1.000000000000000000e+00
-2.000000000000000000e+00
-2.000000000000000000e+00
-2.000000000000000000e+00
-3.009999999999999787e+00
-2.000000000000000000e+00
-3.000000000000000000e+00
-3.000000000000000000e+00
-3.009999999999999787e+00
-3.000000000000000000e+00
-3.000000000000000000e+00
-2.000000000000000000e+00
-3.000000000000000000e+00
-2.000000000000000000e+00
-2.000000000000000000e+00
-3.000000000000000000e+00
-2.000000000000000000e+00
-1.000000000000000000e+00
-1.000000000000000000e+00
-2.000000000000000000e+00
-2.000000000000000000e+00
-1.000000000000000000e+00
-1.000000000000000000e+00
-1.000000000000000000e+00
-2.000000000000000000e+00
-3.009999999999999787e+00
-2.000000000000000000e+00
-1.000000000000000000e+00
-1.000000000000000000e+00
-3.000000000000000000e+00
0.000000000000000000e+00
-2.000000000000000000e+00
-3.000000000000000000e+00
-3.009999999999999787e+00
-2.000000000000000000e+00
-1.000000000000000000e+00
-2.000000000000000000e+00
-3.000000000000000000e+00
-1.000000000000000000e+00
-1.000000000000000000e+00
-1.000000000000000000e+00
-3.000000000000000000e+00
-1.000000000000000000e+00
-1.000000000000000000e+00
-2.000000000000000000e+00
-2.000000000000000000e+00
0.000000000000000000e+00
-4.009999999999999787e+00
-1.000000000000000000e+00
-2.000000000000000000e+00
-2.000000000000000000e+00
-3.000000000000000000e+00
0.000000000000000000e+00
-2.000000000000000000e+00
-1.000000000000000000e+00
-1.000000000000000000e+00
-2.000000000000000000e+00
-2.100000000000000000e+01
-5.000000000000000000e+00
-1.000000000000000000e+00
-2.000000000000000000e+00
-3.000000000000000000e+00
-2.000000000000000000e+00
0.000000000000000000e+00
-1.000000000000000000e+00
0.000000000000000000e+00
-3.009999999999999787e+00
-2.000000000000000000e+00
-1.000000000000000000e+00
-3.009999999999999787e+00
-2.000000000000000000e+00
-1.000000000000000000e+00
-2.000000000000000000e+00
-3.000000000000000000e+00
-2.000000000000000000e+00
-2.000000000000000000e+00
-2.000000000000000000e+00
-2.000000000000000000e+00
-2.000000000000000000e+00
-2.000000000000000000e+00
-2.000000000000000000e+00
-2.000000000000000000e+00
-1.000000000000000000e+00
0.000000000000000000e+00
-2.000000000000000000e+00
-2.000000000000000000e+00
-2.000000000000000000e+00
-3.000000000000000000e+00
-2.000000000000000000e+00
-5.000000000000000000e+00
0.000000000000000000e+00
0.000000000000000000e+00
-2.000000000000000000e+00
-3.000000000000000000e+00
-2.000000000000000000e+00
-3.009999999999999787e+00
-2.000000000000000000e+00
-3.009999999999999787e+00
-1.000000000000000000e+00
-3.000000000000000000e+00
-3.009999999999999787e+00
-3.000000000000000000e+00
-3.000000000000000000e+00
-1.000000000000000000e+00
0.000000000000000000e+00
-2.000000000000000000e+00
-2.000000000000000000e+00
-1.000000000000000000e+00
-2.000000000000000000e+00
-3.000000000000000000e+00
-3.000000000000000000e+00
-1.000000000000000000e+00
-3.000000000000000000e+00
-2.000000000000000000e+00
-2.000000000000000000e+00
-2.000000000000000000e+00
-1.000000000000000000e+00
-2.000000000000000000e+00
-2.000000000000000000e+00
-1.000000000000000000e+00
-3.000000000000000000e+00
-2.000000000000000000e+00
0.000000000000000000e+00
-2.000000000000000000e+00
-2.000000000000000000e+00
-3.009999999999999787e+00
-3.009999999999999787e+00
-2.000000000000000000e+00
-3.000000000000000000e+00
-2.000000000000000000e+00
-1.000000000000000000e+00
0.000000000000000000e+00
-2.000000000000000000e+00
-2.000000000000000000e+00
-2.000000000000000000e+00
-2.000000000000000000e+00
-1.000000000000000000e+00
-2.000000000000000000e+00
-1.000000000000000000e+00
-1.000000000000000000e+00
-2.000000000000000000e+00
-2.000000000000000000e+00
0.000000000000000000e+00
-2.000000000000000000e+00
-1.000000000000000000e+00
-1.000000000000000000e+00
-2.000000000000000000e+00
-2.000000000000000000e+00
-1.000000000000000000e+00
-2.000000000000000000e+00
0.000000000000000000e+00
-3.009999999999999787e+00
-2.000000000000000000e+00
0.000000000000000000e+00
0.000000000000000000e+00
-2.000000000000000000e+00
-2.000000000000000000e+00
-2.000000000000000000e+00
-3.000000000000000000e+00
-2.000000000000000000e+00
-3.000000000000000000e+00
-1.000000000000000000e+00
-3.000000000000000000e+00
0.000000000000000000e+00
-1.000000000000000000e+00
-2.000000000000000000e+00
-2.000000000000000000e+00
0.000000000000000000e+00
0.000000000000000000e+00
-3.000000000000000000e+00
0.000000000000000000e+00
-2.000000000000000000e+00
-3.000000000000000000e+00
-3.000000000000000000e+00
-3.000000000000000000e+00
-2.000000000000000000e+00
-2.000000000000000000e+00
-3.009999999999999787e+00
-1.000000000000000000e+00
-2.000000000000000000e+00
-2.000000000000000000e+00
-2.000000000000000000e+00
-2.000000000000000000e+00
-2.000000000000000000e+00
-2.000000000000000000e+00
-1.000000000000000000e+00
-3.009999999999999787e+00
-2.000000000000000000e+00
-2.000000000000000000e+00
0.000000000000000000e+00
-2.000000000000000000e+00
-2.000000000000000000e+00
-1.000000000000000000e+00
-2.000000000000000000e+00
-2.000000000000000000e+00
-2.000000000000000000e+00
-3.000000000000000000e+00
0.000000000000000000e+00
0.000000000000000000e+00
-2.000000000000000000e+00
-2.000000000000000000e+00
-2.000000000000000000e+00
-2.000000000000000000e+00
0.000000000000000000e+00
-3.009999999999999787e+00
-2.000000000000000000e+00
-1.000000000000000000e+00
0.000000000000000000e+00
-2.000000000000000000e+00
-3.000000000000000000e+00
-3.000000000000000000e+00
-2.000000000000000000e+00
-2.000000000000000000e+00
-1.000000000000000000e+00
0.000000000000000000e+00
-1.000000000000000000e+00
-2.000000000000000000e+00
0.000000000000000000e+00
0.000000000000000000e+00
-2.000000000000000000e+00
0.000000000000000000e+00
-2.000000000000000000e+00
0.000000000000000000e+00
-1.000000000000000000e+00
-3.009999999999999787e+00
-3.009999999999999787e+00
-2.000000000000000000e+00
-2.000000000000000000e+00
0.000000000000000000e+00
-1.000000000000000000e+00
-2.000000000000000000e+00
-1.000000000000000000e+00
0.000000000000000000e+00
-1.000000000000000000e+00
0.000000000000000000e+00
-2.000000000000000000e+00
-2.000000000000000000e+00
-2.000000000000000000e+00
-2.000000000000000000e+00
-2.000000000000000000e+00
0.000000000000000000e+00
-3.009999999999999787e+00
-1.000000000000000000e+00
-3.000000000000000000e+00
0.000000000000000000e+00
-1.000000000000000000e+00
-3.009999999999999787e+00
-2.000000000000000000e+00
-1.000000000000000000e+00
0.000000000000000000e+00
-2.000000000000000000e+00
-3.000000000000000000e+00
-2.000000000000000000e+00
-1.000000000000000000e+00
-2.000000000000000000e+00
-2.000000000000000000e+00
-1.000000000000000000e+00
-2.000000000000000000e+00
-1.000000000000000000e+00
-2.000000000000000000e+00
-2.000000000000000000e+00
-1.000000000000000000e+00
-2.000000000000000000e+00
-2.000000000000000000e+00
-2.000000000000000000e+00
-2.000000000000000000e+00
-2.000000000000000000e+00
-1.000000000000000000e+00
-2.000000000000000000e+00
-2.000000000000000000e+00
-2.000000000000000000e+00
-3.000000000000000000e+00
-3.009999999999999787e+00
-3.009999999999999787e+00
-2.000000000000000000e+00
-2.000000000000000000e+00
-3.009999999999999787e+00
-2.000000000000000000e+00
-3.000000000000000000e+00
0.000000000000000000e+00
-1.000000000000000000e+00
-1.000000000000000000e+00
-2.000000000000000000e+00
-2.000000000000000000e+00
-2.000000000000000000e+00
-2.000000000000000000e+00
-2.000000000000000000e+00
-1.000000000000000000e+00
-2.000000000000000000e+00
-2.000000000000000000e+00
-2.000000000000000000e+00
-1.000000000000000000e+00
-2.000000000000000000e+00
-2.000000000000000000e+00
-2.000000000000000000e+00
-2.000000000000000000e+00
0.000000000000000000e+00
0.000000000000000000e+00
-3.009999999999999787e+00
-3.009999999999999787e+00
-1.000000000000000000e+00
-2.000000000000000000e+00
-1.000000000000000000e+00
-3.000000000000000000e+00
-1.000000000000000000e+00
-3.009999999999999787e+00
-1.000000000000000000e+00
-2.000000000000000000e+00
-2.000000000000000000e+00
-2.000000000000000000e+00
0.000000000000000000e+00
0.000000000000000000e+00
-1.000000000000000000e+00
0.000000000000000000e+00
-2.000000000000000000e+00
-2.000000000000000000e+00
-2.000000000000000000e+00
-1.000000000000000000e+00
-3.000000000000000000e+00
-2.000000000000000000e+00
-1.000000000000000000e+00
-2.000000000000000000e+00
-2.000000000000000000e+00
-1.000000000000000000e+00
-1.000000000000000000e+00
-1.000000000000000000e+00
-1.000000000000000000e+00
-2.000000000000000000e+00
-2.000000000000000000e+00
-1.000000000000000000e+00
-2.000000000000000000e+00
-2.000000000000000000e+00
-1.000000000000000000e+00
-2.000000000000000000e+00
-1.000000000000000000e+00
-1.000000000000000000e+00
-2.000000000000000000e+00
-2.000000000000000000e+00
-2.000000000000000000e+00
-1.000000000000000000e+00
0.000000000000000000e+00
-1.000000000000000000e+00
-3.000000000000000000e+00
-1.000000000000000000e+00
-1.000000000000000000e+00
-3.000000000000000000e+00
-2.000000000000000000e+00
-1.000000000000000000e+00
-2.000000000000000000e+00
-2.000000000000000000e+00
-1.000000000000000000e+00
-3.009999999999999787e+00
-3.009999999999999787e+00
-3.000000000000000000e+00
0.000000000000000000e+00
-2.000000000000000000e+00
-2.000000000000000000e+00
-1.000000000000000000e+00
-2.000000000000000000e+00
-3.000000000000000000e+00
-3.000000000000000000e+00
-2.000000000000000000e+00
-2.000000000000000000e+00
-3.009999999999999787e+00
-1.000000000000000000e+00
-1.000000000000000000e+00
-3.000000000000000000e+00
-2.000000000000000000e+00
-2.000000000000000000e+00
-1.000000000000000000e+00
-3.000000000000000000e+00
-2.000000000000000000e+00
-2.000000000000000000e+00
-1.000000000000000000e+00
-2.000000000000000000e+00
0.000000000000000000e+00
-2.000000000000000000e+00
-1.000000000000000000e+00
-2.000000000000000000e+00
-2.000000000000000000e+00
0.000000000000000000e+00
-3.000000000000000000e+00
